94085 20100101  1.302 -100.35   44.02   -16.4   -25.8   -21.1   -20.1     0.4     6.68 R   -15.4   -26.9   -20.2 -9999.0 -9999.0 -9999.0 -99.000 -99.000 -99.000 -99.000 -99.000 -9999.0 -9999.0 -9999.0 -9999.0 -9999.0
94085 20100102  1.302 -100.35   44.02 -9999.0 -9999.0 -9999.0 -9999.0     0.3     5.48 R   -12.6   -26.5   -18.4 -9999.0 -9999.0 -9999.0 -99.000 -99.000 -99.000 -99.000 -99.000 -9999.0 -9999.0 -9999.0 -9999.0 -9999.0
94085 20100103  1.302 -100.35   44.02   -12.7   -15.8   -14.3   -14.6     0.6     4.11 R   -10.8   -14.8   -12.6 -9999.0 -9999.0 -9999.0 -99.000 -99.000 -99.000 -99.000 -99.000 -9999.0 -9999.0 -9999.0 -9999.0 -9999.0
94085 20100104  1.302 -100.35   44.02   -11.5   -14.4   -12.9   -12.4     0.0     4.98 R    -9.8   -16.2   -11.7 -9999.0 -9999.0 -9999.0 -99.000 -99.000 -99.000 -99.000 -99.000 -9999.0 -9999.0 -9999.0 -9999.0 -9999.0
94085 20100105  1.302 -100.35   44.02   -10.2   -13.5   -11.9   -12.1     0.0     5.77 R    -9.4   -13.7   -11.3 -9999.0 -9999.0 -9999.0 -99.000 -99.000 -99.000 -99.000 -99.000 -9999.0 -9999.0 -9999.0 -9999.0 -9999.0
94085 20100106  1.302 -100.35   44.02   -10.1   -18.7   -14.4   -14.3     2.1     5.77 R    -9.3   -18.4   -13.7 -9999.0 -9999.0 -9999.0 -99.000 -99.000 -99.000 -99.000 -99.000 -9999.0 -9999.0 -9999.0 -9999.0 -9999.0
94085 20100107  1.302 -100.35   44.02 -9999.0 -9999.0 -9999.0 -9999.0     1.0     7.97 R   -18.4   -26.7   -23.4 -9999.0 -9999.0 -9999.0 -99.000 -99.000 -99.000 -99.000 -99.000 -9999.0 -9999.0 -9999.0 -9999.0 -9999.0
94085 20100108  1.302 -100.35   44.02 -9999.0 -9999.0 -9999.0 -9999.0     0.9     9.37 R   -17.2   -29.4   -25.0 -9999.0 -9999.0 -9999.0 -99.000 -99.000 -99.000 -99.000 -99.000 -9999.0 -9999.0 -9999.0 -9999.0 -9999.0
94085 20100109  1.302 -100.35   44.02 -9999.0 -9999.0 -9999.0 -9999.0     0.7     8.87 R   -11.2   -27.7   -19.4 -9999.0 -9999.0 -9999.0 -99.000 -99.000 -99.000 -99.000 -99.000 -9999.0 -9999.0 -9999.0 -9999.0 -9999.0
94085 20100110  1.302 -100.35   44.02     2.8    -8.1    -2.7    -0.4     0.0     8.78 R     1.5   -11.2    -2.3 -9999.0 -9999.0 -9999.0 -99.000 -99.000 -99.000 -99.000 -99.000 -9999.0 -9999.0 -9999.0 -9999.0 -9999.0
94085 20100111  1.302 -100.35   44.02    -0.9    -9.0    -5.0    -5.6     0.0     8.25 R     0.8    -9.7    -5.1 -9999.0 -9999.0 -9999.0 -99.000 -99.000 -99.000 -99.000 -99.000 -9999.0 -9999.0 -9999.0 -9999.0 -9999.0
94085 20100112  1.302 -100.35   44.02     1.3    -7.5    -3.1    -1.9     0.0     9.49 R     5.1    -8.7    -3.1 -9999.0 -9999.0 -9999.0 -99.000 -99.000 -99.000 -99.000 -99.000 -9999.0 -9999.0 -9999.0 -9999.0 -9999.0
94085 20100113  1.302 -100.35   44.02     4.0    -2.1     1.0     1.5     0.0     9.22 R     5.4    -6.0     0.0 -9999.0 -9999.0 -9999.0 -99.000 -99.000 -99.000 -99.000 -99.000 -9999.0 -9999.0 -9999.0 -9999.0 -9999.0
94085 20100114  1.302 -100.35   44.02     1.9    -4.7    -1.4    -1.0     0.0     9.37 R     6.3    -6.0    -1.1 -9999.0 -9999.0 -9999.0 -99.000 -99.000 -99.000 -99.000 -99.000 -9999.0 -9999.0 -9999.0 -9999.0 -9999.0
94085 20100115  1.302 -100.35   44.02     3.6    -3.2     0.2    -0.1     0.0     9.21 R     9.0    -6.3    -0.7 -9999.0 -9999.0 -9999.0 -99.000 -99.000 -99.000 -99.000 -99.000 -9999.0 -9999.0 -9999.0 -9999.0 -9999.0
94085 20100116  1.302 -100.35   44.02     4.8    -1.5     1.6     1.3     0.0     7.56 R    12.5    -4.4    -0.1 -9999.0 -9999.0 -9999.0 -99.000 -99.000 -99.000 -99.000 -99.000 -9999.0 -9999.0 -9999.0 -9999.0 -9999.0
94085 20100117  1.302 -100.35   44.02     1.1    -4.8    -1.9    -2.1     0.0     8.93 R     8.4    -7.8    -2.0 -9999.0 -9999.0 -9999.0 -99.000 -99.000 -99.000 -99.000 -99.000 -9999.0 -9999.0 -9999.0 -9999.0 -9999.0
94085 20100118  1.302 -100.35   44.02    -1.7   -10.3    -6.0    -5.4     0.0     6.95 R     5.4    -9.4    -4.3 -9999.0 -9999.0 -9999.0 -99.000 -99.000 -99.000 -99.000 -99.000 -9999.0 -9999.0 -9999.0 -9999.0 -9999.0
94085 20100119  1.302 -100.35   44.02    -1.2    -6.6    -3.9    -3.4     0.0     2.78 R     2.9    -6.6    -2.2 -9999.0 -9999.0 -9999.0 -99.000 -99.000 -99.000 -99.000 -99.000 -9999.0 -9999.0 -9999.0 -9999.0 -9999.0
94085 20100120  1.302 -100.35   44.02    -0.6    -3.2    -1.9    -2.1     0.0     2.33 R     2.6    -2.9    -0.9 -9999.0 -9999.0 -9999.0 -99.000 -99.000 -99.000 -99.000 -99.000 -9999.0 -9999.0 -9999.0 -9999.0 -9999.0
94085 20100121  1.302 -100.35   44.02     0.9    -1.4    -0.2    -0.5     0.2     3.00 R     5.9    -3.2    -0.5 -9999.0 -9999.0 -9999.0 -99.000 -99.000 -99.000 -99.000 -99.000 -9999.0 -9999.0 -9999.0 -9999.0 -9999.0
94085 20100122  1.302 -100.35   44.02     0.9    -1.7    -0.4    -0.3     4.0     1.45 R     2.0    -4.6    -0.4 -9999.0 -9999.0 -9999.0 -99.000 -99.000 -99.000 -99.000 -99.000 -9999.0 -9999.0 -9999.0 -9999.0 -9999.0
94085 20100123  1.302 -100.35   44.02 -9999.0 -9999.0 -9999.0 -9999.0     0.0     5.41 R     3.6    -5.8    -0.9 -9999.0 -9999.0 -9999.0 -99.000 -99.000 -99.000 -99.000 -99.000 -9999.0 -9999.0 -9999.0 -9999.0 -9999.0
94085 20100124  1.302 -100.35   44.02    -3.3    -8.8    -6.1    -5.2     0.0     5.31 R     0.2    -9.5    -4.9 -9999.0 -9999.0 -9999.0 -99.000 -99.000 -99.000 -99.000 -99.000 -9999.0 -9999.0 -9999.0 -9999.0 -9999.0
94085 20100125  1.302 -100.35   44.02 -9999.0 -9999.0 -9999.0 -9999.0     0.0     6.14 R    -5.5   -14.0    -9.5 -9999.0 -9999.0 -9999.0 -99.000 -99.000 -99.000 -99.000 -99.000 -9999.0 -9999.0 -9999.0 -9999.0 -9999.0
94085 20100126  1.302 -100.35   44.02 -9999.0 -9999.0 -9999.0 -9999.0     0.0     9.17 R    -0.8   -16.1   -10.1 -9999.0 -9999.0 -9999.0 -99.000 -99.000 -99.000 -99.000 -99.000 -9999.0 -9999.0 -9999.0 -9999.0 -9999.0
94085 20100127  1.302 -100.35   44.02    -6.0   -13.9    -9.9    -9.5     0.0    11.05 R    -2.6   -14.6    -9.2 -9999.0 -9999.0 -9999.0 -99.000 -99.000 -99.000 -99.000 -99.000 -9999.0 -9999.0 -9999.0 -9999.0 -9999.0
94085 20100128  1.302 -100.35   44.02   -10.5   -17.9   -14.2   -14.5     0.0     8.39 R     1.2   -17.4   -12.1 -9999.0 -9999.0 -9999.0 -99.000 -99.000 -99.000 -99.000 -99.000 -9999.0 -9999.0 -9999.0 -9999.0 -9999.0
94085 20100129  1.302 -100.35   44.02    -2.4   -17.7   -10.0    -9.8     0.0     6.15 R     6.6   -17.1    -7.7 -9999.0 -9999.0 -9999.0 -99.000 -99.000 -99.000 -99.000 -99.000 -9999.0 -9999.0 -9999.0 -9999.0 -9999.0
94085 20100130  1.302 -100.35   44.02   -10.4   -16.5   -13.5   -12.9     0.0     8.21 R     3.3   -15.4    -9.7 -9999.0 -9999.0 -9999.0 -99.000 -99.000 -99.000 -99.000 -99.000 -9999.0 -9999.0 -9999.0 -9999.0 -9999.0
94085 20100131  1.302 -100.35   44.02   -11.5   -14.2   -12.9   -13.2     0.4     7.78 R     3.0   -13.3    -9.4 -9999.0 -9999.0 -9999.0 -99.000 -99.000 -99.000 -99.000 -99.000 -9999.0 -9999.0 -9999.0 -9999.0 -9999.0
94085 20100201  1.302 -100.35   44.02   -12.0   -17.5   -14.8   -14.1     1.9     8.91 R    -9.1   -20.9   -13.8 -9999.0 -9999.0 -9999.0 -99.000 -99.000 -99.000 -99.000 -99.000 -9999.0 -9999.0 -9999.0 -9999.0 -9999.0
94085 20100202  1.302 -100.35   44.02    -9.3   -18.7   -14.0   -14.0     0.0    11.22 R    -6.0   -23.4   -14.8 -9999.0 -9999.0 -9999.0 -99.000 -99.000 -99.000 -99.000 -99.000 -9999.0 -9999.0 -9999.0 -9999.0 -9999.0
94085 20100203  1.302 -100.35   44.02    -9.8   -15.1   -12.5   -12.4     0.0    11.43 R    -6.3   -18.4   -12.5 -9999.0 -9999.0 -9999.0 -99.000 -99.000 -99.000 -99.000 -99.000 -9999.0 -9999.0 -9999.0 -9999.0 -9999.0
94085 20100204  1.302 -100.35   44.02     0.0   -10.4    -5.2    -4.7     2.8     4.72 R     2.1    -9.9    -4.2 -9999.0 -9999.0 -9999.0 -99.000 -99.000 -99.000 -99.000 -99.000 -9999.0 -9999.0 -9999.0 -9999.0 -9999.0
94085 20100205  1.302 -100.35   44.02    -0.6    -3.9    -2.3    -2.4     4.4     6.15 R     0.6    -4.4    -2.0 -9999.0 -9999.0 -9999.0 -99.000 -99.000 -99.000 -99.000 -99.000 -9999.0 -9999.0 -9999.0 -9999.0 -9999.0
94085 20100206  1.302 -100.35   44.02    -2.8    -6.1    -4.5    -4.0     0.3     7.21 R     1.1    -9.7    -4.0 -9999.0 -9999.0 -9999.0 -99.000 -99.000 -99.000 -99.000 -99.000 -9999.0 -9999.0 -9999.0 -9999.0 -9999.0
94085 20100207  1.302 -100.35   44.02    -3.1   -12.8    -8.0    -5.0     1.0     8.02 R    -1.8   -12.6    -4.7 -9999.0 -9999.0 -9999.0 -99.000 -99.000 -99.000 -99.000 -99.000 -9999.0 -9999.0 -9999.0 -9999.0 -9999.0
94085 20100208  1.302 -100.35   44.02   -12.8   -23.4   -18.1   -18.4     0.0    10.84 R   -12.6   -23.3   -17.7 -9999.0 -9999.0 -9999.0 -99.000 -99.000 -99.000 -99.000 -99.000 -9999.0 -9999.0 -9999.0 -9999.0 -9999.0
94085 20100209  1.302 -100.35   44.02   -12.7   -18.5   -15.6   -14.7     0.7    11.48 R    -8.8   -23.2   -15.1 -9999.0 -9999.0 -9999.0 -99.000 -99.000 -99.000 -99.000 -99.000 -9999.0 -9999.0 -9999.0 -9999.0 -9999.0
94085 20100210  1.302 -100.35   44.02   -10.9   -21.8   -16.3   -16.0     0.0    11.84 R    -7.1   -23.1   -16.9 -9999.0 -9999.0 -9999.0 -99.000 -99.000 -99.000 -99.000 -99.000 -9999.0 -9999.0 -9999.0 -9999.0 -9999.0
94085 20100211  1.302 -100.35   44.02    -2.7   -15.7    -9.2    -8.8     0.0    11.61 R    -1.8   -19.2    -9.8 -9999.0 -9999.0 -9999.0 -99.000 -99.000 -99.000 -99.000 -99.000 -9999.0 -9999.0 -9999.0 -9999.0 -9999.0
94085 20100212  1.302 -100.35   44.02    -5.4   -12.9    -9.2    -8.2     0.0    11.61 R    -3.3   -14.7    -7.8 -9999.0 -9999.0 -9999.0 -99.000 -99.000 -99.000 -99.000 -99.000 -9999.0 -9999.0 -9999.0 -9999.0 -9999.0
94085 20100213  1.302 -100.35   44.02     0.7   -13.5    -6.4    -7.4     0.0     9.04 R     0.8   -14.2    -7.2 -9999.0 -9999.0 -9999.0 -99.000 -99.000 -99.000 -99.000 -99.000 -9999.0 -9999.0 -9999.0 -9999.0 -9999.0
94085 20100214  1.302 -100.35   44.02   -10.2   -15.6   -12.9   -13.3     1.3    14.16 R    -9.8   -16.6   -13.0 -9999.0 -9999.0 -9999.0 -99.000 -99.000 -99.000 -99.000 -99.000 -9999.0 -9999.0 -9999.0 -9999.0 -9999.0
94085 20100215  1.302 -100.35   44.02    -9.9   -16.9   -13.4   -13.8     0.0    14.96 R    -9.4   -18.1   -14.5 -9999.0 -9999.0 -9999.0 -99.000 -99.000 -99.000 -99.000 -99.000 -9999.0 -9999.0 -9999.0 -9999.0 -9999.0
94085 20100216  1.302 -100.35   44.02    -7.4   -16.3   -11.8   -12.5     0.0    15.09 R    -5.5   -18.6   -14.1 -9999.0 -9999.0 -9999.0 -99.000 -99.000 -99.000 -99.000 -99.000 -9999.0 -9999.0 -9999.0 -9999.0 -9999.0
94085 20100217  1.302 -100.35   44.02    -7.1   -15.9   -11.5   -10.8     0.0    11.57 R    -2.6   -18.4   -10.3 -9999.0 -9999.0 -9999.0 -99.000 -99.000 -99.000 -99.000 -99.000 -9999.0 -9999.0 -9999.0 -9999.0 -9999.0
94085 20100218  1.302 -100.35   44.02    -4.9    -8.4    -6.6    -6.4     0.0     8.55 R    -2.5    -8.7    -5.5 -9999.0 -9999.0 -9999.0 -99.000 -99.000 -99.000 -99.000 -99.000 -9999.0 -9999.0 -9999.0 -9999.0 -9999.0
94085 20100219  1.302 -100.35   44.02    -3.4   -10.5    -6.9    -5.8     0.0    12.23 R    -0.4   -12.3    -5.6 -9999.0 -9999.0 -9999.0 -99.000 -99.000 -99.000 -99.000 -99.000 -9999.0 -9999.0 -9999.0 -9999.0 -9999.0
94085 20100220  1.302 -100.35   44.02    -4.7   -10.2    -7.4    -7.1     0.0    13.06 R     1.1   -12.8    -6.9 -9999.0 -9999.0 -9999.0 -99.000 -99.000 -99.000 -99.000 -99.000 -9999.0 -9999.0 -9999.0 -9999.0 -9999.0
94085 20100221  1.302 -100.35   44.02    -6.8   -13.7   -10.3    -8.6     0.0    10.23 R    -1.1   -14.7    -7.2 -9999.0 -9999.0 -9999.0 -99.000 -99.000 -99.000 -99.000 -99.000 -9999.0 -9999.0 -9999.0 -9999.0 -9999.0
94085 20100222  1.302 -100.35   44.02    -4.4   -13.3    -8.9    -8.2     0.0    16.02 R    -0.8   -16.8    -7.9 -9999.0 -9999.0 -9999.0 -99.000 -99.000 -99.000 -99.000 -99.000 -9999.0 -9999.0 -9999.0 -9999.0 -9999.0
94085 20100223  1.302 -100.35   44.02    -8.5   -17.5   -13.0   -11.0     0.0    16.36 R    -3.2   -18.8   -10.8 -9999.0 -9999.0 -9999.0 -99.000 -99.000 -99.000 -99.000 -99.000 -9999.0 -9999.0 -9999.0 -9999.0 -9999.0
94085 20100224  1.302 -100.35   44.02    -6.5   -19.9   -13.2   -13.5     0.0    16.31 R    -3.8   -19.9   -13.1 -9999.0 -9999.0 -9999.0 -99.000 -99.000 -99.000 -99.000 -99.000 -9999.0 -9999.0 -9999.0 -9999.0 -9999.0
94085 20100225  1.302 -100.35   44.02    -7.3   -12.0    -9.7    -9.7     0.0    12.34 R    -0.4   -13.2    -8.3 -9999.0 -9999.0 -9999.0 -99.000 -99.000 -99.000 -99.000 -99.000 -9999.0 -9999.0 -9999.0 -9999.0 -9999.0
94085 20100226  1.302 -100.35   44.02    -3.2    -8.9    -6.1    -5.9     0.0    16.47 R     1.4   -11.6    -6.1 -9999.0 -9999.0 -9999.0 -99.000 -99.000 -99.000 -99.000 -99.000 -9999.0 -9999.0 -9999.0 -9999.0 -9999.0
94085 20100227  1.302 -100.35   44.02    -5.6   -12.6    -9.1    -7.8     0.0     9.80 R     1.6   -12.4    -5.8 -9999.0 -9999.0 -9999.0 -99.000 -99.000 -99.000 -99.000 -99.000 -9999.0 -9999.0 -9999.0 -9999.0 -9999.0
94085 20100228  1.302 -100.35   44.02    -4.9    -8.5    -6.7    -7.0     0.0     8.58 R     0.6    -8.0    -5.3 -9999.0 -9999.0 -9999.0 -99.000 -99.000 -99.000 -99.000 -99.000 -9999.0 -9999.0 -9999.0 -9999.0 -9999.0
94085 20100301  1.302 -100.35   44.02    -0.5    -8.3    -4.4    -4.9     0.0    13.30 R     7.3    -8.1    -2.7 -9999.0 -9999.0 -9999.0 -99.000 -99.000 -99.000 -99.000 -99.000 -9999.0 -9999.0 -9999.0 -9999.0 -9999.0
94085 20100302  1.302 -100.35   44.02    -2.5    -9.9    -6.2    -4.7     0.0     9.63 R     3.1    -7.2    -2.7 -9999.0 -9999.0 -9999.0 -99.000 -99.000 -99.000 -99.000 -99.000 -9999.0 -9999.0 -9999.0 -9999.0 -9999.0
94085 20100303  1.302 -100.35   44.02    -0.2    -4.1    -2.2    -2.2     0.3     8.84 R     3.3    -2.7    -0.8 -9999.0 -9999.0 -9999.0 -99.000 -99.000 -99.000 -99.000 -99.000 -9999.0 -9999.0 -9999.0 -9999.0 -9999.0
94085 20100304  1.302 -100.35   44.02    -1.0    -7.5    -4.3    -2.5     0.0    11.06 R    12.0    -6.1    -0.1 -9999.0 -9999.0 -9999.0 -99.000 -99.000 -99.000 -99.000 -99.000 -9999.0 -9999.0 -9999.0 -9999.0 -9999.0
94085 20100305  1.302 -100.35   44.02     2.7    -5.9    -1.6    -1.3     5.7    12.31 R    10.4    -4.8     0.5 -9999.0 -9999.0 -9999.0 -99.000 -99.000 -99.000 -99.000 -99.000 -9999.0 -9999.0 -9999.0 -9999.0 -9999.0
94085 20100306  1.302 -100.35   44.02     0.5    -0.8    -0.2    -0.4     0.0     5.95 R     6.1    -1.6     0.4 -9999.0 -9999.0 -9999.0 -99.000 -99.000 -99.000 -99.000 -99.000 -9999.0 -9999.0 -9999.0 -9999.0 -9999.0
94085 20100307  1.302 -100.35   44.02     2.9    -0.6     1.2     0.8     0.0    10.44 R    11.8    -4.2     2.0 -9999.0 -9999.0 -9999.0 -99.000 -99.000 -99.000 -99.000 -99.000 -9999.0 -9999.0 -9999.0 -9999.0 -9999.0
94085 20100308  1.302 -100.35   44.02     5.0    -0.2     2.4     2.2     6.6     4.99 R     6.6    -2.7     1.5 -9999.0 -9999.0 -9999.0 -99.000 -99.000 -99.000 -99.000 -99.000 -9999.0 -9999.0 -9999.0 -9999.0 -9999.0
94085 20100309  1.302 -100.35   44.02     1.1    -0.6     0.2     0.0    13.6     3.16 R     4.6    -0.4     0.5 -9999.0 -9999.0 -9999.0 -99.000 -99.000 -99.000 -99.000 -99.000 -9999.0 -9999.0 -9999.0 -9999.0 -9999.0
94085 20100310  1.302 -100.35   44.02     0.7    -0.6     0.1    -0.2     0.8     5.57 R     6.7    -0.6     0.3 -9999.0 -9999.0 -9999.0 -99.000 -99.000 -99.000 -99.000 -99.000 -9999.0 -9999.0 -9999.0 -9999.0 -9999.0
94085 20100311  1.302 -100.35   44.02     0.5    -0.5     0.0     0.0     3.1     2.95 R     5.8    -0.3     0.3 -9999.0 -9999.0 -9999.0 -99.000 -99.000 -99.000 -99.000 -99.000 -9999.0 -9999.0 -9999.0 -9999.0 -9999.0
94085 20100312  1.302 -100.35   44.02     0.7    -1.4    -0.3    -0.1     3.9     7.86 R     2.7    -1.0     0.2 -9999.0 -9999.0 -9999.0 -99.000 -99.000 -99.000 -99.000 -99.000 -9999.0 -9999.0 -9999.0 -9999.0 -9999.0
94085 20100313  1.302 -100.35   44.02     2.3    -1.1     0.6     0.3     0.0    11.25 R    13.0    -0.4     3.3 -9999.0 -9999.0 -9999.0 -99.000 -99.000 -99.000 -99.000 -99.000 -9999.0 -9999.0 -9999.0 -9999.0 -9999.0
94085 20100314  1.302 -100.35   44.02     2.5    -0.2     1.2     0.7     0.0     7.16 R     7.8     0.2     2.5 -9999.0 -9999.0 -9999.0 -99.000 -99.000 -99.000 -99.000 -99.000 -9999.0 -9999.0 -9999.0 -9999.0 -9999.0
94085 20100315  1.302 -100.35   44.02     1.1    -0.8     0.2     0.2     0.0     4.11 R     4.1    -3.3     0.0 -9999.0 -9999.0 -9999.0 -99.000 -99.000 -99.000 -99.000 -99.000 -9999.0 -9999.0 -9999.0 -9999.0 -9999.0
94085 20100316  1.302 -100.35   44.02     2.6    -4.4    -0.9    -0.6     0.0    13.35 R    16.2    -5.3     1.9 -9999.0 -9999.0 -9999.0 -99.000 -99.000 -99.000 -99.000 -99.000 -9999.0 -9999.0 -9999.0 -9999.0 -9999.0
94085 20100317  1.302 -100.35   44.02    14.8    -5.3     4.8     3.7     0.0    18.37 R    19.6    -4.8     4.0 -9999.0 -9999.0 -9999.0 -99.000 -99.000 -99.000 -99.000 -99.000 -9999.0 -9999.0 -9999.0 -9999.0 -9999.0
94085 20100318  1.302 -100.35   44.02     7.8     0.8     4.3     4.1     0.0     9.44 R    12.8    -2.0     3.3 -9999.0 -9999.0 -9999.0 -99.000 -99.000 -99.000 -99.000 -99.000 -9999.0 -9999.0 -9999.0 -9999.0 -9999.0
94085 20100319  1.302 -100.35   44.02     0.8    -8.1    -3.7    -3.3     0.0     6.29 R     3.4    -8.0    -2.0 -9999.0 -9999.0 -9999.0 -99.000 -99.000 -99.000 -99.000 -99.000 -9999.0 -9999.0 -9999.0 -9999.0 -9999.0
94085 20100320  1.302 -100.35   44.02     3.7    -9.0    -2.6    -2.7     0.0    21.31 R    15.6    -9.1    -0.6 -9999.0 -9999.0 -9999.0 -99.000 -99.000 -99.000 -99.000 -99.000 -9999.0 -9999.0 -9999.0 -9999.0 -9999.0
94085 20100321  1.302 -100.35   44.02    15.4    -4.5     5.5     5.1     0.0    20.00 R    23.6    -6.5     3.8 -9999.0 -9999.0 -9999.0 -99.000 -99.000 -99.000 -99.000 -99.000 -9999.0 -9999.0 -9999.0 -9999.0 -9999.0
94085 20100322  1.302 -100.35   44.02    17.0     0.0     8.5     6.9     0.0    20.79 R    21.4    -3.5     5.3 -9999.0 -9999.0 -9999.0 -99.000 -99.000 -99.000 -99.000 -99.000 -9999.0 -9999.0 -9999.0 -9999.0 -9999.0
94085 20100323  1.302 -100.35   44.02     6.9    -3.4     1.7     2.0     0.0     8.83 R    12.6    -5.4     2.0 -9999.0 -9999.0 -9999.0 -99.000 -99.000 -99.000 -99.000 -99.000 -9999.0 -9999.0 -9999.0 -9999.0 -9999.0
94085 20100324  1.302 -100.35   44.02    10.3    -5.4     2.5     2.9     0.0    21.46 R    24.8    -7.4     3.2 -9999.0 -9999.0 -9999.0 -99.000 -99.000 -99.000 -99.000 -99.000 -9999.0 -9999.0 -9999.0 -9999.0 -9999.0
94085 20100325  1.302 -100.35   44.02    12.0    -2.4     4.8     3.3     0.0    16.63 R    21.9    -5.8     4.0 -9999.0 -9999.0 -9999.0 -99.000 -99.000 -99.000 -99.000 -99.000 -9999.0 -9999.0 -9999.0 -9999.0 -9999.0
94085 20100326  1.302 -100.35   44.02    15.7     2.5     9.1     8.7     0.3    12.34 R    20.6    -1.3     7.2 -9999.0 -9999.0 -9999.0 -99.000 -99.000 -99.000 -99.000 -99.000 -9999.0 -9999.0 -9999.0 -9999.0 -9999.0
94085 20100327  1.302 -100.35   44.02     8.2    -3.1     2.6     2.5     0.0    17.66 R    17.1    -6.9     2.3 -9999.0 -9999.0 -9999.0 -99.000 -99.000 -99.000 -99.000 -99.000 -9999.0 -9999.0 -9999.0 -9999.0 -9999.0
94085 20100328  1.302 -100.35   44.02    17.3    -3.2     7.0     7.5     0.0    21.97 R    33.7    -6.6     8.5 -9999.0 -9999.0 -9999.0 -99.000 -99.000 -99.000 -99.000 -99.000 -9999.0 -9999.0 -9999.0 -9999.0 -9999.0
94085 20100329  1.302 -100.35   44.02    23.3     1.4    12.3    11.7     0.0    21.00 R    40.1    -2.8    12.2 -9999.0 -9999.0 -9999.0 -99.000 -99.000 -99.000 -99.000 -99.000 -9999.0 -9999.0 -9999.0 -9999.0 -9999.0
94085 20100330  1.302 -100.35   44.02    27.1    10.1    18.6    17.7     0.0    10.20 R    34.1     5.0    15.0 -9999.0 -9999.0 -9999.0 -99.000 -99.000 -99.000 -99.000 -99.000 -9999.0 -9999.0 -9999.0 -9999.0 -9999.0
94085 20100331  1.302 -100.35   44.02    16.3     5.4    10.8    11.0     0.0    17.31 R    32.7     0.8    11.0 -9999.0 -9999.0 -9999.0 -99.000 -99.000 -99.000 -99.000 -99.000 -9999.0 -9999.0 -9999.0 -9999.0 -9999.0
94085 20100401  1.302 -100.35   44.02    18.1     4.1    11.1     9.7     2.3    13.52 R    28.6     0.5    10.6 -9999.0 -9999.0 -9999.0 -99.000 -99.000 -99.000 -99.000 -99.000 -9999.0 -9999.0 -9999.0 -9999.0 -9999.0
94085 20100402  1.302 -100.35   44.02     5.4     0.2     2.8     2.8     2.1     6.12 R     8.6    -2.3     1.6 -9999.0 -9999.0 -9999.0 -99.000 -99.000 -99.000 -99.000 -99.000 -9999.0 -9999.0 -9999.0 -9999.0 -9999.0
94085 20100403  1.302 -100.35   44.02    16.3    -1.6     7.4     6.4     0.8    17.54 R    27.8    -5.3     6.4 -9999.0 -9999.0 -9999.0 -99.000 -99.000 -99.000 -99.000 -99.000 -9999.0 -9999.0 -9999.0 -9999.0 -9999.0
94085 20100404  1.302 -100.35   44.02    11.8    -0.2     5.8     5.2     0.0    13.17 R    24.7    -2.8     4.2 -9999.0 -9999.0 -9999.0 -99.000 -99.000 -99.000 -99.000 -99.000 -9999.0 -9999.0 -9999.0 -9999.0 -9999.0
94085 20100405  1.302 -100.35   44.02    14.6     0.2     7.4     7.5     0.0    20.97 R    34.6    -3.6     9.1 -9999.0 -9999.0 -9999.0 -99.000 -99.000 -99.000 -99.000 -99.000 -9999.0 -9999.0 -9999.0 -9999.0 -9999.0
94085 20100406  1.302 -100.35   44.02    11.0     3.4     7.2     6.7     1.5     5.54 R    10.7    -0.4     4.8 -9999.0 -9999.0 -9999.0 -99.000 -99.000 -99.000 -99.000 -99.000 -9999.0 -9999.0 -9999.0 -9999.0 -9999.0
94085 20100407  1.302 -100.35   44.02    13.5    -3.0     5.3     6.2     0.0    24.31 R    26.4    -5.2     7.1 -9999.0 -9999.0 -9999.0 -99.000 -99.000 -99.000 -99.000 -99.000 -9999.0 -9999.0 -9999.0 -9999.0 -9999.0
94085 20100408  1.302 -100.35   44.02    16.3     0.5     8.4     8.2     0.0    24.61 R    38.6    -3.4    10.4 -9999.0 -9999.0 -9999.0 -99.000 -99.000 -99.000 -99.000 -99.000 -9999.0 -9999.0 -9999.0 -9999.0 -9999.0
94085 20100409  1.302 -100.35   44.02    12.6     3.4     8.0     8.3     1.0    22.22 R    26.4    -0.5     9.0 -9999.0 -9999.0 -9999.0 -99.000 -99.000 -99.000 -99.000 -99.000 -9999.0 -9999.0 -9999.0 -9999.0 -9999.0
94085 20100410  1.302 -100.35   44.02    15.8     2.2     9.0     8.5     0.0    25.04 R    38.2    -1.2    11.2 -9999.0 -9999.0 -9999.0 -99.000 -99.000 -99.000 -99.000 -99.000 -9999.0 -9999.0 -9999.0 -9999.0 -9999.0
94085 20100411  1.302 -100.35   44.02    20.4     2.4    11.4    11.9     0.0    23.44 R    35.0    -1.0    12.4 -9999.0 -9999.0 -9999.0 -99.000 -99.000 -99.000 -99.000 -99.000 -9999.0 -9999.0 -9999.0 -9999.0 -9999.0
94085 20100412  1.302 -100.35   44.02    26.4     7.8    17.1    17.1     0.0    17.67 R    38.4     4.8    17.2 -9999.0 -9999.0 -9999.0 -99.000 -99.000 -99.000 -99.000 -99.000 -9999.0 -9999.0 -9999.0 -9999.0 -9999.0
94085 20100413  1.302 -100.35   44.02    27.2     9.2    18.2    17.6    14.8    18.72 R    35.4     6.5    17.6 -9999.0 -9999.0 -9999.0 -99.000 -99.000 -99.000 -99.000 -99.000 -9999.0 -9999.0 -9999.0 -9999.0 -9999.0
94085 20100414  1.302 -100.35   44.02    22.2     5.2    13.7    14.0     0.0    25.01 R    33.1     0.4    13.1 -9999.0 -9999.0 -9999.0 -99.000 -99.000 -99.000 -99.000 -99.000 -9999.0 -9999.0 -9999.0 -9999.0 -9999.0
94085 20100415  1.302 -100.35   44.02    16.3     2.5     9.4     9.8     0.0    25.39 R    29.5     0.3    10.6 -9999.0 -9999.0 -9999.0 -99.000 -99.000 -99.000 -99.000 -99.000 -9999.0 -9999.0 -9999.0 -9999.0 -9999.0
94085 20100416  1.302 -100.35   44.02    13.6     1.9     7.7     7.7     0.0    24.93 R    34.8    -2.6    10.4 -9999.0 -9999.0 -9999.0 -99.000 -99.000 -99.000 -99.000 -99.000 -9999.0 -9999.0 -9999.0 -9999.0 -9999.0
94085 20100417  1.302 -100.35   44.02    16.7    -0.3     8.2     8.3     0.0    23.83 R    33.6    -5.7     9.5 -9999.0 -9999.0 -9999.0 -99.000 -99.000 -99.000 -99.000 -99.000 -9999.0 -9999.0 -9999.0 -9999.0 -9999.0
94085 20100418  1.302 -100.35   44.02    19.1     2.4    10.8    10.4     0.0    17.75 R    35.0    -0.9    11.4 -9999.0 -9999.0 -9999.0 -99.000 -99.000 -99.000 -99.000 -99.000 -9999.0 -9999.0 -9999.0 -9999.0 -9999.0
94085 20100419  1.302 -100.35   44.02    21.6     7.9    14.7    13.6     0.2    23.80 R    37.9     5.1    15.8 -9999.0 -9999.0 -9999.0 -99.000 -99.000 -99.000 -99.000 -99.000 -9999.0 -9999.0 -9999.0 -9999.0 -9999.0
94085 20100420  1.302 -100.35   44.02    18.6     7.0    12.8    11.4     0.0    11.45 R    32.1     2.4    11.7 -9999.0 -9999.0 -9999.0 -99.000 -99.000 -99.000 -99.000 -99.000 -9999.0 -9999.0 -9999.0 -9999.0 -9999.0
94085 20100421  1.302 -100.35   44.02    20.1     3.7    11.9    12.6     0.0    23.03 R    41.1     0.1    14.2 -9999.0 -9999.0 -9999.0 -99.000 -99.000 -99.000 -99.000 -99.000 -9999.0 -9999.0 -9999.0 -9999.0 -9999.0
94085 20100422  1.302 -100.35   44.02    21.3     4.3    12.8    13.2     0.0    19.55 R    38.6    -0.1    15.0 -9999.0 -9999.0 -9999.0 -99.000 -99.000 -99.000 -99.000 -99.000 -9999.0 -9999.0 -9999.0 -9999.0 -9999.0
94085 20100423  1.302 -100.35   44.02    14.4    10.5    12.5    11.8    19.1     4.26 R    17.6     9.1    11.2 -9999.0 -9999.0 -9999.0 -99.000 -99.000 -99.000 -99.000 -99.000 -9999.0 -9999.0 -9999.0 -9999.0 -9999.0
94085 20100424  1.302 -100.35   44.02    12.5     6.5     9.5     9.4    10.9     4.90 R    12.7     4.5     8.7 -9999.0 -9999.0 -9999.0 -99.000 -99.000 -99.000 -99.000 -99.000 -9999.0 -9999.0 -9999.0 -9999.0 -9999.0
94085 20100425  1.302 -100.35   44.02    16.3     3.5     9.9     8.0     0.8    18.25 R    28.4     1.7     9.3 -9999.0 -9999.0 -9999.0 -99.000 -99.000 -99.000 -99.000 -99.000 -9999.0 -9999.0 -9999.0 -9999.0 -9999.0
94085 20100426  1.302 -100.35   44.02     4.8     1.5     3.2     3.4     1.7    10.86 R     8.9     1.3     4.0 -9999.0 -9999.0 -9999.0 -99.000 -99.000 -99.000 -99.000 -99.000 -9999.0 -9999.0 -9999.0 -9999.0 -9999.0
94085 20100427  1.302 -100.35   44.02    16.2     0.6     8.4     8.3     0.0    26.48 R    35.8    -0.2    12.4 -9999.0 -9999.0 -9999.0 -99.000 -99.000 -99.000 -99.000 -99.000 -9999.0 -9999.0 -9999.0 -9999.0 -9999.0
94085 20100428  1.302 -100.35   44.02    22.4     7.5    14.9    14.2     0.0    17.00 R    34.1     5.1    14.1 -9999.0 -9999.0 -9999.0 -99.000 -99.000 -99.000 -99.000 -99.000 -9999.0 -9999.0 -9999.0 -9999.0 -9999.0
94085 20100429  1.302 -100.35   44.02    16.0     5.2    10.6    11.9     0.0    12.98 R    31.4     1.7    12.3 -9999.0 -9999.0 -9999.0 -99.000 -99.000 -99.000 -99.000 -99.000 -9999.0 -9999.0 -9999.0 -9999.0 -9999.0
94085 20100430  1.302 -100.35   44.02    12.9     2.7     7.8     7.4     0.4    20.27 R    32.0     1.2     9.9 -9999.0 -9999.0 -9999.0 -99.000 -99.000 -99.000 -99.000 -99.000 -9999.0 -9999.0 -9999.0 -9999.0 -9999.0
94085 20100501  1.302 -100.35   44.02    13.7     5.4     9.5     8.7     0.0    13.35 R    27.7     3.9     9.1 -9999.0 -9999.0 -9999.0 -99.000 -99.000 -99.000 -99.000 -99.000 -9999.0 -9999.0 -9999.0 -9999.0 -9999.0
94085 20100502  1.302 -100.35   44.02    10.4     1.9     6.2     6.7     0.0    17.77 R    20.0     1.0     7.9 -9999.0 -9999.0 -9999.0 -99.000 -99.000 -99.000 -99.000 -99.000 -9999.0 -9999.0 -9999.0 -9999.0 -9999.0
94085 20100503  1.302 -100.35   44.02    17.5     0.1     8.8     9.4     0.0    22.59 R    36.8    -0.6    11.6 -9999.0 -9999.0 -9999.0 -99.000 -99.000 -99.000 -99.000 -99.000 -9999.0 -9999.0 -9999.0 -9999.0 -9999.0
94085 20100504  1.302 -100.35   44.02    16.4     3.7    10.1    10.6     0.0    25.53 R    34.1     1.1    12.3 -9999.0 -9999.0 -9999.0 -99.000 -99.000 -99.000 -99.000 -99.000 -9999.0 -9999.0 -9999.0 -9999.0 -9999.0
94085 20100505  1.302 -100.35   44.02    12.5     2.7     7.6     7.6     0.0    25.42 R    29.4    -2.4     9.9 -9999.0 -9999.0 -9999.0 -99.000 -99.000 -99.000 -99.000 -99.000 -9999.0 -9999.0 -9999.0 -9999.0 -9999.0
94085 20100506  1.302 -100.35   44.02     5.6     2.1     3.9     4.1     4.0     2.41 R     9.0     1.4     4.9 -9999.0 -9999.0 -9999.0 -99.000 -99.000 -99.000 -99.000 -99.000 -9999.0 -9999.0 -9999.0 -9999.0 -9999.0
94085 20100507  1.302 -100.35   44.02     8.2     0.6     4.4     3.5     0.0    14.46 R    18.0    -0.8     4.6 -9999.0 -9999.0 -9999.0 -99.000 -99.000 -99.000 -99.000 -99.000 -9999.0 -9999.0 -9999.0 -9999.0 -9999.0
94085 20100508  1.302 -100.35   44.02    11.4    -2.9     4.2     4.7     0.0    23.90 R    40.2    -3.4     9.2 -9999.0 -9999.0 -9999.0 -99.000 -99.000 -99.000 -99.000 -99.000 -9999.0 -9999.0 -9999.0 -9999.0 -9999.0
94085 20100509  1.302 -100.35   44.02    17.2     3.0    10.1     8.8     1.9    21.57 R    29.0     3.2    10.9 -9999.0 -9999.0 -9999.0 -99.000 -99.000 -99.000 -99.000 -99.000 -9999.0 -9999.0 -9999.0 -9999.0 -9999.0
94085 20100510  1.302 -100.35   44.02     8.9     5.2     7.0     6.7    24.6     1.58 R     8.7     5.1     6.8 -9999.0 -9999.0 -9999.0 -99.000 -99.000 -99.000 -99.000 -99.000 -9999.0 -9999.0 -9999.0 -9999.0 -9999.0
94085 20100511  1.302 -100.35   44.02     8.0     4.0     6.0     5.7     0.5     6.35 R    14.2     4.6     7.1 -9999.0 -9999.0 -9999.0 -99.000 -99.000 -99.000 -99.000 -99.000 -9999.0 -9999.0 -9999.0 -9999.0 -9999.0
94085 20100512  1.302 -100.35   44.02     5.3     0.0     2.7     3.0    18.4     5.24 R     9.0     0.2     4.0 -9999.0 -9999.0 -9999.0 -99.000 -99.000 -99.000 -99.000 -99.000 -9999.0 -9999.0 -9999.0 -9999.0 -9999.0
94085 20100513  1.302 -100.35   44.02    10.7     2.7     6.7     5.7     1.1    13.29 R    19.1     1.9     6.2 -9999.0 -9999.0 -9999.0 -99.000 -99.000 -99.000 -99.000 -99.000 -9999.0 -9999.0 -9999.0 -9999.0 -9999.0
94085 20100514  1.302 -100.35   44.02    20.1     3.9    12.0    12.3     0.0    29.75 R    39.1     1.8    15.5 -9999.0 -9999.0 -9999.0 -99.000 -99.000 -99.000 -99.000 -99.000 -9999.0 -9999.0 -9999.0 -9999.0 -9999.0
94085 20100515  1.302 -100.35   44.02    15.1     6.7    10.9    11.7     0.7     8.78 R    20.9     3.3    10.8 -9999.0 -9999.0 -9999.0 -99.000 -99.000 -99.000 -99.000 -99.000 -9999.0 -9999.0 -9999.0 -9999.0 -9999.0
94085 20100516  1.302 -100.35   44.02    18.9     9.7    14.3    13.9     0.0    17.40 R    39.1     5.3    15.0 -9999.0 -9999.0 -9999.0 -99.000 -99.000 -99.000 -99.000 -99.000 -9999.0 -9999.0 -9999.0 -9999.0 -9999.0
94085 20100517  1.302 -100.35   44.02    22.0     9.4    15.7    15.5     0.0    27.87 R    44.2     4.8    18.6 -9999.0 -9999.0 -9999.0 -99.000 -99.000 -99.000 -99.000 -99.000 -9999.0 -9999.0 -9999.0 -9999.0 -9999.0
94085 20100518  1.302 -100.35   44.02    22.9     6.6    14.7    15.4     0.0    30.33 R    41.1     3.9    18.6 -9999.0 -9999.0 -9999.0 -99.000 -99.000 -99.000 -99.000 -99.000 -9999.0 -9999.0 -9999.0 -9999.0 -9999.0
94085 20100519  1.302 -100.35   44.02    21.8     7.8    14.8    15.4     0.0    26.79 R    40.1     5.9    17.8 -9999.0 -9999.0 -9999.0 -99.000 -99.000 -99.000 -99.000 -99.000 -9999.0 -9999.0 -9999.0 -9999.0 -9999.0
94085 20100520  1.302 -100.35   44.02    22.3     7.1    14.7    14.7     0.0    26.12 R    44.7     4.6    18.0 -9999.0 -9999.0 -9999.0 -99.000 -99.000 -99.000 -99.000 -99.000 -9999.0 -9999.0 -9999.0 -9999.0 -9999.0
94085 20100521  1.302 -100.35   44.02    23.8     7.2    15.5    16.6     0.0    28.59 R    44.0     4.4    21.0 -9999.0 -9999.0 -9999.0 -99.000 -99.000 -99.000 -99.000 -99.000 -9999.0 -9999.0 -9999.0 -9999.0 -9999.0
94085 20100522  1.302 -100.35   44.02    32.3    13.9    23.1    21.5     1.2    25.41 R    46.3    13.0    24.3 -9999.0 -9999.0 -9999.0 -99.000 -99.000 -99.000 -99.000 -99.000 -9999.0 -9999.0 -9999.0 -9999.0 -9999.0
94085 20100523  1.302 -100.35   44.02    21.9    10.7    16.3    16.9     0.0    28.90 R    42.4     9.9    22.2 -9999.0 -9999.0 -9999.0 -99.000 -99.000 -99.000 -99.000 -99.000 -9999.0 -9999.0 -9999.0 -9999.0 -9999.0
94085 20100524  1.302 -100.35   44.02    25.8    10.4    18.1    18.3    10.8     8.14 R    31.4     9.4    17.8 -9999.0 -9999.0 -9999.0 -99.000 -99.000 -99.000 -99.000 -99.000 -9999.0 -9999.0 -9999.0 -9999.0 -9999.0
94085 20100525  1.302 -100.35   44.02    22.3     8.3    15.3    15.7     0.0    31.12 R    40.5     6.9    19.1 -9999.0 -9999.0 -9999.0 -99.000 -99.000 -99.000 -99.000 -99.000 -9999.0 -9999.0 -9999.0 -9999.0 -9999.0
94085 20100526  1.302 -100.35   44.02    24.4     9.0    16.7    17.4     0.0    30.45 R    40.8     6.6    20.7 -9999.0 -9999.0 -9999.0 -99.000 -99.000 -99.000 -99.000 -99.000 -9999.0 -9999.0 -9999.0 -9999.0 -9999.0
94085 20100527  1.302 -100.35   44.02    28.1    12.6    20.3    21.1     0.0    29.02 R    40.8    11.2    23.4 -9999.0 -9999.0 -9999.0 -99.000 -99.000 -99.000 -99.000 -99.000 -9999.0 -9999.0 -9999.0 -9999.0 -9999.0
94085 20100528  1.302 -100.35   44.02    32.5    18.1    25.3    25.0     0.0    29.19 R    45.4    16.2    27.2 -9999.0 -9999.0 -9999.0 -99.000 -99.000 -99.000 -99.000 -99.000 -9999.0 -9999.0 -9999.0 -9999.0 -9999.0
94085 20100529  1.302 -100.35   44.02    26.4    12.4    19.4    20.1    24.8    27.41 R    40.3    12.3    23.4 -9999.0 -9999.0 -9999.0 -99.000 -99.000 -99.000 -99.000 -99.000 -9999.0 -9999.0 -9999.0 -9999.0 -9999.0
94085 20100530  1.302 -100.35   44.02    19.5     9.2    14.4    14.1     2.5    31.13 R    37.0     8.8    17.7 -9999.0 -9999.0 -9999.0 -99.000 -99.000 -99.000 -99.000 -99.000 -9999.0 -9999.0 -9999.0 -9999.0 -9999.0
94085 20100531  1.302 -100.35   44.02    24.1     8.8    16.4    17.1     0.0    29.08 R    41.0     8.4    20.1 -9999.0 -9999.0 -9999.0 -99.000 -99.000 -99.000 -99.000 -99.000 -9999.0 -9999.0 -9999.0 -9999.0 -9999.0
94085 20100601  1.302 -100.35   44.02    21.7    10.3    16.0    15.9     0.0    19.39 R    40.5     8.0    17.5 -9999.0 -9999.0 -9999.0 -99.000 -99.000 -99.000 -99.000 -99.000 -9999.0 -9999.0 -9999.0 -9999.0 -9999.0
94085 20100602  1.302 -100.35   44.02    20.9     9.0    14.9    15.3     0.0    26.64 R    48.7     7.2    22.3 -9999.0 -9999.0 -9999.0 -99.000 -99.000 -99.000 -99.000 -99.000 -9999.0 -9999.0 -9999.0 -9999.0 -9999.0
94085 20100603  1.302 -100.35   44.02    27.5    10.8    19.1    18.7     0.0    20.95 R    49.7     9.4    21.8 -9999.0 -9999.0 -9999.0 -99.000 -99.000 -99.000 -99.000 -99.000 -9999.0 -9999.0 -9999.0 -9999.0 -9999.0
94085 20100604  1.302 -100.35   44.02    25.3    15.2    20.3    19.8     0.7    22.91 R    50.4    13.2    24.8 -9999.0 -9999.0 -9999.0 -99.000 -99.000 -99.000 -99.000 -99.000 -9999.0 -9999.0 -9999.0 -9999.0 -9999.0
94085 20100605  1.302 -100.35   44.02    24.2    13.3    18.7    18.4     3.9    26.37 R    43.3    10.7    21.1 -9999.0 -9999.0 -9999.0 -99.000 -99.000 -99.000 -99.000 -99.000 -9999.0 -9999.0 -9999.0 -9999.0 -9999.0
94085 20100606  1.302 -100.35   44.02    21.3    10.6    16.0    16.9     0.0    20.72 R    39.1     8.5    19.2 -9999.0 -9999.0 -9999.0 -99.000 -99.000 -99.000 -99.000 -99.000 -9999.0 -9999.0 -9999.0 -9999.0 -9999.0
94085 20100607  1.302 -100.35   44.02    20.6    12.5    16.5    16.3     2.1    12.47 R    39.7    10.8    18.0 -9999.0 -9999.0 -9999.0 -99.000 -99.000 -99.000 -99.000 -99.000 -9999.0 -9999.0 -9999.0 -9999.0 -9999.0
94085 20100608  1.302 -100.35   44.02    25.1    13.5    19.3    18.7     0.0    24.55 R    44.5    10.2    20.7 -9999.0 -9999.0 -9999.0 -99.000 -99.000 -99.000 -99.000 -99.000 -9999.0 -9999.0 -9999.0 -9999.0 -9999.0
94085 20100609  1.302 -100.35   44.02    21.2    11.7    16.4    16.4     0.0    18.77 R    46.3     8.1    19.6 -9999.0 -9999.0 -9999.0 -99.000 -99.000 -99.000 -99.000 -99.000 -9999.0 -9999.0 -9999.0 -9999.0 -9999.0
94085 20100610  1.302 -100.35   44.02    28.1    15.8    21.9    20.6    51.2    25.78 R    49.0    14.1    24.9 -9999.0 -9999.0 -9999.0 -99.000 -99.000 -99.000 -99.000 -99.000 -9999.0 -9999.0 -9999.0 -9999.0 -9999.0
94085 20100611  1.302 -100.35   44.02    21.7    15.0    18.3    18.6     2.8    12.84 R    33.9    13.6    19.7 -9999.0 -9999.0 -9999.0 -99.000 -99.000 -99.000 -99.000 -99.000 -9999.0 -9999.0 -9999.0 -9999.0 -9999.0
94085 20100612  1.302 -100.35   44.02    16.5    12.7    14.6    14.0    12.7     6.84 R    25.4    12.1    14.4 -9999.0 -9999.0 -9999.0 -99.000 -99.000 -99.000 -99.000 -99.000 -9999.0 -9999.0 -9999.0 -9999.0 -9999.0
94085 20100613  1.302 -100.35   44.02    16.4    11.9    14.1    13.4    11.8     6.89 R    24.4    10.0    14.0 -9999.0 -9999.0 -9999.0 -99.000 -99.000 -99.000 -99.000 -99.000 -9999.0 -9999.0 -9999.0 -9999.0 -9999.0
94085 20100614  1.302 -100.35   44.02    15.9    11.5    13.7    13.3     5.2    13.31 R    28.4    11.7    15.7 -9999.0 -9999.0 -9999.0 -99.000 -99.000 -99.000 -99.000 -99.000 -9999.0 -9999.0 -9999.0 -9999.0 -9999.0
94085 20100615  1.302 -100.35   44.02    21.6     9.8    15.7    15.3     0.3    28.40 R    50.9     9.5    21.5 -9999.0 -9999.0 -9999.0 -99.000 -99.000 -99.000 -99.000 -99.000 -9999.0 -9999.0 -9999.0 -9999.0 -9999.0
94085 20100616  1.302 -100.35   44.02    29.3    11.0    20.2    20.9     0.0    29.25 R    48.6     9.9    25.3 -9999.0 -9999.0 -9999.0 -99.000 -99.000 -99.000 -99.000 -99.000 -9999.0 -9999.0 -9999.0 -9999.0 -9999.0
94085 20100617  2.402 -100.35   44.02 -9999.0 -9999.0 -9999.0 -9999.0 -9999.0 -9999.00 U -9999.0 -9999.0 -9999.0 -9999.0 -9999.0 -9999.0 -99.000 -99.000 -99.000 -99.000 -99.000 -9999.0 -9999.0 -9999.0 -9999.0 -9999.0
94085 20100618  2.402 -100.35   44.02    24.8    10.4    17.6    18.6     0.0    32.03 R    47.8     9.8    25.1    74.1    27.1    44.4 -99.000 -99.000 -99.000 -99.000 -99.000 -9999.0 -9999.0 -9999.0 -9999.0 -9999.0
94085 20100619  2.402 -100.35   44.02    24.8    10.1    17.4    18.2     0.5    29.89 R    52.2    11.2    27.3    87.1    52.6    69.3 -99.000 -99.000 -99.000 -99.000 -99.000 -9999.0 -9999.0 -9999.0 -9999.0 -9999.0
94085 20100620  2.402 -100.35   44.02    28.5    16.6    22.5    22.2    10.9    25.69 R    54.1    18.4    29.6    89.9    39.8    65.5 -99.000 -99.000 -99.000 -99.000 -99.000 -9999.0 -9999.0 -9999.0 -9999.0 -9999.0
94085 20100621  2.402 -100.35   44.02    28.7    16.9    22.8    22.2     6.4    28.00 R    49.3    18.8    29.6    91.8    50.4    74.1 -99.000 -99.000 -99.000 -99.000 -99.000 -9999.0 -9999.0 -9999.0 -9999.0 -9999.0
94085 20100622  2.402 -100.35   44.02    28.3    16.1    22.2    21.9     5.4    25.79 R    51.2    16.6    28.4    92.8    59.7    72.4 -99.000 -99.000 -99.000 -99.000 -99.000 -9999.0 -9999.0 -9999.0 -9999.0 -9999.0
94085 20100623  2.402 -100.35   44.02    23.6    14.6    19.1    19.3     0.0    27.88 R    42.6    13.9    23.5    94.7    50.0    71.4 -99.000 -99.000 -99.000 -99.000 -99.000 -9999.0 -9999.0 -9999.0 -9999.0 -9999.0
94085 20100624  2.402 -100.35   44.02    28.5    13.9    21.2    21.6     0.0    30.52 R    47.1    12.6    26.4    87.8    45.7    67.9 -99.000 -99.000 -99.000 -99.000 -99.000 -9999.0 -9999.0 -9999.0 -9999.0 -9999.0
94085 20100625  2.402 -100.35   44.02    28.7    17.5    23.1    23.1     0.0    28.00 R    52.0    16.4    29.2    88.3    58.2    73.9 -99.000 -99.000 -99.000 -99.000 -99.000 -9999.0 -9999.0 -9999.0 -9999.0 -9999.0
94085 20100626  2.402 -100.35   44.02    28.2    18.6    23.4    22.8     2.0    14.63 R    42.1    18.3    26.2    97.1    57.5    81.3 -99.000 -99.000 -99.000 -99.000 -99.000 -9999.0 -9999.0 -9999.0 -9999.0 -9999.0
94085 20100627  2.402 -100.35   44.02    28.4    14.2    21.3    21.6     0.0    29.06 R    46.7    13.1    25.6    90.8    31.5    62.0 -99.000 -99.000 -99.000 -99.000 -99.000 -9999.0 -9999.0 -9999.0 -9999.0 -9999.0
94085 20100628  2.402 -100.35   44.02    26.5    13.8    20.2    21.1     0.0    31.13 R    49.6    12.4    27.0    85.8    40.0    59.5 -99.000 -99.000 -99.000 -99.000 -99.000 -9999.0 -9999.0 -9999.0 -9999.0 -9999.0
94085 20100629  2.402 -100.35   44.02    27.8    13.4    20.6    21.1     0.0    30.94 R    47.0    13.2    26.4    94.2    44.8    69.5 -99.000 -99.000 -99.000 -99.000 -99.000 -9999.0 -9999.0 -9999.0 -9999.0 -9999.0
94085 20100630  2.402 -100.35   44.02    34.3    18.2    26.2    26.0     0.0    31.19 R    49.6    16.7    29.6    80.3    24.7    55.0 -99.000 -99.000 -99.000 -99.000 -99.000 -9999.0 -9999.0 -9999.0 -9999.0 -9999.0
94085 20100701  2.402 -100.35   44.02    31.8    19.6    25.7    25.9     0.0    30.80 R    47.5    17.6    29.5    75.0    34.5    55.0 -99.000 -99.000 -99.000 -99.000 -99.000 -9999.0 -9999.0 -9999.0 -9999.0 -9999.0
94085 20100702  2.402 -100.35   44.02    33.7    21.8    27.7    27.1     0.0    23.22 R    47.9    20.2    29.8    75.7    44.8    61.2 -99.000 -99.000 -99.000 -99.000 -99.000 -9999.0 -9999.0 -9999.0 -9999.0 -9999.0
94085 20100703  2.402 -100.35   44.02    30.2    17.8    24.0    24.9    17.7    23.33 R    53.4    20.2    30.2    93.5    47.2    69.8 -99.000 -99.000 -99.000 -99.000 -99.000 -9999.0 -9999.0 -9999.0 -9999.0 -9999.0
94085 20100704  2.402 -100.35   44.02    26.5    15.0    20.7    20.6     0.0    28.42 R    50.3    18.3    29.5    83.9    30.7    56.3 -99.000 -99.000 -99.000 -99.000 -99.000 -9999.0 -9999.0 -9999.0 -9999.0 -9999.0
94085 20100705  2.402 -100.35   44.02    27.6    15.6    21.6    20.9     0.0    25.62 R    51.2    18.3    29.7    79.9    43.4    62.6 -99.000 -99.000 -99.000 -99.000 -99.000 -9999.0 -9999.0 -9999.0 -9999.0 -9999.0
94085 20100706  2.402 -100.35   44.02    23.4    13.4    18.4    17.7    10.7    17.33 R    48.3    16.2    24.7    95.1    52.3    73.9 -99.000 -99.000 -99.000 -99.000 -99.000 -9999.0 -9999.0 -9999.0 -9999.0 -9999.0
94085 20100707  2.402 -100.35   44.02    23.9    13.5    18.7    17.9     0.0    23.64 R    43.6    16.1    24.1    95.1    42.3    72.2 -99.000 -99.000 -99.000 -99.000 -99.000 -9999.0 -9999.0 -9999.0 -9999.0 -9999.0
94085 20100708  2.402 -100.35   44.02    27.5    13.9    20.7    20.8     0.0    29.30 R    46.9    13.4    25.7    82.1    28.5    55.5 -99.000 -99.000 -99.000 -99.000 -99.000 -9999.0 -9999.0 -9999.0 -9999.0 -9999.0
94085 20100709  2.402 -100.35   44.02    30.0    14.6    22.3    22.7     0.0    28.73 R    48.0    12.9    26.2    81.9    33.1    58.4 -99.000 -99.000 -99.000 -99.000 -99.000 -9999.0 -9999.0 -9999.0 -9999.0 -9999.0
94085 20100710  2.402 -100.35   44.02    33.5    17.1    25.3    24.1     0.0    22.98 R    51.0    15.6    26.9    85.6    28.8    61.1 -99.000 -99.000 -99.000 -99.000 -99.000 -9999.0 -9999.0 -9999.0 -9999.0 -9999.0
94085 20100711  2.402 -100.35   44.02    26.8    15.2    21.0    20.6     0.0    20.56 R    45.4    12.8    23.4    89.9    49.1    68.8 -99.000 -99.000 -99.000 -99.000 -99.000 -9999.0 -9999.0 -9999.0 -9999.0 -9999.0
94085 20100712  2.402 -100.35   44.02    25.8    14.2    20.0    20.1     0.0    23.72 R    43.5    12.8    23.5    92.8    55.4    75.2 -99.000 -99.000 -99.000 -99.000 -99.000 -9999.0 -9999.0 -9999.0 -9999.0 -9999.0
94085 20100713  2.402 -100.35   44.02    32.3    18.4    25.4    25.5     0.0    29.46 R    51.2    18.3    30.9    95.3    46.3    71.0 -99.000 -99.000 -99.000 -99.000 -99.000 -9999.0 -9999.0 -9999.0 -9999.0 -9999.0
94085 20100714  2.402 -100.35   44.02    27.7    16.6    22.1    23.3     0.0    24.18 R    42.2    11.5    25.3    91.3    22.8    51.5 -99.000 -99.000 -99.000 -99.000 -99.000 -9999.0 -9999.0 -9999.0 -9999.0 -9999.0
94085 20100715  2.402 -100.35   44.02    31.4    14.6    23.0    23.3     0.0    30.12 R    49.2    12.0    26.7    71.1    27.4    49.4 -99.000 -99.000 -99.000 -99.000 -99.000 -9999.0 -9999.0 -9999.0 -9999.0 -9999.0
94085 20100716  2.402 -100.35   44.02    34.0    17.0    25.5    25.9     0.0    30.05 R    52.6    15.7    30.4    85.8    24.0    53.2 -99.000 -99.000 -99.000 -99.000 -99.000 -9999.0 -9999.0 -9999.0 -9999.0 -9999.0
94085 20100717  2.402 -100.35   44.02    38.1    17.8    28.0    28.1     0.0    28.55 R    52.4    15.1    30.8    84.6    19.5    52.5 -99.000 -99.000 -99.000 -99.000 -99.000 -9999.0 -9999.0 -9999.0 -9999.0 -9999.0
94085 20100718  2.402 -100.35   44.02    27.6    14.7    21.2    21.1     0.0    26.82 R    48.2    13.5    25.8    81.6    30.6    54.4 -99.000 -99.000 -99.000 -99.000 -99.000 -9999.0 -9999.0 -9999.0 -9999.0 -9999.0
94085 20100719  2.402 -100.35   44.02    27.8    14.6    21.2    20.1    11.3    24.55 R    45.9    16.0    26.2    93.2    42.9    75.3 -99.000 -99.000 -99.000 -99.000 -99.000 -9999.0 -9999.0 -9999.0 -9999.0 -9999.0
94085 20100720  2.402 -100.35   44.02    26.8    14.9    20.8    20.9     0.0    28.63 R    43.2    14.5    26.3    94.9    39.6    68.2 -99.000 -99.000 -99.000 -99.000 -99.000 -9999.0 -9999.0 -9999.0 -9999.0 -9999.0
94085 20100721  2.402 -100.35   44.02    25.9    14.8    20.3    19.9    20.6    10.76 R    35.0    14.2    22.1    95.7    61.0    81.2 -99.000 -99.000 -99.000 -99.000 -99.000 -9999.0 -9999.0 -9999.0 -9999.0 -9999.0
94085 20100722  2.402 -100.35   44.02    27.6    18.3    22.9    22.0     0.0    20.18 R    43.4    18.5    26.6    96.8    56.8    80.8 -99.000 -99.000 -99.000 -99.000 -99.000 -9999.0 -9999.0 -9999.0 -9999.0 -9999.0
94085 20100723  2.402 -100.35   44.02    29.9    14.7    22.3    21.1    20.4    19.19 R    42.9    17.5    24.6    94.9    63.8    83.3 -99.000 -99.000 -99.000 -99.000 -99.000 -9999.0 -9999.0 -9999.0 -9999.0 -9999.0
94085 20100724  2.402 -100.35   44.02    26.0    14.0    20.0    19.9     0.0    28.00 R    40.0    15.5    23.9    95.2    43.3    69.1 -99.000 -99.000 -99.000 -99.000 -99.000 -9999.0 -9999.0 -9999.0 -9999.0 -9999.0
94085 20100725  2.402 -100.35   44.02    31.6    14.2    22.9    23.1     0.0    29.11 R    44.5    13.8    26.1    89.4    37.8    64.5 -99.000 -99.000 -99.000 -99.000 -99.000 -9999.0 -9999.0 -9999.0 -9999.0 -9999.0
94085 20100726  2.402 -100.35   44.02    34.4    17.4    25.9    25.9     0.0    28.03 R    46.8    17.4    29.0    93.0    36.8    66.3 -99.000 -99.000 -99.000 -99.000 -99.000 -9999.0 -9999.0 -9999.0 -9999.0 -9999.0
94085 20100727  2.402 -100.35   44.02    31.9    15.9    23.9    24.5     0.0    22.72 R    49.4    13.7    27.2    89.7    42.9    66.1 -99.000 -99.000 -99.000 -99.000 -99.000 -9999.0 -9999.0 -9999.0 -9999.0 -9999.0
94085 20100728  2.402 -100.35   44.02    26.9    13.8    20.3    20.8     0.0    27.76 R    44.8    12.9    25.4    92.9    38.7    64.3 -99.000 -99.000 -99.000 -99.000 -99.000 -9999.0 -9999.0 -9999.0 -9999.0 -9999.0
94085 20100729  2.402 -100.35   44.02    24.9    17.2    21.0    20.1     0.7     8.80 R    36.1    17.0    23.5    94.8    75.3    85.3 -99.000 -99.000 -99.000 -99.000 -99.000 -9999.0 -9999.0 -9999.0 -9999.0 -9999.0
94085 20100730  2.402 -100.35   44.02    30.8    17.0    23.9    24.0     0.2    27.35 R    47.5    17.4    29.4   100.0    47.5    76.4 -99.000 -99.000 -99.000 -99.000 -99.000 -9999.0 -9999.0 -9999.0 -9999.0 -9999.0
94085 20100731  2.402 -100.35   44.02    33.6    19.2    26.4    26.6     0.0    27.62 R    47.6    15.0    29.3    90.3    32.6    60.5 -99.000 -99.000 -99.000 -99.000 -99.000 -9999.0 -9999.0 -9999.0 -9999.0 -9999.0
94085 20100801  2.402 -100.35   44.02    35.0    20.6    27.8    27.4     0.0    24.80 R    49.2    19.9    30.1    84.9    41.0    63.1 -99.000 -99.000 -99.000 -99.000 -99.000 -9999.0 -9999.0 -9999.0 -9999.0 -9999.0
94085 20100802  2.402 -100.35   44.02    31.8    19.9    25.8    25.0     1.5    18.32 R    50.0    19.3    27.9    93.5    48.7    74.3 -99.000 -99.000 -99.000 -99.000 -99.000 -9999.0 -9999.0 -9999.0 -9999.0 -9999.0
94085 20100803  2.402 -100.35   44.02    30.3    15.9    23.1    22.3    39.9    17.19 R    45.5    17.2    25.2    95.6    52.2    78.3 -99.000 -99.000 -99.000 -99.000 -99.000 -9999.0 -9999.0 -9999.0 -9999.0 -9999.0
94085 20100804  2.402 -100.35   44.02    27.9    14.6    21.3    21.4     0.0    27.38 R    46.4    18.2    28.8    94.0    41.3    68.2 -99.000 -99.000 -99.000 -99.000 -99.000 -9999.0 -9999.0 -9999.0 -9999.0 -9999.0
94085 20100805  2.402 -100.35   44.02    26.9    16.3    21.6    21.6     0.0    24.20 R    46.3    17.3    27.8    79.4    40.1    59.6 -99.000 -99.000 -99.000 -99.000 -99.000 -9999.0 -9999.0 -9999.0 -9999.0 -9999.0
94085 20100806  2.402 -100.35   44.02    31.1    17.1    24.1    24.1     0.0    27.08 R    46.7    18.6    29.4    92.0    43.7    68.0 -99.000 -99.000 -99.000 -99.000 -99.000 -9999.0 -9999.0 -9999.0 -9999.0 -9999.0
94085 20100807  2.402 -100.35   44.02    33.1    18.9    26.0    27.1     0.0    27.37 R    45.6    18.1    29.4    88.9    35.9    57.8 -99.000 -99.000 -99.000 -99.000 -99.000 -9999.0 -9999.0 -9999.0 -9999.0 -9999.0
94085 20100808  2.402 -100.35   44.02    30.2    19.0    24.6    25.0     0.3    16.35 R    39.9    17.0    25.2    87.2    41.0    60.7 -99.000 -99.000 -99.000 -99.000 -99.000 -9999.0 -9999.0 -9999.0 -9999.0 -9999.0
94085 20100809  2.402 -100.35   44.02    32.1    17.2    24.7    24.8     0.0    23.61 R    46.1    17.8    28.5    97.2    40.8    73.4 -99.000 -99.000 -99.000 -99.000 -99.000 -9999.0 -9999.0 -9999.0 -9999.0 -9999.0
94085 20100810  2.402 -100.35   44.02    32.8    19.0    25.9    25.8     5.4    24.57 R    45.3    19.8    29.4    95.3    33.5    64.2 -99.000 -99.000 -99.000 -99.000 -99.000 -9999.0 -9999.0 -9999.0 -9999.0 -9999.0
94085 20100811  2.402 -100.35   44.02    34.0    20.8    27.4    26.6     0.0    24.78 R    45.7    17.5    28.2    87.2    33.1    53.4 -99.000 -99.000 -99.000 -99.000 -99.000 -9999.0 -9999.0 -9999.0 -9999.0 -9999.0
94085 20100812  2.402 -100.35   44.02    35.3    19.6    27.4    26.7     0.0    21.66 R    46.8    17.4    27.6    90.4    23.2    58.8 -99.000 -99.000 -99.000 -99.000 -99.000 -9999.0 -9999.0 -9999.0 -9999.0 -9999.0
94085 20100813  2.402 -100.35   44.02    29.5    16.2    22.9    22.0     0.0    25.37 R    42.4    15.5    24.6    79.7    33.3    58.9 -99.000 -99.000 -99.000 -99.000 -99.000 -9999.0 -9999.0 -9999.0 -9999.0 -9999.0
94085 20100814  2.402 -100.35   44.02    24.3    15.4    19.9    18.4     0.0    12.52 R    32.8    14.5    19.3    81.2    40.0    64.4 -99.000 -99.000 -99.000 -99.000 -99.000 -9999.0 -9999.0 -9999.0 -9999.0 -9999.0
94085 20100815  2.402 -100.35   44.02    25.8    11.9    18.9    18.8     0.0    24.56 R    38.8    10.8    20.2    90.6    32.3    57.9 -99.000 -99.000 -99.000 -99.000 -99.000 -9999.0 -9999.0 -9999.0 -9999.0 -9999.0
94085 20100816  2.402 -100.35   44.02    26.4    15.5    20.9    20.5     0.0    19.50 R    42.1    13.1    21.9    71.0    31.2    48.0 -99.000 -99.000 -99.000 -99.000 -99.000 -9999.0 -9999.0 -9999.0 -9999.0 -9999.0
94085 20100817  2.402 -100.35   44.02    30.7    12.0    21.3    21.9     0.0    25.05 R    45.4     9.7    24.2    92.2    35.0    62.8   0.269   0.355   0.481   0.462   0.550    22.2    21.8    21.2    20.6    18.9
94085 20100818  2.402 -100.35   44.02    33.9    16.7    25.3    24.8     0.0    25.60 R    48.4    14.8    28.0    93.4    27.3    66.2   0.259   0.346   0.479   0.459   0.542    23.8    22.9    21.8    20.6    18.8
94085 20100819  2.402 -100.35   44.02    31.1    19.0    25.0    23.8     0.0    11.54 R    44.1    16.3    24.9    97.5    34.2    69.2   0.247   0.340   0.473   0.459   0.536    23.8    23.4    22.4    20.9    18.8
94085 20100820  2.402 -100.35   44.02    33.9    18.2    26.0    25.0     0.0    23.34 R    47.8    15.5    27.8    96.9    21.7    61.1   0.240   0.334   0.473   0.454   0.531    24.1    23.3    22.2    21.0    18.8
94085 20100821  2.402 -100.35   44.02    36.5    16.3    26.4    26.9     0.0    25.73 R    49.7    13.3    28.9    79.7    21.3    51.9   0.230   0.327   0.471   0.450   0.534    24.7    23.8    22.6    21.1    18.8
94085 20100822  2.402 -100.35   44.02    38.3    23.5    30.9    30.9     0.0    24.89 R    48.6    21.2    31.8    49.6    16.4    29.4   0.218   0.317   0.464   0.448   0.529    24.7    23.7    22.9    21.2    18.8
94085 20100823  2.402 -100.35   44.02    27.4    14.0    20.7    22.6     0.0    12.61 R    36.9    11.8    22.8    84.7    29.3    48.2   0.202   0.310   0.462   0.445   0.526    22.8    22.7    22.3    21.3    18.9
94085 20100824  2.402 -100.35   44.02    26.9    11.7    19.3    19.1     0.0    26.14 R    37.7     8.1    19.9    65.0    17.3    38.7   0.191   0.303   0.457   0.438   0.522    20.8    21.0    21.0    21.0    18.9
94085 20100825  2.402 -100.35   44.02    28.0    12.0    20.0    19.9     0.0    25.16 R    43.7     6.4    21.7    71.7    25.1    41.5   0.184   0.298   0.453   0.435   0.521    20.8    20.6    20.4    20.5    18.9
94085 20100826  2.402 -100.35   44.02    37.8    12.0    24.9    24.6     0.0    25.11 R    52.6    11.5    27.7    90.5    13.2    45.8   0.179   0.297   0.451   0.433   0.522    22.5    21.5    20.8    20.3    18.9
94085 20100827  2.402 -100.35   44.02    40.3    18.5    29.4    28.7     0.0    24.86 R    50.9    13.1    29.8    51.4    10.1    30.3   0.173   0.296   0.449   0.426   0.525    23.7    22.2    21.4    20.4    18.8
94085 20100828  2.402 -100.35   44.02    36.2    16.4    26.3    26.8     0.0    23.59 R    49.0    15.2    29.4    69.3    19.8    40.8   0.165   0.293   0.448   0.425   0.524    24.4    22.9    21.8    20.6    18.8
94085 20100829  2.402 -100.35   44.02    36.5    21.7    29.1    27.9     0.0    22.09 R    52.5    20.2    30.6    59.1    21.6    41.6   0.159   0.291   0.448   0.419   0.516    25.4    23.7    22.3    20.8    18.8
94085 20100830  2.402 -100.35   44.02    30.8    16.7    23.7    23.6     1.1    12.52 R    43.7    14.7    24.9    97.1    37.3    60.6   0.152   0.287   0.444   0.420   0.511    24.0    23.3    22.6    21.1    18.8
94085 20100831  2.402 -100.35   44.02    25.2    11.9    18.6    17.3     0.0    12.49 R    34.9     9.3    17.9    96.9    28.8    61.9   0.143   0.280   0.437   0.415   0.514    20.5    20.9    20.9    20.9    18.9
94085 20100901  2.402 -100.35   44.02    29.8     8.8    19.3    19.1     0.0    18.43 R    43.4     5.7    20.2    90.1    22.7    54.8   0.141   0.275   0.432   0.412   0.518    19.9    19.7    19.6    20.2    18.9
94085 20100902  2.402 -100.35   44.02    21.5    12.6    17.1    16.8     0.0    16.53 R    33.4    11.1    17.7    65.6    31.2    48.3   0.138   0.274   0.428   0.408   0.517    18.9    19.0    19.0    19.8    18.8
94085 20100903  2.402 -100.35   44.02    23.1     7.3    15.2    15.5     0.0    24.28 R    39.6     6.2    17.9    74.4    23.6    45.3   0.133   0.270   0.425   0.404   0.520    18.3    18.1    18.1    19.1    18.7
94085 20100904  2.402 -100.35   44.02    27.5     5.9    16.7    17.0     0.0    23.79 R    44.7     4.6    20.3    83.2    28.4    56.4   0.129   0.269   0.422   0.401   0.524    19.1    18.4    18.3    18.8    18.6
94085 20100905  2.402 -100.35   44.02    27.8    12.0    19.9    18.8     0.0    22.89 R    46.0    11.6    23.1    93.6    40.0    70.5   0.129   0.271   0.422   0.399   0.532    21.2    19.9    19.2    18.8    18.4
94085 20100906  2.402 -100.35   44.02    16.6    10.6    13.6    13.0     4.4     6.63 R    21.5    10.4    14.3    96.0    53.3    81.9   0.133   0.268   0.419   0.398   0.522    17.8    18.6    18.7    18.9    18.3
94085 20100907  2.402 -100.35   44.02    21.9     7.9    14.9    14.4     0.0    23.70 R    37.0     7.8    16.9    78.7    26.1    52.7   0.137   0.263   0.411   0.398   0.515    16.5    16.6    17.0    18.3    18.3
94085 20100908  2.402 -100.35   44.02    23.7     8.9    16.3    15.3     0.0    15.30 R    37.9     7.6    17.1    87.5    35.8    70.6   0.139   0.263   0.410   0.395   0.514    16.7    16.7    17.0    17.9    18.1
94085 20100909  2.402 -100.35   44.02    26.5    14.5    20.5    20.1     0.6    10.75 R    37.4    14.0    21.8    94.8    52.2    77.2   0.144   0.265   0.409   0.394   0.522    19.3    18.3    17.8    17.8    17.9
94085 20100910  2.402 -100.35   44.02    24.0    11.1    17.5    18.2    17.6    19.87 R    40.0    14.2    23.5    97.1    33.9    69.8   0.367   0.328   0.441   0.400   0.529    19.4    19.3    18.8    18.1    17.8
94085 20100911  2.402 -100.35   44.02    25.8     9.6    17.7    17.4     0.0    22.62 R    41.5    10.4    20.5    83.2    19.1    47.9   0.334   0.320   0.435   0.397   0.525    17.6    17.8    18.0    18.1    17.7
94085 20100912  2.402 -100.35   44.02    28.2    10.9    19.5    19.7     0.0    22.60 R    45.1     8.1    21.6    59.1    18.1    39.2   0.318   0.315   0.429   0.397   0.510    18.3    18.1    17.9    17.9    17.6
94085 20100913  2.402 -100.35   44.02    28.6    10.4    19.5    18.9     0.0    22.13 R    41.1     7.7    20.7    81.6    27.0    53.9   0.302   0.309   0.426   0.394   0.503    18.7    18.4    18.2    17.9    17.6
94085 20100914  2.402 -100.35   44.02    22.2    11.3    16.8    16.6     0.6    10.03 R    39.1    11.9    20.3    96.6    64.2    84.4   0.285   0.304   0.424   0.394   0.505    18.5    18.4    18.3    17.9    17.5
94085 20100915  2.402 -100.35   44.02    17.2    10.6    13.9    13.8    11.3     7.48 R    28.8    13.8    18.6    96.8    76.8    92.1   0.340   0.332   0.447   0.394   0.508    17.2    17.8    18.1    17.9    17.5
94085 20100916  2.402 -100.35   44.02    28.4     5.5    17.0    15.6     0.0    18.82 R    37.8     6.8    19.3   100.0    27.3    74.2   0.352   0.331   0.440   0.392   0.514    16.5    16.6    17.1    17.6    17.3
94085 20100917  2.402 -100.35   44.02    17.1     5.6    11.3    12.5     0.0    11.69 R    34.2     8.2    16.9    93.5    54.2    71.5   0.337   0.330   0.439   0.392   0.516    16.0    16.6    17.0    17.4    17.3
94085 20100918  2.402 -100.35   44.02     7.9     3.1     5.5     5.7     0.5     4.31 R    20.3     6.8    11.4    88.0    53.8    69.2   0.321   0.322   0.433   0.391   0.516    12.3    13.9    15.6    17.0    17.2
94085 20100919  2.402 -100.35   44.02    13.2     6.8    10.0     9.7     0.0     7.27 R    23.8    11.5    15.7    96.2    56.9    70.3   0.315   0.318   0.429   0.389   0.522    12.2    13.3    14.4    16.2    17.1
94085 20100920  2.402 -100.35   44.02    31.6    10.2    20.9    16.9     0.0    15.01 R    45.0    12.8    21.1    97.2    29.2    70.8   0.316   0.320   0.427   0.384   0.523    15.8    15.2    15.0    15.8    16.9
94085 20100921  2.402 -100.35   44.02    21.0     9.9    15.5    14.5     0.0    18.70 R    36.9     9.7    18.4    86.6    36.3    66.7   0.302   0.318   0.427   0.385   0.512    16.6    16.1    15.9    16.0    16.7
94085 20100922  2.402 -100.35   44.02    16.8     7.6    12.2    13.4    13.7     4.37 R    25.6     8.5    17.6    97.3    86.0    92.5   0.361   0.338   0.450   0.408   0.506    14.9    15.3    15.8    16.1    16.5
94085 20100923  2.402 -100.35   44.02    15.2     7.0    11.1    10.5     8.3     4.22 R    19.8    10.5    14.4    97.5    81.2    92.4   0.411   0.400   0.465   0.412   0.511    14.2    14.9    15.5    16.0    16.4
94085 20100924  2.402 -100.35   44.02    21.5     4.2    12.8    12.6     0.2    19.48 R    35.7     6.8    18.5    94.2    38.8    71.4   0.387   0.411   0.461   0.414   0.511    14.0    13.8    14.4    15.6    16.2
94085 20100925  2.402 -100.35   44.02    21.4     8.2    14.8    15.2     0.0    20.02 R    35.4     7.4    18.0    91.0    27.7    56.6   0.373   0.405   0.459   0.415   0.514    15.4    15.1    15.1    15.4    16.1
94085 20100926  2.402 -100.35   44.02    26.6     5.3    15.9    15.8     0.0    19.38 R    35.9     7.1    17.3    83.9    27.2    54.9   0.358   0.398   0.458   0.412   0.518    14.9    14.8    15.0    15.4    16.0
94085 20100927  2.402 -100.35   44.02    25.3    12.5    18.9    17.8     0.0    18.95 R    35.2     8.5    18.4    72.2    33.0    55.1   0.347   0.394   0.457   0.410   0.521    16.3    15.8    15.5    15.4    15.9
94085 20100928  2.402 -100.35   44.02    29.0    10.1    19.5    18.7     0.0    18.69 R    39.2     5.7    18.8    77.6    26.6    53.7   0.330   0.389   0.456   0.409   0.520    16.5    16.0    15.7    15.6    15.8
94085 20100929  2.402 -100.35   44.02    22.3    12.0    17.2    18.2     0.0    18.53 R    32.6     8.2    18.3    68.6    29.3    45.7   0.313   0.382   0.455   0.406   0.518    17.0    16.6    16.2    15.8    15.8
94085 20100930  2.402 -100.35   44.02    22.4     7.3    14.9    15.3     0.0    18.93 R    36.8     4.6    16.0    74.4    23.3    45.4   0.291   0.372   0.452   0.404   0.521    16.0    15.7    15.8    15.8    15.7
94085 20101001  2.402 -100.35   44.02    23.7     5.3    14.5    13.2     0.0    18.26 R    36.5     3.1    14.6    79.3    30.2    58.4   0.271   0.364   0.449   0.402   0.518    15.5    15.3    15.6    15.7    15.7
94085 20101002  2.402 -100.35   44.02    15.4     1.1     8.2     7.3     0.0    18.94 R    30.3    -3.0     9.7    88.7    30.3    63.5   0.249   0.355   0.447   0.398   0.512    13.1    13.8    14.8    15.5    15.6
94085 20101003  2.402 -100.35   44.02    22.1     3.0    12.6    12.1     0.0    17.84 R    31.1     2.1    13.1    75.2    26.9    49.2   0.234   0.347   0.442   0.395   0.507    12.6    13.0    13.8    14.9    15.6
94085 20101004  2.402 -100.35   44.02    26.4     8.4    17.4    16.6     0.0    17.62 R    33.4     6.5    17.1    62.0    33.5    47.2   0.220   0.343   0.442   0.390   0.505    14.3    13.9    14.0    14.6    15.5
94085 20101005  2.402 -100.35   44.02    32.2    10.4    21.3    19.9     0.0    16.69 R    39.9     8.4    20.3    68.5    17.2    47.8   0.210   0.338   0.441   0.389   0.510    16.2    15.3    14.8    14.6    15.3
94085 20101006  2.402 -100.35   44.02    20.0     8.8    14.4    14.6     0.0    17.05 R    34.2     6.1    15.7    85.2    24.8    50.0   0.200   0.333   0.443   0.387   0.512    16.3    15.7    15.5    14.9    15.2
94085 20101007  2.402 -100.35   44.02    31.0     6.1    18.5    18.3     0.0    16.15 R    38.0     5.2    18.3    66.6    26.2    46.3   0.189   0.324   0.441   0.387   0.505    15.7    15.1    15.1    15.0    15.2
94085 20101008  2.402 -100.35   44.02    32.4    12.7    22.5    20.8     1.3    16.16 R    42.6     8.4    21.9    84.0    21.3    51.2   0.183   0.321   0.441   0.385   0.499    17.5    16.5    15.7    15.1    15.1
94085 20101009  2.402 -100.35   44.02    19.0     8.7    13.8    13.5     2.1    13.52 R    35.7    11.6    19.7    96.0    59.2    83.3   0.176   0.317   0.441   0.385   0.495    16.5    16.3    16.1    15.4    15.1
94085 20101010  2.402 -100.35   44.02    21.4     6.8    14.1    13.8     0.0    15.09 R    35.5     8.7    17.9   100.0    39.0    76.2   0.174   0.311   0.438   0.384   0.497    15.2    15.2    15.4    15.4    15.1
94085 20101011  2.402 -100.35   44.02    24.0    10.4    17.2    17.5     0.0    15.56 R    35.1    10.3    18.7    86.2    36.7    58.9   0.175   0.308   0.437   0.384   0.495    15.9    15.3    15.3    15.2    15.1
94085 20101012  2.402 -100.35   44.02    16.0     8.0    12.0    12.1     0.0    14.02 R    25.3     5.6    13.1    92.2    36.1    62.6   0.172   0.302   0.435   0.384   0.491    14.7    14.8    15.2    15.2    15.1
94085 20101013  2.402 -100.35   44.02    17.8     3.2    10.5    10.3     0.0    15.63 R    30.0     1.0    10.2    73.0    22.3    44.1   0.165   0.294   0.430   0.382   0.493    12.6    13.1    14.1    14.9    15.1
94085 20101014  2.402 -100.35   44.02    21.7     7.0    14.4    13.8     0.0    16.28 R    30.7     2.6    12.0    62.6    20.6    39.8   0.162   0.289   0.426   0.378   0.500    12.5    12.7    13.5    14.4    15.1
94085 20101015  2.402 -100.35   44.02    26.8     1.9    14.4    15.3     0.0    15.72 R    35.3     0.9    14.5    77.6    18.6    41.8   0.157   0.286   0.424   0.377   0.509    12.7    12.6    13.2    14.1    14.9
94085 20101016  2.402 -100.35   44.02    16.9     5.7    11.3    10.9     0.0    14.97 R    24.7    -0.2    10.0    66.8    27.3    41.0   0.154   0.284   0.423   0.376   0.509    12.7    12.9    13.4    13.9    14.8
94085 20101017  2.402 -100.35   44.02    16.9     1.7     9.3     8.3     0.0    12.70 R    26.8    -0.2     9.2    80.8    27.2    50.2   0.147   0.277   0.419   0.375   0.504    10.8    11.4    12.5    13.7    14.7
94085 20101018  2.402 -100.35   44.02    13.5    -0.2     6.6     5.8     0.0    15.37 R    22.4    -3.8     5.3    93.6    35.7    69.5   0.142   0.273   0.417   0.373   0.502     9.8    10.7    11.9    13.3    14.5
94085 20101019  2.402 -100.35   44.02    18.4     2.0    10.2     9.7     0.0    13.57 R    26.9    -0.3    10.2    83.9    20.6    48.7   0.141   0.270   0.415   0.371   0.496    10.1    10.3    11.4    12.9    14.4
94085 20101020  2.402 -100.35   44.02    21.3     6.1    13.7    12.4     0.0    14.59 R    28.7    -0.2    11.1    54.6    24.1    39.6   0.141   0.270   0.414   0.370   0.496    11.0    11.1    11.6    12.6    14.2
94085 20101021  2.402 -100.35   44.02    21.1     2.0    11.6    10.6     0.0    14.28 R    27.8    -1.6     9.6    70.7    23.5    43.7   0.137   0.267   0.411   0.368   0.501    10.4    10.6    11.4    12.5    14.0
94085 20101022  2.402 -100.35   44.02    25.1     5.2    15.1    14.6     0.0    12.54 R    35.8     0.9    14.1    82.4    31.3    55.0   0.136   0.266   0.410   0.367   0.500    12.0    11.3    11.5    12.4    13.9
94085 20101023  2.402 -100.35   44.02    13.5     8.6    11.1    11.0    14.6     2.09 R    23.8     5.5    15.2    97.3    79.7    93.7   0.164   0.272   0.409   0.366   0.490    12.3    12.3    12.3    12.5    13.7
94085 20101024  2.402 -100.35   44.02    11.2     7.9     9.5     9.0    14.7     2.14 R    19.4    11.1    13.7    97.3    87.6    95.8   0.401   0.412   0.453   0.392   0.490    11.1    11.5    12.0    12.6    13.6
94085 20101025  2.402 -100.35   44.02    13.7     5.7     9.7     9.3     4.0     2.04 R    18.2     7.8    12.1    93.6    67.2    81.8   0.386   0.411   0.445   0.394   0.494    10.5    11.1    11.7    12.5    13.6
94085 20101026  2.402 -100.35   44.02     7.6     3.6     5.6     5.4     0.0     6.52 R    14.0     5.4     8.3    87.0    46.3    59.9   0.382   0.413   0.447   0.396   0.498     8.3     9.3    10.9    12.3    13.5
94085 20101027  2.402 -100.35   44.02     5.1    -3.9     0.6    -0.4     0.0     5.48 R     7.6    -5.7     0.2    90.7    47.4    76.5   0.367   0.401   0.442   0.395   0.498     6.0     7.3     9.6    11.7    13.4
94085 20101028  2.402 -100.35   44.02     9.2    -3.0     3.1     1.4     0.0    13.29 R    18.2    -5.4     3.2    79.1    38.3    59.0   0.375   0.402   0.437   0.393   0.497     5.1     6.0     8.2    10.9    13.2
94085 20101029  2.402 -100.35   44.02    20.6    -2.3     9.1     7.5     0.0    11.62 R    25.7     0.6     9.4    85.3    22.0    56.6   0.375   0.406   0.436   0.391   0.495     6.0     6.4     7.7    10.1    13.0
94085 20101030  2.402 -100.35   44.02    12.8     1.6     7.2     6.9     0.0    11.39 R    21.1     1.9     8.3    87.2    45.2    62.7   0.367   0.404   0.438   0.389   0.490     7.3     7.5     8.2     9.9    12.7
94085 20101031  2.402 -100.35   44.02     9.3     0.5     4.9     4.2     0.0     4.48 R    15.8     3.6     8.2    94.4    64.8    83.1   0.356   0.397   0.439   0.390   0.490     6.3     7.1     8.2     9.8    12.4
94085 20101101  2.402 -100.35   44.02    14.7     0.6     7.7     6.6     0.0    11.76 R    20.3     2.8     8.5    91.1    51.8    74.7   0.351   0.395   0.437   0.389   0.493     7.1     7.3     8.1     9.6    12.2
94085 20101102  2.402 -100.35   44.02    20.8     4.0    12.4    11.6     0.0    10.72 R    27.8     4.0    10.7    84.1    28.9    58.5   0.347   0.393   0.437   0.388   0.497     7.8     7.8     8.3     9.5    12.0
94085 20101103  2.402 -100.35   44.02    14.8     2.9     8.8     8.3     0.0    12.39 R    18.1     1.1     7.5    78.2    21.4    50.8   0.340   0.392   0.437   0.389   0.495     7.9     8.2     8.8     9.7    11.9
94085 20101104  2.402 -100.35   44.02    10.2    -0.9     4.6     4.2     0.0    12.29 R    16.7    -4.5     2.6    71.9    32.3    52.5   0.327   0.385   0.435   0.389   0.481     5.9     6.7     8.2     9.6    11.7
94085 20101105  2.402 -100.35   44.02    16.1    -4.1     6.0     5.0     0.0    11.99 R    19.9    -5.6     3.8    80.4    20.8    51.5   0.319   0.380   0.432   0.386   0.481     4.9     5.7     7.2     9.2    11.6
94085 20101106  2.402 -100.35   44.02    24.0     3.6    13.8    12.9     0.0    11.13 R    28.8    -0.9     9.7    57.2    20.9    40.6   0.319   0.380   0.432   0.383   0.483     6.9     6.7     7.3     8.9    11.4
94085 20101107  2.402 -100.35   44.02    24.1     8.0    16.1    15.2     0.0     9.62 R    30.7     3.0    11.4    62.3    23.2    43.6   0.314   0.380   0.432   0.383   0.490     8.6     8.2     8.2     8.9    11.3
94085 20101108  2.402 -100.35   44.02    21.2     7.4    14.3    14.0     0.0    10.91 R    26.4     1.1    11.2    60.3    25.7    43.2   0.307   0.379   0.435   0.385   0.492     9.3     9.0     8.9     9.3    11.2
94085 20101109  2.402 -100.35   44.02    12.1     3.3     7.7     6.9     0.0     7.77 R    18.0    -0.7     6.2    86.9    45.5    67.9   0.295   0.375   0.433   0.385   0.494     7.8     8.3     8.9     9.5    11.1
94085 20101110  2.402 -100.35   44.02     4.3    -2.0     1.2     2.0     0.9     4.75 R    14.0     2.0     6.0    92.8    71.8    83.4   0.285   0.372   0.434   0.385   0.496     6.6     7.4     8.4     9.4    11.1
94085 20101111  2.402 -100.35   44.02     7.3    -2.4     2.5     2.3     0.0     8.50 R    14.7    -1.1     4.3    86.9    37.6    65.1   0.276   0.367   0.431   0.382   0.495     4.8     5.7     7.3     9.1    11.0
94085 20101112  2.402 -100.35   44.02     8.3    -0.1     4.1     2.9     0.0     6.17 R    20.2     0.6     8.8    95.9    57.4    86.8   0.275   0.367   0.428   0.381   0.492     5.6     6.1     7.0     8.6    10.9
94085 20101113  2.402 -100.35   44.02     6.3    -4.0     1.1     0.7     0.0     6.22 R    12.1    -4.1     2.8    95.1    51.1    76.8   0.267   0.365   0.428   0.379   0.488     4.4     5.4     6.7     8.4    10.8
94085 20101114  2.402 -100.35   44.02     7.9    -4.2     1.9     1.8     0.0     9.28 R    12.6    -2.1     3.2    89.5    42.9    71.9   0.264   0.362   0.426   0.377   0.485     4.3     4.9     6.2     8.1    10.6
94085 20101115  2.402 -100.35   44.02     4.4     0.1     2.3     2.3     2.3     2.79 R    11.4     0.8     6.5    94.6    78.7    90.3   0.261   0.362   0.426   0.378   0.488     4.6     5.2     6.2     7.8    10.4
94085 20101116  2.402 -100.35   44.02     7.0    -2.7     2.2     1.4     0.0     9.25 R    16.5    -5.4     4.4    96.9    49.0    82.1   0.258   0.360   0.424   0.376   0.490     4.3     4.9     6.0     7.7    10.3
94085 20101117  2.402 -100.35   44.02     1.9    -3.4    -0.7    -0.1     0.2     2.20 R    10.1    -4.2     3.8    99.1    71.4    90.7   0.254   0.357   0.423   0.374   0.489     3.5     4.3     5.6     7.5    10.1
94085 20101118  2.402 -100.35   44.02    11.1    -3.3     3.9     2.9     0.0     4.75 R    14.4    -3.1     5.7    92.4    35.6    71.7   0.253   0.358   0.422   0.375   0.486     3.3     4.1     5.3     7.2     9.9
94085 20101119  2.402 -100.35   44.02     7.0   -10.2    -1.6    -3.8     0.0     7.90 R    10.9    -9.3    -0.7    82.8    40.0    63.9   0.251   0.355   0.420   0.373   0.484     2.8     3.8     5.2     7.0     9.8
94085 20101120  2.402 -100.35   44.02    -5.4   -11.7    -8.5    -8.3     0.0     3.58 R    -0.7   -10.7    -6.4    92.3    45.7    70.1   0.260   0.349   0.419   0.372   0.488     0.1     2.0     4.1     6.6     9.6
94085 20101121  2.402 -100.35   44.02    -2.9    -9.1    -6.0    -5.8     0.0     4.07 R     3.5    -7.6    -4.1    93.7    55.7    78.2   0.258   0.354   0.415   0.370   0.487    -0.1     1.3     3.2     6.0     9.4
94085 20101122  2.402 -100.35   44.02    -9.1   -17.8   -13.4   -11.9     0.8     6.41 R    -5.0   -18.7   -10.9    85.6    54.7    76.5 -99.000   0.354   0.413   0.367   0.488    -0.5     0.9     2.7     5.6     9.2
94085 20101123  2.402 -100.35   44.02    -4.3   -18.2   -11.3   -10.8     0.4     7.22 R    -4.1   -20.1   -10.2    88.2    68.1    80.4 -99.000   0.352   0.413   0.366   0.487    -1.3     0.3     2.2     5.1     9.0
94085 20101124  2.402 -100.35   44.02    -3.7   -18.9   -11.3   -11.9     0.0     3.87 R    -3.5   -20.1   -11.6    93.7    57.6    75.3 -99.000   0.365   0.410   0.365   0.481    -1.3     0.0     1.9     4.7     8.7
94085 20101125  2.402 -100.35   44.02    -4.7   -19.6   -12.1   -12.7     0.0     8.14 R    -6.2   -21.0   -13.6    80.6    49.7    62.4 -99.000 -99.000   0.408   0.362   0.483    -2.5    -0.8     1.4     4.4     8.5
94085 20101126  2.402 -100.35   44.02     3.7    -4.7    -0.5    -0.5     0.0     7.04 R    10.6    -7.3     1.0    68.7    43.2    59.3 -99.000 -99.000   0.409   0.362   0.481    -1.5    -0.8     1.0     4.0     8.2
94085 20101127  2.402 -100.35   44.02     8.2    -5.9     1.1     1.2     0.0     5.61 R    19.0    -7.6     2.4    79.0    34.5    56.1 -99.000 -99.000   0.406   0.360   0.480    -1.1    -0.5     0.9     3.7     7.9
94085 20101128  2.402 -100.35   44.02     8.2    -5.0     1.6     0.8     0.0     8.99 R    13.9    -5.7     2.9    93.9    32.5    57.7 -99.000 -99.000   0.407   0.359   0.481    -0.3    -0.2     1.0     3.5     7.7
94085 20101129  2.402 -100.35   44.02    -3.6    -7.9    -5.7    -6.3     0.7     2.86 R    -2.9    -7.9    -5.9    95.6    68.0    83.5 -99.000 -99.000   0.406   0.359   0.481    -0.5     0.0     1.2     3.5     7.5
94085 20101130  2.402 -100.35   44.02    -6.1   -14.6   -10.4    -9.8     0.0     8.70 R    -6.1   -16.6   -10.5    84.2    60.0    74.4 -99.000 -99.000   0.407   0.359   0.483    -0.7    -0.1     1.2     3.4     7.3
94085 20101201  2.402 -100.35   44.02     1.3   -17.6    -8.1    -8.0     0.0     5.09 R    -0.7   -19.3    -8.1    85.0    56.9    74.5 -99.000 -99.000   0.409   0.360   0.479    -1.2    -0.4     1.0     3.3     7.1
94085 20101202  2.402 -100.35   44.02     0.8    -8.7    -4.0    -5.1     0.0     5.63 R     2.1   -10.1    -4.4    89.8    68.6    81.3 -99.000 -99.000   0.412   0.359   0.478    -0.8    -0.3     0.8     3.1     6.9
94085 20101203  2.402 -100.35   44.02     0.1    -6.1    -3.0    -3.2     0.0     4.24 R     5.8    -6.7    -1.7    86.2    71.9    80.4 -99.000 -99.000   0.414   0.356   0.477    -0.8    -0.3     0.8     3.0     6.8
94085 20101204  2.402 -100.35   44.02    -3.3    -9.1    -6.2    -5.8     0.0     4.10 R     0.9    -8.6    -4.6    87.0    64.6    77.1 -99.000 -99.000   0.414   0.355   0.476    -0.9    -0.3     0.8     2.9     6.6
94085 20101205  2.402 -100.35   44.02    -1.7    -9.4    -5.6    -5.7     0.0     6.23 R     3.3   -11.9    -5.2    90.2    63.5    81.1 -99.000 -99.000   0.413   0.356   0.476    -0.9    -0.3     0.8     2.8     6.5
94085 20101206  2.402 -100.35   44.02     2.0   -12.5    -5.3    -6.1     0.0     8.12 R     9.0   -13.8    -5.7    92.7    55.4    84.2 -99.000 -99.000   0.427   0.356   0.477    -1.6    -0.7     0.6     2.7     6.3
94085 20101207  2.402 -100.35   44.02    -3.5   -12.7    -8.1    -8.0     0.0     5.47 R     1.0   -12.6    -7.5    92.4    75.2    86.7 -99.000 -99.000   0.434   0.355   0.481    -2.0    -1.0     0.4     2.6     6.2
94085 20101208  2.402 -100.35   44.02    -5.3   -12.3    -8.8    -9.7     0.2     2.28 R    -4.2   -12.7    -8.0    92.3    85.8    88.8 -99.000 -99.000   0.430   0.354   0.479    -2.4    -1.3     0.1     2.4     6.1
94085 20101209  2.402 -100.35   44.02    10.8    -6.2     2.3     2.3     0.0     8.51 R    13.4    -6.3     1.3    93.2    36.7    65.0 -99.000 -99.000   0.431   0.354   0.476    -1.4    -1.1     0.0     2.3     5.9
94085 20101210  2.402 -100.35   44.02     8.0   -10.0    -1.0    -0.9     0.0     5.64 R    12.9    -9.2     0.4    95.0    44.0    72.9 -99.000 -99.000   0.434   0.355   0.476    -0.7    -0.6     0.1     2.1     5.8
94085 20101211  2.402 -100.35   44.02   -10.0   -18.2   -14.1   -15.0     0.3     4.62 R    -9.0   -19.1   -14.3    88.2    64.6    77.5 -99.000 -99.000   0.433   0.354   0.477    -1.6    -0.9     0.2     2.1     5.7
94085 20101212  2.402 -100.35   44.02   -13.1   -20.7   -16.9   -16.8     0.0     4.92 R    -8.0   -23.2   -15.8    85.9    44.7    67.7 -99.000 -99.000   0.430   0.352   0.475    -2.9    -1.8    -0.1     2.0     5.6
94085 20101213  2.402 -100.35   44.02    -6.6   -15.5   -11.0   -10.9     0.3     5.58 R    -4.9   -15.4   -10.1    79.2    55.6    69.8 -99.000 -99.000 -99.000   0.353   0.470    -3.1    -2.0    -0.6     1.8     5.4
94085 20101214  2.402 -100.35   44.02    -0.3   -13.0    -6.6    -6.1     0.0     6.10 R     1.4   -14.3    -6.2    84.1    62.0    72.4 -99.000 -99.000 -99.000   0.351   0.471    -2.4    -1.7    -0.7     1.6     5.3
94085 20101215  2.402 -100.35   44.02    -2.5    -8.8    -5.7    -5.7     2.5     1.54 R    -3.3   -11.4    -6.0    89.6    66.0    81.0 -99.000 -99.000 -99.000   0.350   0.472    -2.1    -1.5    -0.7     1.5     5.2
94085 20101216  2.402 -100.35   44.02    -1.1    -9.6    -5.4    -5.4     0.0     8.09 R    -1.7   -12.7    -6.5    91.6    58.1    77.7 -99.000 -99.000 -99.000   0.349   0.473    -2.0    -1.5    -0.6     1.4     5.1
94085 20101217  2.402 -100.35   44.02    -4.1   -13.6    -8.8    -7.7     0.0     4.65 R    -2.1   -15.3    -8.4    84.9    52.0    75.7 -99.000 -99.000 -99.000   0.350   0.477    -2.0    -1.5    -0.6     1.4     4.9
94085 20101218  2.402 -100.35   44.02    -6.0   -15.7   -10.9   -11.2     0.0     8.11 R    -5.9   -17.3   -12.8    85.3    54.7    75.3 -99.000 -99.000 -99.000   0.350   0.478    -3.0    -2.1    -0.8     1.3     4.8
94085 20101219  2.402 -100.35   44.02    -6.2   -13.8   -10.0    -8.7     0.0     1.60 R    -4.0   -17.9    -8.2    93.2    65.0    85.2 -99.000 -99.000 -99.000   0.348   0.472    -3.4    -2.5    -1.1     1.1     4.7
94085 20101220  2.402 -100.35   44.02     1.0   -11.7    -5.4    -4.7     3.5     3.85 R     7.4   -13.1    -3.5    96.8    70.0    88.0 -99.000 -99.000 -99.000   0.349   0.467    -2.4    -1.9    -1.1     1.0     4.6
94085 20101221  2.402 -100.35   44.02    -9.9   -15.5   -12.7   -12.2     0.0     7.26 R    -9.9   -17.6   -13.1    80.7    64.4    71.5 -99.000 -99.000 -99.000   0.339   0.466    -2.2    -1.8    -1.0     0.9     4.5
94085 20101222  2.402 -100.35   44.02    -7.2   -16.5   -11.9   -10.9     0.0     4.59 R    -6.6   -18.5   -10.2    90.8    78.1    86.3 -99.000 -99.000 -99.000   0.332   0.469    -2.7    -2.1    -1.1     0.8     4.4
94085 20101223  2.402 -100.35   44.02    -4.1    -7.2    -5.7    -5.5     3.4     1.47 R    -3.7    -7.0    -5.4    93.7    78.1    88.0 -99.000 -99.000 -99.000   0.333   0.469    -2.3    -1.8    -1.1     0.7     4.3
94085 20101224  2.402 -100.35   44.02    -5.4    -7.2    -6.3    -6.2     0.0     3.24 R    -4.5    -7.0    -5.8    93.1    90.3    91.4 -99.000 -99.000 -99.000   0.334   0.470    -1.8    -1.5    -0.9     0.7     4.2
94085 20101225  2.402 -100.35   44.02    -7.0    -8.3    -7.7    -7.6     0.0     2.77 R    -5.6    -8.0    -7.0    90.6    89.1    90.0 -99.000 -99.000 -99.000   0.333   0.474    -1.7    -1.3    -0.8     0.7     4.1
94085 20101226  2.402 -100.35   44.02     0.5   -11.2    -5.4    -6.1     0.0     6.61 R     3.2   -12.9    -7.0    94.2    66.2    83.1 -99.000 -99.000 -99.000   0.332   0.474    -1.8    -1.3    -0.8     0.7     4.0
94085 20101227  2.402 -100.35   44.02     6.1    -6.3    -0.1     0.3     0.0     7.96 R     5.5    -9.8    -1.1    79.8    41.5    62.1 -99.000 -99.000 -99.000   0.332   0.471    -1.6    -1.3    -0.7     0.7     4.0
94085 20101228  2.402 -100.35   44.02     6.2    -6.8    -0.3    -0.6     0.0     7.60 R     4.8    -9.5    -1.9    74.0    42.7    56.8 -99.000 -99.000 -99.000   0.332   0.469    -1.4    -1.1    -0.7     0.8     3.9
94085 20101229  2.402 -100.35   44.02     5.2    -5.0     0.1     0.2     0.0     3.37 R     4.3    -6.2    -0.4    88.5    47.8    60.4 -99.000 -99.000 -99.000   0.341   0.467    -1.4    -1.1    -0.6     0.8     3.8
94085 20101230  2.402 -100.35   44.02    -4.7   -17.5   -11.1   -11.7     3.3     2.25 R    -0.9   -16.5   -10.6    93.0    76.9    83.7 -99.000 -99.000 -99.000   0.346   0.467    -1.7    -1.2    -0.6     0.8     3.8
94085 20101231  2.402 -100.35   44.02   -17.3   -19.8   -18.6   -18.6     4.5     2.36 R   -15.8   -19.0   -17.9    81.4    75.0    78.8 -99.000 -99.000 -99.000   0.332   0.468    -3.1    -2.3    -1.1     0.7     3.7
