63857 20100101  2.402  -85.96   34.29     4.9    -4.7     0.1     1.2     0.0    11.74 R     8.7    -6.3     1.6    88.1    50.3    69.0   0.321   0.271   0.260   0.340   0.303     6.0     6.3     6.8     7.8     9.6
63857 20100102  2.402  -85.96   34.29    -1.3    -8.8    -5.1    -5.2     0.0    12.04 R     5.6   -10.4    -4.5    79.5    44.9    64.2   0.316   0.269   0.259   0.335   0.303     3.9     4.6     5.5     7.3     9.5
63857 20100103  2.402  -85.96   34.29    -0.8    -9.2    -5.0    -6.0     0.0    12.29 R     6.5   -10.1    -4.9    77.7    28.0    54.7   0.312   0.265   0.258   0.328   0.303     2.7     3.4     4.3     6.5     9.3
63857 20100104  2.402  -85.96   34.29    -3.3    -9.7    -6.5    -6.9     0.0     6.04 R     0.1   -10.5    -6.5    74.6    55.2    65.7   0.308   0.263   0.257   0.324   0.303     2.0     2.7     3.7     5.9     9.0
63857 20100105  2.402  -85.96   34.29    -1.9   -10.4    -6.2    -6.5     0.0    13.16 R     5.4   -11.3    -5.8    77.2    36.6    58.1   0.304   0.259   0.254   0.321   0.303     1.6     2.2     3.1     5.4     8.6
63857 20100106  2.402  -85.96   34.29     1.3   -10.8    -4.8    -5.1     0.0    13.37 R     9.0   -12.6    -4.7    79.8    32.0    55.1   0.300   0.256   0.254   0.318   0.303     1.3     1.9     2.8     5.0     8.2
63857 20100107  2.402  -85.96   34.29    -0.7    -8.0    -4.4    -3.2     1.1     2.02 R     1.4    -8.4    -3.0    93.5    46.3    75.0   0.301   0.255   0.251   0.316   0.303     1.4     1.9     2.7     4.7     7.9
63857 20100108  2.402  -85.96   34.29    -7.3   -11.4    -9.3    -9.1     0.0     6.20 R    -3.6   -12.2    -8.5    76.5    65.0    69.9   0.298   0.254   0.251   0.315   0.303     1.2     1.8     2.6     4.6     7.7
63857 20100109  2.402  -85.96   34.29    -2.3   -11.0    -6.7    -7.3     0.0    11.47 R     5.7   -11.9    -6.2    81.8    51.0    70.3   0.291   0.247   0.250   0.313   0.303     0.9     1.4     2.2     4.3     7.5
63857 20100110  2.402  -85.96   34.29    -1.2   -10.9    -6.1    -6.5     0.0    13.63 R     6.1   -12.8    -5.7    88.8    44.6    67.2   0.287   0.243   0.248   0.312   0.303     0.7     1.2     2.1     4.0     7.2
63857 20100111  2.402  -85.96   34.29     4.5   -12.8    -4.1    -2.7     0.0    12.41 R    12.3   -13.9    -2.7    88.8    35.9    58.8   0.284   0.239   0.245   0.310   0.303     0.5     1.1     1.8     3.9     7.0
63857 20100112  2.402  -85.96   34.29     1.9    -7.7    -2.9    -1.7     0.0    10.27 R    11.3    -9.9    -1.5    83.6    47.4    64.4   0.290   0.242   0.245   0.308   0.303     0.9     1.3     1.9     3.8     6.8
63857 20100113  2.402  -85.96   34.29     7.7    -9.9    -1.1    -2.5     0.0    13.94 R    15.2   -11.7    -2.2    91.0    34.3    67.0   0.289   0.242   0.244   0.306   0.303     1.0     1.4     2.0     3.8     6.7
63857 20100114  2.402  -85.96   34.29 -9999.0 -9999.0 -9999.0 -9999.0     0.0 -9999.00 U -9999.0 -9999.0 -9999.0 -9999.0 -9999.0 -9999.0 -99.000 -99.000 -99.000 -99.000 -99.000 -9999.0 -9999.0 -9999.0 -9999.0 -9999.0
63857 20100115  2.402  -85.96   34.29    14.1    -4.7     4.7     4.6     0.0    12.85 R    20.9    -7.4     3.3    86.2    19.4    49.6   0.291   0.243   0.242   0.303   0.304     1.9     2.1     2.5     3.9     6.5
63857 20100116  2.402  -85.96   34.29     9.8     5.2     7.5     8.1    15.1     1.06 R     9.9     2.4     7.2    93.6    33.8    69.7   0.301   0.248   0.242   0.303   0.303     3.9     3.7     3.7     4.4     6.5
63857 20100117  2.402  -85.96   34.29    10.2     6.9     8.6     8.3     9.2     1.70 R     9.9     6.1     8.1    96.6    87.0    92.7   0.343   0.274   0.262   0.320   0.304     6.1     5.7     5.5     5.4     6.7
63857 20100118  2.402  -85.96   34.29    14.1     1.9     8.0     7.0     0.0    12.56 R    20.4    -0.9     6.7    97.3    50.7    81.2   0.327   0.267   0.258   0.325   0.304     6.2     6.1     6.1     6.1     7.1
63857 20100119  2.402  -85.96   34.29    16.3     0.3     8.3     9.2     0.0     9.95 R    26.1    -1.5     9.2    95.9    51.1    80.0   0.321   0.264   0.255   0.325   0.304     6.4     6.2     6.2     6.4     7.5
63857 20100120  2.402  -85.96   34.29    16.1     8.8    12.5    11.5     1.5     5.36 R    19.6     5.4    11.0    92.6    53.6    78.8   0.317   0.261   0.254   0.321   0.304     7.8     7.5     7.3     7.1     7.7
63857 20100121  2.402  -85.96   34.29    18.6     6.9    12.8    12.8    13.7     7.78 R    23.0     6.0    12.6    96.1    65.5    86.2   0.337   0.271   0.259   0.328   0.304     9.4     8.9     8.5     7.8     8.1
63857 20100122  2.402  -85.96   34.29    14.3     5.6    10.0     8.8     0.0     7.37 R    25.9     5.6    10.0   100.0    63.9    88.4   0.326   0.270   0.258   0.331   0.304     9.1     8.9     8.8     8.5     8.5
63857 20100123  2.402  -85.96   34.29     8.1     4.5     6.3     6.4     0.0     2.45 R     9.4     1.6     6.5    96.5    83.1    89.8   0.320   0.266   0.257   0.329   0.304     8.2     8.4     8.5     8.6     8.9
63857 20100124  2.402  -85.96   34.29    14.1     6.6    10.4    10.5    76.5     0.79 R    13.6     6.6    10.2    96.9    88.7    94.0   0.386   0.279   0.265   0.334   0.304     9.4     9.2     9.0     8.7     9.1
63857 20100125  2.402  -85.96   34.29     9.9     1.2     5.5     5.7     0.0    13.83 R    13.1    -1.4     5.8    90.8    38.6    64.4   0.380   0.288   0.270   0.338   0.304     8.3     8.6     8.9     9.0     9.2
63857 20100126  2.402  -85.96   34.29     6.6    -3.2     1.7     1.4     0.0    12.92 R    15.3    -6.2     1.0    78.8    43.7    60.1   0.343   0.282   0.268   0.339   0.305     6.1     6.6     7.3     8.4     9.3
63857 20100127  2.402  -85.96   34.29     8.9    -5.6     1.6     1.0     0.0    13.96 R    18.8    -7.8     1.4    89.4    28.6    63.3   0.331   0.276   0.264   0.340   0.305     5.0     5.5     6.2     7.6     9.2
63857 20100128  2.402  -85.96   34.29    12.8    -1.2     5.8     6.3     0.0    10.61 R    20.7    -3.5     6.5    83.9    42.4    60.1   0.324   0.273   0.262   0.340   0.305     6.0     6.1     6.3     7.3     9.0
63857 20100129  2.402  -85.96   34.29     3.1     0.4     1.8     1.8    11.8     1.40 R     5.0    -0.3     2.0    94.6    46.6    76.4   0.328   0.273   0.261   0.338   0.305     5.6     6.0     6.5     7.4     8.9
63857 20100130  2.402  -85.96   34.29     3.1    -3.9    -0.4    -0.1     2.4     1.98 R     5.1    -3.3     0.7    95.5    82.2    91.1   0.351   0.287   0.269   0.340   0.306     5.0     5.4     5.9     7.1     8.8
63857 20100131  2.402  -85.96   34.29     7.4    -4.5     1.4    -0.5     0.0    14.04 R    14.0    -6.6     0.5    86.9    33.5    69.3   0.335   0.281   0.267   0.340   0.306     4.2     4.6     5.2     6.7     8.6
63857 20100201  2.402  -85.96   34.29     9.4    -5.6     1.9     3.5     0.8    12.82 R    20.7    -7.6     4.1    84.9    44.3    64.9   0.327   0.276   0.264   0.340   0.306     4.4     4.5     5.0     6.3     8.4
63857 20100202  2.402  -85.96   34.29     7.9     3.7     5.8     5.2     0.8     3.47 R    10.6     1.7     5.4    93.2    62.6    83.4   0.323   0.274   0.262   0.339   0.306     5.9     5.9     6.0     6.6     8.3
63857 20100203  2.402  -85.96   34.29     8.7     1.7     5.2     4.4     0.0    14.19 R    18.7    -0.7     5.7    73.1    51.7    64.8   0.318   0.271   0.261   0.335   0.306     6.1     6.1     6.3     6.9     8.3
63857 20100204  2.402  -85.96   34.29     5.3     1.9     3.6     3.3    28.7     1.42 R     6.3     1.3     3.4    94.1    69.3    83.7   0.335   0.277   0.263   0.337   0.306     5.6     5.8     6.2     7.0     8.4
63857 20100205  2.402  -85.96   34.29     7.3     2.7     5.0     4.8    24.6     2.15 R     7.1     2.9     5.1    96.5    88.0    94.4   0.424   0.291   0.274   0.342   0.306     5.3     5.4     5.6     6.6     8.3
63857 20100206  2.402  -85.96   34.29     5.5    -0.8     2.3     1.3     0.9     1.24 R     5.4    -0.6     1.5    91.6    78.0    84.7   0.400   0.294   0.275   0.343   0.306     5.1     5.4     5.8     6.7     8.3
63857 20100207  2.402  -85.96   34.29    -0.1    -1.5    -0.8    -0.9     0.0     2.67 R     3.9    -0.9     0.1    85.1    78.3    81.9   0.353   0.290   0.274   0.343   0.307     4.2     4.5     5.1     6.3     8.3
63857 20100208  2.402  -85.96   34.29     5.9    -1.9     2.0     1.9     0.0     6.39 R    12.5    -1.2     3.0    89.0    63.8    78.5   0.337   0.284   0.270   0.343   0.307     4.5     4.7     5.1     6.2     8.1
63857 20100209  2.402  -85.96   34.29     6.8    -5.6     0.6     2.5     6.8     2.14 R     8.0    -6.2     2.4    95.3    57.1    80.1   0.343   0.286   0.271   0.343   0.307     5.1     5.3     5.6     6.3     8.0
63857 20100210  2.402  -85.96   34.29    -0.3    -5.6    -2.9    -3.3     0.0     8.15 R     3.8    -6.2    -2.8    73.6    57.9    66.5   0.336   0.284   0.270   0.343   0.307     2.9     3.5     4.3     6.0     8.0
63857 20100211  2.402  -85.96   34.29     4.2    -4.7    -0.2    -0.6     0.0    12.05 R    12.9    -5.4     0.9    82.1    37.4    60.9   0.328   0.280   0.267   0.343   0.307     3.0     3.3     3.9     5.4     7.7
63857 20100212  2.402  -85.96   34.29     0.8    -6.3    -2.7    -1.4     5.9     3.20 R     2.7   -10.3    -1.8    92.6    59.8    77.1   0.323   0.277   0.266   0.342   0.307     3.3     3.7     4.1     5.4     7.5
63857 20100213  2.402  -85.96   34.29     3.2    -7.8    -2.3    -2.3     0.0    13.17 R     7.1   -12.4    -3.8    92.3    57.4    74.3   0.328   0.278   0.266   0.340   0.308     2.8     3.3     3.9     5.2     7.4
63857 20100214  2.402  -85.96   34.29     7.3    -4.1     1.6     2.8     0.0     7.26 R    14.9    -6.6     3.3    88.6    63.5    75.6   0.329   0.280   0.267   0.343   0.308     3.3     3.4     3.8     5.0     7.2
63857 20100215  2.402  -85.96   34.29     5.9    -5.5     0.2    -2.2     6.8    11.88 R     7.4    -6.0    -0.8    93.9    61.0    75.8   0.339   0.285   0.270   0.344   0.308     3.6     3.9     4.3     5.3     7.2
63857 20100216  2.402  -85.96   34.29    -1.3    -7.3    -4.3    -4.2     0.0     7.59 R     6.1    -8.4    -2.9    83.2    59.3    72.3   0.325   0.279   0.268   0.341   0.308     2.3     2.8     3.5     5.0     7.2
63857 20100217  2.402  -85.96   34.29     4.6    -3.8     0.4    -0.4     0.0    16.30 R    14.2    -5.5     1.0    77.1    38.9    59.2   0.319   0.276   0.266   0.339   0.308     2.7     2.9     3.4     4.7     7.0
63857 20100218  2.402  -85.96   34.29     8.6    -5.0     1.8     2.0     0.0    17.64 R    19.3    -7.7     2.3    86.4    37.6    58.3   0.314   0.273   0.264   0.339   0.309     3.3     3.4     3.7     4.8     6.8
63857 20100219  2.402  -85.96   34.29    11.6    -4.6     3.5     3.1     0.0    17.27 R    24.1    -7.2     3.0    91.5    19.7    56.2   0.310   0.269   0.264   0.329   0.309     3.6     3.7     4.0     4.9     6.8
63857 20100220  2.402  -85.96   34.29    15.9    -2.8     6.5     5.9     0.0    17.33 R    27.4    -6.0     5.9    82.4    23.4    49.9   0.306   0.266   0.262   0.326   0.309     4.2     4.2     4.4     5.1     6.8
63857 20100221  2.402  -85.96   34.29    18.5    -0.1     9.2    10.7     2.2    17.48 R    28.5    -3.5    10.0    76.4    23.1    41.9   0.301   0.262   0.260   0.324   0.309     5.4     5.2     5.1     5.5     6.9
63857 20100222  2.402  -85.96   34.29    13.4     5.1     9.2     9.5     6.0     6.64 R    17.4     5.3    10.1    96.0    68.7    85.8   0.331   0.275   0.263   0.325   0.309     7.4     7.0     6.7     6.3     7.1
63857 20100223  2.402  -85.96   34.29     5.1    -1.1     2.0     2.8     0.0     2.68 R     7.0    -3.3     3.4    94.6    73.4    84.1   0.320   0.272   0.263   0.324   0.309     6.4     6.6     6.8     6.9     7.4
63857 20100224  2.402  -85.96   34.29     4.7    -4.3     0.2     0.4     0.0    11.85 R    16.5    -5.8     1.4    86.7    45.8    64.1   0.313   0.270   0.262   0.323   0.309     5.0     5.4     5.8     6.6     7.6
63857 20100225  2.402  -85.96   34.29     3.9    -6.5    -1.3    -2.2     0.0    18.84 R    14.3    -8.9    -1.4    81.1    36.6    57.8   0.307   0.267   0.261   0.319   0.309     3.8     4.2     4.8     6.1     7.6
63857 20100226  2.402  -85.96   34.29     6.2    -7.1    -0.5    -0.3     0.0    18.97 R    20.6    -9.4     0.3    88.2    29.3    57.7   0.301   0.264   0.260   0.316   0.309     3.4     3.7     4.3     5.6     7.5
63857 20100227  2.402  -85.96   34.29     8.6    -4.9     1.9     2.3     0.0    18.88 R    19.1    -8.9     2.4    77.9    25.4    49.1   0.299   0.261   0.258   0.315   0.309     3.6     3.8     4.2     5.4     7.3
63857 20100228  2.402  -85.96   34.29    10.4    -2.2     4.1     3.8     0.0    19.15 R    21.9    -5.7     4.4    77.5    43.6    57.2   0.295   0.258   0.256   0.313   0.309     4.6     4.6     4.8     5.5     7.2
63857 20100301  2.402  -85.96   34.29    11.5    -4.0     3.7     4.0     2.6    13.53 R    26.9    -6.0     5.5    90.0    41.0    67.7   0.291   0.255   0.255   0.311   0.309     5.1     5.0     5.2     5.8     7.2
63857 20100302  2.402  -85.96   34.29     3.0     0.2     1.6     1.7    15.4     6.22 R     5.5    -0.4     1.7    96.1    78.7    88.2   0.337   0.279   0.262   0.312   0.309     4.8     5.0     5.4     6.0     7.3
63857 20100303  2.402  -85.96   34.29     1.6    -0.5     0.5     0.7     0.0     3.40 R     3.6    -2.0     0.9    81.4    67.5    73.0   0.328   0.279   0.266   0.317   0.310     4.0     4.2     4.7     5.8     7.3
63857 20100304  2.402  -85.96   34.29     7.6    -4.1     1.8     1.4     0.0    19.41 R    20.7    -7.6     1.7    84.3    45.1    66.3   0.317   0.275   0.264   0.316   0.310     4.0     4.2     4.5     5.5     7.2
63857 20100305  2.402  -85.96   34.29    10.7    -5.3     2.7     2.9     0.0    20.54 R    23.1    -8.3     3.0    89.4    24.3    51.8   0.310   0.270   0.262   0.314   0.310     4.0     4.2     4.5     5.5     7.1
63857 20100306  2.402  -85.96   34.29    13.3    -5.8     3.8     4.3     0.0    20.94 R    27.1    -9.3     4.0    79.3    17.4    43.3   0.303   0.265   0.261   0.312   0.310     4.2     4.3     4.6     5.5     7.1
63857 20100307  2.402  -85.96   34.29    14.8    -4.0     5.4     5.5     0.0    16.17 R    30.2    -6.8     5.7    83.5    17.1    48.0   0.298   0.261   0.259   0.312   0.310     4.9     4.8     5.0     5.6     7.1
63857 20100308  2.402  -85.96   34.29    20.8    -0.8    10.0    10.9     0.0    19.69 R    34.1    -3.2    10.8    75.5    30.7    48.9   0.293   0.257   0.256   0.310   0.310     6.3     6.0     5.9     6.0     7.1
63857 20100309  2.402  -85.96   34.29    18.6     3.5    11.0    12.3     3.1     9.46 R    27.9     0.2    11.7    85.4    33.5    58.0   0.292   0.254   0.254   0.309   0.310     7.5     7.1     6.9     6.7     7.3
63857 20100310  2.402  -85.96   34.29    12.4     9.3    10.8    11.2    53.6     0.71 R    12.5     9.1    10.9    96.3    72.7    93.2   0.379   0.283   0.269   0.327   0.310     9.1     8.7     8.3     7.6     7.6
63857 20100311  2.402  -85.96   34.29    18.9    11.5    15.2    14.1     3.2     7.51 R    23.3    11.0    13.8    95.9    77.5    89.7   0.388   0.292   0.277   0.339   0.310    10.5    10.0     9.5     8.5     8.1
63857 20100312  2.402  -85.96   34.29    15.0     8.2    11.6    12.1    19.5     9.20 R    20.7     6.0    11.8    96.7    55.6    82.9   0.390   0.294   0.276   0.341   0.310    11.3    10.9    10.6     9.5     8.5
63857 20100313  2.402  -85.96   34.29     9.8     5.9     7.8     7.3     0.5     8.89 R    17.8     4.5     7.8    86.5    60.9    76.8   0.366   0.295   0.277   0.343   0.311     9.5     9.6     9.7     9.5     9.0
63857 20100314  2.402  -85.96   34.29     9.1     5.7     7.4     7.1     1.3     5.05 R    13.2     5.2     7.5    93.7    78.8    86.5   0.342   0.287   0.272   0.344   0.311     8.7     8.8     8.9     9.1     9.1
63857 20100315  2.402  -85.96   34.29     9.5     5.4     7.4     7.0     0.4     7.89 R    14.9     5.4     7.7    92.9    67.1    78.3   0.334   0.283   0.270   0.344   0.311     8.6     8.6     8.7     8.9     9.2
63857 20100316  2.402  -85.96   34.29     8.9     4.2     6.5     7.2     0.0     4.33 R    12.8     1.7     7.5    82.5    68.3    74.2   0.327   0.279   0.267   0.343   0.311     8.1     8.2     8.3     8.7     9.2
63857 20100317  2.402  -85.96   34.29    10.6     5.9     8.2     7.9     0.0     3.64 R    14.0     2.4     8.2    92.3    69.6    80.9   0.322   0.277   0.264   0.339   0.311     8.5     8.4     8.4     8.6     9.2
63857 20100318  2.402  -85.96   34.29    16.3     3.4     9.9    10.0     0.0    14.99 R    29.5     1.0    10.5    96.4    40.5    70.6   0.316   0.273   0.263   0.337   0.311     9.1     8.9     8.7     8.7     9.2
63857 20100319  2.402  -85.96   34.29    19.2     1.8    10.5    10.9     0.0    22.01 R    35.2    -0.7    12.2    93.5    30.3    60.2   0.307   0.267   0.261   0.327   0.311     9.5     9.2     9.1     9.0     9.2
63857 20100320  2.402  -85.96   34.29    19.8     4.0    11.9    13.0     0.0    17.11 R    34.0     0.8    12.8    83.2    33.7    55.4   0.298   0.259   0.259   0.323   0.311     9.9     9.6     9.5     9.2     9.4
63857 20100321  2.402  -85.96   34.29    12.8     1.3     7.1     8.6    18.1     2.24 R    12.5     1.6     8.0    92.9    56.2    77.0   0.315   0.267   0.262   0.327   0.311     9.5     9.6     9.7     9.6     9.5
63857 20100322  2.402  -85.96   34.29     4.9     0.2     2.5     2.4     7.3     4.99 R     7.0     0.1     3.5    95.7    79.5    91.4   0.341   0.283   0.269   0.336   0.312     7.7     8.1     8.5     9.2     9.6
63857 20100323  2.402  -85.96   34.29    16.2     2.6     9.4     9.2     0.0    19.90 R    28.3     1.4    10.4    96.6    51.5    79.9   0.332   0.281   0.270   0.338   0.312     9.0     8.8     8.7     8.8     9.6
63857 20100324  2.402  -85.96   34.29    20.4     3.4    11.9    13.1     0.0    21.47 R    35.7     0.8    13.7    96.6    36.1    65.2   0.316   0.273   0.266   0.335   0.312    10.1     9.7     9.4     9.2     9.6
63857 20100325  2.402  -85.96   34.29    13.7     9.7    11.7    11.7     9.5     4.26 R    13.9     7.8    10.8    91.2    61.2    78.8   0.326   0.275   0.265   0.330   0.312    10.3    10.1    10.0     9.7     9.7
63857 20100326  2.402  -85.96   34.29    10.7     1.2     5.9     6.9     0.0     8.84 R    18.9    -1.3     7.0    91.0    66.2    79.6   0.334   0.283   0.269   0.332   0.312     9.5     9.6     9.7     9.8     9.8
63857 20100327  2.402  -85.96   34.29    17.5     0.8     9.2    10.7     0.0    19.88 R    26.1    -1.1    11.3    91.5    48.1    68.3   0.318   0.276   0.267   0.328   0.312     9.4     9.2     9.2     9.5     9.9
63857 20100328  2.402  -85.96   34.29    18.5     8.6    13.6    12.8     8.6    14.80 R    26.5     7.5    13.1    92.4    49.5    75.5   0.328   0.277   0.267   0.327   0.312    11.1    10.7    10.4     9.9     9.9
63857 20100329  2.402  -85.96   34.29    15.2     7.2    11.2    10.4     0.0    21.30 R    25.9     3.4    11.6    91.0    36.5    63.3   0.322   0.277   0.267   0.326   0.312    10.9    10.7    10.6    10.2    10.1
63857 20100330  2.402  -85.96   34.29    17.4     2.9    10.2    10.1     0.0    23.72 R    32.1     0.4    11.6    90.5    35.1    63.4   0.304   0.266   0.264   0.323   0.312    10.6    10.5    10.4    10.2    10.2
63857 20100331  2.402  -85.96   34.29    23.1     2.6    12.9    13.9     0.0    23.83 R    38.3     0.0    14.8    87.8    26.6    54.8   0.289   0.255   0.261   0.320   0.312    11.1    10.7    10.5    10.3    10.3
63857 20100401  2.402  -85.96   34.29    25.5     7.4    16.5    16.7     0.0    24.23 R    39.9     3.8    17.1    81.2    21.2    53.7   0.273   0.241   0.255   0.316   0.312    12.3    11.7    11.4    10.7    10.4
63857 20100402  2.402  -85.96   34.29    27.4     8.2    17.8    18.6     0.0    22.86 R    39.8     3.9    18.0    82.9    16.1    43.9   0.255   0.225   0.247   0.314   0.312    12.8    12.3    11.9    11.2    10.7
63857 20100403  2.402  -85.96   34.29    22.1     9.6    15.8    16.1     0.9    13.91 R    37.0     6.9    15.7    86.7    34.6    62.0   0.242   0.213   0.241   0.312   0.312    13.1    12.7    12.4    11.6    11.0
63857 20100404  2.402  -85.96   34.29    25.6     9.2    17.4    18.3     0.0    22.80 R    40.6     6.6    20.1    92.5    41.8    66.4   0.229   0.203   0.233   0.309   0.311    14.0    13.3    12.8    11.9    11.2
63857 20100405  2.402  -85.96   34.29    28.3    11.3    19.8    21.2     0.0    23.27 R    42.6     9.0    21.9    94.9    27.8    57.6   0.210   0.189   0.222   0.306   0.311    15.0    14.3    13.7    12.5    11.5
63857 20100406  2.402  -85.96   34.29    28.0    10.6    19.3    21.2     0.0    24.67 R    40.2     6.7    21.1    80.0    26.0    48.6   0.189   0.175   0.209   0.304   0.311    15.3    14.7    14.2    13.0    11.8
63857 20100407  2.402  -85.96   34.29    23.1    15.7    19.4    19.3     0.0    20.52 R    38.0    12.6    20.8    87.5    53.1    67.2   0.170   0.161   0.195   0.301   0.311    15.9    15.2    14.6    13.4    12.2
63857 20100408  2.402  -85.96   34.29    18.6     6.6    12.6    14.5    39.6    12.86 R    27.1     4.0    14.7    94.7    45.8    77.4   0.288   0.226   0.230   0.307   0.311    15.1    14.9    14.6    13.8    12.5
63857 20100409  2.402  -85.96   34.29    18.0     2.8    10.4    10.5     0.0    26.07 R    32.1     0.9    11.9    96.1    26.4    62.0   0.293   0.241   0.241   0.310   0.311    13.5    13.4    13.5    13.4    12.7
63857 20100410  2.402  -85.96   34.29    20.6     2.2    11.4    11.7     0.0    24.91 R    36.5    -0.2    13.4    91.9    22.2    55.7   0.269   0.229   0.238   0.308   0.311    12.8    12.8    12.9    12.9    12.7
63857 20100411  2.402  -85.96   34.29    22.5     6.4    14.4    14.8     0.0    25.82 R    37.4     2.9    16.1    83.3    24.7    51.0   0.246   0.214   0.232   0.305   0.311    13.3    13.0    12.9    12.8    12.6
63857 20100412  2.402  -85.96   34.29    25.5     5.7    15.6    16.3     0.0    25.46 R    38.8     3.4    17.4    92.7    24.1    54.7   0.223   0.198   0.224   0.302   0.311    13.9    13.5    13.3    12.9    12.6
63857 20100413  2.402  -85.96   34.29    24.8     9.5    17.2    17.1     0.0    25.17 R    38.2     5.7    18.2    85.6    31.1    57.7   0.200   0.183   0.213   0.300   0.311    14.5    14.0    13.7    13.1    12.7
63857 20100414  2.402  -85.96   34.29    25.7     9.1    17.4    17.4     0.0    22.43 R    38.7     6.0    18.5    91.7    31.6    63.2   0.179   0.169   0.202   0.298   0.311    14.8    14.4    14.1    13.4    12.8
63857 20100415  2.402  -85.96   34.29    25.5    12.4    18.9    18.5     0.0    24.90 R    38.0     9.9    20.3    91.7    42.0    69.1   0.161   0.156   0.190   0.296   0.311    15.8    15.2    14.7    13.8    13.0
63857 20100416  2.402  -85.96   34.29    26.0    10.2    18.1    18.6     0.0    24.90 R    38.3     8.1    19.3    94.9    28.3    62.5   0.144   0.144   0.177   0.293   0.311    15.8    15.3    15.0    14.1    13.2
63857 20100417  2.402  -85.96   34.29    23.4     9.9    16.6    16.3     0.0    21.80 R    37.0     6.3    17.7    89.8    52.1    67.2   0.129   0.133   0.164   0.291   0.311    15.6    15.2    15.0    14.3    13.4
63857 20100418  2.402  -85.96   34.29    19.9     3.8    11.8    12.7     0.0    26.87 R    33.0     1.2    13.8    76.8    26.6    46.1   0.115   0.126   0.152   0.288   0.311    14.6    14.6    14.5    14.2    13.5
63857 20100419  2.402  -85.96   34.29    20.3     2.9    11.6    13.6     0.0    19.30 R    33.3     0.9    14.9    85.2    43.8    58.2   0.103   0.119   0.143   0.285   0.311    14.0    13.9    13.9    13.9    13.5
63857 20100420  2.402  -85.96   34.29    19.8     6.9    13.4    13.9     2.0    14.85 R    30.7     4.0    14.8    94.4    48.4    75.6   0.098   0.116   0.140   0.283   0.311    14.8    14.6    14.4    13.9    13.5
63857 20100421  2.402  -85.96   34.29    20.6     4.9    12.8    13.1     0.0    24.65 R    33.1     2.7    14.2    96.5    36.1    67.4   0.094   0.112   0.134   0.281   0.311    14.0    13.9    13.9    13.8    13.5
63857 20100422  2.402  -85.96   34.29    24.0     5.6    14.8    16.0     0.0    23.39 R    36.2     3.5    17.2    92.7    37.7    64.6   0.086   0.107   0.127   0.277   0.311    14.6    14.2    14.0    13.8    13.5
63857 20100423  2.402  -85.96   34.29    25.0    11.0    18.0    19.1     9.4    24.18 R    36.8     8.6    20.6    94.5    35.2    65.2   0.085   0.103   0.121   0.273   0.312    15.9    15.2    14.8    14.1    13.5
63857 20100424  2.402  -85.96   34.29    20.5    15.4    18.0    17.3    90.5     2.05 R    19.8    15.4    17.1    95.7    86.7    92.2   0.327   0.234   0.196   0.289   0.312    16.0    15.7    15.4    14.6    13.7
63857 20100425  2.402  -85.96   34.29    23.2    14.9    19.1    18.9     0.0    23.76 R    32.3    12.2    19.2    95.1    44.4    66.7   0.318   0.251   0.239   0.323   0.314    17.4    16.9    16.4    15.4    14.0
63857 20100426  2.402  -85.96   34.29    16.0    11.7    13.8    13.6     0.0    10.31 R    25.2    10.3    14.2    87.7    69.8    79.3   0.292   0.240   0.235   0.320   0.314    15.9    15.8    15.8    15.3    14.3
63857 20100427  2.402  -85.96   34.29    14.8     6.2    10.5    10.7     3.8    17.39 R    24.0     4.4    11.7    92.9    51.0    78.7   0.285   0.239   0.235   0.311   0.314    15.0    15.0    15.1    14.9    14.4
63857 20100428  2.402  -85.96   34.29    18.0     4.1    11.0    10.8     0.0    25.96 R    29.6     1.8    12.5    96.1    43.6    74.0   0.277   0.235   0.234   0.307   0.314    14.2    14.2    14.3    14.5    14.3
63857 20100429  2.402  -85.96   34.29    22.0     6.0    14.0    14.7     0.0    27.09 R    32.3     4.0    16.5    92.6    45.2    67.1   0.254   0.220   0.227   0.303   0.314    14.6    14.3    14.3    14.2    14.2
63857 20100430  2.402  -85.96   34.29    25.2    10.0    17.6    19.2     0.0    22.81 R    34.4     9.3    20.2    85.2    37.9    62.4   0.229   0.203   0.217   0.299   0.314    15.7    15.2    14.9    14.4    14.1
63857 20100501  2.402  -85.96   34.29    26.0    19.5    22.8    22.1     0.0     8.98 R    33.9    18.0    21.9    93.9    70.0    82.8   0.213   0.192   0.208   0.297   0.314    17.3    16.7    16.1    15.0    14.2
63857 20100502  2.402  -85.96   34.29    25.4    20.7    23.0    22.9    47.9     5.75 R    30.9    20.4    22.3    93.7    68.8    81.1   0.242   0.199   0.205   0.296   0.314    18.2    17.6    16.9    15.7    14.5
63857 20100503  2.402  -85.96   34.29    25.7    13.3    19.5    20.6    13.4    25.94 R    34.2    11.0    21.6    94.7    44.6    75.5   0.351   0.263   0.252   0.329   0.315    19.4    18.8    18.2    16.6    14.8
63857 20100504  2.402  -85.96   34.29    26.4    10.8    18.6    19.2     0.0    28.24 R    34.5     8.3    19.6    95.3    38.9    68.5   0.299   0.246   0.243   0.330   0.315    18.2    17.8    17.5    16.7    15.2
63857 20100505  2.402  -85.96   34.29    27.0    11.2    19.1    20.5     0.0    28.05 R    35.2     9.2    20.5    92.6    39.3    64.7   0.269   0.229   0.237   0.322   0.315    18.2    17.7    17.4    16.6    15.3
63857 20100506  2.402  -85.96   34.29    28.1    13.2    20.7    21.4     0.0    27.04 R    36.3    11.3    21.6    93.1    44.5    71.5   0.239   0.210   0.227   0.313   0.315    18.6    18.1    17.6    16.7    15.5
63857 20100507  2.402  -85.96   34.29    28.1    15.6    21.8    23.1     0.0    26.97 R    35.2    13.4    23.3    94.2    51.8    71.6   0.212   0.191   0.215   0.308   0.315    19.2    18.6    18.1    17.0    15.6
63857 20100508  2.402  -85.96   34.29    23.3    10.3    16.8    17.4     0.0    28.56 R    29.6     7.9    18.8    81.0    36.0    56.9   0.184   0.174   0.197   0.303   0.315    19.1    18.8    18.4    17.3    15.9
63857 20100509  2.402  -85.96   34.29    17.3     6.1    11.7    11.8     0.0    24.63 R    27.2     4.2    13.3    84.6    44.5    62.5   0.160   0.159   0.182   0.299   0.315    16.8    16.9    17.1    17.0    16.0
63857 20100510  2.402  -85.96   34.29    12.9     7.3    10.1    11.0     9.2     6.02 R    16.5     5.8    11.3    91.5    57.7    81.8   0.180   0.156   0.175   0.297   0.315    15.3    15.6    15.9    16.3    16.0
63857 20100511  2.402  -85.96   34.29    24.3    11.7    18.0    18.0     0.0    17.03 R    29.9    11.5    18.7    92.2    68.7    84.2   0.204   0.171   0.174   0.295   0.315    16.5    16.2    16.0    15.8    15.8
63857 20100512  2.402  -85.96   34.29    26.4    16.7    21.5    21.4     0.0    18.34 R    33.0    14.3    21.4    94.7    62.6    81.1   0.186   0.166   0.171   0.292   0.315    18.2    17.6    17.1    16.3    15.7
63857 20100513  2.402  -85.96   34.29    27.9    14.8    21.4    21.7     0.0    23.95 R    34.2    13.0    22.0    96.0    54.2    79.8   0.167   0.156   0.164   0.288   0.315    18.7    18.1    17.6    16.7    15.8
63857 20100514  2.402  -85.96   34.29    28.2    16.4    22.3    22.8     0.0    21.68 R    34.4    15.2    23.1    95.1    57.5    79.4   0.148   0.146   0.156   0.285   0.315    19.4    18.8    18.2    17.1    16.0
63857 20100515  2.402  -85.96   34.29    27.7    15.9    21.8    21.9     0.0    20.75 R    34.8    14.6    22.2    95.4    55.3    80.0   0.132   0.137   0.149   0.282   0.315    19.6    19.1    18.6    17.5    16.1
63857 20100516  2.402  -85.96   34.29    24.3    16.4    20.4    19.6     9.9    10.89 R    29.4    15.2    20.1    95.5    72.5    89.4   0.147   0.134   0.144   0.281   0.315    19.2    18.9    18.5    17.7    16.4
63857 20100517  2.402  -85.96   34.29    25.2    12.9    19.0    19.7     0.0    18.92 R    30.2    11.5    20.0    95.7    60.1    83.6   0.175   0.149   0.144   0.280   0.315    19.4    19.0    18.6    17.7    16.5
63857 20100518  2.402  -85.96   34.29    23.6    10.8    17.2    18.0     0.0    24.74 R    30.4     9.2    18.6    94.9    59.6    79.7   0.154   0.144   0.141   0.278   0.315    18.8    18.6    18.3    17.7    16.6
63857 20100519  2.402  -85.96   34.29    23.0     8.3    15.6    16.1     0.0    28.69 R    31.1     6.9    18.2    96.2    50.9    76.3   0.133   0.135   0.137   0.276   0.315    18.0    17.9    17.8    17.5    16.7
63857 20100520  2.402  -85.96   34.29    26.1    11.3    18.7    19.0    18.3    23.41 R    32.2     9.7    20.4    94.7    58.8    77.6   0.144   0.133   0.132   0.273   0.315    18.4    18.0    17.8    17.3    16.7
63857 20100521  2.402  -85.96   34.29    21.9    16.4    19.1    18.3    19.1     8.11 R    25.3    14.7    18.4    95.2    71.6    90.3   0.280   0.223   0.179   0.277   0.315    18.5    18.3    18.1    17.5    16.7
63857 20100522  2.402  -85.96   34.29    28.1    16.0    22.0    21.4     0.0    21.58 R    32.3    14.2    22.1   100.0    58.0    84.5   0.265   0.230   0.202   0.280   0.315    19.3    18.8    18.3    17.6    16.7
63857 20100523  2.402  -85.96   34.29    30.0    13.5    21.7    22.9     0.0    27.91 R    33.6    12.7    22.9    96.7    47.3    78.1   0.236   0.213   0.198   0.278   0.315    19.7    19.2    18.7    17.9    16.8
63857 20100524  2.402  -85.96   34.29    28.7    15.1    21.9    22.7     0.0    26.47 R    33.7    13.6    22.8    95.9    49.2    74.2   0.209   0.193   0.188   0.276   0.315    20.1    19.6    19.1    18.1    16.9
63857 20100525  2.402  -85.96   34.29    25.8    14.2    20.0    20.4     0.0    21.74 R    31.4    12.8    20.8    96.2    60.0    78.7   0.187   0.177   0.176   0.275   0.315    20.2    19.8    19.4    18.4    17.1
63857 20100526  2.402  -85.96   34.29    27.6    12.8    20.2    20.0    18.7    21.39 R    32.6    11.9    20.4    95.6    53.1    81.5   0.210   0.183   0.175   0.275   0.315    19.5    19.3    19.0    18.4    17.3
63857 20100527  2.402  -85.96   34.29    28.4    14.5    21.4    21.6     0.0    25.54 R    31.4    13.0    21.4    96.2    47.6    78.4   0.246   0.213   0.193   0.276   0.316    19.9    19.5    19.1    18.4    17.3
63857 20100528  2.402  -85.96   34.29    29.4    16.2    22.8    21.0    15.7    22.60 R    33.3    14.6    21.4    95.4    53.2    81.9   0.244   0.212   0.192   0.275   0.315    20.1    19.8    19.4    18.5    17.4
63857 20100529  2.402  -85.96   34.29    25.0    16.0    20.5    19.3     3.4     8.45 R    29.5    14.7    19.3    95.4    77.0    90.3   0.282   0.235   0.210   0.278   0.315    19.7    19.5    19.2    18.6    17.5
63857 20100530  2.402  -85.96   34.29    25.3    17.9    21.6    20.5     4.9    15.03 R    29.4    17.5    21.0    94.6    73.7    88.8   0.288   0.239   0.217   0.277   0.315    20.0    19.7    19.3    18.6    17.5
63857 20100531  2.402  -85.96   34.29    27.5    17.0    22.3    21.6     1.0    21.12 R    31.6    16.0    22.2    95.9    59.9    85.1   0.284   0.240   0.222   0.277   0.316    20.6    20.1    19.6    18.7    17.6
63857 20100601  2.402  -85.96   34.29    27.1    17.2    22.1    21.4     0.0    15.47 R    31.8    15.8    21.8   100.0    69.3    90.1   0.267   0.231   0.220   0.277   0.316    20.5    20.1    19.7    18.9    17.7
63857 20100602  2.402  -85.96   34.29    27.6    16.5    22.0    21.6     0.5    17.44 R    33.4    15.6    22.3   100.0    67.8    89.5   0.252   0.223   0.216   0.276   0.316    20.7    20.2    19.8    19.0    17.8
63857 20100603  2.402  -85.96   34.29    27.7    15.9    21.8    22.4     3.4    18.03 R    31.5    14.7    22.3    95.9    67.0    84.5   0.249   0.218   0.210   0.276   0.316    20.7    20.4    20.0    19.1    17.9
63857 20100604  2.402  -85.96   34.29    27.8    17.8    22.8    22.7     0.0    17.23 R    33.5    16.8    23.0    96.3    71.1    87.8   0.245   0.218   0.206   0.276   0.315    20.9    20.5    20.1    19.2    18.0
63857 20100605  2.402  -85.96   34.29    29.4    18.9    24.1    23.9     2.2    25.32 R    33.7    17.6    24.6   100.0    61.8    83.8   0.229   0.206   0.199   0.275   0.316    21.7    21.1    20.5    19.4    18.1
63857 20100606  2.402  -85.96   34.29    28.6    17.1    22.8    22.7     4.8    16.63 R    32.0    15.8    23.0    93.8    69.9    85.9   0.229   0.201   0.190   0.275   0.315    21.8    21.4    20.9    19.8    18.3
63857 20100607  2.402  -85.96   34.29    27.3    13.4    20.3    20.9     0.0    29.15 R    31.5    11.2    20.9    94.8    44.5    71.6   0.227   0.205   0.185   0.274   0.314    21.1    20.8    20.6    19.8    18.4
63857 20100608  2.402  -85.96   34.29    27.8    15.3    21.5    21.7     0.2    23.43 R    32.3    13.8    22.0    94.0    49.8    75.9   0.205   0.191   0.177   0.272   0.314    21.0    20.6    20.3    19.6    18.5
63857 20100609  2.402  -85.96   34.29    29.1    16.6    22.8    22.9     6.1    16.57 R    32.3    15.1    22.7    94.5    60.3    80.8   0.194   0.181   0.172   0.272   0.314    20.9    20.6    20.3    19.6    18.5
63857 20100610  2.402  -85.96   34.29    27.8    19.4    23.6    23.5     1.1    12.29 R    29.8    18.7    23.5    95.8    76.9    87.6   0.217   0.190   0.170   0.273   0.314    21.4    21.0    20.6    19.7    18.5
63857 20100611  2.402  -85.96   34.29    31.1    21.0    26.1    25.7     0.0    23.66 R    35.6    19.7    25.9   100.0    59.3    82.0   0.203   0.187   0.168   0.272   0.314    22.1    21.5    21.0    19.9    18.6
63857 20100612  2.402  -85.96   34.29    32.0    21.2    26.6    26.6     0.0    24.13 R    35.9    19.8    26.3    95.6    53.1    77.1   0.183   0.175   0.163   0.271   0.313    22.7    22.1    21.5    20.2    18.8
63857 20100613  2.402  -85.96   34.29    32.4    19.5    25.9    26.4     0.0    26.58 R    36.2    18.2    26.2    96.2    55.2    78.3   0.163   0.163   0.156   0.270   0.313    22.9    22.4    21.8    20.6    18.9
63857 20100614  2.402  -85.96   34.29    32.5    20.4    26.4    26.2     0.2    25.34 R    36.8    19.1    26.4    96.0    55.6    79.8   0.144   0.150   0.148   0.268   0.313    23.1    22.6    22.0    20.8    19.1
63857 20100615  2.402  -85.96   34.29    32.1    20.0    26.1    24.9     0.0    17.20 R    36.3    19.1    25.1    95.4    58.9    80.7   0.131   0.142   0.142   0.267   0.312    22.8    22.4    21.9    20.9    19.3
63857 20100616  2.402  -85.96   34.29    29.9    19.0    24.4    24.7     0.0    23.56 R    34.6    17.8    25.0    96.0    56.6    79.5   0.122   0.136   0.138   0.266   0.310    22.7    22.3    21.8    20.9    19.4
63857 20100617  2.402  -85.96   34.29    32.0    18.7    25.3    24.8     0.0    25.68 R    35.7    17.9    25.1    96.3    55.2    80.0   0.110   0.128   0.131   0.265   0.308    22.8    22.3    21.9    20.9    19.5
63857 20100618  2.402  -85.96   34.29    32.9    17.7    25.3    25.5     0.0    27.13 R    37.5    16.7    26.0    95.9    47.6    76.1   0.100   0.120   0.124   0.262   0.307    22.8    22.3    21.8    20.9    19.5
63857 20100619  2.402  -85.96   34.29    31.3    19.2    25.3    23.3     8.1    13.84 R    37.7    18.4    23.5    95.9    62.4    87.4   0.125   0.120   0.124   0.261   0.306    22.2    22.0    21.7    21.0    19.6
63857 20100620  2.402  -85.96   34.29    32.0    18.8    25.4    25.2     0.0    26.21 R    35.3    17.7    25.3    95.7    42.2    77.8   0.139   0.127   0.126   0.261   0.305    22.5    22.1    21.6    20.8    19.6
63857 20100621  2.402  -85.96   34.29    33.0    17.7    25.3    25.8     0.0    28.37 R    36.4    16.2    26.0    95.6    43.1    72.2   0.117   0.121   0.122   0.259   0.303    22.5    22.1    21.7    20.9    19.6
63857 20100622  2.402  -85.96   34.29    32.0    19.3    25.7    25.9     0.0    27.88 R    37.1    18.2    26.6    94.5    52.5    77.4   0.102   0.115   0.118   0.256   0.301    22.9    22.4    21.9    21.0    19.6
63857 20100623  2.402  -85.96   34.29    32.0    19.0    25.5    25.9     0.0    26.83 R    37.7    17.7    26.3    95.6    51.2    74.1   0.092   0.110   0.115   0.254   0.298    22.9    22.5    22.0    21.1    19.7
63857 20100624  2.402  -85.96   34.29    32.5    19.4    25.9    26.4     0.2    24.56 R    35.6    18.1    26.4    95.7    48.6    73.9   0.085   0.107   0.111   0.251   0.295    22.9    22.5    22.0    21.1    19.8
63857 20100625  2.402  -85.96   34.29    31.4    19.9    25.6    24.9     0.0    17.39 R    36.6    18.9    25.3    96.0    64.0    82.5   0.082   0.105   0.109   0.249   0.290    22.9    22.5    22.1    21.2    19.9
63857 20100626  2.402  -85.96   34.29    31.8    18.3    25.1    24.3     0.0    20.53 R    35.7    17.6    24.8    96.1    55.2    80.3   0.080   0.102   0.108   0.248   0.286    22.7    22.3    21.9    21.2    20.0
63857 20100627  2.402  -85.96   34.29    30.2    17.6    23.9    24.8     0.0    18.48 R    33.6    16.7    25.0    96.0    54.3    78.8   0.077   0.101   0.106   0.246   0.282    22.4    22.1    21.7    21.1    20.0
63857 20100628  2.402  -85.96   34.29    32.7    21.5    27.1    27.2     0.0    25.94 R    36.1    20.4    27.4    91.0    50.9    71.9   0.075   0.099   0.105   0.243   0.278    23.2    22.6    22.1    21.1    20.0
63857 20100629  2.402  -85.96   34.29    31.4    19.8    25.6    24.3    54.2    16.02 R    34.5    19.0    24.6    95.5    51.7    81.8   0.134   0.139   0.140   0.258   0.278    22.6    22.3    22.0    21.4    20.1
63857 20100630  2.402  -85.96   34.29    29.0    19.8    24.4    24.3     0.0    18.85 R    32.5    18.3    24.4    95.3    46.3    78.9   0.228   0.216   0.213   0.283   0.286    22.6    22.3    22.0    21.4    20.2
63857 20100701  2.402  -85.96   34.29    31.0    17.3    24.2    24.5     0.0    28.90 R    35.9    14.7    24.7    93.8    40.0    62.6   0.210   0.207   0.207   0.277   0.288    22.5    22.3    22.0    21.3    20.2
63857 20100702  2.402  -85.96   34.29    29.9    15.2    22.5    22.7     0.0    22.79 R    35.0    13.8    23.2    90.3    59.7    76.1   0.195   0.196   0.199   0.274   0.288    21.8    21.7    21.5    21.1    20.2
63857 20100703  2.402  -85.96   34.29    28.3    17.2    22.8    23.2     0.0    25.17 R    45.9    14.5    26.3    92.6    51.5    74.5   0.190   0.189   0.193   0.272   0.289    22.6    22.3    21.9    21.1    20.2
63857 20100704  2.402  -85.96   34.29    29.3    15.3    22.3    22.4     0.0    28.65 R    44.5    13.1    25.4    93.7    41.3    68.4   0.182   0.182   0.186   0.270   0.289    22.2    22.0    21.7    21.2    20.2
63857 20100705  2.402  -85.96   34.29    29.8    15.2    22.5    23.3     0.0    25.38 R    44.8    12.5    25.7    88.3    49.0    68.6   0.173   0.175   0.179   0.267   0.289    22.0    21.8    21.6    21.1    20.2
63857 20100706  2.402  -85.96   34.29    31.2    17.6    24.4    24.7     0.0    25.93 R    46.4    15.0    27.1    90.8    43.3    67.1   0.164   0.168   0.171   0.266   0.290    22.5    22.2    21.8    21.1    20.2
63857 20100707  2.402  -85.96   34.29    33.7    18.1    25.9    26.0     0.0    26.97 R    47.9    16.3    29.3    93.6    37.4    67.8   0.155   0.161   0.163   0.263   0.289    23.0    22.6    22.1    21.3    20.2
63857 20100708  2.402  -85.96   34.29    35.0    19.5    27.3    27.4     0.0    24.11 R    46.8    17.4    29.6    91.8    34.5    65.0   0.144   0.153   0.155   0.261   0.289    23.4    22.9    22.4    21.5    20.3
63857 20100709  2.402  -85.96   34.29    34.0    21.6    27.8    26.7     0.0    22.17 R    45.1    19.6    28.9    92.9    43.2    71.0   0.134   0.145   0.148   0.260   0.288    23.8    23.3    22.8    21.7    20.4
63857 20100710  2.402  -85.96   34.29    32.1    20.5    26.3    25.6     0.0    18.94 R    44.6    18.4    27.7    93.6    45.5    73.7   0.126   0.139   0.143   0.259   0.287    23.8    23.4    22.9    21.9    20.5
63857 20100711  2.402  -85.96   34.29    32.8    18.4    25.6    26.4     0.6    23.69 R    46.4    17.0    29.0    95.2    43.9    69.9   0.117   0.133   0.137   0.257   0.286    23.7    23.3    22.8    21.9    20.7
63857 20100712  2.402  -85.96   34.29    31.3    22.1    26.7    25.7     7.8    14.56 R    38.6    21.0    26.1    93.2    58.2    81.7   0.168   0.165   0.134   0.257   0.284    23.9    23.6    23.1    22.0    20.7
63857 20100713  2.402  -85.96   34.29    30.8    20.8    25.8    25.0     2.4    18.26 R    42.9    19.1    25.9    95.3    57.6    81.2   0.166   0.167   0.135   0.257   0.283    24.1    23.7    23.2    22.2    20.8
63857 20100714  2.402  -85.96   34.29    32.3    19.7    26.0    25.8     0.0    21.63 R    44.6    18.4    27.8    98.5    46.9    76.4   0.154   0.158   0.135   0.256   0.282    23.9    23.6    23.1    22.2    20.9
63857 20100715  2.402  -85.96   34.29    34.1    19.6    26.8    26.8     0.0    27.57 R    46.3    17.8    29.1    94.5    37.8    67.7   0.140   0.146   0.132   0.253   0.280    24.2    23.8    23.3    22.3    21.0
63857 20100716  2.402  -85.96   34.29    32.5    20.7    26.6    25.7     0.0    23.87 R    45.2    19.2    28.6    94.3    56.2    77.8   0.125   0.136   0.127   0.250   0.279    24.4    24.0    23.5    22.5    21.1
63857 20100717  2.402  -85.96   34.29    29.7    21.1    25.4    24.0     2.2    16.37 R    41.4    19.1    26.2    94.9    56.8    82.9   0.120   0.129   0.124   0.249   0.277    24.2    23.8    23.4    22.6    21.2
63857 20100718  2.402  -85.96   34.29    30.4    20.6    25.5    24.3     5.8    14.87 R    37.2    19.6    25.3    94.8    57.0    84.1   0.155   0.143   0.128   0.250   0.276    24.1    23.8    23.4    22.5    21.2
63857 20100719  2.402  -85.96   34.29    31.1    21.6    26.4    25.4     0.0    20.92 R    41.8    19.9    27.3    93.9    59.9    79.7   0.151   0.147   0.128   0.249   0.275    24.4    24.0    23.5    22.6    21.2
63857 20100720  2.402  -85.96   34.29    32.1    20.5    26.3    26.7     0.0    21.73 R    43.2    19.1    28.0    94.2    48.0    72.9   0.134   0.137   0.125   0.247   0.273    24.4    24.1    23.6    22.7    21.3
63857 20100721  2.402  -85.96   34.29    33.4    20.6    27.0    26.6     0.9    19.10 R    43.7    19.1    27.6    94.4    46.6    75.3   0.121   0.129   0.122   0.245   0.272    24.5    24.1    23.6    22.7    21.4
63857 20100722  2.402  -85.96   34.29    33.7    20.6    27.1    26.9     0.7    19.94 R    43.1    19.5    27.6    94.6    46.4    74.4   0.113   0.123   0.119   0.243   0.269    24.5    24.1    23.7    22.8    21.4
63857 20100723  2.402  -85.96   34.29    34.6    21.2    27.9    27.5     0.0    20.74 R    45.0    19.4    28.8    94.9    45.8    73.5   0.105   0.117   0.116   0.241   0.267    24.7    24.3    23.8    22.8    21.5
63857 20100724  2.402  -85.96   34.29    34.9    21.4    28.2    27.4     0.0    18.76 R    45.2    19.7    28.3    94.8    43.5    71.5   0.098   0.111   0.112   0.237   0.265    24.7    24.3    23.9    22.9    21.6
63857 20100725  2.402  -85.96   34.29    35.0    21.3    28.2    27.5     0.0    23.72 R    45.5    19.6    29.6    93.2    44.7    72.6   0.091   0.105   0.109   0.232   0.263    24.9    24.4    23.9    23.0    21.6
63857 20100726  2.402  -85.96   34.29    33.7    21.1    27.4    25.3     0.3    17.58 R    44.3    19.8    27.0    93.8    53.2    79.7   0.086   0.100   0.106   0.228   0.260    24.9    24.5    24.1    23.1    21.7
63857 20100727  2.402  -85.96   34.29    31.7    20.0    25.8    25.8     0.0    23.84 R    41.8    18.7    28.0    95.2    54.0    77.1   0.082   0.097   0.103   0.224   0.257    24.7    24.3    23.8    23.0    21.7
63857 20100728  2.402  -85.96   34.29    32.5    22.2    27.4    26.8     0.0    20.54 R    44.0    20.4    28.1    93.5    50.9    73.5   0.079   0.094   0.100   0.218   0.254    24.8    24.3    23.9    23.1    21.8
63857 20100729  2.402  -85.96   34.29    34.0    22.2    28.1    27.1     0.0    20.62 R    45.4    20.4    28.7    92.5    44.4    72.1   0.075   0.091   0.097   0.212   0.251    24.7    24.3    23.9    23.1    21.8
63857 20100730  2.402  -85.96   34.29    34.6    21.1    27.9    27.3     0.0    26.43 R    44.5    19.4    29.1    94.5    33.3    67.8   0.072   0.087   0.094   0.205   0.248    24.8    24.4    23.9    23.1    21.8
63857 20100731  2.402  -85.96   34.29    35.3    20.7    28.0    27.3     0.0    23.85 R    45.0    19.3    29.1    92.6    39.2    71.0   0.068   0.084   0.091   0.197   0.245    24.8    24.4    23.9    23.1    21.8
63857 20100801  2.402  -85.96   34.29    35.8    21.2    28.5    28.0     0.0    20.19 R    47.5    19.9    29.7    94.0    42.2    71.7   0.066   0.082   0.089   0.191   0.242    25.0    24.5    24.1    23.2    21.8
63857 20100802  2.402  -85.96   34.29    32.8    23.3    28.1    26.7     6.2    18.58 R    45.0    22.0    28.1    93.7    58.8    81.9   0.076   0.085   0.089   0.187   0.239    25.2    24.7    24.2    23.3    21.9
63857 20100803  2.402  -85.96   34.29    33.8    23.6    28.7    27.7     0.0    21.57 R    43.2    22.1    29.0    94.2    56.2    78.5   0.086   0.094   0.094   0.185   0.236    25.6    25.1    24.5    23.5    22.0
63857 20100804  2.402  -85.96   34.29    35.9    22.8    29.3    28.6     0.0    20.29 R    44.1    21.3    29.6    94.3    42.4    71.7   0.077   0.091   0.092   0.183   0.233    25.5    25.1    24.6    23.6    22.0
63857 20100805  2.402  -85.96   34.29    34.8    22.2    28.5    27.4     0.0    22.40 R    45.8    21.0    29.3    90.5    45.3    74.2   0.070   0.087   0.090   0.178   0.228    25.7    25.3    24.7    23.7    22.2
63857 20100806  2.402  -85.96   34.29    32.6    20.1    26.4    24.5     1.0    14.63 R    43.2    18.5    25.8    95.6    54.8    84.8   0.066   0.083   0.089   0.175   0.225    25.0    24.8    24.5    23.7    22.3
63857 20100807  2.402  -85.96   34.29    34.2    19.2    26.7    25.8     0.0    26.13 R    43.9    18.0    27.5    97.2    30.3    68.2   0.064   0.082   0.087   0.172   0.221    24.6    24.3    24.0    23.4    22.2
63857 20100808  2.402  -85.96   34.29    34.4    20.2    27.3    27.4     0.0    20.71 R    46.1    18.2    28.1    92.9    35.2    65.4   0.061   0.079   0.085   0.166   0.214    24.5    24.2    23.9    23.3    22.2
63857 20100809  2.402  -85.96   34.29    35.0    20.9    28.0    27.0     0.0    19.12 R    46.3    19.5    28.2    93.8    40.6    72.7   0.058   0.078   0.083   0.163   0.207    24.7    24.4    24.0    23.3    22.1
63857 20100810  2.402  -85.96   34.29    35.3    21.6    28.5    28.5     0.0    22.95 R    46.1    20.2    29.5    94.5    35.5    62.5   0.056   0.075   0.082   0.159   0.199    24.9    24.5    24.1    23.3    22.1
63857 20100811  2.402  -85.96   34.29    35.9    21.1    28.5    28.3     0.0    23.22 R    47.2    19.3    29.7    88.9    28.8    62.4   0.053   0.074   0.080   0.156   0.190    25.1    24.6    24.2    23.4    22.2
63857 20100812  2.402  -85.96   34.29    36.2    21.0    28.6    28.6     0.0    19.96 R    48.0    19.4    29.9    89.3    38.1    63.0   0.051   0.073   0.079   0.154   0.182    25.2    24.7    24.3    23.5    22.2
63857 20100813  2.402  -85.96   34.29    35.6    21.8    28.7    26.6     3.4    16.02 R    48.3    20.3    27.8    92.8    41.3    76.6   0.056   0.072   0.078   0.152   0.176    25.2    24.8    24.4    23.6    22.3
63857 20100814  2.402  -85.96   34.29    31.7    22.9    27.3    25.9     0.0    12.95 R    40.6    21.5    26.4    91.6    59.8    81.2   0.058   0.074   0.079   0.153   0.174    25.0    24.7    24.3    23.6    22.3
63857 20100815  2.402  -85.96   34.29    33.1    21.5    27.3    25.9     0.0    18.22 R    44.2    20.0    27.7    94.7    54.0    80.9   0.054   0.073   0.079   0.152   0.171    25.1    24.7    24.3    23.5    22.3
63857 20100816  2.402  -85.96   34.29    33.3    22.1    27.7    26.7     5.5    19.70 R    45.1    20.6    28.7    93.6    50.7    76.6   0.058   0.073   0.078   0.151   0.165    25.3    24.9    24.4    23.6    22.3
63857 20100817  2.402  -85.96   34.29    32.0    23.4    27.7    26.4     2.7    14.21 R    37.8    22.5    26.9    94.2    49.3    79.2   0.124   0.085   0.085   0.151   0.163    25.3    25.0    24.6    23.7    22.4
63857 20100818  2.402  -85.96   34.29    32.0    23.4    27.7    26.5     0.4    18.45 R    41.3    22.1    27.7    92.3    49.9    76.9   0.102   0.090   0.087   0.151   0.162    25.4    25.1    24.7    23.8    22.5
63857 20100819  2.402  -85.96   34.29    30.4    23.3    26.9    25.9     3.0    15.63 R    38.3    22.0    26.7    94.2    61.1    85.2   0.108   0.089   0.086   0.151   0.162    25.5    25.2    24.7    23.8    22.5
63857 20100820  2.402  -85.96   34.29    30.7    22.8    26.8    25.7     0.0    12.11 R    41.1    21.2    26.6    91.6    58.0    79.6   0.102   0.089   0.086   0.151   0.161    25.3    25.0    24.6    23.8    22.5
63857 20100821  2.402  -85.96   34.29    34.4    19.9    27.1    26.6     8.0    20.99 R    42.7    18.9    28.2    99.9    44.3    77.7   0.094   0.088   0.085   0.151   0.158    25.5    25.1    24.6    23.8    22.6
63857 20100822  2.402  -85.96   34.29    33.1    21.6    27.4    26.6     3.2    21.76 R    39.9    19.5    27.5    95.3    45.5    74.9   0.161   0.137   0.100   0.151   0.155    25.5    25.2    24.8    23.9    22.6
63857 20100823  2.402  -85.96   34.29    32.1    18.8    25.4    25.4     0.0    24.03 R    40.6    16.4    25.8    93.7    36.1    66.2   0.117   0.124   0.101   0.151   0.153    24.8    24.6    24.4    23.8    22.7
63857 20100824  2.402  -85.96   34.29    31.2    15.9    23.5    23.6     0.0    24.22 R    39.9    13.5    24.7    94.5    37.8    67.2   0.094   0.109   0.096   0.150   0.150    23.9    23.8    23.7    23.5    22.6
63857 20100825  2.402  -85.96   34.29    30.0    15.9    22.9    23.1     0.0    20.65 R    41.0    13.9    24.4    94.7    46.8    70.1   0.080   0.096   0.091   0.150   0.147    23.5    23.4    23.3    23.2    22.5
63857 20100826  2.402  -85.96   34.29    31.9    17.3    24.6    24.4     0.0    19.89 R    41.9    15.1    25.3    90.7    40.7    64.9   0.070   0.086   0.086   0.149   0.143    23.5    23.3    23.2    22.9    22.3
63857 20100827  2.402  -85.96   34.29    32.2    18.1    25.2    24.8     0.0    22.98 R    42.0    16.0    26.4    89.7    43.4    68.6   0.063   0.079   0.082   0.149   0.138    23.9    23.6    23.3    22.8    22.2
63857 20100828  2.402  -85.96   34.29    30.8    19.3    25.0    25.2     0.0    19.63 R    39.0    17.6    26.1    92.1    45.4    69.5   0.056   0.075   0.080   0.147   0.134    23.9    23.7    23.4    22.9    22.1
63857 20100829  2.402  -85.96   34.29    26.2    20.1    23.1    22.3    11.1     5.60 R    29.3    19.1    22.2    92.6    66.3    84.5   0.103   0.092   0.086   0.148   0.135    23.4    23.4    23.2    22.9    22.1
63857 20100830  2.402  -85.96   34.29    26.7    19.4    23.0    22.9     0.0    11.25 R    33.3    17.7    23.0    90.1    56.7    78.0   0.130   0.113   0.097   0.148   0.137    23.2    23.1    22.9    22.7    22.0
63857 20100831  2.402  -85.96   34.29    29.9    16.6    23.3    22.8     0.0    16.14 R    39.3    14.1    23.0    91.7    44.9    72.9   0.108   0.107   0.095   0.148   0.135    23.1    23.0    22.8    22.6    21.9
63857 20100901  2.402  -85.96   34.29    31.2    15.0    23.1    23.2     0.0    24.44 R    39.9    12.6    24.0    93.0    39.3    67.8   0.089   0.097   0.091   0.147   0.134    22.7    22.6    22.4    22.3    21.9
63857 20100902  2.402  -85.96   34.29    32.8    15.5    24.1    24.0     0.0    20.39 R    43.4    13.8    24.7    93.7    31.6    63.9   0.075   0.086   0.085   0.147   0.132    22.8    22.6    22.5    22.2    21.8
63857 20100903  2.402  -85.96   34.29    32.2    16.0    24.1    24.3     0.0    17.95 R    41.1    13.4    24.5    94.2    36.0    63.7   0.065   0.079   0.082   0.146   0.131    22.7    22.5    22.4    22.1    21.8
63857 20100904  2.402  -85.96   34.29    26.9    11.1    19.0    19.2     0.0    25.06 R    38.2     7.8    19.7    80.8    24.1    52.5   0.058   0.074   0.078   0.145   0.128    21.5    21.7    21.8    21.9    21.6
63857 20100905  2.402  -85.96   34.29    28.8     7.3    18.1    18.5     0.0    24.79 R    42.0     4.8    19.5    92.6    20.7    53.2   0.051   0.071   0.076   0.144   0.125    20.5    20.7    20.9    21.3    21.5
63857 20100906  2.402  -85.96   34.29    31.7    11.0    21.4    21.9     0.0    24.24 R    44.8     7.4    22.8    76.9    24.3    50.0   0.047   0.068   0.074   0.142   0.122    20.8    20.7    20.7    21.0    21.3
63857 20100907  2.402  -85.96   34.29    33.6    17.8    25.7    25.3     0.0    20.38 R    48.1    14.4    26.2    75.7    30.1    53.3   0.045   0.067   0.074   0.140   0.120    21.9    21.6    21.3    21.1    21.1
63857 20100908  2.402  -85.96   34.29    31.6    18.8    25.2    25.0     0.0    14.48 R    41.1    17.4    26.0    92.1    43.5    66.8   0.043   0.066   0.073   0.140   0.119    22.6    22.2    21.9    21.5    21.1
63857 20100909  2.402  -85.96   34.29    30.1    18.3    24.2    23.9     0.0    11.95 R    39.1    15.9    24.4    94.0    39.4    65.2   0.041   0.065   0.073   0.140   0.119    22.5    22.3    22.1    21.6    21.2
63857 20100910  2.402  -85.96   34.29    34.0    17.0    25.5    25.0     0.0    17.55 R    47.6    14.8    26.3    92.9    33.8    57.1   0.040   0.064   0.072   0.139   0.118    22.7    22.3    22.0    21.6    21.2
63857 20100911  2.402  -85.96   34.29    35.0    17.9    26.4    24.3     1.9    12.53 R    44.4    16.6    24.6    95.4    39.5    78.3   0.040   0.064   0.071   0.138   0.117    23.1    22.8    22.5    21.9    21.3
63857 20100912  2.402  -85.96   34.29    29.9    13.7    21.8    22.2     0.0    22.38 R    39.4     9.1    22.8    99.9    27.7    64.5   0.039   0.064   0.071   0.138   0.117    22.4    22.3    22.2    21.9    21.3
63857 20100913  2.402  -85.96   34.29    31.4    10.9    21.1    20.9     0.0    22.99 R    44.0     7.2    21.3    82.6    23.0    52.5   0.039   0.063   0.070   0.138   0.116    21.1    21.2    21.3    21.5    21.3
63857 20100914  2.402  -85.96   34.29    32.4    12.0    22.2    22.2     0.0    22.26 R    45.6     9.0    23.4    88.4    17.5    50.3   0.037   0.062   0.070   0.137   0.115    21.2    21.1    21.1    21.2    21.2
63857 20100915  2.402  -85.96   34.29    32.8    15.1    23.9    24.8     0.0    19.63 R    47.1    12.5    25.7    77.5    25.7    47.5   0.036   0.061   0.069   0.136   0.113    22.0    21.7    21.4    21.2    21.1
63857 20100916  2.402  -85.96   34.29    31.5    20.9    26.2    26.1     0.0    17.65 R    42.5    18.2    26.9    77.6    39.6    51.7   0.035   0.061   0.069   0.136   0.112    22.7    22.2    21.9    21.4    21.1
63857 20100917  2.402  -85.96   34.29    33.6    16.7    25.2    25.3     0.0    19.42 R    45.5    12.9    26.0    87.7    35.9    60.0   0.035   0.061   0.069   0.136   0.112    23.1    22.7    22.3    21.7    21.1
63857 20100918  2.402  -85.96   34.29    33.6    13.6    23.6    24.4     0.0    21.12 R    46.3    10.7    25.4    93.3    12.4    54.7   0.033   0.060   0.068   0.135   0.111    22.4    22.1    22.0    21.7    21.2
63857 20100919  2.402  -85.96   34.29    34.7    19.9    27.3    26.3     0.0    17.66 R    48.6    16.4    27.6    73.0    30.0    53.4   0.032   0.060   0.068   0.135   0.111    23.3    22.8    22.4    21.8    21.2
63857 20100920  2.402  -85.96   34.29    35.3    17.2    26.2    26.2     0.0    18.21 R    49.4    14.7    27.1    83.2    24.4    50.1   0.032   0.059   0.068   0.134   0.110    23.0    22.7    22.4    21.9    21.3
63857 20100921  2.402  -85.96   34.29    35.7    17.7    26.7    26.7     0.0    18.93 R    48.8    15.3    27.9    76.8    27.3    49.2   0.030   0.059   0.067   0.134   0.109    23.4    22.9    22.6    22.0    21.3
63857 20100922  2.402  -85.96   34.29    33.6    19.5    26.5    24.8     3.7    13.93 R    48.0    16.8    25.5    84.3    33.6    64.2   0.043   0.064   0.067   0.134   0.109    23.4    23.1    22.8    22.2    21.4
63857 20100923  2.402  -85.96   34.29    32.7    18.0    25.4    24.9     0.0    18.62 R    41.6    15.3    24.5    86.8    30.9    58.8   0.056   0.067   0.068   0.134   0.109    22.9    22.8    22.6    22.2    21.5
63857 20100924  2.402  -85.96   34.29    32.8    16.6    24.7    24.1     0.0    19.65 R    46.0    13.7    24.6    84.9    24.8    55.2   0.048   0.063   0.067   0.133   0.109    22.4    22.2    22.1    22.0    21.5
63857 20100925  2.402  -85.96   34.29    28.8    17.1    22.9    22.4     0.0    10.92 R    39.4    15.3    23.1    92.9    52.2    74.1   0.043   0.061   0.068   0.133   0.109    22.1    22.0    21.9    21.8    21.4
63857 20100926  2.402  -85.96   34.29    20.1    14.0    17.0    17.9    18.5     3.90 R    22.1    12.4    17.9    95.5    79.3    90.5   0.120   0.130   0.095   0.133   0.110    21.3    21.4    21.5    21.6    21.4
63857 20100927  2.402  -85.96   34.29    22.3    10.7    16.5    15.8    15.5     9.09 R    31.0     8.7    16.3    95.3    60.7    85.8   0.161   0.165   0.140   0.154   0.111    20.0    20.1    20.4    21.0    21.2
63857 20100928  2.402  -85.96   34.29    22.7     9.6    16.1    15.5     0.0    17.22 R    34.1     7.2    16.9    99.9    34.2    75.0   0.144   0.160   0.148   0.158   0.111    19.5    19.6    19.7    20.3    20.9
63857 20100929  2.402  -85.96   34.29    25.2     7.9    16.5    16.5     0.0    16.94 R    37.3     5.7    17.2    94.6    34.9    66.7   0.130   0.149   0.141   0.154   0.111    18.6    18.8    19.1    19.8    20.6
63857 20100930  2.402  -85.96   34.29    26.2    13.3    19.7    18.8     0.0    19.00 R    35.6    10.0    18.9    88.0    30.3    59.8   0.119   0.141   0.135   0.152   0.111    18.8    18.9    19.0    19.5    20.3
63857 20101001  2.402  -85.96   34.29    25.0    10.3    17.6    18.0     0.0    20.43 R    34.8     6.1    18.0    80.7    25.6    54.3   0.108   0.133   0.130   0.150   0.111    18.5    18.6    18.8    19.3    20.1
63857 20101002  2.402  -85.96   34.29    25.3     6.8    16.0    16.2     0.0    19.97 R    36.3     4.2    16.5    93.2    29.1    58.4   0.098   0.125   0.124   0.148   0.112    17.8    18.0    18.2    18.9    19.9
63857 20101003  2.402  -85.96   34.29    17.7     3.6    10.7    12.0     0.0    19.84 R    29.2     0.7    13.4    89.3    36.2    60.6   0.089   0.118   0.118   0.147   0.112    17.3    17.5    17.9    18.6    19.7
63857 20101004  2.402  -85.96   34.29    17.8     3.2    10.5    10.1     0.0    19.57 R    29.6     0.1    10.9    91.7    33.5    63.2   0.084   0.111   0.114   0.147   0.112    16.0    16.5    17.0    18.1    19.4
63857 20101005  2.402  -85.96   34.29    19.9     2.4    11.1    11.1     0.0    20.00 R    30.1    -0.4    11.1    92.2    30.5    62.0   0.078   0.105   0.110   0.146   0.112    15.4    15.8    16.3    17.4    19.1
63857 20101006  2.402  -85.96   34.29    22.3     1.2    11.7    12.7     0.0    19.70 R    32.5    -1.7    12.7    92.3    21.7    52.5   0.074   0.099   0.105   0.144   0.112    15.0    15.4    15.8    16.9    18.7
63857 20101007  2.402  -85.96   34.29    27.5     3.3    15.4    16.4     0.0    19.10 R    36.1     1.3    15.9    88.1    24.5    55.1   0.068   0.094   0.101   0.143   0.112    15.6    15.7    16.0    16.7    18.5
63857 20101008  2.402  -85.96   34.29    27.5     8.2    17.8    17.5     0.0    19.04 R    37.3     5.0    17.6    93.0    31.1    63.0   0.064   0.089   0.097   0.142   0.112    16.5    16.4    16.5    16.9    18.3
63857 20101009  2.402  -85.96   34.29    29.8     8.3    19.0    18.4     0.0    18.71 R    39.4     5.7    17.9    90.4    16.6    53.0   0.060   0.084   0.092   0.142   0.112    16.7    16.7    16.8    17.2    18.3
63857 20101010  2.402  -85.96   34.29    29.7     7.0    18.3    18.6     0.0    18.71 R    39.2     4.4    18.2    88.6    20.4    50.3   0.056   0.080   0.088   0.141   0.112    16.8    16.8    16.9    17.3    18.3
63857 20101011  2.402  -85.96   34.29    30.0     9.2    19.6    20.4     0.0    16.72 R    40.3     6.3    19.9    82.8    20.4    48.4   0.053   0.076   0.085   0.140   0.111    17.3    17.2    17.2    17.4    18.3
63857 20101012  2.402  -85.96   34.29    25.5    11.9    18.7    19.5     0.0    10.08 R    32.7     9.1    19.3    87.4    42.6    63.1   0.050   0.074   0.082   0.140   0.112    17.8    17.6    17.6    17.7    18.3
63857 20101013  2.402  -85.96   34.29    25.8     9.4    17.6    18.4     0.0    17.51 R    37.4     7.2    19.9    95.3    34.7    66.9   0.048   0.072   0.080   0.140   0.112    18.1    17.9    17.9    17.9    18.4
63857 20101014  2.402  -85.96   34.29    20.8     4.6    12.7    14.7     0.0    18.53 R    29.7     0.4    14.4    91.4    19.1    53.5   0.046   0.071   0.079   0.139   0.112    17.5    17.7    17.8    18.1    18.5
63857 20101015  2.402  -85.96   34.29    23.6     2.8    13.2    13.2     0.0    18.05 R    30.6     0.1    11.8    85.7    19.7    46.3   0.044   0.069   0.076   0.138   0.111    15.7    16.1    16.6    17.5    18.5
63857 20101016  2.402  -85.96   34.29    24.4     2.6    13.5    12.7     0.0    18.51 R    34.8    -0.7    12.3    80.2    14.7    47.0   0.041   0.067   0.075   0.138   0.111    15.2    15.6    16.1    17.0    18.2
63857 20101017  2.402  -85.96   34.29    25.8     1.9    13.9    13.5     0.0    18.33 R    36.4    -1.1    13.2    88.1    13.0    50.0   0.039   0.065   0.073   0.137   0.110    15.0    15.3    15.7    16.6    18.0
63857 20101018  2.402  -85.96   34.29    25.6     5.1    15.3    14.5     0.0    12.85 R    36.6     2.5    14.0    80.3    20.2    51.3   0.037   0.064   0.072   0.136   0.110    15.3    15.5    15.7    16.5    17.8
63857 20101019  2.402  -85.96   34.29    27.0     6.8    16.9    17.0     0.0    13.87 R    36.5     3.6    17.6    92.1    29.9    62.1   0.036   0.063   0.072   0.135   0.110    15.9    15.8    15.9    16.5    17.7
63857 20101020  2.402  -85.96   34.29    22.3     5.7    14.0    15.4     0.0    16.36 R    31.8     2.3    15.8    94.6    26.3    63.9   0.035   0.063   0.071   0.135   0.109    16.8    16.8    16.8    16.9    17.6
63857 20101021  2.402  -85.96   34.29    24.7     3.7    14.2    14.3     0.0    17.10 R    33.7     1.1    13.3    86.9    23.1    51.4   0.034   0.062   0.071   0.135   0.109    15.4    15.7    16.0    16.7    17.7
63857 20101022  2.402  -85.96   34.29    25.2     5.3    15.2    14.5     0.0    17.14 R    34.7     0.7    13.1    77.7    16.0    40.5   0.032   0.061   0.070   0.134   0.109    15.0    15.2    15.7    16.4    17.6
63857 20101023  2.402  -85.96   34.29    25.2     6.7    15.9    17.0     0.0    14.96 R    32.6     3.0    16.7    54.4    27.1    40.0   0.031   0.060   0.069   0.133   0.109    15.3    15.3    15.6    16.2    17.5
63857 20101024  2.402  -85.96   34.29    27.1    11.6    19.3    19.8     7.8    13.91 R    36.9     8.6    20.4    87.5    40.9    58.0   0.036   0.062   0.069   0.133   0.108    16.8    16.5    16.3    16.5    17.4
63857 20101025  2.402  -85.96   34.29    25.6    15.2    20.4    20.4    26.3    12.56 R    31.0    14.9    20.6    94.7    49.9    76.1   0.162   0.158   0.153   0.170   0.110    18.0    17.7    17.4    17.1    17.5
63857 20101026  2.402  -85.96   34.29    27.5    17.2    22.3    22.7    33.2     7.92 R    33.3    16.4    22.6    94.0    58.4    77.5   0.163   0.168   0.165   0.183   0.111    19.2    18.7    18.3    17.8    17.7
63857 20101027  2.402  -85.96   34.29    22.6    14.7    18.6    18.6    12.2     7.45 R    25.1    13.9    18.8    96.4    67.0    86.0   0.236   0.227   0.219   0.229   0.111    19.0    18.8    18.6    18.3    18.0
63857 20101028  2.402  -85.96   34.29    21.9     9.3    15.6    16.9     0.0    15.79 R    26.9     7.7    16.8    99.9    19.0    52.2   0.213   0.213   0.208   0.219   0.111    18.2    18.3    18.3    18.4    18.3
63857 20101029  2.402  -85.96   34.29    17.2     3.2    10.2     9.1     0.0    16.45 R    25.9     0.3     9.7    87.5    24.5    58.1   0.199   0.200   0.197   0.213   0.113    15.7    16.1    16.7    17.6    18.3
63857 20101030  2.402  -85.96   34.29    20.3     1.2    10.7    11.1     0.0    16.51 R    29.2    -1.5    10.5    90.4    29.4    57.3   0.189   0.190   0.188   0.210   0.113    14.2    14.6    15.3    16.6    18.0
63857 20101031  2.402  -85.96   34.29    21.9     3.4    12.6    12.2     0.0    16.17 R    30.7     0.9    11.6    91.8    25.9    61.6   0.181   0.182   0.180   0.207   0.114    14.1    14.4    14.8    15.9    17.5
63857 20101101  2.402  -85.96   34.29    22.2     5.8    14.0    14.4     0.0    14.55 R    31.7     2.9    14.5    85.0    29.9    55.5   0.174   0.175   0.172   0.204   0.115    14.2    14.4    14.7    15.6    17.2
63857 20101102  2.402  -85.96   34.29    16.2    11.8    14.0    13.8     0.0    10.23 R    24.3    10.3    14.5    66.6    53.6    61.2   0.168   0.170   0.166   0.202   0.116    14.8    14.8    15.0    15.6    17.0
63857 20101103  2.402  -85.96   34.29    12.0     8.4    10.2    10.2     8.2     2.91 R    13.8     8.0    10.4    94.5    48.2    78.1   0.167   0.167   0.162   0.202   0.117    14.2    14.4    14.8    15.6    16.8
63857 20101104  2.402  -85.96   34.29    13.8     4.8     9.3     9.7     7.5    12.06 R    19.6     2.5     9.6    94.4    37.7    65.8   0.251   0.228   0.205   0.201   0.118    13.8    14.0    14.4    15.3    16.7
63857 20101105  2.402  -85.96   34.29     9.0     2.6     5.8     5.1     1.4     8.68 R    13.1     0.1     4.9    87.2    49.9    71.9   0.229   0.217   0.205   0.201   0.119    12.3    12.7    13.3    14.7    16.5
63857 20101106  2.402  -85.96   34.29     8.5    -1.3     3.6     3.2     0.0    15.13 R    17.7    -4.3     3.1    90.0    34.0    60.3   0.219   0.210   0.200   0.202   0.121    11.0    11.5    12.3    13.9    16.1
63857 20101107  2.402  -85.96   34.29    14.3    -3.5     5.4     4.7     0.0    14.94 R    23.9    -5.3     5.1    87.4    24.0    57.9   0.210   0.202   0.194   0.201   0.122    10.0    10.6    11.3    13.1    15.7
63857 20101108  2.402  -85.96   34.29    19.2    -1.5     8.8     8.1     0.0    14.84 R    27.9    -3.1     7.8    91.1    23.3    60.1   0.202   0.195   0.188   0.201   0.123    10.2    10.6    11.1    12.6    15.2
63857 20101109  2.402  -85.96   34.29    21.8     0.9    11.4    10.7     0.0    14.71 R    31.1    -1.4    10.0    89.4    25.6    59.8   0.196   0.188   0.181   0.200   0.124    10.6    10.9    11.3    12.5    14.9
63857 20101110  2.402  -85.96   34.29    23.3     2.1    12.7    11.5     0.0    13.75 R    32.9    -0.4    10.7    91.6    21.5    63.1   0.189   0.182   0.176   0.199   0.125    10.9    11.1    11.5    12.5    14.7
63857 20101111  2.402  -85.96   34.29    24.1     2.8    13.4    12.2     0.0    14.34 R    33.6     0.1    11.5    89.5    22.1    63.3   0.183   0.177   0.171   0.198   0.127    11.2    11.4    11.7    12.6    14.6
63857 20101112  2.402  -85.96   34.29    20.9     5.8    13.4    12.8     0.0    13.81 R    30.6     1.8    11.5    81.7    37.1    60.8   0.177   0.172   0.165   0.197   0.127    11.5    11.7    11.9    12.8    14.6
63857 20101113  2.402  -85.96   34.29    19.2     5.5    12.3    12.3     0.0    13.97 R    29.1     1.3    11.4    82.1    30.3    55.5   0.171   0.168   0.161   0.197   0.129    11.5    11.7    12.0    12.8    14.5
63857 20101114  2.402  -85.96   34.29    13.6     4.9     9.3    10.9     0.4     4.07 R    18.0     2.8    10.7    97.3    45.0    76.8   0.167   0.166   0.158   0.197   0.131    12.2    12.3    12.4    13.0    14.5
63857 20101115  2.402  -85.96   34.29    11.7     4.6     8.2     8.7    16.8     1.52 R    11.7     3.5     9.0    99.9    90.6    95.0   0.210   0.188   0.163   0.198   0.131    11.9    12.1    12.4    13.1    14.6
63857 20101116  2.402  -85.96   34.29    18.3     6.0    12.1    13.1    23.3     7.52 R    22.2     5.7    12.9    95.2    57.3    79.6   0.280   0.247   0.231   0.238   0.132    13.1    13.0    12.9    13.3    14.6
63857 20101117  2.402  -85.96   34.29    14.6     0.3     7.4     7.0     0.0    13.51 R    24.1    -1.6     7.4    94.2    45.9    76.4   0.248   0.230   0.220   0.236   0.134    11.8    12.1    12.5    13.3    14.6
63857 20101118  2.402  -85.96   34.29    15.1     2.8     9.0     8.6     0.0     7.96 R    24.5    -0.2     8.4    94.2    48.4    75.7   0.235   0.222   0.214   0.228   0.139    11.4    11.6    11.9    12.9    14.6
63857 20101119  2.402  -85.96   34.29    16.4     1.7     9.1     8.8     0.0    13.14 R    26.9    -0.5     8.5    95.6    46.3    76.1   0.227   0.215   0.208   0.224   0.148    11.0    11.3    11.7    12.7    14.4
63857 20101120  2.402  -85.96   34.29    18.6     5.5    12.0    11.6     0.0     9.25 R    27.0     2.0    10.4    87.0    43.4    68.1   0.219   0.209   0.202   0.221   0.157    11.3    11.4    11.7    12.6    14.3
63857 20101121  2.402  -85.96   34.29    21.2     9.3    15.3    14.9     0.0    11.10 R    30.6     5.9    13.9    88.1    46.1    66.8   0.213   0.204   0.197   0.219   0.163    12.1    12.1    12.2    12.7    14.2
63857 20101122  2.402  -85.96   34.29    22.2    10.1    16.1    16.2     0.0    11.25 R    30.5     7.8    15.7    83.9    53.0    71.3   0.206   0.198   0.192   0.217   0.167    12.9    12.7    12.7    13.1    14.2
63857 20101123  2.402  -85.96   34.29    21.1     7.1    14.1    14.6     7.1     4.05 R    25.2     4.8    13.7    95.9    68.3    87.6   0.228   0.209   0.190   0.216   0.170    13.8    13.7    13.6    13.6    14.4
63857 20101124  2.402  -85.96   34.29    14.5     4.9     9.7    10.9     0.3     3.66 R    14.5     3.3    10.8    99.9    93.2    96.5   0.240   0.222   0.200   0.215   0.173    12.7    12.8    13.1    13.6    14.5
63857 20101125  2.402  -85.96   34.29    21.4    12.6    17.0    17.1     3.5     8.88 R    26.8    12.8    17.3    95.2    58.0    83.0   0.236   0.221   0.201   0.215   0.174    14.3    14.0    13.8    13.8    14.6
63857 20101126  2.402  -85.96   34.29    12.6    -1.3     5.6     5.3     8.2     2.69 R    12.8    -2.9     5.2    94.2    62.6    81.4   0.270   0.244   0.225   0.216   0.175    13.2    13.4    13.7    14.2    14.7
63857 20101127  2.402  -85.96   34.29    10.5    -4.0     3.3     2.5     0.0    13.01 R    16.9    -5.9     1.7    90.4    35.3    65.4   0.253   0.236   0.228   0.221   0.177    10.3    10.9    11.7    13.2    14.7
63857 20101128  2.402  -85.96   34.29    10.6    -4.1     3.3     4.3     0.0    10.98 R    18.4    -6.5     3.8    91.1    44.5    63.7   0.241   0.228   0.222   0.221   0.179     9.1     9.6    10.4    12.2    14.4
63857 20101129  2.402  -85.96   34.29     9.8     4.8     7.3     7.5    26.7     2.74 R    11.0     3.3     7.6    94.7    57.3    74.9   0.251   0.230   0.222   0.227   0.182     9.6     9.9    10.4    11.7    13.9
63857 20101130  2.402  -85.96   34.29    18.0     0.9     9.4     9.9    62.5     1.56 R    17.6     0.6     9.8    95.4    74.9    90.1   0.310   0.261   0.245   0.286   0.228    11.5    11.4    11.3    11.7    13.5
63857 20101201  2.402  -85.96   34.29     6.0    -3.9     1.0     0.9     0.0    12.60 R    10.4    -6.4     0.4    88.2    36.7    63.0   0.276   0.245   0.236   0.276   0.257     9.2     9.7    10.4    11.8    13.4
63857 20101202  2.402  -85.96   34.29     8.5    -4.9     1.8     1.5     0.0    12.32 R    18.0    -7.0     1.6    88.9    29.6    65.4   0.259   0.236   0.230   0.268   0.260     7.7     8.3     9.1    10.9    13.3
63857 20101203  2.402  -85.96   34.29    13.2    -2.5     5.3     4.5     0.0    11.49 R    21.6    -4.6     3.4    86.3    34.8    63.7   0.250   0.230   0.226   0.264   0.262     7.7     8.1     8.8    10.4    13.0
63857 20101204  2.402  -85.96   34.29    12.1     0.0     6.1     7.2     0.4     1.33 R    12.9    -2.9     6.3    91.6    60.2    74.9   0.245   0.227   0.223   0.262   0.264     8.3     8.5     8.9    10.2    12.7
63857 20101205  2.402  -85.96   34.29     3.4    -1.2     1.1     1.1     0.0     4.76 R     9.0    -1.0     1.8    78.7    50.3    62.4   0.241   0.224   0.220   0.260   0.265     8.0     8.4     9.0    10.3    12.5
63857 20101206  2.402  -85.96   34.29     1.6    -4.8    -1.6    -1.9     0.0    11.97 R     7.8    -7.5    -1.1    66.3    40.3    55.8   0.235   0.220   0.217   0.259   0.267     6.8     7.3     8.1     9.9    12.4
63857 20101207  2.402  -85.96   34.29     1.7    -6.2    -2.2    -3.0     0.0    12.06 R     9.0    -9.0    -2.7    72.1    38.1    59.8   0.230   0.217   0.214   0.257   0.268     5.9     6.4     7.3     9.3    12.1
63857 20101208  2.402  -85.96   34.29    -0.9    -6.9    -3.9    -4.1     0.0     5.11 R     4.8    -9.9    -4.1    73.6    39.4    59.1   0.227   0.214   0.211   0.255   0.269     5.1     5.7     6.6     8.7    11.7
63857 20101209  2.402  -85.96   34.29     6.6    -9.5    -1.5    -1.7     0.0    11.58 R    15.3   -11.7    -1.9    79.4    26.7    53.4   0.224   0.211   0.208   0.254   0.270     4.6     5.2     6.1     8.2    11.4
63857 20101210  2.402  -85.96   34.29     9.4    -4.9     2.2     3.3     0.0    10.75 R    16.6    -8.0     3.6    71.0    28.1    47.1   0.221   0.208   0.205   0.253   0.271     5.3     5.6     6.2     8.0    11.1
63857 20101211  2.402  -85.96   34.29     9.6     4.7     7.2     7.0    17.6     4.65 R    13.3     4.0     7.1    93.8    34.0    48.5   0.227   0.210   0.204   0.253   0.271     6.8     7.0     7.3     8.3    10.9
63857 20101212  2.402  -85.96   34.29     6.8    -5.7     0.5    -1.7     1.8     3.24 R     6.3    -6.2    -1.6    94.1    58.9    74.9   0.282   0.245   0.233   0.266   0.273     6.2     6.6     7.3     8.6    10.8
63857 20101213  2.402  -85.96   34.29    -4.2    -9.6    -6.9    -7.1     0.0    10.82 R    -1.5   -11.7    -7.1    81.1    56.8    68.0   0.263   0.236   0.230   0.263   0.275     4.3     5.0     5.9     8.0    10.8
63857 20101214  2.402  -85.96   34.29    -1.8   -12.1    -6.9    -6.4     0.0    11.74 R     3.6   -13.6    -5.7    79.6    42.1    62.7   0.255   0.231   0.226   0.261   0.276     3.5     4.1     5.0     7.3    10.4
63857 20101215  2.402  -85.96   34.29    -0.6    -3.6    -2.1    -2.8     1.3     1.63 R     0.1    -3.8    -2.1    92.3    46.7    70.5   0.252   0.229   0.223   0.260   0.277     3.9     4.3     5.0     6.9    10.1
63857 20101216  2.402  -85.96   34.29    15.9    -0.6     7.6     7.6     5.6     1.29 R    15.6    -0.6     7.2    92.7    79.5    86.8   0.274   0.239   0.227   0.260   0.277     5.8     5.6     5.8     7.0     9.8
63857 20101217  2.402  -85.96   34.29     4.1    -1.0     1.5     1.4     0.0     7.75 R    10.5    -2.1     2.2    86.3    65.2    77.8   0.273   0.242   0.231   0.263   0.279     6.3     6.5     6.8     7.7     9.8
63857 20101218  2.402  -85.96   34.29     8.2    -2.8     2.7     1.7     0.0     9.99 R    16.1    -5.0     2.6    82.2    49.4    71.8   0.262   0.236   0.228   0.263   0.279     6.1     6.3     6.7     7.8     9.9
63857 20101219  2.402  -85.96   34.29     7.7    -4.2     1.8     0.3     0.0    11.36 R    15.0    -6.9     0.0    84.7    30.8    61.7   0.255   0.232   0.226   0.262   0.280     5.4     5.8     6.3     7.7     9.9
63857 20101220  2.402  -85.96   34.29     8.5    -5.4     1.5     2.5     0.0     9.88 R    17.5    -7.5     2.9    84.0    39.8    58.4   0.249   0.228   0.223   0.261   0.281     5.0     5.3     5.9     7.4     9.8
63857 20101221  2.402  -85.96   34.29    13.5     4.9     9.2     9.2     0.0     1.81 R    13.2     4.1     8.9    85.3    44.1    70.0   0.245   0.225   0.221   0.261   0.281     6.7     6.7     6.8     7.6     9.7
63857 20101222  2.402  -85.96   34.29    15.0    -2.1     6.5     8.8     0.0     7.10 R    17.8    -3.4     8.9    92.4    54.8    74.1   0.243   0.223   0.219   0.261   0.283     8.5     8.3     8.2     8.4     9.8
63857 20101223  2.402  -85.96   34.29     5.4    -2.4     1.5     0.4     0.0    10.89 R    13.3    -4.3     1.0    76.6    41.1    62.1   0.239   0.221   0.217   0.260   0.283     6.5     6.9     7.4     8.5    10.0
63857 20101224  2.402  -85.96   34.29     8.4    -4.8     1.8     1.1     0.0    11.22 R    16.8    -7.2     1.7    81.7    33.0    60.6   0.234   0.218   0.215   0.259   0.284     5.9     6.2     6.8     8.1    10.0
63857 20101225  2.402  -85.96   34.29     3.1    -2.3     0.4     0.4     7.2     1.38 R     3.8    -2.5     0.3    95.2    55.6    80.6   0.234   0.217   0.212   0.259   0.284     5.8     6.1     6.6     7.9     9.9
63857 20101226  2.402  -85.96   34.29    -2.3    -4.2    -3.2    -3.2     0.0     6.95 R    -1.0    -6.1    -3.4    80.7    63.0    72.3   0.236   0.217   0.212   0.258   0.285     4.6     5.1     5.9     7.6     9.8
63857 20101227  2.402  -85.96   34.29     1.0    -6.6    -2.8    -2.6     0.0    10.88 R     2.4   -10.8    -3.7    80.5    54.2    67.7   0.234   0.217   0.211   0.258   0.286     4.1     4.5     5.2     7.0     9.6
63857 20101228  2.402  -85.96   34.29     4.5   -10.3    -2.9    -2.9     0.0    11.63 R     7.7   -13.6    -4.3    90.6    41.1    71.7   0.241   0.222   0.212   0.257   0.286     3.3     3.9     4.6     6.6     9.4
63857 20101229  2.402  -85.96   34.29     7.5    -3.1     2.2     3.0     0.0     4.15 R    13.3    -5.7     3.0    84.6    47.4    64.0   0.252   0.228   0.215   0.256   0.287     4.2     4.4     4.9     6.3     9.1
63857 20101230  2.402  -85.96   34.29    10.0     4.8     7.4     7.4     0.0     3.70 R    14.4     4.1     7.3    70.6    53.0    61.4   0.252   0.227   0.216   0.257   0.287     5.6     5.6     5.8     6.7     9.0
63857 20101231  2.402  -85.96   34.29    20.1     7.7    13.9    12.8     6.7     9.61 R    23.8     7.0    13.3    89.1    48.8    61.7   0.253   0.227   0.215   0.257   0.288     7.5     7.2     7.0     7.3     9.0
