54794 20100101  1.302  -70.93   43.17     0.4    -3.9    -1.8    -2.0     0.8     1.61 R     0.6    -6.0    -2.1 -9999.0 -9999.0 -9999.0 -99.000 -99.000 -99.000 -99.000 -99.000 -9999.0 -9999.0 -9999.0 -9999.0 -9999.0
54794 20100102  1.302  -70.93   43.17    -2.7    -7.0    -4.8    -4.1     7.8     2.55 R    -2.7    -7.4    -4.4 -9999.0 -9999.0 -9999.0 -99.000 -99.000 -99.000 -99.000 -99.000 -9999.0 -9999.0 -9999.0 -9999.0 -9999.0
54794 20100103  1.302  -70.93   43.17    -0.4    -8.3    -4.3    -3.9     2.7     3.25 R     0.1    -8.3    -4.5 -9999.0 -9999.0 -9999.0 -99.000 -99.000 -99.000 -99.000 -99.000 -9999.0 -9999.0 -9999.0 -9999.0 -9999.0
54794 20100104  1.302  -70.93   43.17    -0.3    -3.5    -1.9    -1.9     0.0     5.77 R    -0.7    -8.5    -4.4 -9999.0 -9999.0 -9999.0 -99.000 -99.000 -99.000 -99.000 -99.000 -9999.0 -9999.0 -9999.0 -9999.0 -9999.0
54794 20100105  1.302  -70.93   43.17     0.7    -5.5    -2.4    -2.5     0.2     4.74 R     0.0   -10.0    -3.6 -9999.0 -9999.0 -9999.0 -99.000 -99.000 -99.000 -99.000 -99.000 -9999.0 -9999.0 -9999.0 -9999.0 -9999.0
54794 20100106  1.302  -70.93   43.17    -0.4    -6.8    -3.6    -3.2     0.0     8.29 R    -1.6   -12.8    -5.8 -9999.0 -9999.0 -9999.0 -99.000 -99.000 -99.000 -99.000 -99.000 -9999.0 -9999.0 -9999.0 -9999.0 -9999.0
54794 20100107  1.302  -70.93   43.17     2.2    -4.5    -1.1    -1.7     0.0     8.60 R     0.3   -10.1    -5.1 -9999.0 -9999.0 -9999.0 -99.000 -99.000 -99.000 -99.000 -99.000 -9999.0 -9999.0 -9999.0 -9999.0 -9999.0
54794 20100108  1.302  -70.93   43.17    -4.4   -10.1    -7.2    -6.4     2.5     3.96 R    -2.7   -13.5    -7.4 -9999.0 -9999.0 -9999.0 -99.000 -99.000 -99.000 -99.000 -99.000 -9999.0 -9999.0 -9999.0 -9999.0 -9999.0
54794 20100109  1.302  -70.93   43.17    -5.0   -13.8    -9.4    -8.1     0.2     9.08 R    -5.2   -19.6   -11.8 -9999.0 -9999.0 -9999.0 -99.000 -99.000 -99.000 -99.000 -99.000 -9999.0 -9999.0 -9999.0 -9999.0 -9999.0
54794 20100110  1.302  -70.93   43.17    -3.8   -19.7   -11.7   -10.9     0.0     8.53 R    -4.5   -22.6   -14.1 -9999.0 -9999.0 -9999.0 -99.000 -99.000 -99.000 -99.000 -99.000 -9999.0 -9999.0 -9999.0 -9999.0 -9999.0
54794 20100111  1.302  -70.93   43.17     0.1   -11.2    -5.6    -4.6     0.0     6.88 R    -0.7   -16.1    -7.9 -9999.0 -9999.0 -9999.0 -99.000 -99.000 -99.000 -99.000 -99.000 -9999.0 -9999.0 -9999.0 -9999.0 -9999.0
54794 20100112  1.302  -70.93   43.17    -1.7   -11.2    -6.5    -5.1     0.0     6.70 R    -1.9   -16.2    -7.7 -9999.0 -9999.0 -9999.0 -99.000 -99.000 -99.000 -99.000 -99.000 -9999.0 -9999.0 -9999.0 -9999.0 -9999.0
54794 20100113  1.302  -70.93   43.17    -3.6   -14.7    -9.2    -8.1     0.0     8.43 R    -2.3   -18.5   -10.9 -9999.0 -9999.0 -9999.0 -99.000 -99.000 -99.000 -99.000 -99.000 -9999.0 -9999.0 -9999.0 -9999.0 -9999.0
54794 20100114  1.302  -70.93   43.17     0.2   -14.3    -7.1    -6.4     0.0     9.22 R     0.1   -16.9    -8.5 -9999.0 -9999.0 -9999.0 -99.000 -99.000 -99.000 -99.000 -99.000 -9999.0 -9999.0 -9999.0 -9999.0 -9999.0
54794 20100115  1.302  -70.93   43.17     6.0    -4.6     0.7     1.8     0.0     3.37 R     2.8    -7.7    -1.5 -9999.0 -9999.0 -9999.0 -99.000 -99.000 -99.000 -99.000 -99.000 -9999.0 -9999.0 -9999.0 -9999.0 -9999.0
54794 20100116  1.302  -70.93   43.17     8.3    -3.1     2.6     2.3     0.0     9.07 R     6.1    -6.0    -1.3 -9999.0 -9999.0 -9999.0 -99.000 -99.000 -99.000 -99.000 -99.000 -9999.0 -9999.0 -9999.0 -9999.0 -9999.0
54794 20100117  1.302  -70.93   43.17     2.3    -4.8    -1.2    -0.5     7.9     1.97 R     2.3    -6.6    -1.4 -9999.0 -9999.0 -9999.0 -99.000 -99.000 -99.000 -99.000 -99.000 -9999.0 -9999.0 -9999.0 -9999.0 -9999.0
54794 20100118  1.302  -70.93   43.17    -0.6    -3.2    -1.9    -1.9    13.6     3.10 R    -0.6    -3.3    -2.2 -9999.0 -9999.0 -9999.0 -99.000 -99.000 -99.000 -99.000 -99.000 -9999.0 -9999.0 -9999.0 -9999.0 -9999.0
54794 20100119  1.302  -70.93   43.17    -0.3    -2.8    -1.6    -1.7    10.2     1.40 R    -0.3    -4.3    -1.9 -9999.0 -9999.0 -9999.0 -99.000 -99.000 -99.000 -99.000 -99.000 -9999.0 -9999.0 -9999.0 -9999.0 -9999.0
54794 20100120  1.302  -70.93   43.17     1.1    -5.0    -2.0    -1.7     1.0     4.66 R     0.8   -11.4    -5.0 -9999.0 -9999.0 -9999.0 -99.000 -99.000 -99.000 -99.000 -99.000 -9999.0 -9999.0 -9999.0 -9999.0 -9999.0
54794 20100121  1.302  -70.93   43.17     1.6    -8.8    -3.6    -3.3     0.0     9.61 R     1.3   -16.0    -8.7 -9999.0 -9999.0 -9999.0 -99.000 -99.000 -99.000 -99.000 -99.000 -9999.0 -9999.0 -9999.0 -9999.0 -9999.0
54794 20100122  1.302  -70.93   43.17     1.5   -13.5    -6.0    -5.7     0.0     8.92 R    -0.7   -18.1   -11.0 -9999.0 -9999.0 -9999.0 -99.000 -99.000 -99.000 -99.000 -99.000 -9999.0 -9999.0 -9999.0 -9999.0 -9999.0
54794 20100123  1.302  -70.93   43.17     1.1   -14.3    -6.6    -7.4     0.0    10.30 R    -1.4   -20.4   -12.6 -9999.0 -9999.0 -9999.0 -99.000 -99.000 -99.000 -99.000 -99.000 -9999.0 -9999.0 -9999.0 -9999.0 -9999.0
54794 20100124  1.302  -70.93   43.17     2.9   -10.7    -3.9    -3.3     2.3     6.18 R     0.6   -13.2    -4.8 -9999.0 -9999.0 -9999.0 -99.000 -99.000 -99.000 -99.000 -99.000 -9999.0 -9999.0 -9999.0 -9999.0 -9999.0
54794 20100125  1.302  -70.93   43.17    10.4     0.2     5.3     5.9    23.6     0.75 R     7.2     0.0     2.6 -9999.0 -9999.0 -9999.0 -99.000 -99.000 -99.000 -99.000 -99.000 -9999.0 -9999.0 -9999.0 -9999.0 -9999.0
54794 20100126  1.302  -70.93   43.17     9.3    -1.1     4.1     3.7     0.0     8.42 R     9.5    -4.3     1.2 -9999.0 -9999.0 -9999.0 -99.000 -99.000 -99.000 -99.000 -99.000 -9999.0 -9999.0 -9999.0 -9999.0 -9999.0
54794 20100127  1.302  -70.93   43.17     5.8    -2.5     1.6     0.8     0.0     9.34 R    11.4    -5.6    -0.7 -9999.0 -9999.0 -9999.0 -99.000 -99.000 -99.000 -99.000 -99.000 -9999.0 -9999.0 -9999.0 -9999.0 -9999.0
54794 20100128  1.302  -70.93   43.17     0.4    -7.9    -3.8    -2.9     1.0     4.30 R     5.3   -11.0    -3.5 -9999.0 -9999.0 -9999.0 -99.000 -99.000 -99.000 -99.000 -99.000 -9999.0 -9999.0 -9999.0 -9999.0 -9999.0
54794 20100129  1.302  -70.93   43.17    -7.9   -15.1   -11.5   -11.0     0.0    11.16 R    -2.7   -15.3   -10.7 -9999.0 -9999.0 -9999.0 -99.000 -99.000 -99.000 -99.000 -99.000 -9999.0 -9999.0 -9999.0 -9999.0 -9999.0
54794 20100130  1.302  -70.93   43.17    -6.3   -17.4   -11.8   -12.1     0.0    10.19 R     1.1   -16.9   -10.2 -9999.0 -9999.0 -9999.0 -99.000 -99.000 -99.000 -99.000 -99.000 -9999.0 -9999.0 -9999.0 -9999.0 -9999.0
54794 20100131  1.302  -70.93   43.17    -3.0   -15.7    -9.4    -8.8     0.0    11.19 R     4.3   -15.9    -8.0 -9999.0 -9999.0 -9999.0 -99.000 -99.000 -99.000 -99.000 -99.000 -9999.0 -9999.0 -9999.0 -9999.0 -9999.0
54794 20100201  1.302  -70.93   43.17     0.0    -7.8    -3.9    -4.3     0.0    11.16 R     6.5   -10.6    -4.8 -9999.0 -9999.0 -9999.0 -99.000 -99.000 -99.000 -99.000 -99.000 -9999.0 -9999.0 -9999.0 -9999.0 -9999.0
54794 20100202  1.302  -70.93   43.17    -1.1   -12.0    -6.6    -5.7     0.0    10.67 R     7.5   -12.9    -5.3 -9999.0 -9999.0 -9999.0 -99.000 -99.000 -99.000 -99.000 -99.000 -9999.0 -9999.0 -9999.0 -9999.0 -9999.0
54794 20100203  1.302  -70.93   43.17     0.2    -8.5    -4.1    -4.4     0.2     7.46 R     7.6    -8.9    -3.9 -9999.0 -9999.0 -9999.0 -99.000 -99.000 -99.000 -99.000 -99.000 -9999.0 -9999.0 -9999.0 -9999.0 -9999.0
54794 20100204  1.302  -70.93   43.17    -1.7    -9.8    -5.8    -4.7     0.0    12.14 R     5.9   -12.3    -5.2 -9999.0 -9999.0 -9999.0 -99.000 -99.000 -99.000 -99.000 -99.000 -9999.0 -9999.0 -9999.0 -9999.0 -9999.0
54794 20100205  1.302  -70.93   43.17    -0.5   -11.9    -6.2    -5.8     0.0    11.74 R     7.6   -13.7    -5.6 -9999.0 -9999.0 -9999.0 -99.000 -99.000 -99.000 -99.000 -99.000 -9999.0 -9999.0 -9999.0 -9999.0 -9999.0
54794 20100206  1.302  -70.93   43.17    -3.6   -11.3    -7.4    -8.0     0.0     9.51 R     5.6   -13.2    -7.3 -9999.0 -9999.0 -9999.0 -99.000 -99.000 -99.000 -99.000 -99.000 -9999.0 -9999.0 -9999.0 -9999.0 -9999.0
54794 20100207  1.302  -70.93   43.17    -1.9   -11.5    -6.7    -6.6     0.0    12.17 R     5.9   -13.5    -5.8 -9999.0 -9999.0 -9999.0 -99.000 -99.000 -99.000 -99.000 -99.000 -9999.0 -9999.0 -9999.0 -9999.0 -9999.0
54794 20100208  1.302  -70.93   43.17    -1.3    -7.2    -4.2    -4.6     0.0    10.75 R     6.9    -9.6    -4.3 -9999.0 -9999.0 -9999.0 -99.000 -99.000 -99.000 -99.000 -99.000 -9999.0 -9999.0 -9999.0 -9999.0 -9999.0
54794 20100209  1.302  -70.93   43.17     4.6    -6.8    -1.1    -2.2     0.0    12.48 R    12.2    -9.7    -1.9 -9999.0 -9999.0 -9999.0 -99.000 -99.000 -99.000 -99.000 -99.000 -9999.0 -9999.0 -9999.0 -9999.0 -9999.0
54794 20100210  1.302  -70.93   43.17     0.4    -3.9    -1.8    -1.1     0.8     3.05 R     1.4    -6.0    -1.8 -9999.0 -9999.0 -9999.0 -99.000 -99.000 -99.000 -99.000 -99.000 -9999.0 -9999.0 -9999.0 -9999.0 -9999.0
54794 20100211  1.302  -70.93   43.17     4.8    -3.0     0.9     0.3     0.0    12.43 R    11.9    -6.8    -0.1 -9999.0 -9999.0 -9999.0 -99.000 -99.000 -99.000 -99.000 -99.000 -9999.0 -9999.0 -9999.0 -9999.0 -9999.0
54794 20100212  1.302  -70.93   43.17     2.8    -5.8    -1.5    -1.6     0.0    13.33 R    11.8    -8.5    -1.8 -9999.0 -9999.0 -9999.0 -99.000 -99.000 -99.000 -99.000 -99.000 -9999.0 -9999.0 -9999.0 -9999.0 -9999.0
54794 20100213  1.302  -70.93   43.17     3.3    -7.4    -2.1    -2.2     0.0    11.03 R    11.4    -9.6    -1.8 -9999.0 -9999.0 -9999.0 -99.000 -99.000 -99.000 -99.000 -99.000 -9999.0 -9999.0 -9999.0 -9999.0 -9999.0
54794 20100214  1.302  -70.93   43.17     3.1    -3.3    -0.1    -0.3     0.0    10.28 R    13.4    -4.7     0.0 -9999.0 -9999.0 -9999.0 -99.000 -99.000 -99.000 -99.000 -99.000 -9999.0 -9999.0 -9999.0 -9999.0 -9999.0
54794 20100215  1.302  -70.93   43.17     5.1    -3.6     0.7     1.1     0.0    12.84 R    13.3    -6.4     0.9 -9999.0 -9999.0 -9999.0 -99.000 -99.000 -99.000 -99.000 -99.000 -9999.0 -9999.0 -9999.0 -9999.0 -9999.0
54794 20100216  1.302  -70.93   43.17     1.3    -5.2    -2.0    -1.4    15.5     3.38 R     4.4    -7.4    -1.4 -9999.0 -9999.0 -9999.0 -99.000 -99.000 -99.000 -99.000 -99.000 -9999.0 -9999.0 -9999.0 -9999.0 -9999.0
54794 20100217  1.302  -70.93   43.17     2.3    -6.9    -2.3    -1.1     8.8     9.89 R     1.5   -13.0    -4.2 -9999.0 -9999.0 -9999.0 -99.000 -99.000 -99.000 -99.000 -99.000 -9999.0 -9999.0 -9999.0 -9999.0 -9999.0
54794 20100218  1.302  -70.93   43.17     7.5    -0.9     3.3     2.8     0.0    12.07 R     2.7    -5.4    -0.7 -9999.0 -9999.0 -9999.0 -99.000 -99.000 -99.000 -99.000 -99.000 -9999.0 -9999.0 -9999.0 -9999.0 -9999.0
54794 20100219  1.302  -70.93   43.17     4.1    -1.6     1.3     1.2     0.0    12.02 R     5.7    -4.4    -0.5 -9999.0 -9999.0 -9999.0 -99.000 -99.000 -99.000 -99.000 -99.000 -9999.0 -9999.0 -9999.0 -9999.0 -9999.0
54794 20100220  1.302  -70.93   43.17     8.6    -0.4     4.1     2.8     0.0     9.08 R    11.8    -3.7     0.8 -9999.0 -9999.0 -9999.0 -99.000 -99.000 -99.000 -99.000 -99.000 -9999.0 -9999.0 -9999.0 -9999.0 -9999.0
54794 20100221  1.302  -70.93   43.17     2.9    -1.9     0.5     0.3     0.0    13.09 R    10.2    -5.5    -0.2 -9999.0 -9999.0 -9999.0 -99.000 -99.000 -99.000 -99.000 -99.000 -9999.0 -9999.0 -9999.0 -9999.0 -9999.0
54794 20100222  1.302  -70.93   43.17     7.8    -2.0     2.9     2.1     0.0    12.39 R    17.6    -5.4     1.7 -9999.0 -9999.0 -9999.0 -99.000 -99.000 -99.000 -99.000 -99.000 -9999.0 -9999.0 -9999.0 -9999.0 -9999.0
54794 20100223  1.302  -70.93   43.17     3.1    -1.1     1.0     1.4     0.0     4.24 R     6.9    -3.8     1.1 -9999.0 -9999.0 -9999.0 -99.000 -99.000 -99.000 -99.000 -99.000 -9999.0 -9999.0 -9999.0 -9999.0 -9999.0
54794 20100224  1.302  -70.93   43.17     4.2     0.9     2.5     2.9    60.3     1.11 R     3.7     0.0     2.2 -9999.0 -9999.0 -9999.0 -99.000 -99.000 -99.000 -99.000 -99.000 -9999.0 -9999.0 -9999.0 -9999.0 -9999.0
54794 20100225  1.302  -70.93   43.17     5.4     4.0     4.7     4.6    82.7     1.23 R     5.2     3.3     4.2 -9999.0 -9999.0 -9999.0 -99.000 -99.000 -99.000 -99.000 -99.000 -9999.0 -9999.0 -9999.0 -9999.0 -9999.0
54794 20100226  1.302  -70.93   43.17     5.8     1.7     3.7     3.7     7.0     7.54 R    11.3    -0.3     3.2 -9999.0 -9999.0 -9999.0 -99.000 -99.000 -99.000 -99.000 -99.000 -9999.0 -9999.0 -9999.0 -9999.0 -9999.0
54794 20100227  1.302  -70.93   43.17     2.6    -0.2     1.2     0.6     9.8     6.16 R     1.6    -3.0     0.0 -9999.0 -9999.0 -9999.0 -99.000 -99.000 -99.000 -99.000 -99.000 -9999.0 -9999.0 -9999.0 -9999.0 -9999.0
54794 20100228  1.302  -70.93   43.17     2.6    -1.1     0.7     0.6     1.0     5.25 R     5.5    -1.5     0.7 -9999.0 -9999.0 -9999.0 -99.000 -99.000 -99.000 -99.000 -99.000 -9999.0 -9999.0 -9999.0 -9999.0 -9999.0
54794 20100301  1.302  -70.93   43.17     8.9     0.5     4.7     4.3     5.1     6.30 R    11.6    -0.1     3.5 -9999.0 -9999.0 -9999.0 -99.000 -99.000 -99.000 -99.000 -99.000 -9999.0 -9999.0 -9999.0 -9999.0 -9999.0
54794 20100302  1.302  -70.93   43.17 -9999.0 -9999.0 -9999.0 -9999.0     0.0    14.83 R    19.8    -3.8     3.2 -9999.0 -9999.0 -9999.0 -99.000 -99.000 -99.000 -99.000 -99.000 -9999.0 -9999.0 -9999.0 -9999.0 -9999.0
54794 20100303  1.302  -70.93   43.17 -9999.0 -9999.0 -9999.0 -9999.0     0.0     3.13 R     5.5    -4.3     0.6 -9999.0 -9999.0 -9999.0 -99.000 -99.000 -99.000 -99.000 -99.000 -9999.0 -9999.0 -9999.0 -9999.0 -9999.0
54794 20100304  1.302  -70.93   43.17 -9999.0 -9999.0 -9999.0 -9999.0     0.3     5.95 R     6.3    -0.3     1.9 -9999.0 -9999.0 -9999.0 -99.000 -99.000 -99.000 -99.000 -99.000 -9999.0 -9999.0 -9999.0 -9999.0 -9999.0
54794 20100305  1.302  -70.93   43.17 -9999.0 -9999.0 -9999.0 -9999.0     0.0    15.18 R    15.8    -6.3     2.2 -9999.0 -9999.0 -9999.0 -99.000 -99.000 -99.000 -99.000 -99.000 -9999.0 -9999.0 -9999.0 -9999.0 -9999.0
54794 20100306  1.302  -70.93   43.17 -9999.0 -9999.0 -9999.0 -9999.0     0.0    17.51 R    21.8    -6.5     3.8 -9999.0 -9999.0 -9999.0 -99.000 -99.000 -99.000 -99.000 -99.000 -9999.0 -9999.0 -9999.0 -9999.0 -9999.0
54794 20100307  1.302  -70.93   43.17    13.4    -3.8     4.8     6.1     0.0    17.64 R    21.5    -6.0     5.0 -9999.0 -9999.0 -9999.0 -99.000 -99.000 -99.000 -99.000 -99.000 -9999.0 -9999.0 -9999.0 -9999.0 -9999.0
54794 20100308  1.302  -70.93   43.17    13.3     1.9     7.6     7.8     0.0    17.68 R    22.4    -2.7     6.5 -9999.0 -9999.0 -9999.0 -99.000 -99.000 -99.000 -99.000 -99.000 -9999.0 -9999.0 -9999.0 -9999.0 -9999.0
54794 20100309  1.302  -70.93   43.17     8.6    -3.3     2.7     3.6     0.0    18.20 R    18.9    -6.4     2.8 -9999.0 -9999.0 -9999.0 -99.000 -99.000 -99.000 -99.000 -99.000 -9999.0 -9999.0 -9999.0 -9999.0 -9999.0
54794 20100310  1.302  -70.93   43.17    10.6    -6.0     2.3     1.2     0.0    18.99 R    20.2    -7.5     2.4 -9999.0 -9999.0 -9999.0 -99.000 -99.000 -99.000 -99.000 -99.000 -9999.0 -9999.0 -9999.0 -9999.0 -9999.0
54794 20100311  1.302  -70.93   43.17     7.8    -4.2     1.8     1.7     2.7     9.73 R    20.3    -5.6     3.1 -9999.0 -9999.0 -9999.0 -99.000 -99.000 -99.000 -99.000 -99.000 -9999.0 -9999.0 -9999.0 -9999.0 -9999.0
54794 20100312  1.302  -70.93   43.17     5.6    -1.8     1.9     2.8     0.2     5.98 R    10.9    -3.5     3.1 -9999.0 -9999.0 -9999.0 -99.000 -99.000 -99.000 -99.000 -99.000 -9999.0 -9999.0 -9999.0 -9999.0 -9999.0
54794 20100313  1.302  -70.93   43.17     5.8    -1.7     2.0     2.2     9.8     8.51 R     8.6    -3.4     2.4 -9999.0 -9999.0 -9999.0 -99.000 -99.000 -99.000 -99.000 -99.000 -9999.0 -9999.0 -9999.0 -9999.0 -9999.0
54794 20100314  1.302  -70.93   43.17     4.9     1.7     3.3     3.4   107.1     1.48 R     4.5     1.1     3.1 -9999.0 -9999.0 -9999.0 -99.000 -99.000 -99.000 -99.000 -99.000 -9999.0 -9999.0 -9999.0 -9999.0 -9999.0
54794 20100315  1.302  -70.93   43.17     6.7     2.8     4.7     4.4    36.8     2.57 R     4.7     0.3     3.4 -9999.0 -9999.0 -9999.0 -99.000 -99.000 -99.000 -99.000 -99.000 -9999.0 -9999.0 -9999.0 -9999.0 -9999.0
54794 20100316  1.302  -70.93   43.17    14.6    -2.2     6.2     5.8     0.0    20.19 R    21.7    -3.4     5.4 -9999.0 -9999.0 -9999.0 -99.000 -99.000 -99.000 -99.000 -99.000 -9999.0 -9999.0 -9999.0 -9999.0 -9999.0
54794 20100317  1.302  -70.93   43.17    17.9    -2.7     7.6     8.4     0.0    20.09 R    25.5    -4.1     7.8 -9999.0 -9999.0 -9999.0 -99.000 -99.000 -99.000 -99.000 -99.000 -9999.0 -9999.0 -9999.0 -9999.0 -9999.0
54794 20100318  1.302  -70.93   43.17    17.5     4.1    10.8    10.5     0.0    16.89 R    26.5    -0.3     9.6 -9999.0 -9999.0 -9999.0 -99.000 -99.000 -99.000 -99.000 -99.000 -9999.0 -9999.0 -9999.0 -9999.0 -9999.0
54794 20100319  1.302  -70.93   43.17    17.4     0.5     8.9     8.7     0.0    19.31 R    27.7    -1.3     9.4 -9999.0 -9999.0 -9999.0 -99.000 -99.000 -99.000 -99.000 -99.000 -9999.0 -9999.0 -9999.0 -9999.0 -9999.0
54794 20100320  1.302  -70.93   43.17    21.2     0.7    10.9    12.1     0.0    19.06 R    28.7    -0.7    11.6 -9999.0 -9999.0 -9999.0 -99.000 -99.000 -99.000 -99.000 -99.000 -9999.0 -9999.0 -9999.0 -9999.0 -9999.0
54794 20100321  1.302  -70.93   43.17    10.2     2.5     6.3     6.1     0.0    10.53 R    18.4     1.8     6.8 -9999.0 -9999.0 -9999.0 -99.000 -99.000 -99.000 -99.000 -99.000 -9999.0 -9999.0 -9999.0 -9999.0 -9999.0
54794 20100322  1.302  -70.93   43.17     7.9     0.6     4.2     4.1     2.1     5.70 R    13.6     0.0     5.3 -9999.0 -9999.0 -9999.0 -99.000 -99.000 -99.000 -99.000 -99.000 -9999.0 -9999.0 -9999.0 -9999.0 -9999.0
54794 20100323  1.302  -70.93   43.17     5.7     4.6     5.1     5.0    56.7     1.90 R     6.7     4.4     5.0 -9999.0 -9999.0 -9999.0 -99.000 -99.000 -99.000 -99.000 -99.000 -9999.0 -9999.0 -9999.0 -9999.0 -9999.0
54794 20100324  1.302  -70.93   43.17     6.7    -0.7     3.0     4.4     3.0    11.99 R    16.0    -2.7     4.2 -9999.0 -9999.0 -9999.0 -99.000 -99.000 -99.000 -99.000 -99.000 -9999.0 -9999.0 -9999.0 -9999.0 -9999.0
54794 20100325  1.302  -70.93   43.17    15.4    -1.7     6.8     8.1     0.2    15.67 R    23.2    -3.5     7.9 -9999.0 -9999.0 -9999.0 -99.000 -99.000 -99.000 -99.000 -99.000 -9999.0 -9999.0 -9999.0 -9999.0 -9999.0
54794 20100326  1.302  -70.93   43.17     8.1    -3.8     2.1     2.0     7.4    16.65 R    10.8    -5.7     3.2 -9999.0 -9999.0 -9999.0 -99.000 -99.000 -99.000 -99.000 -99.000 -9999.0 -9999.0 -9999.0 -9999.0 -9999.0
54794 20100327  1.302  -70.93   43.17     2.9    -7.1    -2.1    -2.4     0.0    21.81 R    16.2    -8.4     0.5 -9999.0 -9999.0 -9999.0 -99.000 -99.000 -99.000 -99.000 -99.000 -9999.0 -9999.0 -9999.0 -9999.0 -9999.0
54794 20100328  1.302  -70.93   43.17     4.9    -3.8     0.6     1.9     0.0    17.04 R    14.6    -5.6     3.3 -9999.0 -9999.0 -9999.0 -99.000 -99.000 -99.000 -99.000 -99.000 -9999.0 -9999.0 -9999.0 -9999.0 -9999.0
54794 20100329  1.302  -70.93   43.17    12.0     4.1     8.0     8.5    29.3     1.01 R    11.2     3.7     8.1 -9999.0 -9999.0 -9999.0 -99.000 -99.000 -99.000 -99.000 -99.000 -9999.0 -9999.0 -9999.0 -9999.0 -9999.0
54794 20100330  1.302  -70.93   43.17     9.4     5.3     7.3     7.0    98.8     1.44 R     8.8     5.4     6.9 -9999.0 -9999.0 -9999.0 -99.000 -99.000 -99.000 -99.000 -99.000 -9999.0 -9999.0 -9999.0 -9999.0 -9999.0
54794 20100331  1.302  -70.93   43.17     8.7     6.4     7.6     7.4     3.3     4.27 R    10.6     4.6     7.7 -9999.0 -9999.0 -9999.0 -99.000 -99.000 -99.000 -99.000 -99.000 -9999.0 -9999.0 -9999.0 -9999.0 -9999.0
54794 20100401  1.302  -70.93   43.17    18.5     3.8    11.1    10.5     0.0    21.99 R    27.2     2.7    12.4 -9999.0 -9999.0 -9999.0 -99.000 -99.000 -99.000 -99.000 -99.000 -9999.0 -9999.0 -9999.0 -9999.0 -9999.0
54794 20100402  1.302  -70.93   43.17    17.8     1.6     9.7     8.7     0.0    22.36 R    28.1     1.1    11.0 -9999.0 -9999.0 -9999.0 -99.000 -99.000 -99.000 -99.000 -99.000 -9999.0 -9999.0 -9999.0 -9999.0 -9999.0
54794 20100403  1.302  -70.93   43.17    23.0     2.2    12.6    13.0     0.0    22.18 R    31.6     2.1    13.9 -9999.0 -9999.0 -9999.0 -99.000 -99.000 -99.000 -99.000 -99.000 -9999.0 -9999.0 -9999.0 -9999.0 -9999.0
54794 20100404  1.302  -70.93   43.17    23.8     9.6    16.7    17.1     0.0    21.29 R    31.4     7.3    16.0 -9999.0 -9999.0 -9999.0 -99.000 -99.000 -99.000 -99.000 -99.000 -9999.0 -9999.0 -9999.0 -9999.0 -9999.0
54794 20100405  1.302  -70.93   43.17    20.9     3.7    12.3    14.0     0.0    19.93 R    27.2     2.4    13.4 -9999.0 -9999.0 -9999.0 -99.000 -99.000 -99.000 -99.000 -99.000 -9999.0 -9999.0 -9999.0 -9999.0 -9999.0
54794 20100406  1.302  -70.93   43.17    17.7     8.0    12.9    12.9     0.8     6.55 R    22.8     6.4    12.0 -9999.0 -9999.0 -9999.0 -99.000 -99.000 -99.000 -99.000 -99.000 -9999.0 -9999.0 -9999.0 -9999.0 -9999.0
54794 20100407  1.302  -70.93   43.17    30.0     4.5    17.2    17.4     0.0    20.07 R    31.9     3.7    16.9 -9999.0 -9999.0 -9999.0 -99.000 -99.000 -99.000 -99.000 -99.000 -9999.0 -9999.0 -9999.0 -9999.0 -9999.0
54794 20100408  1.302  -70.93   43.17    17.5     6.6    12.1    11.2     0.0     7.72 R    16.9     7.2    11.8 -9999.0 -9999.0 -9999.0 -99.000 -99.000 -99.000 -99.000 -99.000 -9999.0 -9999.0 -9999.0 -9999.0 -9999.0
54794 20100409  1.302  -70.93   43.17    10.2     4.0     7.1     7.7    13.8     2.47 R    13.5     3.2     8.5 -9999.0 -9999.0 -9999.0 -99.000 -99.000 -99.000 -99.000 -99.000 -9999.0 -9999.0 -9999.0 -9999.0 -9999.0
54794 20100410  1.302  -70.93   43.17    13.7     2.3     8.0     8.0     0.0    22.19 R    21.1     0.5     8.4 -9999.0 -9999.0 -9999.0 -99.000 -99.000 -99.000 -99.000 -99.000 -9999.0 -9999.0 -9999.0 -9999.0 -9999.0
54794 20100411  1.302  -70.93   43.17    18.2     2.7    10.4    11.3     0.0    23.30 R    26.7     1.3    11.3 -9999.0 -9999.0 -9999.0 -99.000 -99.000 -99.000 -99.000 -99.000 -9999.0 -9999.0 -9999.0 -9999.0 -9999.0
54794 20100412  1.302  -70.93   43.17    13.1     1.0     7.1     8.1     0.0    21.64 R    24.8    -0.2     8.6 -9999.0 -9999.0 -9999.0 -99.000 -99.000 -99.000 -99.000 -99.000 -9999.0 -9999.0 -9999.0 -9999.0 -9999.0
54794 20100413  1.302  -70.93   43.17    11.9    -1.2     5.3     5.4     0.0    25.56 R    23.2    -2.3     7.3 -9999.0 -9999.0 -9999.0 -99.000 -99.000 -99.000 -99.000 -99.000 -9999.0 -9999.0 -9999.0 -9999.0 -9999.0
54794 20100414  1.302  -70.93   43.17    17.7    -2.0     7.9     8.7     0.0    24.94 R    25.0    -3.0     9.1 -9999.0 -9999.0 -9999.0 -99.000 -99.000 -99.000 -99.000 -99.000 -9999.0 -9999.0 -9999.0 -9999.0 -9999.0
54794 20100415  1.302  -70.93   43.17    14.2     2.4     8.3     7.4     0.0    25.58 R    23.5     0.3     8.5 -9999.0 -9999.0 -9999.0 -99.000 -99.000 -99.000 -99.000 -99.000 -9999.0 -9999.0 -9999.0 -9999.0 -9999.0
54794 20100416  1.302  -70.93   43.17     4.6     2.5     3.5     3.4    21.1     2.09 R     6.1     2.4     4.0 -9999.0 -9999.0 -9999.0 -99.000 -99.000 -99.000 -99.000 -99.000 -9999.0 -9999.0 -9999.0 -9999.0 -9999.0
54794 20100417  1.302  -70.93   43.17     4.5     2.2     3.3     3.1     9.8     4.87 R    10.1     2.8     4.2 -9999.0 -9999.0 -9999.0 -99.000 -99.000 -99.000 -99.000 -99.000 -9999.0 -9999.0 -9999.0 -9999.0 -9999.0
54794 20100418  1.302  -70.93   43.17    10.3     2.3     6.3     5.3     3.5    12.10 R    16.1     0.9     6.9 -9999.0 -9999.0 -9999.0 -99.000 -99.000 -99.000 -99.000 -99.000 -9999.0 -9999.0 -9999.0 -9999.0 -9999.0
54794 20100419  1.302  -70.93   43.17    15.3     0.5     7.9     8.3     0.0    19.20 R    23.2    -0.8     8.4 -9999.0 -9999.0 -9999.0 -99.000 -99.000 -99.000 -99.000 -99.000 -9999.0 -9999.0 -9999.0 -9999.0 -9999.0
54794 20100420  1.302  -70.93   43.17    19.2     5.1    12.1    11.9     0.0    22.88 R    27.2     2.8    11.7 -9999.0 -9999.0 -9999.0 -99.000 -99.000 -99.000 -99.000 -99.000 -9999.0 -9999.0 -9999.0 -9999.0 -9999.0
54794 20100421  1.302  -70.93   43.17    20.6     2.2    11.4    12.7     0.0    20.00 R    26.8     1.3    12.1 -9999.0 -9999.0 -9999.0 -99.000 -99.000 -99.000 -99.000 -99.000 -9999.0 -9999.0 -9999.0 -9999.0 -9999.0
54794 20100422  1.302  -70.93   43.17    20.9     5.4    13.1    12.4     0.0    19.49 R    27.6     3.6    12.9 -9999.0 -9999.0 -9999.0 -99.000 -99.000 -99.000 -99.000 -99.000 -9999.0 -9999.0 -9999.0 -9999.0 -9999.0
54794 20100423  1.302  -70.93   43.17    14.9     6.0    10.5    10.2     0.0    11.45 R    23.2     4.0    10.2 -9999.0 -9999.0 -9999.0 -99.000 -99.000 -99.000 -99.000 -99.000 -9999.0 -9999.0 -9999.0 -9999.0 -9999.0
54794 20100424  1.302  -70.93   43.17    18.5     3.6    11.1    11.1     0.0    26.34 R    26.0     2.3    11.7 -9999.0 -9999.0 -9999.0 -99.000 -99.000 -99.000 -99.000 -99.000 -9999.0 -9999.0 -9999.0 -9999.0 -9999.0
54794 20100425  1.302  -70.93   43.17    16.3     2.8     9.6    10.7     0.0    21.16 R    24.3     1.7    11.4 -9999.0 -9999.0 -9999.0 -99.000 -99.000 -99.000 -99.000 -99.000 -9999.0 -9999.0 -9999.0 -9999.0 -9999.0
54794 20100426  1.302  -70.93   43.17    14.5     7.4    11.0    10.2     0.0    16.04 R    21.7     6.7    11.8 -9999.0 -9999.0 -9999.0 -99.000 -99.000 -99.000 -99.000 -99.000 -9999.0 -9999.0 -9999.0 -9999.0 -9999.0
54794 20100427  1.302  -70.93   43.17     8.7     0.5     4.6     6.2     2.7     3.74 R     9.9    -0.2     6.7 -9999.0 -9999.0 -9999.0 -99.000 -99.000 -99.000 -99.000 -99.000 -9999.0 -9999.0 -9999.0 -9999.0 -9999.0
54794 20100428  1.302  -70.93   43.17     7.5    -0.9     3.3     3.6     2.5    12.08 R    16.5    -1.4     4.6 -9999.0 -9999.0 -9999.0 -99.000 -99.000 -99.000 -99.000 -99.000 -9999.0 -9999.0 -9999.0 -9999.0 -9999.0
54794 20100429  1.302  -70.93   43.17    12.7     2.0     7.4     8.2     0.0    25.72 R    19.5    -0.4     8.0 -9999.0 -9999.0 -9999.0 -99.000 -99.000 -99.000 -99.000 -99.000 -9999.0 -9999.0 -9999.0 -9999.0 -9999.0
54794 20100430  1.302  -70.93   43.17    21.5     0.2    10.8    12.9     0.0    26.32 R    25.7    -1.7    11.8 -9999.0 -9999.0 -9999.0 -99.000 -99.000 -99.000 -99.000 -99.000 -9999.0 -9999.0 -9999.0 -9999.0 -9999.0
54794 20100501  1.302  -70.93   43.17    24.3     8.5    16.4    16.0     0.0    20.80 R    28.7     6.2    15.6 -9999.0 -9999.0 -9999.0 -99.000 -99.000 -99.000 -99.000 -99.000 -9999.0 -9999.0 -9999.0 -9999.0 -9999.0
54794 20100502  1.302  -70.93   43.17    27.3    11.3    19.3    18.8     0.0    16.54 R    30.6    10.3    18.8 -9999.0 -9999.0 -9999.0 -99.000 -99.000 -99.000 -99.000 -99.000 -9999.0 -9999.0 -9999.0 -9999.0 -9999.0
54794 20100503  1.302  -70.93   43.17    26.9    15.6    21.2    22.5     0.0    10.63 R    29.2    11.9    20.3 -9999.0 -9999.0 -9999.0 -99.000 -99.000 -99.000 -99.000 -99.000 -9999.0 -9999.0 -9999.0 -9999.0 -9999.0
54794 20100504  1.302  -70.93   43.17    25.2    10.0    17.6    17.5     0.0    21.56 R    30.5     8.4    16.9 -9999.0 -9999.0 -9999.0 -99.000 -99.000 -99.000 -99.000 -99.000 -9999.0 -9999.0 -9999.0 -9999.0 -9999.0
54794 20100505  1.302  -70.93   43.17    23.9     9.6    16.8    16.7     0.0    28.08 R    30.8     7.0    16.9 -9999.0 -9999.0 -9999.0 -99.000 -99.000 -99.000 -99.000 -99.000 -9999.0 -9999.0 -9999.0 -9999.0 -9999.0
54794 20100506  1.302  -70.93   43.17    22.9    11.9    17.4    16.2     1.8    14.67 R    25.9     8.8    15.1 -9999.0 -9999.0 -9999.0 -99.000 -99.000 -99.000 -99.000 -99.000 -9999.0 -9999.0 -9999.0 -9999.0 -9999.0
54794 20100507  1.302  -70.93   43.17    19.1     8.8    13.9    13.8     0.0    27.90 R    25.4     5.8    14.1 -9999.0 -9999.0 -9999.0 -99.000 -99.000 -99.000 -99.000 -99.000 -9999.0 -9999.0 -9999.0 -9999.0 -9999.0
54794 20100508  1.302  -70.93   43.17    10.6     6.7     8.6     8.9    12.6     3.00 R    12.0     4.9     8.9 -9999.0 -9999.0 -9999.0 -99.000 -99.000 -99.000 -99.000 -99.000 -9999.0 -9999.0 -9999.0 -9999.0 -9999.0
54794 20100509  1.302  -70.93   43.17    10.6     4.3     7.5     6.8     0.0    24.07 R    17.1     2.8     7.7 -9999.0 -9999.0 -9999.0 -99.000 -99.000 -99.000 -99.000 -99.000 -9999.0 -9999.0 -9999.0 -9999.0 -9999.0
54794 20100510  1.302  -70.93   43.17    12.3    -0.5     5.9     6.3     0.0    25.52 R    19.7    -1.4     7.8 -9999.0 -9999.0 -9999.0 -99.000 -99.000 -99.000 -99.000 -99.000 -9999.0 -9999.0 -9999.0 -9999.0 -9999.0
54794 20100511  1.302  -70.93   43.17    14.8    -2.3     6.3     6.6     0.0    24.39 R    22.0    -3.1     8.0 -9999.0 -9999.0 -9999.0 -99.000 -99.000 -99.000 -99.000 -99.000 -9999.0 -9999.0 -9999.0 -9999.0 -9999.0
54794 20100512  1.302  -70.93   43.17    13.0     0.9     6.9     7.3     0.0    15.49 R    21.4     0.0     7.8 -9999.0 -9999.0 -9999.0 -99.000 -99.000 -99.000 -99.000 -99.000 -9999.0 -9999.0 -9999.0 -9999.0 -9999.0
54794 20100513  1.302  -70.93   43.17    19.6     2.3    10.9    11.9     0.0    29.94 R    25.3     0.1    13.0 -9999.0 -9999.0 -9999.0 -99.000 -99.000 -99.000 -99.000 -99.000 -9999.0 -9999.0 -9999.0 -9999.0 -9999.0
54794 20100514  1.302  -70.93   43.17    18.4     8.0    13.2    12.2     9.0    13.42 R    20.9     8.2    13.1 -9999.0 -9999.0 -9999.0 -99.000 -99.000 -99.000 -99.000 -99.000 -9999.0 -9999.0 -9999.0 -9999.0 -9999.0
54794 20100515  1.302  -70.93   43.17    18.7     8.9    13.8    14.3     0.0    23.40 R    23.9     7.3    14.6 -9999.0 -9999.0 -9999.0 -99.000 -99.000 -99.000 -99.000 -99.000 -9999.0 -9999.0 -9999.0 -9999.0 -9999.0
54794 20100516  1.302  -70.93   43.17    21.3     8.1    14.7    15.0     0.0    30.08 R    26.7     5.6    15.3 -9999.0 -9999.0 -9999.0 -99.000 -99.000 -99.000 -99.000 -99.000 -9999.0 -9999.0 -9999.0 -9999.0 -9999.0
54794 20100517  1.302  -70.93   43.17    22.8     5.3    14.1    13.5     0.0    27.67 R    29.9     3.5    14.0 -9999.0 -9999.0 -9999.0 -99.000 -99.000 -99.000 -99.000 -99.000 -9999.0 -9999.0 -9999.0 -9999.0 -9999.0
54794 20100518  1.302  -70.93   43.17    18.9     5.1    12.0    11.3     7.8    17.67 R    24.8     4.1    12.5 -9999.0 -9999.0 -9999.0 -99.000 -99.000 -99.000 -99.000 -99.000 -9999.0 -9999.0 -9999.0 -9999.0 -9999.0
54794 20100519  1.302  -70.93   43.17    12.8     8.9    10.9    11.2    37.9     4.70 R    13.9     8.9    11.4 -9999.0 -9999.0 -9999.0 -99.000 -99.000 -99.000 -99.000 -99.000 -9999.0 -9999.0 -9999.0 -9999.0 -9999.0
54794 20100520  1.302  -70.93   43.17    27.7     8.2    17.9    18.3     0.0    27.19 R    29.1     7.2    18.0 -9999.0 -9999.0 -9999.0 -99.000 -99.000 -99.000 -99.000 -99.000 -9999.0 -9999.0 -9999.0 -9999.0 -9999.0
54794 20100521  1.302  -70.93   43.17    20.1     7.7    13.9    15.0     0.0    29.55 R    25.4     7.5    15.9 -9999.0 -9999.0 -9999.0 -99.000 -99.000 -99.000 -99.000 -99.000 -9999.0 -9999.0 -9999.0 -9999.0 -9999.0
54794 20100522  1.302  -70.93   43.17    20.1     6.6    13.3    13.8     0.0    22.31 R    24.9     6.3    15.1 -9999.0 -9999.0 -9999.0 -99.000 -99.000 -99.000 -99.000 -99.000 -9999.0 -9999.0 -9999.0 -9999.0 -9999.0
54794 20100523  1.302  -70.93   43.17    21.9    10.5    16.2    15.1     0.0    22.82 R    27.3    10.1    16.8 -9999.0 -9999.0 -9999.0 -99.000 -99.000 -99.000 -99.000 -99.000 -9999.0 -9999.0 -9999.0 -9999.0 -9999.0
54794 20100524  1.302  -70.93   43.17    28.0     9.1    18.5    19.6     0.0    28.33 R    31.1     8.8    20.3 -9999.0 -9999.0 -9999.0 -99.000 -99.000 -99.000 -99.000 -99.000 -9999.0 -9999.0 -9999.0 -9999.0 -9999.0
54794 20100525  1.302  -70.93   43.17    31.4    14.0    22.7    23.4     0.0    28.21 R    33.9    13.3    23.5 -9999.0 -9999.0 -9999.0 -99.000 -99.000 -99.000 -99.000 -99.000 -9999.0 -9999.0 -9999.0 -9999.0 -9999.0
54794 20100526  1.302  -70.93   43.17    33.4    13.4    23.4    23.5     2.1    26.54 R    35.5    13.6    23.6 -9999.0 -9999.0 -9999.0 -99.000 -99.000 -99.000 -99.000 -99.000 -9999.0 -9999.0 -9999.0 -9999.0 -9999.0
54794 20100527  1.302  -70.93   43.17    24.8     9.3    17.0    15.9     0.0    25.83 R    29.4     8.3    17.2 -9999.0 -9999.0 -9999.0 -99.000 -99.000 -99.000 -99.000 -99.000 -9999.0 -9999.0 -9999.0 -9999.0 -9999.0
54794 20100528  1.302  -70.93   43.17    22.6     7.7    15.2    14.6     0.0    30.38 R    29.0     6.8    16.1 -9999.0 -9999.0 -9999.0 -99.000 -99.000 -99.000 -99.000 -99.000 -9999.0 -9999.0 -9999.0 -9999.0 -9999.0
54794 20100529  1.302  -70.93   43.17    26.3     8.7    17.5    18.3     0.3    23.64 R    33.4     7.9    19.4 -9999.0 -9999.0 -9999.0 -99.000 -99.000 -99.000 -99.000 -99.000 -9999.0 -9999.0 -9999.0 -9999.0 -9999.0
54794 20100530  1.302  -70.93   43.17    24.6    15.5    20.0    19.8     0.0    24.85 R    29.3    12.6    20.1 -9999.0 -9999.0 -9999.0 -99.000 -99.000 -99.000 -99.000 -99.000 -9999.0 -9999.0 -9999.0 -9999.0 -9999.0
54794 20100531  1.302  -70.93   43.17    20.8    10.1    15.5    15.6     0.0    26.20 R    28.9     9.1    17.3 -9999.0 -9999.0 -9999.0 -99.000 -99.000 -99.000 -99.000 -99.000 -9999.0 -9999.0 -9999.0 -9999.0 -9999.0
54794 20100601  1.302  -70.93   43.17    26.4    11.1    18.7    19.3     0.0    13.50 R    33.6    10.9    19.8 -9999.0 -9999.0 -9999.0 -99.000 -99.000 -99.000 -99.000 -99.000 -9999.0 -9999.0 -9999.0 -9999.0 -9999.0
54794 20100602  1.302  -70.93   43.17    22.6    13.6    18.1    17.4     0.0    28.68 R    34.1    12.7    21.0 -9999.0 -9999.0 -9999.0 -99.000 -99.000 -99.000 -99.000 -99.000 -9999.0 -9999.0 -9999.0 -9999.0 -9999.0
54794 20100603  1.302  -70.93   43.17    25.4    14.7    20.0    18.7    18.4    10.04 R    30.1    15.3    19.9 -9999.0 -9999.0 -9999.0 -99.000 -99.000 -99.000 -99.000 -99.000 -9999.0 -9999.0 -9999.0 -9999.0 -9999.0
54794 20100604  2.403  -70.93   43.17 -9999.0 -9999.0 -9999.0 -9999.0 -9999.0 -9999.00 U -9999.0 -9999.0 -9999.0 -9999.0 -9999.0 -9999.0 -99.000 -99.000 -99.000 -99.000 -99.000 -9999.0 -9999.0 -9999.0 -9999.0 -9999.0
54794 20100605  2.403  -70.93   43.17    28.6    15.3    21.9    21.8    11.7    19.67 R    39.5    15.1    24.1   100.0    51.5    80.3 -99.000 -99.000 -99.000 -99.000 -99.000 -9999.0 -9999.0 -9999.0 -9999.0 -9999.0
54794 20100606  2.403  -70.93   43.17    23.4    13.1    18.2    17.6    33.7     3.58 R    21.3    11.7    17.5    99.4    58.6    87.8 -99.000 -99.000 -99.000 -99.000 -99.000 -9999.0 -9999.0 -9999.0 -9999.0 -9999.0
54794 20100607  2.403  -70.93   43.17    22.2    10.5    16.3    16.0     0.0    25.63 R    36.1     9.4    18.5    93.4    33.8    61.6 -99.000 -99.000 -99.000 -99.000 -99.000 -9999.0 -9999.0 -9999.0 -9999.0 -9999.0
54794 20100608  2.403  -70.93   43.17    20.4     7.8    14.1    14.5     0.0    23.83 R    35.1     6.7    17.1    92.3    37.4    61.0 -99.000 -99.000 -99.000 -99.000 -99.000 -9999.0 -9999.0 -9999.0 -9999.0 -9999.0
54794 20100609  2.403  -70.93   43.17    21.0     6.8    13.9    15.0     0.6    21.42 R    34.0     6.6    18.2    98.3    33.3    64.8 -99.000 -99.000 -99.000 -99.000 -99.000 -9999.0 -9999.0 -9999.0 -9999.0 -9999.0
54794 20100610  2.403  -70.93   43.17    13.7    11.1    12.4    12.3    16.3     4.13 R    16.9    11.7    13.5    99.7    93.1    98.0 -99.000 -99.000 -99.000 -99.000 -99.000 -9999.0 -9999.0 -9999.0 -9999.0 -9999.0
54794 20100611  2.403  -70.93   43.17    20.1    11.5    15.8    14.6     0.0    17.66 R    32.4    12.1    17.6   100.0    64.2    86.0 -99.000 -99.000 -99.000 -99.000 -99.000 -9999.0 -9999.0 -9999.0 -9999.0 -9999.0
54794 20100612  2.403  -70.93   43.17    18.6    11.1    14.8    15.4     2.0     6.86 R    23.7    11.1    16.7   100.0    76.4    93.9 -99.000 -99.000 -99.000 -99.000 -99.000 -9999.0 -9999.0 -9999.0 -9999.0 -9999.0
54794 20100613  2.403  -70.93   43.17    16.6    14.3    15.4    15.2     0.2     4.70 R    19.6    14.9    16.2   100.0    89.3    96.9 -99.000 -99.000 -99.000 -99.000 -99.000 -9999.0 -9999.0 -9999.0 -9999.0 -9999.0
54794 20100614  2.403  -70.93   43.17    23.6    13.0    18.3    17.2     0.3    14.27 R    37.5    11.6    19.8   100.0    65.9    88.7 -99.000 -99.000 -99.000 -99.000 -99.000 -9999.0 -9999.0 -9999.0 -9999.0 -9999.0
54794 20100615  2.403  -70.93   43.17    24.5     9.0    16.7    17.4     0.0    30.35 R    38.6     9.1    21.3    98.8    24.3    61.1 -99.000 -99.000 -99.000 -99.000 -99.000 -9999.0 -9999.0 -9999.0 -9999.0 -9999.0
54794 20100616  2.403  -70.93   43.17    21.4     7.2    14.3    15.7     0.4    15.56 R    34.8     7.5    18.3    99.0    44.7    75.4 -99.000 -99.000 -99.000 -99.000 -99.000 -9999.0 -9999.0 -9999.0 -9999.0 -9999.0
54794 20100617  2.403  -70.93   43.17    20.2    12.6    16.4    16.1     2.5     7.59 R    26.6    11.8    17.3   100.0    75.1    94.8 -99.000 -99.000 -99.000 -99.000 -99.000 -9999.0 -9999.0 -9999.0 -9999.0 -9999.0
54794 20100618  2.403  -70.93   43.17    29.9    12.5    21.2    21.5     0.0    28.53 R    40.1    11.6    24.0   100.0    29.6    69.0 -99.000 -99.000 -99.000 -99.000 -99.000 -9999.0 -9999.0 -9999.0 -9999.0 -9999.0
54794 20100619  2.403  -70.93   43.17    29.3    11.9    20.6    22.6     0.0    29.68 R    39.3    11.9    25.1   100.0    30.2    64.7 -99.000 -99.000 -99.000 -99.000 -99.000 -9999.0 -9999.0 -9999.0 -9999.0 -9999.0
54794 20100620  2.403  -70.93   43.17    30.6    17.2    23.9    23.4     0.5    20.74 R    40.3    17.3    25.2   100.0    43.9    76.1 -99.000 -99.000 -99.000 -99.000 -99.000 -9999.0 -9999.0 -9999.0 -9999.0 -9999.0
54794 20100621  2.403  -70.93   43.17    29.3    14.1    21.7    22.8     0.0    27.29 R    40.5    13.9    25.1    96.9    37.2    65.4 -99.000 -99.000 -99.000 -99.000 -99.000 -9999.0 -9999.0 -9999.0 -9999.0 -9999.0
54794 20100622  2.403  -70.93   43.17    26.2    12.1    19.1    19.1     0.0    23.37 R    37.9    11.8    22.1    97.9    38.9    70.1 -99.000 -99.000 -99.000 -99.000 -99.000 -9999.0 -9999.0 -9999.0 -9999.0 -9999.0
54794 20100623  2.403  -70.93   43.17    27.1    16.7    21.9    21.3     6.7    13.85 R    34.4    16.8    22.9   100.0    63.7    88.2 -99.000 -99.000 -99.000 -99.000 -99.000 -9999.0 -9999.0 -9999.0 -9999.0 -9999.0
54794 20100624  2.403  -70.93   43.17    30.8    16.1    23.4    22.2     7.1    19.65 R    38.2    15.9    23.5   100.0    52.8    84.6 -99.000 -99.000 -99.000 -99.000 -99.000 -9999.0 -9999.0 -9999.0 -9999.0 -9999.0
54794 20100625  2.403  -70.93   43.17    27.3    14.9    21.1    21.0     0.0    28.58 R    35.4    14.6    23.3    96.9    33.1    66.8 -99.000 -99.000 -99.000 -99.000 -99.000 -9999.0 -9999.0 -9999.0 -9999.0 -9999.0
54794 20100626  2.403  -70.93   43.17    26.9    13.6    20.2    19.7     0.8    19.47 R    36.7    14.0    21.6   100.0    46.5    78.1 -99.000 -99.000 -99.000 -99.000 -99.000 -9999.0 -9999.0 -9999.0 -9999.0 -9999.0
54794 20100627  2.403  -70.93   43.17    24.4    15.5    19.9    19.8     2.6    18.57 R    32.8    15.7    21.8   100.0    62.4    83.5 -99.000 -99.000 -99.000 -99.000 -99.000 -9999.0 -9999.0 -9999.0 -9999.0 -9999.0
54794 20100628  2.403  -70.93   43.17    29.9    18.2    24.0    22.7     0.2    11.60 R    34.8    18.7    23.4   100.0    59.9    88.2 -99.000 -99.000 -99.000 -99.000 -99.000 -9999.0 -9999.0 -9999.0 -9999.0 -9999.0
54794 20100629  2.403  -70.93   43.17    28.8    17.7    23.2    23.8     0.0    28.01 R    36.0    15.5    24.9   100.0    38.7    64.8 -99.000 -99.000 -99.000 -99.000 -99.000 -9999.0 -9999.0 -9999.0 -9999.0 -9999.0
54794 20100630  2.403  -70.93   43.17    23.0    11.0    17.0    18.0     0.0    29.39 R    33.0    10.5    20.1    80.6    34.7    54.5 -99.000 -99.000 -99.000 -99.000 -99.000 -9999.0 -9999.0 -9999.0 -9999.0 -9999.0
54794 20100701  2.403  -70.93   43.17    21.7     8.2    15.0    16.0     0.0    20.94 R    31.9     8.0    17.7    96.6    40.6    64.5 -99.000 -99.000 -99.000 -99.000 -99.000 -9999.0 -9999.0 -9999.0 -9999.0 -9999.0
54794 20100702  2.403  -70.93   43.17    25.9    11.2    18.5    18.2     0.0    29.58 R    35.4    10.0    20.9   100.0    31.2    64.0 -99.000 -99.000 -99.000 -99.000 -99.000 -9999.0 -9999.0 -9999.0 -9999.0 -9999.0
54794 20100703  2.403  -70.93   43.17    29.8    10.0    19.9    21.7     0.0    28.54 R    38.0     9.7    24.0   100.0    39.2    64.2 -99.000 -99.000 -99.000 -99.000 -99.000 -9999.0 -9999.0 -9999.0 -9999.0 -9999.0
54794 20100704  2.403  -70.93   43.17    32.0    15.3    23.7    24.1     0.0    23.21 R    40.2    15.1    25.6    94.4    35.4    64.3 -99.000 -99.000 -99.000 -99.000 -99.000 -9999.0 -9999.0 -9999.0 -9999.0 -9999.0
54794 20100705  2.403  -70.93   43.17    32.8    16.2    24.5    25.2     0.0    28.26 R    42.2    15.7    27.6    97.3    37.9    66.0 -99.000 -99.000 -99.000 -99.000 -99.000 -9999.0 -9999.0 -9999.0 -9999.0 -9999.0
54794 20100706  2.403  -70.93   43.17    35.5    20.2    27.9    28.4     0.0    27.07 R    45.1    20.2    30.8    93.7    40.1    67.9 -99.000 -99.000 -99.000 -99.000 -99.000 -9999.0 -9999.0 -9999.0 -9999.0 -9999.0
54794 20100707  2.403  -70.93   43.17    30.7    20.8    25.7    25.1     0.0    26.69 R    42.1    20.2    28.6    99.5    62.3    81.7 -99.000 -99.000 -99.000 -99.000 -99.000 -9999.0 -9999.0 -9999.0 -9999.0 -9999.0
54794 20100708  2.403  -70.93   43.17    29.4    20.0    24.7    24.2     0.0    24.21 R    41.0    19.3    27.6   100.0    61.8    84.5 -99.000 -99.000 -99.000 -99.000 -99.000 -9999.0 -9999.0 -9999.0 -9999.0 -9999.0
54794 20100709  2.403  -70.93   43.17    31.0    18.8    24.9    24.6     0.0    23.70 R    41.7    18.3    27.1   100.0    47.5    79.7 -99.000 -99.000 -99.000 -99.000 -99.000 -9999.0 -9999.0 -9999.0 -9999.0 -9999.0
54794 20100710  2.403  -70.93   43.17    28.1    20.3    24.2    22.3    18.5    10.41 R    37.8    20.2    23.5   100.0    68.8    93.2 -99.000 -99.000 -99.000 -99.000 -99.000 -9999.0 -9999.0 -9999.0 -9999.0 -9999.0
54794 20100711  2.403  -70.93   43.17    29.0    18.3    23.7    23.1     0.2    22.25 R    37.4    18.6    25.1   100.0    52.2    85.2 -99.000 -99.000 -99.000 -99.000 -99.000 -9999.0 -9999.0 -9999.0 -9999.0 -9999.0
54794 20100712  2.403  -70.93   43.17    28.1    16.6    22.3    22.8     1.2    26.06 R    37.7    16.4    25.3   100.0    69.3    85.4 -99.000 -99.000 -99.000 -99.000 -99.000 -9999.0 -9999.0 -9999.0 -9999.0 -9999.0
54794 20100713  2.403  -70.93   43.17    28.2    17.8    23.0    23.2     2.0    16.89 R    35.8    17.9    24.8   100.0    70.7    88.9 -99.000 -99.000 -99.000 -99.000 -99.000 -9999.0 -9999.0 -9999.0 -9999.0 -9999.0
54794 20100714  2.403  -70.93   43.17    24.0    18.6    21.3    21.4    58.5     9.55 R    28.2    18.8    22.4   100.0    85.5    95.2 -99.000 -99.000 -99.000 -99.000 -99.000 -9999.0 -9999.0 -9999.0 -9999.0 -9999.0
54794 20100715  2.403  -70.93   43.17    27.6    18.6    23.1    22.3     0.0    24.99 R    35.6    18.9    24.8   100.0    63.4    87.4 -99.000 -99.000 -99.000 -99.000 -99.000 -9999.0 -9999.0 -9999.0 -9999.0 -9999.0
54794 20100716  2.403  -70.93   43.17    28.5    19.0    23.8    22.9     2.3    17.99 R    35.4    19.5    24.7    99.7    69.6    89.2 -99.000 -99.000 -99.000 -99.000 -99.000 -9999.0 -9999.0 -9999.0 -9999.0 -9999.0
54794 20100717  2.403  -70.93   43.17    31.3    18.9    25.1    25.4     0.0    25.34 R    36.5    18.8    26.3   100.0    47.0    72.6 -99.000 -99.000 -99.000 -99.000 -99.000 -9999.0 -9999.0 -9999.0 -9999.0 -9999.0
54794 20100718  2.403  -70.93   43.17    29.6    19.2    24.4    25.0     0.0    27.32 R    36.2    18.5    26.4    89.5    38.1    61.7 -99.000 -99.000 -99.000 -99.000 -99.000 -9999.0 -9999.0 -9999.0 -9999.0 -9999.0
54794 20100719  2.403  -70.93   43.17    29.1    16.2    22.7    22.9     0.0    17.81 R    35.4    16.1    24.2    99.9    50.4    80.1 -99.000 -99.000 -99.000 -99.000 -99.000 -9999.0 -9999.0 -9999.0 -9999.0 -9999.0
54794 20100720  2.403  -70.93   43.17    26.2    17.2    21.7    22.0     0.0    15.49 R    32.5    17.0    23.4   100.0    63.2    84.9 -99.000 -99.000 -99.000 -99.000 -99.000 -9999.0 -9999.0 -9999.0 -9999.0 -9999.0
54794 20100721  2.403  -70.93   43.17    28.2    15.7    21.9    22.3     9.5    23.94 R    36.3    15.4    24.5   100.0    60.1    83.4 -99.000 -99.000 -99.000 -99.000 -99.000 -9999.0 -9999.0 -9999.0 -9999.0 -9999.0
54794 20100722  2.403  -70.93   43.17    26.5    15.9    21.2    21.3     0.0    24.77 R    33.9    15.5    22.7   100.0    51.2    75.5 -99.000 -99.000 -99.000 -99.000 -99.000 -9999.0 -9999.0 -9999.0 -9999.0 -9999.0
54794 20100723  2.403  -70.93   43.17    25.8    15.3    20.6    20.6     0.5    13.99 R    31.1    14.8    21.7   100.0    53.9    82.4 -99.000 -99.000 -99.000 -99.000 -99.000 -9999.0 -9999.0 -9999.0 -9999.0 -9999.0
54794 20100724  2.403  -70.93   43.17    27.4    18.9    23.2    21.9     0.0    20.11 R    35.6    19.2    24.2   100.0    76.6    91.0 -99.000 -99.000 -99.000 -99.000 -99.000 -9999.0 -9999.0 -9999.0 -9999.0 -9999.0
54794 20100725  2.403  -70.93   43.17    29.1    15.4    22.2    23.1     0.8    18.18 R    36.4    14.6    24.2   100.0    55.8    76.4 -99.000 -99.000 -99.000 -99.000 -99.000 -9999.0 -9999.0 -9999.0 -9999.0 -9999.0
54794 20100726  2.403  -70.93   43.17    26.3    13.8    20.0    20.8     0.0    27.65 R    34.2    13.3    22.2    90.7    34.5    57.7 -99.000 -99.000 -99.000 -99.000 -99.000 -9999.0 -9999.0 -9999.0 -9999.0 -9999.0
54794 20100727  2.403  -70.93   43.17    29.7    15.0    22.4    22.1     0.0    27.71 R    37.1    13.7    24.0    94.2    31.3    60.0 -99.000 -99.000 -99.000 -99.000 -99.000 -9999.0 -9999.0 -9999.0 -9999.0 -9999.0
54794 20100728  2.403  -70.93   43.17    30.9    13.8    22.4    24.3     0.0    25.48 R    37.7    13.6    25.9    99.8    35.2    67.6 -99.000 -99.000 -99.000 -99.000 -99.000 -9999.0 -9999.0 -9999.0 -9999.0 -9999.0
54794 20100729  2.403  -70.93   43.17    29.6    13.4    21.5    24.2     0.5    23.01 R    38.2    13.0    25.8    94.1    39.3    65.3 -99.000 -99.000 -99.000 -99.000 -99.000 -9999.0 -9999.0 -9999.0 -9999.0 -9999.0
54794 20100730  2.403  -70.93   43.17    25.0    10.7    17.8    18.2     0.0    25.21 R    35.8     9.9    20.8    98.8    35.9    63.1 -99.000 -99.000 -99.000 -99.000 -99.000 -9999.0 -9999.0 -9999.0 -9999.0 -9999.0
54794 20100731  2.403  -70.93   43.17    23.1     9.2    16.1    16.1     0.0    23.38 R    36.5     8.4    19.0    99.8    45.6    74.1 -99.000 -99.000 -99.000 -99.000 -99.000 -9999.0 -9999.0 -9999.0 -9999.0 -9999.0
54794 20100801  2.403  -70.93   43.17    24.8    11.1    17.9    17.9     0.0    24.18 R    37.5    10.4    21.3   100.0    54.1    80.8 -99.000 -99.000 -99.000 -99.000 -99.000 -9999.0 -9999.0 -9999.0 -9999.0 -9999.0
54794 20100802  2.403  -70.93   43.17    25.5    12.7    19.1    19.4     0.0    23.48 R    36.7    12.4    22.7    99.9    57.0    79.5 -99.000 -99.000 -99.000 -99.000 -99.000 -9999.0 -9999.0 -9999.0 -9999.0 -9999.0
54794 20100803  2.403  -70.93   43.17    29.0    14.5    21.7    22.7     0.0    17.30 R    39.6    14.3    24.6    99.8    58.7    76.7 -99.000 -99.000 -99.000 -99.000 -99.000 -9999.0 -9999.0 -9999.0 -9999.0 -9999.0
54794 20100804  2.403  -70.93   43.17    32.4    20.3    26.4    25.7     5.5    23.13 R    40.4    20.2    27.7    98.7    46.4    77.2   0.108   0.041 -99.000 -99.000 -99.000    24.4    23.2 -9999.0 -9999.0 -9999.0
54794 20100805  2.403  -70.93   43.17    29.2    21.3    25.2    24.2     9.0     9.41 R    37.5    20.4    25.0    98.9    73.4    92.4   0.122   0.078 -99.000 -99.000 -99.000    24.0    23.2 -9999.0 -9999.0 -9999.0
54794 20100806  2.403  -70.93   43.17    28.4    10.8    19.6    21.7     0.0    22.40 R    36.2    10.2    23.1   100.0    35.6    66.3   0.140   0.076 -99.000 -99.000 -99.000    23.2    22.6 -9999.0 -9999.0 -9999.0
54794 20100807  2.403  -70.93   43.17    24.2     8.5    16.3    16.1     0.0    21.06 R    33.3     8.3    18.5   100.0    34.7    73.9   0.092   0.064 -99.000 -99.000 -99.000    20.3    20.4 -9999.0 -9999.0 -9999.0
54794 20100808  2.403  -70.93   43.17    29.4     9.9    19.6    20.7     0.0    23.89 R    37.9     9.6    23.1   100.0    43.7    71.5   0.090   0.046 -99.000 -99.000 -99.000    21.1    20.6 -9999.0 -9999.0 -9999.0
54794 20100809  2.403  -70.93   43.17    31.9    19.8    25.9    24.7    15.5    19.13 R    41.6    19.7    26.9    99.8    42.9    75.5   0.091   0.050 -99.000 -99.000 -99.000    23.6    22.6 -9999.0 -9999.0 -9999.0
54794 20100810  2.403  -70.93   43.17    29.9    19.7    24.8    23.8     0.9    24.77 R    36.5    19.3    26.0   100.0    40.5    77.1   0.147   0.086 -99.000 -99.000 -99.000    24.1    23.2 -9999.0 -9999.0 -9999.0
54794 20100811  2.403  -70.93   43.17    26.3    16.4    21.3    21.3     0.3    24.72 R    35.5    16.6    23.6    99.7    50.5    76.8   0.116   0.076 -99.000 -99.000 -99.000    23.5    22.8 -9999.0 -9999.0 -9999.0
54794 20100812  2.403  -70.93   43.17    23.6    14.6    19.1    18.8     0.0    15.03 R    31.8    14.4    20.4    99.8    65.4    85.4   0.131   0.068 -99.000 -99.000 -99.000    21.8    21.5 -9999.0 -9999.0 -9999.0
54794 20100813  2.403  -70.93   43.17    24.1    11.8    17.9    17.4     0.0    22.35 R    33.6    11.0    19.9   100.0    51.1    82.9   0.125   0.056 -99.000 -99.000 -99.000    21.3    21.0 -9999.0 -9999.0 -9999.0
54794 20100814  2.403  -70.93   43.17    26.0     9.4    17.7    17.8     0.0    22.49 R    35.8     8.7    20.2   100.0    42.4    76.2   0.118   0.044 -99.000 -99.000 -99.000    20.7    20.4 -9999.0 -9999.0 -9999.0
54794 20100815  2.403  -70.93   43.17    26.5    10.8    18.6    18.9     0.0    21.14 R    37.0    10.6    21.3    99.7    41.1    73.5   0.107   0.064 -99.000 -99.000 -99.000    20.9    20.4 -9999.0 -9999.0 -9999.0
54794 20100816  2.403  -70.93   43.17    25.5    17.1    21.3    20.8     1.5     5.93 R    28.3    17.4    21.1   100.0    74.9    92.6   0.093   0.071 -99.000 -99.000 -99.000    20.9    20.5 -9999.0 -9999.0 -9999.0
54794 20100817  2.403  -70.93   43.17    30.8    16.8    23.8    23.4     0.0    22.52 R    39.3    16.1    25.3   100.0    29.4    67.8   0.086   0.069 -99.000 -99.000 -99.000    22.4    21.6 -9999.0 -9999.0 -9999.0
54794 20100818  2.403  -70.93   43.17    28.1    13.1    20.6    20.4     0.0    18.18 R    39.3    13.2    22.6    96.9    43.5    71.3   0.092   0.061 -99.000 -99.000 -99.000    21.8    21.2 -9999.0 -9999.0 -9999.0
54794 20100819  2.403  -70.93   43.17    28.4    14.0    21.2    20.9     0.0    23.23 R    39.6    13.7    24.1    99.6    46.2    75.5   0.097   0.035 -99.000 -99.000 -99.000    22.4    21.6 -9999.0 -9999.0 -9999.0
54794 20100820  2.403  -70.93   43.17    26.1    11.3    18.7    19.9     0.0    24.54 R    38.8    10.5    23.0   100.0    29.9    62.2   0.087   0.045 -99.000 -99.000 -99.000    22.5    21.8 -9999.0 -9999.0 -9999.0
54794 20100821  2.403  -70.93   43.17    24.2     8.9    16.5    16.9     0.0    17.58 R    36.0     8.1    19.7    98.8    41.5    74.1   0.077   0.034 -99.000 -99.000 -99.000    20.5    20.3 -9999.0 -9999.0 -9999.0
54794 20100822  2.403  -70.93   43.17    21.5    13.8    17.7    17.7     2.2     6.17 R    25.5    13.5    18.5    99.0    76.1    91.2   0.082   0.031 -99.000 -99.000 -99.000    19.8    19.7 -9999.0 -9999.0 -9999.0
54794 20100823  2.403  -70.93   43.17    18.2    15.3    16.8    16.9     3.7     4.69 R    20.5    15.7    17.1    97.5    74.4    88.4   0.098   0.029 -99.000 -99.000 -99.000    18.6    18.7 -9999.0 -9999.0 -9999.0
54794 20100824  2.403  -70.93   43.17    20.5    15.8    18.2    17.9     1.9     8.73 R    23.1    16.0    18.5    98.4    64.0    78.6   0.098   0.029 -99.000 -99.000 -99.000    18.6    18.5 -9999.0 -9999.0 -9999.0
54794 20100825  2.403  -70.93   43.17    17.7    15.5    16.6    16.6    74.9     2.71 R    18.3    15.7    16.8    99.1    94.3    97.5   0.244   0.142 -99.000 -99.000 -99.000    17.8    17.9 -9999.0 -9999.0 -9999.0
54794 20100826  2.403  -70.93   43.17    27.3    14.2    20.7    20.6     0.0    20.60 R    34.8    13.9    21.8   100.0    49.2    75.8   0.227   0.161 -99.000 -99.000 -99.000    19.9    19.3 -9999.0 -9999.0 -9999.0
54794 20100827  2.403  -70.93   43.17    23.5    11.2    17.3    17.8     0.0    23.44 R    32.5    11.1    19.7    94.7    42.8    67.4   0.202   0.141 -99.000 -99.000 -99.000    19.7    19.4 -9999.0 -9999.0 -9999.0
54794 20100828  2.403  -70.93   43.17    26.5     8.8    17.7    18.4     0.0    22.53 R    33.4     8.3    20.3   100.0    42.9    73.4   0.187   0.127 -99.000 -99.000 -99.000    19.5    19.2 -9999.0 -9999.0 -9999.0
54794 20100829  2.403  -70.93   43.17    31.5    12.7    22.1    22.1     0.0    22.51 R    37.8    12.6    23.5    99.9    37.3    71.8   0.177   0.117 -99.000 -99.000 -99.000    20.9    20.3 -9999.0 -9999.0 -9999.0
54794 20100830  2.403  -70.93   43.17    30.8    13.3    22.0    22.4     0.0    22.82 R    37.2    12.5    23.7   100.0    36.5    71.1   0.168   0.108 -99.000 -99.000 -99.000    21.5    20.9 -9999.0 -9999.0 -9999.0
54794 20100831  2.403  -70.93   43.17    32.5    16.8    24.6    24.8     0.0    21.12 R    38.7    16.1    26.0    99.2    48.1    75.2   0.156   0.101 -99.000 -99.000 -99.000    22.7    21.8 -9999.0 -9999.0 -9999.0
54794 20100901  2.403  -70.93   43.17    32.7    17.1    24.9    25.0     0.0    20.48 R    38.7    16.4    26.3    99.8    45.4    77.4   0.142   0.096 -99.000 -99.000 -99.000    23.4    22.5 -9999.0 -9999.0 -9999.0
54794 20100902  2.403  -70.93   43.17    32.8    17.8    25.3    25.5     0.0    20.62 R    38.7    17.6    26.8    99.4    43.0    73.6   0.129   0.090 -99.000 -99.000 -99.000    23.8    22.9 -9999.0 -9999.0 -9999.0
54794 20100903  2.403  -70.93   43.17    29.0    18.3    23.7    23.4     1.7    14.61 R    36.1    18.0    24.7   100.0    68.0    88.5   0.115   0.086 -99.000 -99.000 -99.000    23.5    22.8 -9999.0 -9999.0 -9999.0
54794 20100904  2.403  -70.93   43.17    26.9    16.4    21.6    22.4     0.2    18.56 R    33.0    14.4    23.1    99.4    34.2    64.6   0.134   0.083 -99.000 -99.000 -99.000    23.1    22.6 -9999.0 -9999.0 -9999.0
54794 20100905  2.403  -70.93   43.17    21.5    10.6    16.0    16.4     0.0    18.86 R    29.7     9.8    17.6    86.7    40.9    59.3   0.149   0.078 -99.000 -99.000 -99.000    20.1    20.2 -9999.0 -9999.0 -9999.0
54794 20100906  2.403  -70.93   43.17    24.0     6.6    15.3    16.4     0.0    20.87 R    30.7     5.8    18.0   100.0    34.2    65.7   0.142   0.073 -99.000 -99.000 -99.000    19.0    19.1 -9999.0 -9999.0 -9999.0
54794 20100907  2.403  -70.93   43.17    28.2    13.8    21.0    20.6     0.0    14.51 R    33.9    13.6    21.5    93.3    45.9    75.0   0.138   0.067 -99.000 -99.000 -99.000    20.2    19.8 -9999.0 -9999.0 -9999.0
54794 20100908  2.403  -70.93   43.17    26.5    14.0    20.2    20.6     5.0    14.21 R    31.0    12.7    21.0    99.3    44.4    75.9   0.124   0.071 -99.000 -99.000 -99.000    21.1    20.6 -9999.0 -9999.0 -9999.0
54794 20100909  2.403  -70.93   43.17    21.8    10.9    16.4    16.4     0.0    14.72 R    29.3    10.6    17.5    98.8    54.1    75.2   0.141   0.067 -99.000 -99.000 -99.000    19.1    19.1 -9999.0 -9999.0 -9999.0
54794 20100910  2.403  -70.93   43.17    20.3    12.5    16.4    16.2     0.0    11.93 R    26.8    11.4    17.3    86.4    53.2    67.5   0.137   0.063 -99.000 -99.000 -99.000    18.5    18.5 -9999.0 -9999.0 -9999.0
54794 20100911  2.403  -70.93   43.17    22.7     8.9    15.8    15.1     0.0    20.47 R    30.1     8.2    16.8    99.7    41.6    75.3   0.133   0.056 -99.000 -99.000 -99.000    18.4    18.4 -9999.0 -9999.0 -9999.0
54794 20100912  2.403  -70.93   43.17    16.2     8.7    12.5    12.6     0.0     7.80 R    19.3     8.2    13.3    99.7    68.6    87.7   0.127   0.048 -99.000 -99.000 -99.000    16.7    17.0 -9999.0 -9999.0 -9999.0
54794 20100913  2.403  -70.93   43.17    17.6     9.5    13.6    13.6     3.5     5.91 R    21.4     9.1    14.2   100.0    72.4    90.1   0.126   0.046 -99.000 -99.000 -99.000    16.5    16.7 -9999.0 -9999.0 -9999.0
54794 20100914  2.403  -70.93   43.17    20.3     9.5    14.9    14.6     3.8    13.04 R    26.3     9.2    15.4   100.0    49.2    84.2   0.132   0.065 -99.000 -99.000 -99.000    16.8    16.9 -9999.0 -9999.0 -9999.0
54794 20100915  2.403  -70.93   43.17    18.5     7.4    12.9    12.9     0.0    16.25 R    25.2     6.7    13.7    97.0    40.3    69.9   0.122   0.072 -99.000 -99.000 -99.000    15.7    16.1 -9999.0 -9999.0 -9999.0
54794 20100916  2.403  -70.93   43.17    20.6     5.0    12.8    13.6     3.6    17.49 R    26.3     4.7    15.1    99.7    45.6    78.7   0.103   0.067 -99.000 -99.000 -99.000    15.5    15.7 -9999.0 -9999.0 -9999.0
54794 20100917  2.403  -70.93   43.17    18.2    11.0    14.6    15.1    11.1     6.01 R    22.0    10.5    15.8   100.0    69.3    92.9   0.199   0.111 -99.000 -99.000 -99.000    17.0    16.9 -9999.0 -9999.0 -9999.0
54794 20100918  2.403  -70.93   43.17    19.9     8.2    14.0    13.3     0.0    14.95 R    26.4     7.5    14.5   100.0    53.7    82.7   0.183   0.105 -99.000 -99.000 -99.000    16.3    16.4 -9999.0 -9999.0 -9999.0
54794 20100919  2.403  -70.93   43.17    22.6     6.3    14.4    14.2     0.0    14.45 R    29.0     6.2    15.6   100.0    60.3    87.7   0.169   0.098 -99.000 -99.000 -99.000    16.1    16.1 -9999.0 -9999.0 -9999.0
54794 20100920  2.403  -70.93   43.17    20.0     7.2    13.6    13.9     0.0    18.82 R    26.9     6.0    14.6    99.7    31.3    66.0   0.159   0.092 -99.000 -99.000 -99.000    16.1    16.2 -9999.0 -9999.0 -9999.0
54794 20100921  2.403  -70.93   43.17    20.5     5.1    12.8    13.1     0.0    16.88 R    25.8     4.0    14.0    92.2    32.6    64.4   0.144   0.087 -99.000 -99.000 -99.000    14.9    15.2 -9999.0 -9999.0 -9999.0
54794 20100922  2.403  -70.93   43.17    27.5    12.4    20.0    20.2     0.0    14.12 R    31.7    11.9    20.4    86.3    49.9    68.5   0.131   0.083 -99.000 -99.000 -99.000    17.1    16.7 -9999.0 -9999.0 -9999.0
54794 20100923  2.403  -70.93   43.17    22.0    10.0    16.0    15.7     0.0    15.36 R    29.3     9.5    16.7    98.6    44.7    76.0   0.116   0.079 -99.000 -99.000 -99.000    17.5    17.3 -9999.0 -9999.0 -9999.0
54794 20100924  2.403  -70.93   43.17    28.6    11.2    19.9    20.7     0.0    12.26 R    32.9    11.3    21.2    98.3    58.8    79.1   0.106   0.077 -99.000 -99.000 -99.000    18.2    17.7 -9999.0 -9999.0 -9999.0
54794 20100925  2.403  -70.93   43.17    29.1    14.8    21.9    22.5     0.0    15.76 R    34.7    13.8    22.9    90.6    32.9    64.8   0.139   0.068 -99.000 -99.000 -99.000    20.3    19.5 -9999.0 -9999.0 -9999.0
54794 20100926  2.403  -70.93   43.17    17.9    11.3    14.6    13.5     0.5     4.77 R    21.3    11.0    13.9    98.7    70.7    87.5   0.134   0.059 -99.000 -99.000 -99.000    17.2    17.4 -9999.0 -9999.0 -9999.0
54794 20100927  2.403  -70.93   43.17    14.2    11.4    12.8    12.8     3.0     1.93 R    15.3    11.7    13.2   100.0    97.5    98.6   0.131   0.055 -99.000 -99.000 -99.000    15.8    16.1 -9999.0 -9999.0 -9999.0
54794 20100928  2.403  -70.93   43.17    21.9    13.7    17.8    18.6     8.7     4.20 R    24.2    14.0    18.9   100.0    93.9    98.3   0.149   0.062 -99.000 -99.000 -99.000    17.4    17.0 -9999.0 -9999.0 -9999.0
54794 20100929  2.403  -70.93   43.17    26.3    15.9    21.1    21.1     0.0    15.35 R    29.9    15.7    21.7    98.4    48.0    81.6   0.180   0.090 -99.000 -99.000 -99.000    19.9    19.2 -9999.0 -9999.0 -9999.0
54794 20100930  2.403  -70.93   43.17    25.0    15.3    20.1    20.9     0.3     3.28 R    24.6    15.1    20.8   100.0    75.6    88.9   0.168   0.089 -99.000 -99.000 -99.000    19.1    18.7 -9999.0 -9999.0 -9999.0
54794 20101001  2.403  -70.93   43.17    24.9    13.5    19.2    19.4    25.2     2.76 R    24.2    13.5    19.4    99.1    75.5    90.0   0.230   0.119 -99.000 -99.000 -99.000    19.9    19.5 -9999.0 -9999.0 -9999.0
54794 20101002  2.403  -70.93   43.17    17.1     4.5    10.8    11.8     0.0    17.13 R    22.3     3.8    13.0    99.9    45.0    72.8   0.265   0.164 -99.000 -99.000 -99.000    16.9    17.3 -9999.0 -9999.0 -9999.0
54794 20101003  2.403  -70.93   43.17    14.9     2.9     8.9     9.1     0.0    11.50 R    20.0     2.4     9.8   100.0    50.5    77.5   0.222   0.138 -99.000 -99.000 -99.000    13.8    14.5 -9999.0 -9999.0 -9999.0
54794 20101004  2.403  -70.93   43.17    16.2     9.5    12.8    12.2     0.0    10.21 R    20.3     9.1    12.9    78.0    50.3    64.2   0.203   0.127 -99.000 -99.000 -99.000    14.2    14.5 -9999.0 -9999.0 -9999.0
54794 20101005  2.403  -70.93   43.17    17.2    11.9    14.5    13.8     0.0     6.51 R    19.4    11.8    14.2    93.5    56.5    71.9   0.191   0.118 -99.000 -99.000 -99.000    14.9    14.9 -9999.0 -9999.0 -9999.0
54794 20101006  2.403  -70.93   43.17    13.2    10.4    11.8    11.4    18.3     0.98 R    12.9    10.4    11.5    98.8    80.5    93.6   0.241   0.148 -99.000 -99.000 -99.000    14.1    14.5 -9999.0 -9999.0 -9999.0
54794 20101007  2.403  -70.93   43.17    16.6     5.6    11.1    11.6     0.8     9.48 R    19.2     5.1    11.9    99.1    47.9    82.0   0.280   0.187 -99.000 -99.000 -99.000    13.8    14.1 -9999.0 -9999.0 -9999.0
54794 20101008  2.403  -70.93   43.17    22.0     4.8    13.4    13.4     0.0    15.37 R    24.4     4.2    13.6    97.1    35.0    65.7   0.244   0.166 -99.000 -99.000 -99.000    13.4    13.6 -9999.0 -9999.0 -9999.0
54794 20101009  2.403  -70.93   43.17    13.8     4.5     9.2    10.5     0.0    15.70 R    18.7     3.3    11.0    85.7    35.0    56.3   0.222   0.150 -99.000 -99.000 -99.000    13.4    13.7 -9999.0 -9999.0 -9999.0
54794 20101010  2.403  -70.93   43.17    17.9     3.6    10.7     9.6     0.0    14.31 R    21.4     2.6    10.0    93.0    22.6    54.3   0.205   0.138 -99.000 -99.000 -99.000    12.1    12.6 -9999.0 -9999.0 -9999.0
54794 20101011  2.403  -70.93   43.17    17.3     1.9     9.6     9.0     0.0    14.10 R    22.2     1.2     9.6    99.1    39.3    72.8   0.201   0.129 -99.000 -99.000 -99.000    11.5    12.0 -9999.0 -9999.0 -9999.0
54794 20101012  2.403  -70.93   43.17    16.7     3.3    10.0     8.5     0.0    11.84 R    23.1     2.2     9.2    98.9    42.2    75.6   0.196   0.123 -99.000 -99.000 -99.000    11.5    11.9 -9999.0 -9999.0 -9999.0
54794 20101013  2.403  -70.93   43.17    16.0    -0.7     7.7     7.0     0.0    14.01 R    21.4    -1.3     8.1    99.9    44.2    79.5   0.193   0.118 -99.000 -99.000 -99.000    10.6    11.2 -9999.0 -9999.0 -9999.0
54794 20101014  2.403  -70.93   43.17    16.2     0.4     8.3     8.2     0.6    12.92 R    21.3    -0.3     9.1   100.0    55.9    84.2   0.189   0.113 -99.000 -99.000 -99.000    10.6    10.9 -9999.0 -9999.0 -9999.0
54794 20101015  2.403  -70.93   43.17    11.6     4.8     8.2     7.8    69.5     2.72 R    11.8     4.9     8.0    98.9    84.7    95.3   0.313   0.222 -99.000 -99.000 -99.000    10.6    11.0 -9999.0 -9999.0 -9999.0
54794 20101016  2.403  -70.93   43.17    13.0     5.7     9.4     8.8     0.0    13.64 R    17.2     4.8     9.2    85.3    48.7    66.0   0.293   0.213 -99.000 -99.000 -99.000    10.4    10.7 -9999.0 -9999.0 -9999.0
54794 20101017  2.403  -70.93   43.17    16.9     2.9     9.9     9.6     0.0    11.46 R    20.2     2.7     9.6    93.1    44.1    66.1   0.270   0.193 -99.000 -99.000 -99.000    10.6    10.9 -9999.0 -9999.0 -9999.0
54794 20101018  2.403  -70.93   43.17    13.1    -0.5     6.3     7.1     0.0    13.01 R    18.3    -1.1     7.3    97.2    32.6    58.4   0.256   0.179 -99.000 -99.000 -99.000     9.7    10.3 -9999.0 -9999.0 -9999.0
54794 20101019  2.403  -70.93   43.17    12.9    -2.7     5.1     4.4     0.0    11.76 R    18.9    -2.8     5.0    99.2    33.0    74.2   0.249   0.168 -99.000 -99.000 -99.000     8.5     9.2 -9999.0 -9999.0 -9999.0
54794 20101020  2.403  -70.93   43.17    15.4    -2.2     6.6     5.9     0.0    11.87 R    19.4    -2.2     6.5   100.0    35.1    81.1   0.242   0.161 -99.000 -99.000 -99.000     8.6     9.1 -9999.0 -9999.0 -9999.0
54794 20101021  2.403  -70.93   43.17    13.2    -1.0     6.1     4.9     1.7     4.11 R    15.2    -1.1     4.7   100.0    70.1    92.7   0.241   0.157 -99.000 -99.000 -99.000     8.1     8.7 -9999.0 -9999.0 -9999.0
54794 20101022  2.403  -70.93   43.17     7.4     0.3     3.9     3.7     0.0     6.27 R    11.9    -0.6     3.4    95.9    36.7    59.0   0.244   0.158 -99.000 -99.000 -99.000     7.1     7.9 -9999.0 -9999.0 -9999.0
54794 20101023  2.403  -70.93   43.17    11.1     0.5     5.8     4.9     0.0    13.08 R    14.8    -0.9     5.1    80.5    32.0    53.6   0.237   0.153 -99.000 -99.000 -99.000     6.8     7.5 -9999.0 -9999.0 -9999.0
54794 20101024  2.403  -70.93   43.17     7.0    -0.6     3.2     4.0     0.0     2.17 R     8.8    -0.5     4.4    93.9    58.5    80.7   0.234   0.148 -99.000 -99.000 -99.000     6.9     7.5 -9999.0 -9999.0 -9999.0
54794 20101025  2.403  -70.93   43.17    12.4     5.2     8.8     8.8     0.0     3.58 R    14.9     5.6     9.5   100.0    81.2    90.5   0.233   0.146 -99.000 -99.000 -99.000     9.1     9.0 -9999.0 -9999.0 -9999.0
54794 20101026  2.403  -70.93   43.17    20.7    10.1    15.4    13.5     0.5     9.37 R    24.7    10.3    14.6   100.0    69.2    93.4   0.233   0.145 -99.000 -99.000 -99.000    11.9    11.3 -9999.0 -9999.0 -9999.0
54794 20101027  2.403  -70.93   43.17    22.8    12.6    17.7    17.8     8.5     2.07 R    22.9    12.2    17.3   100.0    81.0    94.9   0.257   0.161 -99.000 -99.000 -99.000    14.0    13.1 -9999.0 -9999.0 -9999.0
54794 20101028  2.403  -70.93   43.17    21.4     8.4    14.9    14.3     0.0     7.51 R    22.5     7.8    13.5   100.0    38.8    72.0   0.276   0.185 -99.000 -99.000 -99.000    13.3    13.1 -9999.0 -9999.0 -9999.0
54794 20101029  2.403  -70.93   43.17    12.5     4.3     8.4     8.0     0.7     5.07 R    15.1     3.0     7.8    95.0    49.1    73.3   0.261   0.174 -99.000 -99.000 -99.000    10.7    11.2 -9999.0 -9999.0 -9999.0
54794 20101030  2.403  -70.93   43.17    11.9    -0.4     5.7     6.8     0.0     7.46 R    14.0    -0.6     6.7    80.9    41.0    57.9   0.254   0.168 -99.000 -99.000 -99.000     8.9     9.6 -9999.0 -9999.0 -9999.0
54794 20101031  2.403  -70.93   43.17    10.9     0.9     5.9     6.2     0.0    10.55 R    15.0     0.0     6.7    81.6    43.3    56.7   0.246   0.160 -99.000 -99.000 -99.000     9.1     9.6 -9999.0 -9999.0 -9999.0
54794 20101101  2.403  -70.93   43.17     8.9    -1.8     3.6     4.1     0.0    10.61 R    13.8    -2.3     4.8    78.4    43.5    59.7   0.238   0.153 -99.000 -99.000 -99.000     7.4     8.1 -9999.0 -9999.0 -9999.0
54794 20101102  2.403  -70.93   43.17     9.4    -1.9     3.7     3.9     0.0    10.36 R    14.3    -2.4     4.8    90.5    39.5    62.4   0.232   0.147 -99.000 -99.000 -99.000     7.8     8.4 -9999.0 -9999.0 -9999.0
54794 20101103  2.403  -70.93   43.17     8.2    -3.3     2.5     0.8     0.0     8.51 R    13.2    -3.8     1.6    97.8    46.1    79.1   0.229   0.143 -99.000 -99.000 -99.000     5.8     6.8 -9999.0 -9999.0 -9999.0
54794 20101104  2.403  -70.93   43.17     8.8    -3.8     2.5     3.8    27.9     0.67 R     8.5    -3.4     4.0   100.0    89.7    96.5   0.281   0.183 -99.000 -99.000 -99.000     5.7     6.3 -9999.0 -9999.0 -9999.0
54794 20101105  2.403  -70.93   43.17    13.5     5.0     9.2     8.6     6.8     2.38 R    14.6     4.5     8.5   100.0    71.1    91.7   0.322   0.226 -99.000 -99.000 -99.000     8.4     8.3 -9999.0 -9999.0 -9999.0
54794 20101106  2.403  -70.93   43.17     7.8     3.0     5.4     5.1     0.0     2.87 R     9.7     2.8     5.1    93.9    61.3    79.9   0.299   0.209 -99.000 -99.000 -99.000     7.7     8.0 -9999.0 -9999.0 -9999.0
54794 20101107  2.403  -70.93   43.17     6.4     0.0     3.2     3.7     1.9     3.49 R     7.7     0.1     3.8    98.6    55.4    75.2   0.289   0.200 -99.000 -99.000 -99.000     6.7     7.2 -9999.0 -9999.0 -9999.0
54794 20101108  2.403  -70.93   43.17     8.9     3.6     6.2     7.2    21.5     3.24 R    10.2     3.3     7.0    97.3    69.2    86.5   0.329   0.233 -99.000 -99.000 -99.000     7.2     7.4 -9999.0 -9999.0 -9999.0
54794 20101109  2.403  -70.93   43.17    12.2     6.0     9.1     9.3     1.5     3.52 R    15.5     5.5     9.2    96.5    77.0    87.6   0.303   0.211 -99.000 -99.000 -99.000     8.6     8.5 -9999.0 -9999.0 -9999.0
54794 20101110  2.403  -70.93   43.17    10.3     5.3     7.8     7.7     1.2     6.04 R    13.0     4.2     7.3    94.8    35.8    57.6   0.303   0.212 -99.000 -99.000 -99.000     8.4     8.6 -9999.0 -9999.0 -9999.0
54794 20101111  2.403  -70.93   43.17    12.4     2.0     7.2     6.1     0.0    10.20 R    14.6     0.8     5.6    55.9    20.2    41.1   0.288   0.199 -99.000 -99.000 -99.000     6.8     7.3 -9999.0 -9999.0 -9999.0
54794 20101112  2.403  -70.93   43.17    15.2     0.2     7.7     6.4     0.0     9.70 R    17.4    -0.6     6.0    81.5    14.5    45.0   0.280   0.191 -99.000 -99.000 -99.000     6.2     6.7 -9999.0 -9999.0 -9999.0
54794 20101113  2.403  -70.93   43.17    18.2    -0.3     8.9     7.0     0.0     9.52 R    22.0    -0.7     7.2    96.4    29.7    65.3   0.273   0.184 -99.000 -99.000 -99.000     6.5     6.8 -9999.0 -9999.0 -9999.0
54794 20101114  2.403  -70.93   43.17    10.2     0.9     5.5     5.7     0.0     8.24 R    14.7     0.1     6.2    97.6    61.1    79.4   0.266   0.179 -99.000 -99.000 -99.000     6.6     6.9 -9999.0 -9999.0 -9999.0
54794 20101115  2.403  -70.93   43.17     9.8     6.3     8.0     8.0     0.0     1.14 R    10.5     6.4     8.3    97.0    76.1    88.0   0.262   0.177 -99.000 -99.000 -99.000     8.1     8.0 -9999.0 -9999.0 -9999.0
54794 20101116  2.403  -70.93   43.17    11.7     7.3     9.5     9.0     0.0     3.41 R    14.9     7.2     9.4    98.9    77.9    92.9   0.261   0.177 -99.000 -99.000 -99.000     9.0     8.9 -9999.0 -9999.0 -9999.0
54794 20101117  2.403  -70.93   43.17    16.0     8.1    12.1    11.4    37.4     3.66 R    17.8     7.0    11.1    99.1    53.5    79.6   0.321   0.225 -99.000 -99.000 -99.000    10.0     9.7 -9999.0 -9999.0 -9999.0
54794 20101118  2.403  -70.93   43.17    10.1     1.6     5.8     6.6     0.0     8.22 R    13.7     0.5     6.6    76.6    36.6    52.5   0.291   0.202 -99.000 -99.000 -99.000     8.0     8.4 -9999.0 -9999.0 -9999.0
54794 20101119  2.403  -70.93   43.17     5.7    -4.5     0.6     0.8     0.0     6.89 R    10.6    -4.3     1.0    88.6    38.0    64.9   0.289   0.193 -99.000 -99.000 -99.000     5.3     6.2 -9999.0 -9999.0 -9999.0
54794 20101120  2.403  -70.93   43.17    10.9    -3.4     3.7     3.2     0.0     6.80 R    13.3    -3.0     3.1    86.6    38.2    58.1   0.290   0.185 -99.000 -99.000 -99.000     4.7     5.3 -9999.0 -9999.0 -9999.0
54794 20101121  2.403  -70.93   43.17     2.6    -3.2    -0.3    -0.7     0.0     8.22 R     9.1    -3.5     0.3    83.9    39.1    58.7   0.284   0.180 -99.000 -99.000 -99.000     4.0     4.8 -9999.0 -9999.0 -9999.0
54794 20101122  2.403  -70.93   43.17     5.9    -3.0     1.5     2.6     0.0     0.59 R     6.6    -2.5     2.9    98.1    75.2    83.7   0.283   0.178 -99.000 -99.000 -99.000     4.3     4.7 -9999.0 -9999.0 -9999.0
54794 20101123  2.403  -70.93   43.17     8.4     4.9     6.7     6.5     0.3     1.93 R     9.8     4.5     6.8   100.0    62.4    96.9   0.286   0.177 -99.000 -99.000 -99.000     6.6     6.5 -9999.0 -9999.0 -9999.0
54794 20101124  2.403  -70.93   43.17     8.0    -1.2     3.4     3.5     0.0     8.30 R     8.4    -2.8     3.4    61.7    24.1    38.5   0.286   0.175 -99.000 -99.000 -99.000     5.2     5.9 -9999.0 -9999.0 -9999.0
54794 20101125  2.403  -70.93   43.17     3.2    -3.5    -0.2    -0.5     0.0     6.58 R     6.8    -4.3     0.1    69.6    29.3    42.2   0.280   0.169 -99.000 -99.000 -99.000     2.9     3.9 -9999.0 -9999.0 -9999.0
54794 20101126  2.403  -70.93   43.17 -9999.0 -9999.0 -9999.0 -9999.0 -9999.0 -9999.00 U -9999.0 -9999.0 -9999.0 -9999.0 -9999.0 -9999.0 -99.000 -99.000 -99.000 -99.000 -99.000 -9999.0 -9999.0 -9999.0 -9999.0 -9999.0
54794 20101127 -9.000  -70.93   43.17 -9999.0 -9999.0 -9999.0 -9999.0 -9999.0 -9999.00 U -9999.0 -9999.0 -9999.0 -9999.0 -9999.0 -9999.0 -99.000 -99.000 -99.000 -99.000 -99.000 -9999.0 -9999.0 -9999.0 -9999.0 -9999.0
54794 20101128 -9.000  -70.93   43.17 -9999.0 -9999.0 -9999.0 -9999.0 -9999.0 -9999.00 U -9999.0 -9999.0 -9999.0 -9999.0 -9999.0 -9999.0 -99.000 -99.000 -99.000 -99.000 -99.000 -9999.0 -9999.0 -9999.0 -9999.0 -9999.0
54794 20101129  2.403  -70.93   43.17 -9999.0 -9999.0 -9999.0 -9999.0 -9999.0 -9999.00 U -9999.0 -9999.0 -9999.0 -9999.0 -9999.0 -9999.0 -99.000 -99.000 -99.000 -99.000 -99.000 -9999.0 -9999.0 -9999.0 -9999.0 -9999.0
54794 20101130  2.403  -70.93   43.17     7.2    -5.2     1.0     1.6     0.6     4.23 R    10.7    -5.7     1.7    98.3    70.7    87.2   0.295   0.182 -99.000 -99.000 -99.000     2.4     2.9 -9999.0 -9999.0 -9999.0
54794 20101201  2.403  -70.93   43.17    10.2     6.1     8.2     8.7    21.5     1.28 R    10.0     5.6     8.2    98.3    73.8    90.4   0.321   0.203 -99.000 -99.000 -99.000     5.5     5.1 -9999.0 -9999.0 -9999.0
54794 20101202  2.403  -70.93   43.17    10.2    -0.6     4.8     4.0     0.0     7.70 R    10.7    -1.5     4.4    99.1    50.9    72.4   0.334   0.214 -99.000 -99.000 -99.000     5.8     5.9 -9999.0 -9999.0 -9999.0
54794 20101203  2.403  -70.93   43.17     4.5    -2.2     1.2     1.5     0.0     4.00 R     8.4    -2.5     1.8    94.4    47.7    66.7   0.316   0.197 -99.000 -99.000 -99.000     3.8     4.3 -9999.0 -9999.0 -9999.0
54794 20101204  2.403  -70.93   43.17     4.6    -2.4     1.1     1.4     0.0     3.17 R     7.7    -3.2     1.5    70.0    49.3    61.0   0.308   0.192 -99.000 -99.000 -99.000     3.7     4.2 -9999.0 -9999.0 -9999.0
54794 20101205  2.403  -70.93   43.17    -0.2    -4.6    -2.4    -1.7     0.0     1.73 R     1.3    -5.2    -1.3    69.2    52.3    60.0   0.302   0.191 -99.000 -99.000 -99.000     2.3     3.0 -9999.0 -9999.0 -9999.0
54794 20101206  2.403  -70.93   43.17    -0.2    -5.9    -3.1    -2.9     0.0     3.81 R     2.7    -6.1    -2.4    73.9    49.4    60.6   0.296   0.189 -99.000 -99.000 -99.000     1.5     2.3 -9999.0 -9999.0 -9999.0
54794 20101207  2.403  -70.93   43.17     0.4    -4.4    -2.0    -2.4     0.0     6.19 R     4.4    -5.1    -1.8    60.4    41.4    51.2   0.290   0.184 -99.000 -99.000 -99.000     1.2     2.0 -9999.0 -9999.0 -9999.0
54794 20101208  2.403  -70.93   43.17    -1.2    -7.4    -4.3    -4.2     0.0     7.43 R     3.0    -7.9    -3.5    64.5    37.9    51.3   0.283   0.180 -99.000 -99.000 -99.000     0.9     1.6 -9999.0 -9999.0 -9999.0
54794 20101209  2.403  -70.93   43.17    -3.5    -9.9    -6.7    -6.9     0.0     7.34 R     1.2    -9.9    -5.9    76.7    38.2    53.7 -99.000   0.174 -99.000 -99.000 -99.000     0.4     1.2 -9999.0 -9999.0 -9999.0
54794 20101210  2.403  -70.93   43.17    -4.3   -14.7    -9.5    -8.0     0.0     4.51 R    -0.5   -14.1    -6.7    90.0    47.1    66.2 -99.000   0.165 -99.000 -99.000 -99.000    -0.2     0.7 -9999.0 -9999.0 -9999.0
54794 20101211  2.403  -70.93   43.17     5.5    -4.8     0.3    -1.1     0.0     5.30 R     8.4    -4.9    -0.6    92.3    47.5    66.3 -99.000   0.164 -99.000 -99.000 -99.000    -0.1     0.6 -9999.0 -9999.0 -9999.0
54794 20101212  2.403  -70.93   43.17    11.0    -5.5     2.8     3.7    45.4     0.24 R    10.7    -5.8     3.0    99.9    89.8    94.9 -99.000   0.216 -99.000 -99.000 -99.000     0.1     0.6 -9999.0 -9999.0 -9999.0
54794 20101213  2.403  -70.93   43.17    11.5     3.7     7.6     9.1    12.9     0.78 R    11.0     3.6     8.7   100.0    87.5    95.0   0.368   0.250 -99.000 -99.000 -99.000     4.0     3.3 -9999.0 -9999.0 -9999.0
54794 20101214  2.403  -70.93   43.17     3.7    -7.1    -1.7    -3.3     0.0     5.77 R     3.6    -6.1    -2.1    92.6    50.6    63.4   0.332   0.220 -99.000 -99.000 -99.000     2.6     3.1 -9999.0 -9999.0 -9999.0
54794 20101215  2.403  -70.93   43.17    -6.5    -8.6    -7.6    -7.7     0.0     2.09 R    -4.5    -8.1    -6.5    66.4    46.6    52.8   0.301   0.203 -99.000 -99.000 -99.000     0.9     1.6 -9999.0 -9999.0 -9999.0
54794 20101216  2.403  -70.93   43.17    -1.3   -11.7    -6.5    -6.6     0.0     5.68 R     2.4   -11.0    -5.5    89.8    44.5    67.3 -99.000   0.188 -99.000 -99.000 -99.000     0.3     1.0 -9999.0 -9999.0 -9999.0
54794 20101217  2.403  -70.93   43.17     0.3   -11.1    -5.4    -5.7     0.0     7.07 R     4.6   -10.9    -4.8    94.6    42.9    73.0 -99.000   0.179 -99.000 -99.000 -99.000     0.0     0.7 -9999.0 -9999.0 -9999.0
54794 20101218  2.403  -70.93   43.17     1.4   -10.6    -4.6    -4.8     0.0     6.97 R     6.4   -10.3    -3.3    93.1    53.0    77.5 -99.000 -99.000 -99.000 -99.000 -99.000    -0.3     0.4 -9999.0 -9999.0 -9999.0
54794 20101219  2.403  -70.93   43.17     1.4    -7.6    -3.1    -2.6     0.0     4.12 R     5.1    -7.6    -2.3    97.0    53.7    79.2 -99.000 -99.000 -99.000 -99.000 -99.000    -0.2     0.3 -9999.0 -9999.0 -9999.0
54794 20101220  2.403  -70.93   43.17    -1.3    -5.0    -3.2    -3.0     0.5     1.15 R    -0.4    -5.3    -2.9    86.2    50.7    68.3 -99.000 -99.000 -99.000 -99.000 -99.000    -0.2     0.3 -9999.0 -9999.0 -9999.0
54794 20101221  2.403  -70.93   43.17     5.9    -3.3     1.3     1.2     0.4     4.61 R     7.8    -3.7     1.1    90.3    52.0    65.5 -99.000 -99.000 -99.000 -99.000 -99.000    -0.2     0.3 -9999.0 -9999.0 -9999.0
54794 20101222  2.403  -70.93   43.17     1.9    -0.7     0.6     0.3     2.0     1.96 R     2.0    -1.1     0.0    95.8    62.7    80.6 -99.000 -99.000 -99.000 -99.000 -99.000    -0.1     0.3 -9999.0 -9999.0 -9999.0
54794 20101223  2.403  -70.93   43.17     5.0    -1.6     1.7     0.7     1.4     3.71 R     7.3    -2.8     0.2    91.8    52.4    72.4 -99.000 -99.000 -99.000 -99.000 -99.000     0.0     0.5 -9999.0 -9999.0 -9999.0
54794 20101224  2.403  -70.93   43.17     2.6    -5.0    -1.2    -1.6     0.0     7.15 R     6.4    -5.7    -1.3    68.3    36.5    54.9 -99.000   0.169 -99.000 -99.000 -99.000     0.1     0.5 -9999.0 -9999.0 -9999.0
54794 20101225  2.403  -70.93   43.17     0.1    -9.8    -4.9    -5.0     0.0     4.22 R     3.2    -9.3    -4.5    91.1    46.3    70.3 -99.000 -99.000 -99.000 -99.000 -99.000    -0.1     0.4 -9999.0 -9999.0 -9999.0
54794 20101226  2.403  -70.93   43.17    -3.6    -6.8    -5.2    -5.5    11.0     2.11 R    -3.0    -6.3    -4.8    94.5    56.3    71.7 -99.000 -99.000 -99.000 -99.000 -99.000    -0.3     0.2 -9999.0 -9999.0 -9999.0
54794 20101227  2.403  -70.93   43.17    -0.7    -8.9    -4.8    -4.3     6.5     2.46 R    -0.7   -10.3    -4.6    95.7    54.9    73.1 -99.000 -99.000 -99.000 -99.000 -99.000    -0.2     0.2 -9999.0 -9999.0 -9999.0
54794 20101228  2.403  -70.93   43.17    -0.9    -9.4    -5.1    -4.9     0.0     7.57 R    -0.5   -11.6    -6.6    55.4    30.3    42.1 -99.000 -99.000 -99.000 -99.000 -99.000    -0.1     0.3 -9999.0 -9999.0 -9999.0
54794 20101229  2.403  -70.93   43.17     2.1    -7.2    -2.6    -1.2     0.0     6.54 R     3.6   -10.6    -2.8    89.4    48.0    61.3 -99.000 -99.000 -99.000 -99.000 -99.000    -0.1     0.3 -9999.0 -9999.0 -9999.0
54794 20101230  2.403  -70.93   43.17     6.3   -12.5    -3.1    -4.0     0.0     7.16 R     7.5   -14.7    -5.5    95.0    37.1    75.2 -99.000 -99.000 -99.000 -99.000 -99.000     0.0     0.4 -9999.0 -9999.0 -9999.0
54794 20101231  2.403  -70.93   43.17    10.3    -5.7     2.3     1.3     0.0     5.93 R     9.9    -7.9     0.2    97.0    45.2    74.2 -99.000 -99.000 -99.000 -99.000 -99.000     0.0     0.4 -9999.0 -9999.0 -9999.0
