54933 20210101  2.622  -99.13   45.71    -2.0   -10.4    -6.2    -5.2     0.0     5.14 C    -1.2   -14.6    -8.5    93.8    74.6    87.7 -99.000 -99.000   0.142   0.126   0.204    -0.8    -0.4     0.4     1.6     3.2
54933 20210102  2.622  -99.13   45.71    -0.4    -5.7    -3.0    -3.0     0.0     6.61 C    -1.8   -12.0    -7.3    84.5    66.6    75.1 -99.000 -99.000   0.142   0.127   0.204    -0.7    -0.3     0.4     1.6     3.2
54933 20210103  2.622  -99.13   45.71     4.4    -6.4    -1.0    -0.7     0.0     6.42 C     0.2   -13.1    -5.2    93.8    58.7    75.1 -99.000 -99.000   0.141   0.127   0.204    -0.6    -0.3     0.4     1.6     3.2
54933 20210104  2.622  -99.13   45.71     4.7    -4.2     0.3     0.3     0.0     6.79 C     0.2   -11.9    -3.7    88.5    57.5    72.3 -99.000 -99.000   0.142   0.127   0.204    -0.4    -0.2     0.5     1.5     3.1
54933 20210105  2.622  -99.13   45.71     1.4    -4.9    -1.8    -1.2     1.7     2.78 C    -0.1   -11.6    -3.7    95.7    47.4    72.5 -99.000 -99.000   0.142   0.127   0.204    -0.4    -0.1     0.6     1.6     3.1
54933 20210106  2.622  -99.13   45.71    -0.3    -1.4    -0.9    -0.7     2.1     2.44 C    -0.2    -2.1    -0.7    96.7    95.3    96.3 -99.000 -99.000   0.142   0.127   0.204    -0.3     0.0     0.6     1.6     3.1
54933 20210107  2.622  -99.13   45.71    -0.3    -1.8    -1.1    -0.9     0.0     2.52 C    -0.4    -1.5    -0.8    96.8    95.3    96.1 -99.000 -99.000   0.143   0.127   0.204    -0.2     0.1     0.7     1.6     3.1
54933 20210108  2.622  -99.13   45.71    -0.4    -1.2    -0.8    -0.9     0.2     2.45 C    -0.1    -1.2    -0.7    96.2    94.5    95.3 -99.000   0.202   0.143   0.127   0.204    -0.1     0.1     0.7     1.6     3.1
54933 20210109  2.622  -99.13   45.71    -0.2    -2.0    -1.1    -1.1     0.8     3.49 C    -0.1    -3.2    -1.2    94.6    92.4    93.9 -99.000   0.202   0.142   0.128   0.204     0.1     0.3     0.8     1.7     3.1
54933 20210110  2.622  -99.13   45.71    -0.9    -8.7    -4.8    -4.1     0.0     4.02 C    -1.3   -11.6    -5.8    93.9    81.5    89.2   0.174   0.185   0.142   0.128   0.204     0.2     0.4     0.9     1.7     3.1
54933 20210111  2.622  -99.13   45.71     1.4    -6.0    -2.3    -2.9     0.0     6.38 C    -0.2    -9.0    -5.8    87.7    68.6    79.2   0.174   0.148   0.138   0.128   0.204     0.2     0.4     0.9     1.7     3.1
54933 20210112  2.622  -99.13   45.71     5.1    -3.3     0.9     1.0     0.0     5.21 C     0.5    -9.9    -2.7    77.5    59.4    69.5   0.174   0.144   0.138   0.128   0.205     0.2     0.4     0.9     1.8     3.1
54933 20210113  2.622  -99.13   45.71     7.4    -1.1     3.1     3.9     1.0     5.55 C     3.4    -3.4     0.6    90.3    53.7    69.8   0.176   0.145   0.138   0.128   0.205     0.3     0.5     1.0     1.8     3.0
54933 20210114  2.622  -99.13   45.71     4.1    -2.5     0.8     0.1     0.0     2.89 C     1.2    -3.3    -0.9    83.5    50.9    65.6   0.232   0.184   0.138   0.128   0.205     0.4     0.5     1.0     1.8     3.0
54933 20210115  2.622  -99.13   45.71    -2.4    -7.5    -5.0    -4.7     0.0     2.45 C    -1.8    -6.4    -4.1    92.0    70.6    79.0   0.212   0.179   0.138   0.129   0.205     0.3     0.5     1.1     1.8     3.0
54933 20210116  2.622  -99.13   45.71     1.1    -7.8    -3.3    -4.6     0.0     3.70 C     3.0    -7.2    -4.3    93.0    52.3    79.8   0.209   0.176   0.140   0.129   0.205     0.3     0.6     1.0     1.8     3.0
54933 20210117  2.622  -99.13   45.71    -0.5    -7.3    -3.9    -3.8     0.0     6.33 C     5.0    -9.9    -4.1    88.4    59.4    77.4   0.239   0.173   0.142   0.128   0.205     0.3     0.5     1.0     1.8     3.0
54933 20210118  2.622  -99.13   45.71    -1.3    -6.9    -4.1    -4.6     0.9     2.42 C    -0.5    -9.2    -4.3    93.3    76.8    87.0   0.239   0.171   0.142   0.129   0.205     0.2     0.5     1.0     1.8     3.0
54933 20210119  2.622  -99.13   45.71    -1.2   -12.2    -6.7    -7.6     0.4     6.22 C    -2.2   -17.6    -8.7    89.6    68.4    79.1   0.235   0.169   0.143   0.129   0.205     0.1     0.4     1.0     1.8     3.0
54933 20210120  2.622  -99.13   45.71     6.1    -9.8    -1.9    -0.3     0.0     6.85 C     4.9   -11.6    -2.6    87.4    31.3    58.3 -99.000   0.178   0.143   0.129   0.205     0.0     0.3     0.9     1.8     3.0
54933 20210121  2.622  -99.13   45.71    -1.4   -12.9    -7.1    -5.9     0.0     3.77 C     2.8   -13.5    -6.3    79.2    51.8    66.7 -99.000   0.181   0.143   0.130   0.205     0.0     0.3     0.9     1.7     2.9
54933 20210122  2.622  -99.13   45.71    -1.6   -13.3    -7.4    -7.6     0.0     6.09 C     3.9   -15.0    -8.0    82.4    46.8    68.3 -99.000   0.238   0.146   0.130   0.206    -0.5     0.1     0.8     1.7     2.9
54933 20210123  2.622  -99.13   45.71    -2.5    -9.4    -6.0    -5.9     0.0     1.39 C    -0.5   -12.5    -6.4    92.8    75.5    86.6 -99.000 -99.000   0.148   0.131   0.206    -0.8    -0.2     0.6     1.6     2.9
54933 20210124  2.622  -99.13   45.71    -7.8   -16.8   -12.3   -12.1     0.0     8.04 C    -0.5   -19.6   -11.3    89.3    39.6    72.0 -99.000 -99.000   0.148   0.131   0.205    -1.5    -0.6     0.4     1.5     2.8
54933 20210125  2.622  -99.13   45.71    -9.7   -12.7   -11.2   -11.6     0.0     2.18 C    -6.9   -11.8   -10.5    80.8    64.3    73.6 -99.000 -99.000   0.149   0.131   0.205    -1.9    -1.1     0.2     1.3     2.7
54933 20210126  2.622  -99.13   45.71   -12.1   -15.8   -14.0   -14.3     0.0     3.91 C    -5.7   -14.2   -11.7    83.3    66.3    77.0 -99.000 -99.000 -99.000   0.131   0.204    -2.3    -1.4    -0.2     1.2     2.7
54933 20210127  2.622  -99.13   45.71    -9.2   -17.6   -13.4   -14.3     0.0     4.04 C    -5.4   -15.7   -12.7    86.6    78.1    82.2 -99.000 -99.000 -99.000   0.130   0.204    -2.8    -1.8    -0.5     0.9     2.6
54933 20210128  2.622  -99.13   45.71    -5.0   -14.4    -9.7   -10.6     0.0     7.81 C     2.3   -14.7    -9.5    90.0    63.8    83.6 -99.000 -99.000 -99.000   0.143   0.204    -2.8    -2.0    -0.8     0.7     2.5
54933 20210129  2.622  -99.13   45.71    -4.1   -10.2    -7.1    -6.2     0.0     1.20 C    -3.2   -10.4    -5.8    92.9    89.6    91.7 -99.000 -99.000 -99.000   0.146   0.204    -2.4    -1.9    -0.8     0.5     2.4
54933 20210130  2.622  -99.13   45.71    -4.3    -6.0    -5.1    -5.0     0.0     1.19 C    -2.6    -5.8    -4.5    92.2    90.6    91.6 -99.000 -99.000 -99.000   0.149   0.203    -1.8    -1.5    -0.8     0.5     2.3
54933 20210131  2.622  -99.13   45.71    -5.3    -7.6    -6.5    -6.2     0.0     2.20 C    -2.2    -6.9    -5.3    91.4    89.5    90.6 -99.000 -99.000 -99.000   0.148   0.204    -1.7    -1.4    -0.7     0.5     2.2
54933 20210201  2.622  -99.13   45.71    -4.4    -7.8    -6.1    -6.3     0.0     2.86 C    -1.9    -7.4    -5.4    91.7    88.9    90.3 -99.000 -99.000 -99.000   0.151   0.204    -1.7    -1.3    -0.6     0.5     2.1
54933 20210202  2.622  -99.13   45.71    -4.6    -7.5    -6.0    -5.9     0.0     1.85 C    -3.6    -7.2    -5.5    91.9    89.3    90.7 -99.000 -99.000 -99.000   0.173   0.204    -1.7    -1.3    -0.6     0.5     2.1
54933 20210203  2.622  -99.13   45.71    -1.9   -10.1    -6.0    -4.5     0.0     1.44 C    -1.2   -10.5    -4.5    93.7    84.9    91.3 -99.000 -99.000 -99.000   0.171   0.204    -1.5    -1.2    -0.6     0.5     2.0
54933 20210204  2.622  -99.13   45.71   -10.0   -17.2   -13.6   -13.9     0.0     9.02 C    -7.6   -18.0   -13.6    86.4    76.8    81.9 -99.000 -99.000 -99.000   0.181   0.204    -2.4    -1.6    -0.7     0.4     2.0
54933 20210205  2.622  -99.13   45.71   -10.9   -19.8   -15.3   -16.2     0.0     6.91 C    -6.8   -21.2   -16.1    80.1    65.9    75.1 -99.000 -99.000 -99.000   0.186   0.204    -3.6    -2.5    -1.1     0.2     1.9
54933 20210206  2.622  -99.13   45.71   -19.5   -26.4   -23.0   -22.6     0.0    10.76 C   -15.0   -30.5   -22.5    74.9    57.7    67.9 -99.000 -99.000 -99.000   0.186   0.203    -4.7    -3.4    -1.6     0.0     1.8
54933 20210207  2.622  -99.13   45.71   -20.0   -27.5   -23.8   -24.0     0.2     6.18 C   -13.4   -32.4   -23.8    79.2    65.7    72.0 -99.000 -99.000 -99.000   0.186   0.203    -5.9    -4.4    -2.3    -0.4     1.7
54933 20210208  2.622  -99.13   45.71   -15.8   -29.2   -22.5   -22.0     0.0     9.43 C   -11.4   -33.1   -23.4    80.4    65.4    76.6 -99.000 -99.000 -99.000 -99.000   0.203    -6.6    -5.1    -2.9    -0.7     1.6
54933 20210209  2.622  -99.13   45.71   -15.2   -25.8   -20.5   -20.1     0.0    11.30 C   -12.7   -27.4   -20.6    70.0    50.9    62.6 -99.000 -99.000 -99.000 -99.000   0.203    -6.6    -5.4    -3.4    -1.0     1.4
54933 20210210  2.622  -99.13   45.71   -16.7   -26.2   -21.4   -21.2     0.0    10.59 C   -11.4   -28.3   -21.6    72.7    52.0    63.8 -99.000 -99.000 -99.000 -99.000   0.202    -6.8    -5.6    -3.7    -1.2     1.2
54933 20210211  2.622  -99.13   45.71   -21.6   -30.0   -25.8   -24.3     0.0     8.39 C   -15.5   -35.0   -23.4    77.5    59.9    68.7 -99.000 -99.000 -99.000 -99.000   0.203    -7.2    -6.0    -4.0    -1.5     1.0
54933 20210212  2.622  -99.13   45.71   -21.3   -31.9   -26.6   -26.9     0.0    11.10 C   -16.9   -34.9   -27.8    77.3    56.0    68.7 -99.000 -99.000 -99.000 -99.000   0.207    -8.2    -6.8    -4.5    -1.8     0.9
54933 20210213  2.622  -99.13   45.71   -23.9   -31.4   -27.7   -27.8     0.0    11.80 C   -17.6   -36.6   -29.0    78.0    55.2    69.2 -99.000 -99.000 -99.000 -99.000   0.215    -9.0    -7.6    -5.2    -2.2     0.7
54933 20210214  2.622  -99.13   45.71   -21.1   -34.6   -27.9   -27.6     0.0    12.16 C   -13.6   -38.5   -28.2    71.5    50.4    62.1 -99.000 -99.000 -99.000 -99.000   0.232    -9.7    -8.3    -5.9    -2.7     0.4
54933 20210215  2.622  -99.13   45.71   -18.4   -28.4   -23.4   -23.6     0.0    12.27 C   -13.8   -34.9   -25.0    73.5    55.6    65.5 -99.000 -99.000 -99.000 -99.000   0.269    -9.9    -8.6    -6.4    -3.2     0.2
54933 20210216  2.622  -99.13   45.71   -16.4   -29.3   -22.8   -22.6     0.0    10.92 C   -11.4   -30.0   -21.6    76.2    51.9    67.7 -99.000 -99.000 -99.000 -99.000   0.268    -9.9    -8.7    -6.7    -3.6     0.0
54933 20210217  2.622  -99.13   45.71   -13.7   -20.4   -17.1   -17.9     0.5    10.39 C    -4.5   -26.9   -17.6    81.6    63.0    75.0 -99.000 -99.000 -99.000 -99.000   0.268    -8.6    -7.9    -6.5    -3.9    -0.2
54933 20210218  2.622  -99.13   45.71   -10.2   -17.8   -14.0   -13.5     0.0     8.48 C    -7.3   -26.4   -15.1    84.2    63.9    75.0 -99.000 -99.000 -99.000 -99.000 -99.000    -7.6    -7.1    -6.0    -3.8    -0.4
54933 20210219  2.622  -99.13   45.71    -2.4   -18.0   -10.2   -10.3     0.0    13.08 C     4.7   -26.4   -10.5    84.7    41.8    68.1 -99.000 -99.000 -99.000 -99.000 -99.000    -7.0    -6.6    -5.7    -3.7    -0.6
54933 20210220  2.622  -99.13   45.71     4.1   -15.7    -5.8    -7.0     0.0    10.28 C    10.7   -16.3    -6.9    91.7    44.8    75.7 -99.000 -99.000 -99.000 -99.000 -99.000    -6.0    -5.8    -5.2    -3.6    -0.7
54933 20210221  2.622  -99.13   45.71     7.5   -10.0    -1.2    -1.2     0.0    13.11 C    15.7   -13.0    -1.4    94.4    25.4    64.7 -99.000 -99.000 -99.000 -99.000 -99.000    -4.2    -4.6    -4.4    -3.3    -0.7
54933 20210222  2.622  -99.13   45.71    12.6    -2.5     5.0     3.5     0.0    10.18 C    16.6    -5.4     1.9    73.8    34.9    57.0 -99.000 -99.000 -99.000 -99.000 -99.000    -2.0    -2.5    -3.0    -2.7    -0.7
54933 20210223  2.622  -99.13   45.71     8.8    -5.0     1.9     1.3     0.0     7.83 C    19.0    -8.2     1.4    92.2    40.5    71.5 -99.000 -99.000 -99.000 -99.000 -99.000    -1.0    -1.2    -1.5    -1.7    -0.6
54933 20210224  2.622  -99.13   45.71     4.5    -9.2    -2.3    -1.3     0.0     7.41 C    13.5   -13.3    -1.0    90.9    49.3    75.6 -99.000 -99.000 -99.000 -99.000 -99.000    -0.7    -0.9    -1.2    -1.2    -0.4
54933 20210225  2.622  -99.13   45.71     6.5   -10.4    -2.0    -2.0     0.0    13.93 C    12.6   -15.0    -2.4    90.4    22.4    61.0 -99.000 -99.000 -99.000 -99.000 -99.000    -0.8    -1.0    -1.0    -1.0    -0.3
54933 20210226  2.622  -99.13   45.71     9.9    -3.6     3.2     2.0     0.0    11.88 C    18.9    -9.6     1.4    84.7    20.3    52.2 -99.000 -99.000 -99.000 -99.000 -99.000    -0.7    -0.9    -1.0    -0.9    -0.3
54933 20210227  2.622  -99.13   45.71     0.0    -9.5    -4.7    -5.1     0.0     5.45 C     8.6   -12.9    -5.0    95.1    60.5    85.2 -99.000 -99.000 -99.000 -99.000 -99.000    -0.7    -0.9    -0.9    -0.8    -0.2
54933 20210228  2.622  -99.13   45.71     1.3   -13.8    -6.2    -6.4     0.0    14.07 C    13.4   -14.5    -3.9    90.9    39.9    69.8 -99.000 -99.000 -99.000 -99.000 -99.000    -1.1    -1.1    -1.0    -0.8    -0.2
54933 20210301  2.622  -99.13   45.71     0.9   -16.0    -7.6    -7.4     0.0    13.64 C     8.4   -17.3    -5.1    86.6    38.6    70.4 -99.000 -99.000 -99.000 -99.000 -99.000    -1.3    -1.2    -1.1    -0.8    -0.1
54933 20210302  2.622  -99.13   45.71    15.9    -5.0     5.5     4.6     0.0    14.83 C    23.9    -7.8     3.2    84.9    19.1    54.0 -99.000 -99.000 -99.000 -99.000 -99.000    -1.2    -1.3    -1.1    -0.8     0.0
54933 20210303  2.622  -99.13   45.71    16.0    -3.3     6.3     4.5     0.0    14.26 C    30.5    -5.0     6.4    94.4    25.6    68.4 -99.000 -99.000 -99.000 -99.000 -99.000    -0.6    -0.9    -1.0    -0.7     0.0
54933 20210304  2.622  -99.13   45.71    15.2    -2.5     6.4     4.8     0.0    13.71 C    28.0    -5.2     5.8    97.0    35.6    77.0 -99.000 -99.000 -99.000 -99.000 -99.000    -0.4    -0.7    -0.9    -0.7     0.0
54933 20210305  2.622  -99.13   45.71     9.2    -0.6     4.3     2.4     0.0    10.36 C    21.2    -3.3     3.4    97.0    62.4    87.6 -99.000 -99.000 -99.000 -99.000 -99.000    -0.3    -0.6    -0.7    -0.6     0.0
54933 20210306  2.622  -99.13   45.71    14.0    -1.9     6.0     4.5     0.0    13.07 C    21.1    -3.4     5.0    97.0    42.6    79.9 -99.000 -99.000 -99.000 -99.000 -99.000    -0.2    -0.5    -0.6    -0.6     0.1
54933 20210307  2.622  -99.13   45.71    15.9     0.6     8.3     7.2     0.0    15.65 C    27.2    -8.1     6.4    86.3    26.3    53.3 -99.000 -99.000 -99.000 -99.000 -99.000     0.0    -0.5    -0.6    -0.5     0.1
54933 20210308  2.622  -99.13   45.71    15.6     0.4     8.0     7.3     0.0    13.11 C    25.0    -6.1     6.6    81.6    23.8    51.3 -99.000 -99.000 -99.000 -99.000 -99.000     0.1    -0.4    -0.5    -0.5     0.2
54933 20210309  2.622  -99.13   45.71    14.5     1.8     8.2     7.4     0.0    13.47 C    24.2     0.2     7.9    91.6    41.4    67.8   0.283 -99.000 -99.000 -99.000 -99.000     0.5    -0.3    -0.5    -0.4     0.2
54933 20210310  2.622  -99.13   45.71     2.2    -2.8    -0.3    -1.1     4.1     2.80 C     0.7    -3.8    -1.4    91.2    66.9    83.2 -99.000 -99.000 -99.000 -99.000 -99.000     0.0    -0.3    -0.4    -0.4     0.3
54933 20210311  2.622  -99.13   45.71     4.8    -4.8     0.0    -0.9     0.0    16.10 C    13.2   -10.6    -1.9    77.7    49.9    65.1 -99.000 -99.000 -99.000 -99.000 -99.000     0.1    -0.3    -0.4    -0.3     0.3
54933 20210312  2.622  -99.13   45.71     6.5    -9.2    -1.4    -1.4     0.0    16.01 C    19.7   -10.0     0.8    86.5    57.1    75.6 -99.000 -99.000 -99.000 -99.000   0.266     0.0    -0.3    -0.4    -0.3     0.4
54933 20210313  2.622  -99.13   45.71    15.4    -0.5     7.5     6.3     0.0    16.57 C    33.7    -7.3     6.9    82.1    22.2    50.0 -99.000 -99.000 -99.000 -99.000   0.232     0.7    -0.1    -0.3    -0.2     0.4
54933 20210314  2.622  -99.13   45.71     6.5    -1.5     2.5     2.0     0.0    10.80 C    17.7    -3.6     2.5    71.0    34.5    53.9 -99.000 -99.000 -99.000 -99.000   0.224     0.4    -0.1    -0.3    -0.2     0.5
54933 20210315  2.622  -99.13   45.71    -0.2    -3.8    -2.0    -2.1     5.3     5.92 C    -0.3    -3.7    -1.8    96.6    62.3    93.1 -99.000 -99.000 -99.000 -99.000   0.225     0.0    -0.2    -0.3    -0.2     0.5
54933 20210316  2.622  -99.13   45.71    -0.9    -3.1    -2.0    -1.9     1.4     6.15 C     0.0    -3.4    -1.3    96.5    94.3    95.1 -99.000 -99.000 -99.000 -99.000   0.225     0.0    -0.2    -0.2    -0.2     0.5
54933 20210317  2.622  -99.13   45.71     3.2    -1.7     0.8     0.5     0.0     9.14 C     5.9    -2.1     0.3    96.1    75.8    88.6 -99.000 -99.000 -99.000 -99.000   0.224     0.1    -0.2    -0.2    -0.1     0.6
54933 20210318  2.622  -99.13   45.71     8.9    -4.6     2.2     1.2     0.0    17.71 C    25.8    -8.8     3.8    95.4    40.7    74.0 -99.000 -99.000 -99.000 -99.000   0.222     0.9     0.1    -0.2    -0.1     0.6
54933 20210319  2.622  -99.13   45.71    11.3    -5.1     3.1     3.0     0.0    18.36 C    19.6    -6.1     3.9    91.2    45.5    72.0   0.280   0.284 -99.000 -99.000   0.210     0.9     0.3    -0.1     0.0     0.6
54933 20210320  2.622  -99.13   45.71    19.0    -0.1     9.4     8.4     0.0    14.85 C    24.7    -1.7     8.3    90.9    33.5    64.2   0.273   0.279   0.225 -99.000   0.208     1.5     0.5     0.1     0.1     0.7
54933 20210321  2.622  -99.13   45.71    12.4    -0.1     6.1     6.1     0.3    10.06 C    27.3    -5.7     5.7    86.6    37.0    63.5   0.267   0.272   0.238   0.106   0.212     1.8     0.9     0.3     0.2     0.8
54933 20210322  2.622  -99.13   45.71    13.3    -3.4     4.9     4.1     0.0    19.10 C    28.7   -10.1     5.9    70.2    22.9    48.8   0.260   0.266   0.244   0.106   0.209     1.6     0.9     0.5     0.4     0.8
54933 20210323  2.622  -99.13   45.71    10.7    -0.7     5.0     5.5     0.0    10.00 C    17.3    -5.9     5.6    81.8    29.1    53.0   0.258   0.256   0.254   0.108   0.203     1.7     1.1     0.7     0.5     0.9
54933 20210324  2.622  -99.13   45.71     7.7    -4.5     1.6     1.1     0.0    18.78 C    27.0    -8.6     4.4    91.0    40.4    65.5   0.253   0.253   0.270   0.140   0.203     1.8     1.2     0.9     0.7     1.0
54933 20210325  2.622  -99.13   45.71    12.8    -5.1     3.8     4.2     0.0    19.13 C    24.3    -6.6     5.5    92.6    30.0    60.5   0.250   0.249   0.267   0.195   0.203     1.9     1.3     1.0     0.9     1.1
54933 20210326  2.622  -99.13   45.71     7.7    -0.7     3.5     3.8     0.5     8.65 C    21.4    -1.8     5.2    93.4    62.5    78.4   0.248   0.247   0.264   0.195   0.205     2.2     1.6     1.2     1.0     1.2
54933 20210327  2.622  -99.13   45.71     7.1    -5.5     0.8     1.9     0.0    11.35 C    23.1   -12.0     2.8    83.3    33.6    62.8   0.245   0.245   0.263   0.193   0.207     2.1     1.6     1.4     1.2     1.3
54933 20210328  2.622  -99.13   45.71    11.6    -7.6     2.0     2.5     0.0    16.02 C    20.9   -14.9     2.8    91.1    29.9    62.2   0.242   0.242   0.260   0.193   0.209     1.4     1.2     1.2     1.2     1.4
54933 20210329  2.622  -99.13   45.71    22.6    -4.5     9.0     7.0     0.0    19.39 C    31.4    -6.2     7.8    88.3    14.8    49.1   0.248   0.241   0.258   0.191   0.212     2.6     1.7     1.3     1.3     1.5
54933 20210330  2.622  -99.13   45.71     0.8   -11.1    -5.2    -4.4     0.0    17.20 C    11.3   -14.4    -2.9    74.4    31.8    50.4   0.238   0.239   0.256   0.190   0.214     1.5     1.6     1.5     1.5     1.6
54933 20210331  2.622  -99.13   45.71     1.9   -13.4    -5.7    -5.9     0.0    21.50 C    21.8   -16.5    -2.3    80.4    20.9    50.2   0.235   0.236   0.254   0.188   0.216     0.9     1.0     1.2     1.4     1.7
54933 20210401  2.622  -99.13   45.71    15.4    -8.1     3.6     3.2     0.0    20.76 C    25.3   -11.5     4.7    60.7    17.7    39.4   0.234   0.234   0.252   0.187   0.218     1.2     1.0     1.0     1.3     1.7
54933 20210402  2.622  -99.13   45.71    23.2    -2.0    10.6     9.4     0.0    20.67 C    42.4    -4.0    11.1    75.1    10.0    40.5   0.238   0.234   0.251   0.185   0.219     2.7     1.7     1.3     1.4     1.7
54933 20210403  2.622  -99.13   45.71    23.2     4.1    13.6    13.8     0.0    20.88 C    33.6    -3.6    13.0    56.1    12.9    29.9   0.239   0.234   0.251   0.186   0.221     3.8     2.6     1.9     1.7     1.8
54933 20210404  2.622  -99.13   45.71    22.0     3.1    12.5    13.6     0.0    18.89 C    40.3    -5.1    13.5    58.1    15.3    30.5   0.240   0.234   0.250   0.191   0.222     4.4     3.2     2.5     2.1     1.9
54933 20210405  2.622  -99.13   45.71    23.0     4.5    13.8    13.2     0.0    18.38 C    42.6    -2.6    14.0    56.8    16.0    35.1   0.241   0.238   0.249   0.194   0.223     5.1     3.8     3.0     2.5     2.2
54933 20210406  2.622  -99.13   45.71     7.2     3.5     5.3     4.7    15.3     3.12 C     9.5     0.4     3.8    86.0    42.1    63.3   0.246   0.245   0.241   0.197   0.224     4.2     3.8     3.3     3.0     2.4
54933 20210407  2.622  -99.13   45.71     9.0     3.7     6.4     5.6     4.0     4.17 C    10.2     2.2     4.8    84.0    42.9    69.7   0.280   0.269   0.248   0.204   0.225     3.6     3.3     3.1     3.0     2.6
54933 20210408  2.622  -99.13   45.71    15.1     1.3     8.2     7.4     0.0    18.68 C    25.5    -1.0     8.8    94.2    46.9    68.9   0.279   0.274   0.261   0.213   0.226     4.6     3.8     3.3     3.1     2.7
54933 20210409  2.622  -99.13   45.71    13.5    -0.1     6.7     6.4     0.0    18.81 C    26.1    -3.8     7.6    94.3    38.1    65.2   0.271   0.270   0.261   0.215   0.227     5.1     4.4     3.9     3.4     2.9
54933 20210410  2.622  -99.13   45.71    15.3    -4.5     5.4     6.7     0.0    23.31 C    36.3   -10.9     9.5    66.6    18.1    35.4   0.264   0.266   0.260   0.215   0.228     5.4     4.7     4.2     3.7     3.1
54933 20210411  2.622  -99.13   45.71    12.0     1.4     6.7     5.1     1.5    14.49 C    28.6    -5.4     6.4    91.5    41.7    66.8   0.259   0.262   0.257   0.215   0.229     5.5     5.0     4.5     3.9     3.3
54933 20210412  2.622  -99.13   45.71     2.7    -3.5    -0.4     0.1     0.7     8.06 C     7.3    -4.5     0.5    90.6    66.6    79.0   0.255   0.259   0.255   0.215   0.229     4.4     4.5     4.4     4.0     3.4
54933 20210413  2.622  -99.13   45.71    -1.0    -6.7    -3.9    -3.7     0.0     9.57 C     3.7    -7.6    -2.5    86.5    58.7    72.8   0.252   0.255   0.252   0.214   0.230     2.8     3.3     3.7     3.9     3.5
54933 20210414  2.622  -99.13   45.71     5.8    -4.5     0.7    -0.5     0.0    17.60 C    29.4    -4.6     4.3    84.6    54.7    73.4   0.250   0.253   0.250   0.213   0.231     3.1     3.0     3.2     3.6     3.5
54933 20210415  2.622  -99.13   45.71     7.7    -2.2     2.7     2.6     0.0    15.79 C    24.5    -1.5     7.6    93.9    56.1    75.7   0.247   0.252   0.249   0.211   0.232     4.3     3.8     3.5     3.5     3.5
54933 20210416  2.622  -99.13   45.71     6.3     1.5     3.9     3.1     0.0     7.67 C    13.6    -0.8     4.7    92.4    63.2    79.2   0.245   0.250   0.248   0.211   0.232     4.5     4.1     3.9     3.7     3.5
54933 20210417  2.622  -99.13   45.71    12.7    -4.5     4.1     4.6     0.0    19.57 C    32.6    -8.2     6.4    96.5    25.8    60.8   0.242   0.249   0.246   0.210   0.232     4.8     4.2     3.9     3.7     3.6
54933 20210418  2.622  -99.13   45.71    15.7    -3.5     6.1     3.5     0.0    16.23 C    28.4    -5.1     5.3    68.7    24.8    55.5   0.239   0.246   0.245   0.209   0.232     4.7     4.4     4.2     3.9     3.6
54933 20210419  2.622  -99.13   45.71     3.2    -6.9    -1.8    -1.9     0.0    21.35 C    22.5   -15.3     1.2    77.1    29.0    51.3   0.236   0.243   0.244   0.209   0.231     4.0     4.0     4.0     3.9     3.7
54933 20210420  2.622  -99.13   45.71     1.1    -9.1    -4.0    -3.8     3.9    13.30 C    16.0   -15.9    -3.8    90.7    53.4    77.2   0.234   0.241   0.242   0.208   0.232     2.7     3.2     3.6     3.8     3.7
54933 20210421  2.622  -99.13   45.71    11.1    -7.6     1.8     1.8     0.0    24.33 C    27.0   -12.0     4.4    90.8    24.5    56.5   0.234   0.240   0.240   0.207   0.232     3.3     3.1     3.2     3.6     3.7
54933 20210422  2.622  -99.13   45.71    14.6    -1.6     6.5     6.2     1.1    21.70 C    28.0    -6.0     8.3    94.4    20.5    57.3   0.233   0.240   0.240   0.207   0.232     4.5     3.9     3.6     3.6     3.6
54933 20210423  2.622  -99.13   45.71     6.5    -3.6     1.4     2.2     0.0    10.24 C    14.1    -6.1     3.7    96.0    56.0    80.2   0.233   0.240   0.240   0.206   0.232     4.8     4.5     4.1     3.8     3.6
54933 20210424  2.622  -99.13   45.71     8.3    -6.6     0.8     1.1     0.0    25.82 C    32.4   -11.8     7.0    94.7    25.9    49.7   0.231   0.238   0.238   0.206   0.232     4.6     4.2     3.9     3.9     3.7
54933 20210425  2.622  -99.13   45.71     4.7    -1.2     1.8     1.6     3.9     6.61 C     7.4    -1.2     1.7    95.0    38.0    81.3   0.234   0.237   0.237   0.205   0.233     4.0     4.2     4.2     4.0     3.8
54933 20210426  2.622  -99.13   45.71    12.1     1.4     6.7     5.6     4.1    17.24 C    27.8     1.5     9.0    95.7    69.8    88.2   0.250   0.243   0.238   0.205   0.233     5.0     4.3     4.0     4.0     3.8
54933 20210427  2.622  -99.13   45.71    14.9     5.3    10.1     8.9     0.6    12.81 C    28.8    -2.6     9.8    94.4    45.6    74.9   0.254   0.251   0.240   0.205   0.233     6.3     5.4     4.7     4.2     3.9
54933 20210428  2.622  -99.13   45.71    20.3     2.1    11.2    12.1     0.0    23.78 C    41.2    -3.4    14.7    91.8    22.0    55.8   0.249   0.252   0.242   0.205   0.234     7.4     6.2     5.3     4.6     4.0
54933 20210429  2.622  -99.13   45.71    20.3     0.9    10.6    11.0     0.0    24.68 C    37.9    -0.8    13.6    88.6    22.4    52.4   0.244   0.250   0.242   0.206   0.233     8.6     7.3     6.2     5.1     4.2
54933 20210430  2.622  -99.13   45.71    21.6     2.1    11.8    11.7     0.0    21.10 C    28.3     0.0    13.3    60.4    24.7    41.1   0.238   0.247   0.242   0.207   0.234     8.2     7.4     6.6     5.6     4.5
54933 20210501  2.622  -99.13   45.71    27.7     9.3    18.5    18.9     0.0    23.50 C    39.5     2.3    18.1    71.3    12.7    36.5   0.231   0.244   0.241   0.207   0.234     9.3     8.0     6.9     5.9     4.7
54933 20210502  2.622  -99.13   45.71    19.4     7.7    13.5    14.1     0.0     7.25 C    26.8     7.6    14.0    84.2    35.1    50.9   0.224   0.240   0.239   0.208   0.235     9.3     8.4     7.5     6.4     5.0
54933 20210503  2.622  -99.13   45.71    12.4     0.1     6.3     7.7     0.0    26.86 C    26.9    -8.6    10.5    86.1    29.4    57.0   0.219   0.237   0.238   0.208   0.235     8.9     8.2     7.5     6.7     5.3
54933 20210504  2.622  -99.13   45.71    14.1    -3.0     5.5     5.9     0.0    26.76 C    38.1   -10.8    11.0    96.1    28.2    54.5   0.213   0.233   0.236   0.206   0.236     8.3     7.7     7.2     6.7     5.5
54933 20210505  2.622  -99.13   45.71     6.4     0.5     3.4     3.3     3.5     6.14 C    15.0    -1.7     3.6    92.8    49.4    75.4   0.210   0.230   0.235   0.206   0.236     7.3     7.4     7.2     6.7     5.6
54933 20210506  2.622  -99.13   45.71    18.7    -0.6     9.0     9.3     0.0    26.07 C    38.0    -2.6    12.2    93.9    16.6    51.9   0.210   0.229   0.233   0.205   0.236     7.9     7.1     6.8     6.5     5.6
54933 20210507  2.622  -99.13   45.71    13.1    -0.4     6.3     6.4     0.0    27.69 C    35.9    -3.3    11.6    64.7    25.0    43.1   0.205   0.227   0.232   0.204   0.236     8.3     7.7     7.2     6.6     5.7
54933 20210508  2.622  -99.13   45.71     6.2     0.3     3.2     3.4    10.6     2.12 C     6.3     0.0     3.1    95.5    47.8    74.1   0.208   0.226   0.230   0.204   0.236     6.8     7.1     7.1     6.7     5.8
54933 20210509  2.622  -99.13   45.71    12.8     0.9     6.8     6.8     0.0    17.50 C    28.2    -0.8     9.3    94.1    27.2    61.4   0.230   0.234   0.230   0.203   0.236     7.0     6.6     6.5     6.5     5.8
54933 20210510  2.622  -99.13   45.71    12.3    -1.7     5.3     6.6     0.0    27.56 C    36.4    -7.3    11.3    82.9    27.0    46.6   0.230   0.236   0.231   0.203   0.237     8.0     7.3     6.8     6.4     5.8
54933 20210511  2.622  -99.13   45.71    15.5     2.5     9.0     9.5     0.0    27.03 C    39.0    -4.6    12.7    62.3    24.9    37.8   0.225   0.235   0.231   0.204   0.237     8.7     7.9     7.2     6.7     5.8
54933 20210512  2.622  -99.13   45.71    19.5     3.3    11.4    11.8     0.0    23.69 C    35.5    -0.4    13.5    60.2    24.1    40.4   0.218   0.233   0.230   0.204   0.237     9.0     8.2     7.6     6.9     5.9
54933 20210513  2.622  -99.13   45.71    20.4     3.3    11.8    12.0     0.5    21.27 C    37.2     1.5    14.0    88.0    36.5    59.6   0.212   0.230   0.228   0.204   0.237     9.4     8.5     7.8     7.1     6.1
54933 20210514  2.622  -99.13   45.71    21.8     3.8    12.8    14.0     0.0    28.25 C    43.1     0.1    17.0    95.6    25.1    57.6   0.205   0.228   0.227   0.203   0.237    10.6     9.3     8.3     7.4     6.2
54933 20210515  2.622  -99.13   45.71    23.4     6.3    14.8    15.8     0.0    27.32 C    43.3    -0.1    19.7    89.6    22.9    49.5   0.195   0.223   0.225   0.204   0.238    11.2     9.9     8.9     7.8     6.4
54933 20210516  2.622  -99.13   45.71    22.9    11.0    16.9    16.9     0.0    25.21 C    41.4     7.9    20.1    78.8    33.0    54.1   0.184   0.216   0.223   0.204   0.238    12.3    10.8     9.5     8.2     6.6
54933 20210517  2.622  -99.13   45.71    24.5     9.8    17.2    17.0     0.0    27.95 C    40.1     1.2    19.7    83.2    25.9    58.3   0.173   0.209   0.220   0.204   0.238    12.3    11.1     9.9     8.7     6.9
54933 20210518  2.622  -99.13   45.71    23.5    13.8    18.6    16.9     0.7    11.31 C    32.3    12.3    17.5    94.7    48.7    77.1   0.166   0.203   0.218   0.203   0.239    12.6    11.4    10.3     9.0     7.2
54933 20210519  2.622  -99.13   45.71    28.3    13.8    21.0    19.7     0.0    23.55 C    40.9    12.7    22.6    95.8    37.1    71.0   0.159   0.198   0.216   0.203   0.238    13.5    11.8    10.6     9.3     7.4
54933 20210520  2.622  -99.13   45.71    26.2    14.7    20.4    19.5    39.5    21.29 C    36.9    13.5    20.5    94.7    45.4    75.4   0.277   0.263   0.226   0.205   0.239    14.7    13.1    11.5     9.8     7.7
54933 20210521  2.622  -99.13   45.71    24.7    15.7    20.2    19.4     1.2    13.68 C    34.6    15.0    19.9    94.6    61.7    79.8   0.292   0.288   0.243   0.213   0.240    15.1    13.7    12.3    10.5     8.0
54933 20210522  2.622  -99.13   45.71    19.3    10.3    14.8    14.9     0.0     9.57 C    26.6    10.9    16.9    91.3    79.3    84.4   0.279   0.282   0.245   0.215   0.241    14.9    13.9    12.7    10.9     8.4
54933 20210523  2.622  -99.13   45.71    27.9     7.9    17.9    16.2     4.5    19.79 C    35.3     8.0    18.5    95.5    44.2    76.9   0.277   0.279   0.249   0.217   0.241    14.1    13.2    12.4    11.1     8.7
54933 20210524  2.622  -99.13   45.71    26.2    11.4    18.8    18.6     0.0    28.47 C    36.0    10.1    19.8    94.5    17.2    53.8   0.267   0.275   0.251   0.218   0.242    15.0    14.0    12.8    11.3     9.0
54933 20210525  2.622  -99.13   45.71    20.5     9.7    15.1    15.6     0.0    26.05 C    33.8     8.0    17.5    76.8    38.8    53.7   0.252   0.266   0.250   0.220   0.243    14.3    13.6    12.8    11.5     9.2
54933 20210526  2.622  -99.13   45.71    11.7     4.0     7.8     8.1     5.1    14.63 C    37.2     4.0    11.8    88.3    51.1    72.2   0.241   0.259   0.247   0.220   0.245    13.2    13.0    12.6    11.5     9.4
54933 20210527  2.622  -99.13   45.71     6.5     3.0     4.7     4.5    10.3     6.28 C     9.8     1.8     5.6    92.9    80.7    88.5   0.272   0.266   0.247   0.220   0.247    10.8    11.4    11.7    11.2     9.5
54933 20210528  2.622  -99.13   45.71    15.2     0.1     7.6     8.8     0.0    30.24 C    31.6    -1.4    12.4    96.6    42.5    69.6   0.276   0.276   0.251   0.221   0.249    11.1    10.8    10.8    10.7     9.4
54933 20210529  2.622  -99.13   45.71    11.5     5.6     8.6     8.3     0.3     8.11 C    18.6     4.8     9.5    96.1    76.5    86.2   0.268   0.273   0.252   0.223   0.251    11.2    11.1    10.9    10.5     9.3
54933 20210530  2.622  -99.13   45.71    22.6     5.1    13.8    14.2     0.0    28.13 C    40.8     3.4    18.0    96.3    27.9    62.1   0.259   0.268   0.251   0.226   0.252    12.7    11.6    10.9    10.4     9.2
54933 20210531  2.622  -99.13   45.71    22.1     4.6    13.3    14.2     0.0    30.39 C    41.4     1.6    18.7    88.5    24.1    51.4   0.245   0.261   0.248   0.228   0.253    13.5    12.5    11.6    10.7     9.3
54933 20210601  2.622  -99.13   45.71    26.2    10.0    18.1    17.7     0.0    23.58 C    42.8     7.1    19.2    66.6    29.5    48.1   0.229   0.253   0.244   0.228   0.253    13.7    12.8    11.9    10.9     9.4
54933 20210602  2.622  -99.13   45.71    28.2    11.4    19.8    20.5     0.0    26.88 C    45.1     5.8    22.3    76.3    24.7    49.4   0.212   0.243   0.240   0.228   0.254    14.6    13.3    12.3    11.1     9.5
54933 20210603  2.622  -99.13   45.71    31.5    12.7    22.1    23.4     0.0    29.04 C    46.0     6.9    24.6    71.6    25.2    46.5   0.192   0.230   0.235   0.227   0.254    15.6    14.1    12.8    11.5     9.6
54933 20210604  2.622  -99.13   45.71    34.2    18.3    26.2    27.1     0.0    28.83 C    49.3    11.9    28.0    55.7    22.7    38.2   0.171   0.210   0.228   0.225   0.253    16.8    15.1    13.5    11.9     9.8
54933 20210605  2.622  -99.13   45.71    36.2    18.0    27.1    28.0     0.0    22.98 C    48.1    13.1    27.4    70.4    20.8    40.8   0.153   0.189   0.221   0.223   0.253    17.2    15.6    14.1    12.4    10.1
54933 20210606  2.622  -99.13   45.71    27.7    12.3    20.0    23.1     0.0    27.99 C    44.0     5.6    25.5    75.0    27.2    49.5   0.139   0.170   0.213   0.220   0.252    17.8    16.1    14.6    12.8    10.4
54933 20210607  2.622  -99.13   45.71    34.6    12.3    23.5    24.1     0.0    26.23 C    44.4     8.9    26.0    70.4    24.7    40.5   0.130   0.156   0.205   0.216   0.251    16.9    15.7    14.6    13.1    10.6
54933 20210608  2.622  -99.13   45.71    32.8    18.4    25.6    25.8     0.0    24.71 C    43.5    17.7    27.6    79.6    33.3    54.9   0.125   0.146   0.197   0.212   0.249    18.1    16.4    14.9    13.2    10.8
54933 20210609  2.622  -99.13   45.71    32.9    18.8    25.8    25.6     0.0    25.76 C    48.5    15.2    28.5    83.4    37.0    56.9   0.120   0.140   0.191   0.208   0.248    18.8    16.9    15.3    13.6    11.0
54933 20210610  2.622  -99.13   45.71    35.5    19.3    27.4    27.6     0.0    26.37 C    50.1    15.9    30.3    87.3    27.2    56.8   0.114   0.134   0.183   0.203   0.246    19.3    17.3    15.7    13.9    11.2
54933 20210611  2.622  -99.13   45.71    27.3    13.8    20.6    19.9    21.5    26.71 C    34.7     6.9    21.1    90.8    30.2    55.4   0.190   0.171   0.178   0.199   0.245    18.8    17.6    16.1    14.2    11.5
54933 20210612  2.622  -99.13   45.71    28.5    12.3    20.4    20.9     0.0    29.94 C    44.8     5.8    23.3    66.9    21.2    42.2   0.185   0.170   0.175   0.197   0.244    17.8    16.9    15.8    14.3    11.8
54933 20210613  2.622  -99.13   45.71    28.7    12.5    20.6    21.9     0.0    27.36 C    47.4     9.7    25.0    79.1    24.9    46.2   0.168   0.163   0.173   0.194   0.243    18.4    17.2    15.9    14.3    11.9
54933 20210614  2.622  -99.13   45.71    29.3    13.7    21.5    22.3     0.0    29.95 C    47.7    10.4    25.6    58.0    22.8    39.0   0.152   0.154   0.169   0.191   0.242    18.4    17.2    16.0    14.5    12.0
54933 20210615  2.622  -99.13   45.71    30.5    14.2    22.3    22.7     0.0    29.20 C    47.2    11.6    25.9    63.3    18.6    41.1   0.138   0.147   0.165   0.186   0.240    18.4    17.2    16.0    14.5    12.1
54933 20210616  2.622  -99.13   45.71    34.2    17.1    25.7    24.9     0.0    27.48 C    50.0    15.2    28.0    66.0    31.0    47.5   0.127   0.140   0.161   0.182   0.238    19.1    17.6    16.1    14.6    12.2
54933 20210617  2.622  -99.13   45.71    29.4    14.3    21.8    22.4     0.0    22.29 C    46.9     9.3    23.9    70.3    22.1    42.1   0.119   0.135   0.157   0.178   0.236    18.7    17.6    16.4    14.8    12.4
54933 20210618  2.622  -99.13   45.71    30.7    12.0    21.4    21.5     0.0    29.91 C    48.5     6.9    24.2    77.9    13.3    40.1   0.112   0.131   0.154   0.174   0.234    18.5    17.3    16.2    14.8    12.5
54933 20210619  2.622  -99.13   45.71    28.1     8.3    18.2    19.6     1.8    28.64 C    48.3     4.2    24.1    91.1    24.2    51.3   0.106   0.128   0.151   0.170   0.232    18.3    17.1    16.1    14.8    12.6
54933 20210620  2.622  -99.13   45.71    22.3     9.8    16.0    17.0     0.0    19.52 C    39.0     6.4    18.9    90.9    39.6    63.0   0.103   0.126   0.149   0.167   0.232    17.8    17.1    16.1    14.8    12.6
54933 20210621  2.622  -99.13   45.71    20.3     5.1    12.7    13.4     0.0    24.11 C    42.3    -0.3    17.0    95.0    25.3    54.3   0.100   0.123   0.147   0.164   0.230    16.4    16.0    15.6    14.7    12.7
54933 20210622  2.622  -99.13   45.71    28.2     8.2    18.2    18.3     0.0    29.68 C    48.3     5.8    23.5    71.9    16.5    42.1   0.097   0.121   0.144   0.161   0.228    16.9    16.0    15.2    14.4    12.6
54933 20210623  2.622  -99.13   45.71    37.1    13.3    25.2    25.5     0.0    27.77 C    53.9    11.6    28.6    74.7    14.1    40.8   0.095   0.120   0.142   0.158   0.226    18.3    16.7    15.5    14.4    12.6
54933 20210624  2.622  -99.13   45.71    29.2    15.5    22.3    22.7     0.0    28.62 C    51.5    11.9    28.3    81.0    23.0    47.7   0.093   0.118   0.141   0.156   0.223    19.4    17.6    16.1    14.6    12.6
54933 20210625  2.622  -99.13   45.71    23.7    17.1    20.4    20.0     0.8     8.88 C    30.9    15.7    20.3    90.0    45.4    65.5   0.091   0.116   0.140   0.154   0.223    18.4    17.5    16.4    14.9    12.7
54933 20210626  2.622  -99.13   45.71    25.8    15.3    20.6    19.6     5.5    22.63 C    44.8    14.7    23.7    94.8    37.4    71.2   0.091   0.116   0.139   0.154   0.222    18.9    17.5    16.2    14.9    12.8
54933 20210627  2.622  -99.13   45.71    25.3    15.2    20.2    18.9     2.1    14.87 C    44.1    11.4    20.8    94.7    45.8    73.9   0.092   0.117   0.139   0.153   0.223    18.7    17.7    16.5    15.1    12.9
54933 20210628  2.622  -99.13   45.71    25.0    13.7    19.3    18.9     0.0    25.08 C    49.5     9.9    23.1    95.6    43.2    72.5   0.092   0.117   0.139   0.153   0.221    18.7    17.5    16.4    15.2    13.0
54933 20210629  2.622  -99.13   45.71    27.9    11.6    19.7    20.7     0.0    24.99 C    51.9     8.2    24.4    95.6    29.5    61.3   0.092   0.116   0.138   0.151   0.220    18.6    17.6    16.5    15.2    13.0
54933 20210630  2.622  -99.13   45.71    31.6    15.6    23.6    23.6     0.0    27.85 C    52.5    12.0    28.0    79.3    26.6    52.0   0.091   0.116   0.137   0.150   0.219    19.4    17.9    16.6    15.2    13.1
54933 20210701  2.622  -99.13   45.71    32.2    17.2    24.7    24.6     0.0    26.64 C    52.4    14.5    28.6    77.1    25.6    50.6   0.089   0.115   0.137   0.148   0.217    20.0    18.5    17.0    15.4    13.2
54933 20210702  2.622  -99.13   45.71    32.9    17.8    25.4    25.7     0.0    29.14 C    53.6    13.5    30.1    71.0    21.5    44.1   0.088   0.114   0.136   0.146   0.216    20.5    18.8    17.3    15.6    13.3
54933 20210703  2.622  -99.13   45.71    35.8    15.4    25.6    26.1     0.0    26.67 C    50.4    14.0    29.7    80.2    27.9    51.4   0.088   0.114   0.136   0.145   0.216    20.9    19.1    17.6    15.9    13.4
54933 20210704  2.622  -99.13   45.71    34.5    18.1    26.3    26.7     0.0    28.95 C    59.4    12.8    31.8    87.1    20.2    49.3   0.088   0.114   0.137   0.145   0.217    22.2    20.0    18.1    16.2    13.6
54933 20210705  2.622  -99.13   45.71    28.4    17.0    22.7    23.2     3.1    13.02 C    40.0    12.7    23.9    88.4    41.6    60.7   0.086   0.113   0.136   0.146   0.218    20.7    19.6    18.3    16.5    13.8
54933 20210706  2.622  -99.13   45.71    20.3    15.2    17.7    17.4    15.1    10.20 C    35.1    15.2    19.6    94.8    70.0    84.9   0.125   0.113   0.136   0.146   0.218    19.5    18.8    17.9    16.4    13.9
54933 20210707  2.622  -99.13   45.71    20.9    12.5    16.7    16.8     0.0    17.63 C    52.9    12.8    22.6    86.4    58.2    70.7   0.155   0.113   0.135   0.146   0.219    19.2    18.3    17.5    16.3    14.0
54933 20210708  2.622  -99.13   45.71    21.7    13.5    17.6    17.7     0.0    10.04 C    30.4    12.2    19.6    93.5    69.5    80.9   0.155   0.113   0.135   0.145   0.218    18.5    18.0    17.4    16.2    14.0
54933 20210709  2.622  -99.13   45.71    22.8    14.6    18.7    18.2     0.0    10.45 C    44.2    13.5    21.0    93.6    69.9    85.8   0.155   0.113   0.134   0.145   0.219    18.7    17.9    17.1    16.0    14.0
54933 20210710  2.622  -99.13   45.71    27.1    16.1    21.6    21.2     0.0    23.24 C    57.4    10.3    26.6    92.1    35.2    65.0   0.156   0.115   0.135   0.145   0.220    20.1    18.6    17.4    16.1    14.0
54933 20210711  2.622  -99.13   45.71    27.2    14.4    20.8    21.0     0.0    23.23 C    45.3     8.8    24.4    93.4    36.8    62.7   0.154   0.116   0.136   0.146   0.219    20.0    18.9    17.7    16.3    14.0
54933 20210712  2.622  -99.13   45.71    31.2    13.6    22.4    22.5     0.0    24.73 C    50.8    11.4    26.4    84.0    28.3    58.5   0.151   0.117   0.136   0.146   0.220    20.3    19.0    17.8    16.4    14.1
54933 20210713  2.622  -99.13   45.71    28.4    14.6    21.5    21.6     0.0    24.64 C    57.8    10.7    27.3    83.4    31.5    56.0   0.146   0.118   0.136   0.147   0.220    21.0    19.6    18.2    16.5    14.2
54933 20210714  2.622  -99.13   45.71    27.7    17.2    22.5    21.7     0.0    19.67 C    51.4    12.7    26.2    76.3    32.4    55.7   0.139   0.118   0.136   0.145   0.220    20.7    19.6    18.4    16.7    14.3
54933 20210715  2.622  -99.13   45.71    28.7    15.2    21.9    22.0     0.0    25.86 C    49.8     9.2    26.1    93.4    31.1    58.2   0.132   0.118   0.136   0.146   0.220    20.6    19.4    18.3    16.8    14.4
54933 20210716  2.622  -99.13   45.71    29.7    14.0    21.9    21.7     0.0    25.18 C    49.0    12.5    26.2    95.6    41.0    68.2   0.124   0.118   0.136   0.147   0.220    20.8    19.5    18.3    16.8    14.5
54933 20210717  2.622  -99.13   45.71    30.1    15.7    22.9    22.7     0.0    23.99 C    50.4    14.1    27.4    92.6    44.5    69.8   0.119   0.118   0.137   0.145   0.219    21.3    19.8    18.5    16.9    14.5
54933 20210718  2.622  -99.13   45.71    32.3    17.3    24.8    23.9     0.0    21.52 C    49.7    16.2    28.3    95.6    39.2    71.0   0.113   0.119   0.137   0.146   0.219    21.7    20.2    18.8    17.1    14.7
54933 20210719  2.622  -99.13   45.71    33.1    18.1    25.6    24.5     0.0    23.69 C    53.4    15.8    29.6    94.2    31.1    68.4   0.108   0.119   0.137   0.145   0.219    22.2    20.6    19.0    17.2    14.7
54933 20210720  2.622  -99.13   45.71    31.7    16.5    24.1    23.6     0.0    22.22 C    47.3    15.1    27.0    94.4    32.1    63.5   0.103   0.118   0.137   0.144   0.218    21.8    20.5    19.2    17.5    14.9
54933 20210721  2.622  -99.13   45.71    34.0    16.8    25.4    24.8     0.0    20.53 C    49.0    15.7    28.0    92.8    29.9    60.5   0.099   0.116   0.136   0.144   0.217    21.4    20.1    19.0    17.5    15.0
54933 20210722  2.622  -99.13   45.71 -9999.0 -9999.0 -9999.0 -9999.0 -9999.0 -9999.00 U -9999.0 -9999.0 -9999.0 -9999.0 -9999.0 -9999.0 -99.000 -99.000 -99.000 -99.000 -99.000 -9999.0 -9999.0 -9999.0 -9999.0 -9999.0
54933 20210723  2.622  -99.13   45.71    36.2    19.8    28.0    28.3     4.4    21.43 C    61.6    18.2    33.7    88.8    28.8    52.7   0.093   0.118   0.136   0.142   0.215    23.8    21.8    19.9    17.8    15.1
54933 20210724  2.622  -99.13   45.71    32.0    16.7    24.4    24.6     0.0    26.13 C    48.7    12.0    26.9    90.8    13.6    49.4   0.092   0.115   0.136   0.143   0.215    22.9    21.5    20.1    18.1    15.3
54933 20210725  2.622  -99.13   45.71    35.2    15.9    25.5    25.1     0.0    22.58 C    55.0    11.5    28.5    84.7    29.5    54.5   0.091   0.117   0.135   0.142   0.214    21.8    20.7    19.6    18.1    15.5
54933 20210726  2.622  -99.13   45.71    35.6    18.5    27.0    26.4     0.3    21.95 C    47.7    15.8    28.5    88.7    28.4    58.2   0.090   0.116   0.135   0.142   0.214    22.2    20.9    19.6    18.1    15.5
54933 20210727  2.622  -99.13   45.71    31.9    16.9    24.4    25.3     0.0    15.29 C    48.8    12.1    27.1    93.6    50.1    74.9   0.089   0.115   0.135   0.141   0.213    22.0    20.8    19.6    18.1    15.6
54933 20210728  2.622  -99.13   45.71    35.5    21.1    28.3    27.7     0.0    19.05 C    55.4    18.0    30.4    89.2    33.4    56.3   0.089   0.115   0.134   0.142   0.213    23.0    21.4    19.8    18.2    15.6
54933 20210729  2.622  -99.13   45.71    26.8    17.2    22.0    21.5     0.8    15.87 C    46.3    14.6    23.9    64.9    22.0    43.9   0.086   0.111   0.134   0.141   0.212    21.3    20.6    19.8    18.2    15.7
54933 20210730  2.622  -99.13   45.71    24.8    15.6    20.2    19.3     1.3    13.95 C    41.5    14.2    21.5    88.6    53.2    67.9   0.085   0.109   0.133   0.141   0.212    20.2    19.6    19.1    18.0    15.8
54933 20210731  2.622  -99.13   45.71    29.1    15.0    22.0    21.9     0.0    23.79 C    52.1     9.4    26.1    91.5    23.0    55.0   0.085   0.110   0.133   0.139   0.211    20.5    19.6    18.8    17.8    15.7
54933 20210801  2.622  -99.13   45.71    27.9    11.1    19.5    20.1     0.0    24.50 C    53.8     6.5    25.7    89.0    23.4    50.2   0.084   0.109   0.132   0.139   0.210    20.4    19.4    18.7    17.6    15.6
54933 20210802  2.622  -99.13   45.71    30.4    14.0    22.2    22.3     0.0    22.43 C    57.0     9.1    27.0    71.6    25.4    46.4   0.084   0.109   0.132   0.138   0.209    20.7    19.6    18.6    17.6    15.6
54933 20210803  2.622  -99.13   45.71    30.1    16.0    23.1    22.7     0.0    19.02 C    50.5    13.0    25.2    75.7    23.4    50.5   0.083   0.107   0.131   0.137   0.208    20.6    19.6    18.7    17.6    15.6
54933 20210804  2.622  -99.13   45.71    27.0    16.2    21.6    20.9     0.0    10.31 C    40.8    15.6    22.3    91.4    46.3    70.2   0.082   0.106   0.130   0.137   0.207    20.1    19.3    18.6    17.5    15.6
54933 20210805  2.622  -99.13   45.71    30.7    16.0    23.4    22.6     0.0    20.70 C    56.3    12.8    27.6    90.8    33.1    63.0   0.081   0.108   0.130   0.136   0.208    20.8    19.4    18.4    17.4    15.6
54933 20210806  2.622  -99.13   45.71    28.1    14.7    21.4    20.9     0.0    17.44 C    49.9    12.8    25.3    96.0    36.3    68.1   0.080   0.106   0.130   0.136   0.207    20.8    19.7    18.7    17.5    15.6
54933 20210807  2.622  -99.13   45.71    29.9    16.4    23.1    22.2     0.3    18.68 C    49.0    14.8    26.9    93.1    41.2    67.9   0.081   0.106   0.130   0.136   0.206    21.2    19.8    18.8    17.6    15.6
54933 20210808  2.622  -99.13   45.71    31.7    13.6    22.6    22.6     0.0    23.23 C    58.4    11.8    28.5    96.1    30.5    68.5   0.080   0.107   0.129   0.136   0.206    21.7    20.2    19.0    17.7    15.6
54933 20210809  2.622  -99.13   45.71    33.9    15.1    24.5    24.1     0.0    21.46 C    52.3    11.8    28.0    94.8    32.0    66.0   0.080   0.107   0.129   0.136   0.205    22.1    20.7    19.3    17.8    15.6
54933 20210810  2.622  -99.13   45.71    33.7    11.8    22.7    23.3     0.0    24.24 C    49.5     9.2    26.5    91.2    13.7    44.2   0.079   0.105   0.129   0.135   0.205    21.3    20.2    19.3    17.9    15.7
54933 20210811  2.622  -99.13   45.71    32.4    12.3    22.4    22.8     0.0    24.08 C    50.8    10.4    26.8    90.7    21.1    46.2   0.078   0.104   0.128   0.135   0.204    21.5    20.2    19.1    17.9    15.8
54933 20210812  2.622  -99.13   45.71    28.6    13.1    20.9    20.2     0.0    19.87 C    47.3     5.0    22.6    66.9    16.1    39.2   0.077   0.102   0.127   0.134   0.203    20.5    19.7    19.0    17.9    15.8
54933 20210813  2.622  -99.13   45.71    28.1     7.8    18.0    19.0     0.0    24.51 C    52.3     1.6    23.0    75.2    18.7    42.0   0.075   0.101   0.126   0.134   0.202    19.7    18.9    18.4    17.7    15.8
54933 20210814  2.622  -99.13   45.71    35.0    13.9    24.4    26.0     0.0    23.16 C    56.1    10.6    29.7    59.8    20.9    40.1   0.075   0.100   0.125   0.132   0.201    20.8    19.3    18.4    17.5    15.7
54933 20210815  2.622  -99.13   45.71    34.5    16.3    25.4    25.4     0.0    22.00 C    49.2    14.2    28.7    77.4    31.6    54.2   0.075   0.103   0.125   0.131   0.201    21.8    20.3    18.9    17.6    15.7
54933 20210816  2.622  -99.13   45.71    33.6    18.5    26.0    25.6     0.0    16.07 C    43.8    17.5    27.3    93.9    37.2    64.4   0.075   0.101   0.125   0.131   0.201    21.9    20.5    19.2    17.8    15.7
54933 20210817  2.622  -99.13   45.71    36.9    18.2    27.6    26.4     0.0    16.11 C    48.3    16.6    27.7    89.0    24.1    58.4   0.075   0.103   0.125   0.132   0.200    21.8    20.6    19.4    17.9    15.8
54933 20210818  2.622  -99.13   45.71    36.0    19.5    27.7    27.3     0.0    21.49 C    47.9    18.0    29.4    91.4    25.7    56.2   0.075   0.103   0.125   0.132   0.200    22.2    20.7    19.5    18.1    15.9
54933 20210819  2.622  -99.13   45.71    33.4    18.3    25.9    25.3     0.0    18.36 C    49.7    16.9    29.6    93.4    34.1    63.4   0.075   0.100   0.125   0.132   0.200    22.7    21.1    19.7    18.2    16.0
54933 20210820  2.622  -99.13   45.71    28.0    13.5    20.8    20.5     1.4    11.87 C    49.0    13.3    21.9    91.6    48.0    76.5   0.075   0.100   0.125   0.132   0.199    21.9    21.0    19.9    18.4    16.1
54933 20210821  2.622  -99.13   45.71    24.4     9.1    16.7    16.9     0.0    23.52 C    46.5     7.1    21.6    91.4    28.8    56.5   0.073   0.098   0.124   0.131   0.199    20.1    19.5    19.1    18.2    16.1
54933 20210822  2.622  -99.13   45.71    28.1    12.7    20.4    18.1     2.2    14.98 C    35.4     9.1    17.2    89.0    26.9    64.3   0.072   0.097   0.123   0.131   0.199    18.8    18.7    18.6    18.0    16.1
54933 20210823  2.622  -99.13   45.71    30.7    12.5    21.6    22.7    17.9    21.69 C    50.0     6.8    25.9    89.8    23.8    53.3   0.073   0.097   0.122   0.130   0.199    19.2    18.4    18.0    17.5    16.1
54933 20210824  2.622  -99.13   45.71    30.6    13.2    21.9    21.1     1.2    19.29 C    51.9    10.1    24.2    91.9    43.3    71.1   0.088   0.099   0.122   0.130   0.199    20.5    19.3    18.4    17.5    15.9
54933 20210825  2.622  -99.13   45.71    23.7    10.2    17.0    16.6     0.0    16.16 C    47.1     6.9    20.5    95.7    42.9    72.0   0.088   0.100   0.123   0.131   0.199    19.3    18.9    18.5    17.6    15.9
54933 20210826  2.622  -99.13   45.71    19.8    13.0    16.4    15.8    13.1     7.90 C    28.6    12.9    16.8    94.0    66.0    84.3   0.114   0.104   0.123   0.131   0.199    18.2    18.2    18.1    17.5    15.9
54933 20210827  2.622  -99.13   45.71    27.1    14.5    20.8    20.0    11.6    18.65 C    43.7    14.4    23.6    96.4    46.7    78.5   0.171   0.151   0.138   0.131   0.199    19.2    18.3    17.8    17.2    15.8
54933 20210828  2.622  -99.13   45.71    22.2    13.0    17.6    19.1    16.1     6.97 C    32.5    11.4    19.5    95.2    60.2    83.6   0.238   0.174   0.162   0.132   0.199    20.0    19.4    18.5    17.4    15.8
54933 20210829  2.622  -99.13   45.71    26.3    11.9    19.1    19.0     0.0    22.15 C    41.4    10.5    20.6    89.2    29.9    59.1   0.255   0.210   0.165   0.132   0.199    19.3    18.9    18.4    17.6    15.8
54933 20210830  2.622  -99.13   45.71    28.5    13.7    21.1    20.7     0.4    20.02 C    44.0    10.4    22.7    89.9    32.1    58.8   0.237   0.212   0.163   0.133   0.200    19.3    18.8    18.4    17.6    15.8
54933 20210831  2.622  -99.13   45.71    27.3    14.1    20.7    19.7     0.0    20.94 C    40.8    12.4    21.9    93.3    34.1    69.3   0.222   0.199   0.161   0.133   0.201    19.6    19.1    18.5    17.6    15.9
54933 20210901  2.622  -99.13   45.71    23.7    12.6    18.2    18.6     0.0    11.10 C    31.2    11.7    19.2    94.8    51.9    74.7   0.210   0.192   0.159   0.132   0.200    18.7    18.6    18.3    17.6    15.9
54933 20210902  2.622  -99.13   45.71    19.6    16.2    17.9    17.5    18.4     3.27 C    19.7    16.4    17.9    95.6    79.8    92.7   0.244   0.205   0.158   0.132   0.200    18.6    18.4    18.1    17.5    15.9
54933 20210903  2.622  -99.13   45.71    23.3    14.1    18.7    18.3     1.3    17.47 C    38.2    12.3    20.5    95.2    39.8    72.5   0.271   0.250   0.175   0.132   0.201    19.1    18.5    18.1    17.4    15.8
54933 20210904  2.622  -99.13   45.71    23.9    11.1    17.5    17.2     0.0    20.84 C    36.7    10.2    19.0    92.2    34.3    64.8   0.252   0.250   0.191   0.133   0.201    19.1    18.6    18.3    17.4    15.8
54933 20210905  2.622  -99.13   45.71    26.3    10.8    18.6    18.7     0.0    21.08 C    41.6     7.7    20.3    87.2    24.6    55.2   0.235   0.241   0.194   0.133   0.201    18.8    18.4    18.1    17.4    15.9
54933 20210906  2.622  -99.13   45.71    30.4    13.3    21.9    21.1     0.0    18.88 C    40.2    11.0    21.7    78.2    30.0    55.4   0.219   0.231   0.195   0.133   0.200    19.0    18.5    18.1    17.4    15.9
54933 20210907  2.622  -99.13   45.71    24.3    10.5    17.4    17.4     0.0    20.48 C    34.9     6.7    18.1    86.4    24.5    56.5   0.202   0.217   0.194   0.133   0.200    18.5    18.3    18.1    17.4    15.9
54933 20210908  2.622  -99.13   45.71    22.5     7.0    14.8    15.5     0.0    19.94 C    37.3     4.1    16.0    82.0    36.5    59.0   0.186   0.204   0.191   0.133   0.200    17.5    17.4    17.5    17.2    15.8
54933 20210909  2.622  -99.13   45.71    25.0    10.1    17.5    17.7     0.0    18.97 C    33.7     4.0    17.2    85.4    36.1    59.0   0.170   0.191   0.188   0.133   0.200    16.9    16.9    17.0    16.9    15.7
54933 20210910  2.622  -99.13   45.71    27.9    10.1    19.0    19.0     0.0    13.25 C    36.7     7.2    19.3    90.4    43.6    71.9   0.158   0.180   0.185   0.132   0.201    17.6    17.2    16.9    16.7    15.6
54933 20210911  2.622  -99.13   45.71    20.4     9.4    14.9    16.3     0.0    15.00 C    33.4     5.6    17.5    75.2    44.1    60.6   0.148   0.170   0.182   0.133   0.200    17.6    17.3    17.1    16.7    15.5
54933 20210912  2.622  -99.13   45.71    21.0     7.5    14.3    14.0     0.0    18.98 C    35.7     4.1    15.9    83.9    31.2    57.1   0.137   0.159   0.178   0.132   0.200    16.6    16.6    16.7    16.5    15.5
54933 20210913  2.622  -99.13   45.71    14.1     9.4    11.7    12.0     6.2     2.69 C    16.3     7.8    12.0    96.0    63.1    83.7   0.129   0.152   0.175   0.132   0.200    15.6    16.0    16.3    16.2    15.4
54933 20210914  2.622  -99.13   45.71    21.8    10.1    15.9    15.2     0.0    19.25 C    33.8     7.2    16.0    96.1    32.2    64.8   0.127   0.149   0.173   0.132   0.199    16.2    15.9    15.9    15.9    15.3
54933 20210915  2.622  -99.13   45.71    26.3    10.5    18.4    17.9     0.0    14.88 C    30.9     7.6    17.5    89.8    49.3    69.4   0.122   0.146   0.171   0.132   0.199    16.1    15.9    15.9    15.8    15.1
54933 20210916  2.622  -99.13   45.71    21.6    11.8    16.7    16.6     0.0    12.62 C    30.1    10.2    17.7    95.9    43.8    75.1   0.120   0.143   0.168   0.131   0.199    17.0    16.5    16.1    15.8    15.0
54933 20210917  2.622  -99.13   45.71    19.6     6.2    12.9    13.3     0.0    19.40 C    33.3     4.4    15.1    81.5    24.0    48.7   0.115   0.139   0.166   0.132   0.199    16.1    16.0    16.0    15.8    15.0
54933 20210918  2.622  -99.13   45.71    27.5     6.4    16.9    17.6     0.0    17.82 C    32.1     5.4    18.0    85.0    47.5    65.1   0.110   0.133   0.162   0.131   0.199    15.7    15.6    15.6    15.6    14.9
54933 20210919  2.622  -99.13   45.71    28.1    12.2    20.1    22.4     0.3    16.38 C    39.3    10.5    23.0    85.0    40.7    64.6   0.107   0.129   0.158   0.130   0.199    17.9    16.8    16.1    15.6    14.8
54933 20210920  2.622  -99.13   45.71    16.9     6.1    11.5    12.2     6.1     7.32 C    18.9     4.1    11.5    93.3    51.9    77.6   0.103   0.126   0.157   0.132   0.198    16.2    16.4    16.3    15.8    14.9
54933 20210921  2.622  -99.13   45.71    18.5     3.4    10.9    11.0     0.0    18.10 C    31.3     0.5    11.9    90.5    34.9    62.6   0.101   0.124   0.155   0.132   0.199    14.7    15.0    15.4    15.5    14.8
54933 20210922  2.622  -99.13   45.71    23.1     7.6    15.3    14.7     0.0    17.81 C    29.1     5.2    14.5    74.2    27.8    51.9   0.101   0.123   0.153   0.131   0.198    14.4    14.6    15.0    15.2    14.7
54933 20210923  2.622  -99.13   45.71    24.6     6.3    15.5    14.7     0.0    16.87 C    36.0     4.6    16.0    80.6    37.1    61.4   0.099   0.121   0.150   0.130   0.198    14.7    14.6    14.7    14.9    14.6
54933 20210924  2.622  -99.13   45.71    15.9     3.1     9.5    11.6     0.7    17.69 C    25.6    -2.4    11.8    83.2    26.0    51.6   0.098   0.120   0.149   0.130   0.198    14.8    14.8    14.9    14.8    14.4
54933 20210925  2.622  -99.13   45.71    25.0     2.4    13.7    14.0     0.0    16.21 C    34.4    -3.4    13.3    66.3    23.4    44.9   0.095   0.116   0.146   0.130   0.198    13.4    13.7    14.2    14.6    14.3
54933 20210926  2.622  -99.13   45.71    29.9    12.9    21.4    20.0     0.0    16.59 C    41.6     9.2    20.2    67.4    22.8    47.8   0.093   0.115   0.143   0.131   0.198    15.3    14.6    14.3    14.4    14.2
54933 20210927  2.622  -99.13   45.71    28.6    10.6    19.6    19.3     0.0    16.28 C    36.9     8.1    19.7    75.7    30.9    52.6   0.091   0.115   0.141   0.131   0.197    15.8    15.2    14.8    14.6    14.1
54933 20210928  2.622  -99.13   45.71    32.3    12.7    22.5    21.6     0.0    15.96 C    38.5    11.1    21.5    80.3    28.3    53.2   0.089   0.114   0.139   0.130   0.196    16.4    15.6    15.1    14.7    14.0
54933 20210929  2.622  -99.13   45.71    26.6    12.9    19.8    18.0    14.7     9.28 C    36.6    11.9    18.5    93.8    46.0    74.8   0.097   0.114   0.137   0.131   0.196    16.7    16.0    15.4    14.9    14.1
54933 20210930  2.622  -99.13   45.71    19.2    12.5    15.8    15.3     0.0     7.18 C    24.8    11.6    15.6    94.6    66.4    82.3   0.123   0.128   0.136   0.131   0.196    16.0    15.7    15.4    15.0    14.1
54933 20211001  2.622  -99.13   45.71    15.2    11.0    13.1    14.3    21.7     1.84 C    16.4    10.2    14.3    95.1    91.0    93.2   0.191   0.149   0.137   0.131   0.197    15.7    15.6    15.4    15.0    14.2
54933 20211002  2.622  -99.13   45.71    21.5     6.4    14.0    14.4     0.0    15.42 C    27.2     4.7    13.1    95.6    33.1    68.4   0.249   0.190   0.138   0.131   0.197    15.2    15.1    15.1    14.9    14.2
54933 20211003  2.622  -99.13   45.71    22.9     5.9    14.4    14.5     0.0    15.28 C    30.7     2.1    13.7    92.9    25.3    60.3   0.230   0.192   0.146   0.131   0.197    14.6    14.6    14.7    14.7    14.2
54933 20211004  2.622  -99.13   45.71    25.3     9.3    17.3    17.9     0.0    15.23 C    32.1     4.8    16.0    80.1    33.3    55.4   0.216   0.187   0.152   0.131   0.197    15.0    14.7    14.6    14.6    14.1
54933 20211005  2.622  -99.13   45.71    26.4    10.2    18.3    17.5     0.0    15.02 C    29.0     8.2    16.2    77.2    28.1    54.3   0.202   0.187   0.154   0.131   0.197    15.0    14.9    14.8    14.6    14.0
54933 20211006  2.622  -99.13   45.71    23.7     8.1    15.9    15.4     0.0    14.84 C    28.5     7.1    15.3    92.8    38.4    70.4   0.188   0.172   0.154   0.131   0.197    14.7    14.6    14.6    14.6    14.0
54933 20211007  2.622  -99.13   45.71    24.5    10.6    17.6    16.4     0.0    13.36 C    28.1     9.8    16.2    95.7    44.8    76.4   0.175   0.166   0.153   0.131   0.197    15.0    14.7    14.6    14.5    13.9
54933 20211008  2.622  -99.13   45.71    22.2    11.2    16.7    16.1     0.0    11.78 C    32.3     8.9    16.9    95.7    62.3    82.7   0.164   0.164   0.153   0.131   0.197    15.5    15.1    14.7    14.5    13.9
54933 20211009  2.622  -99.13   45.71    15.2    11.3    13.2    13.5    35.6     0.85 C    15.7    10.2    13.3    96.7    91.3    94.2   0.226   0.197   0.157   0.132   0.197    14.9    14.9    14.8    14.6    13.9
54933 20211010  2.622  -99.13   45.71    14.1     6.2    10.2     9.7     6.6     6.38 C    13.5     5.3     9.2    94.1    49.4    78.9   0.307   0.290   0.195   0.131   0.197    13.4    13.9    14.3    14.4    13.9
54933 20211011  2.622  -99.13   45.71    16.0     3.7     9.8     9.3     0.0    14.14 C    21.7     1.4     9.0    88.6    48.3    70.4   0.278   0.278   0.241   0.131   0.197    12.5    12.9    13.5    14.0    13.8
54933 20211012  2.622  -99.13   45.71    12.8     2.9     7.9     7.5     1.4    11.71 C    19.9     1.2     7.8    89.5    52.1    70.6   0.261   0.267   0.248   0.130   0.197    11.6    12.2    13.0    13.6    13.6
54933 20211013  2.622  -99.13   45.71    14.3     4.0     9.2     9.0    39.0     2.49 C    18.7     4.1     9.2    95.1    81.1    91.9   0.319   0.310   0.284   0.160   0.196    11.5    11.8    12.4    13.2    13.5
54933 20211014  2.622  -99.13   45.71    11.0     2.4     6.7     5.6     0.0     9.03 C    15.0     1.1     5.8    88.9    48.8    72.9   0.302   0.304   0.297   0.263   0.197    10.6    11.2    12.0    12.8    13.2
54933 20211015  2.622  -99.13   45.71    11.2    -0.1     5.5     4.7     0.0    12.72 C    17.4    -2.0     4.9    91.0    38.8    69.9   0.277   0.284   0.282   0.276   0.195     9.9    10.6    11.5    12.3    12.9
54933 20211016  2.622  -99.13   45.71    16.3    -0.2     8.0     7.5     0.0    12.98 C    20.4    -1.9     6.0    87.6    41.1    66.0   0.264   0.273   0.273   0.273   0.196     9.5    10.1    11.0    11.9    12.7
54933 20211017  2.622  -99.13   45.71    20.7     4.4    12.5    12.3     0.0    12.88 C    24.3    -0.8     9.7    78.2    33.2    58.6   0.255   0.266   0.267   0.269   0.195    10.0    10.2    10.8    11.6    12.5
54933 20211018  2.622  -99.13   45.71    23.4     3.9    13.7    12.0     0.0    12.09 C    23.6     2.7    10.7    86.7    31.4    63.1   0.246   0.260   0.262   0.265   0.195    10.6    10.7    11.0    11.5    12.2
54933 20211019  2.622  -99.13   45.71     9.2     3.2     6.2     6.2     0.0     1.77 C     8.6    -0.3     5.5    93.5    68.8    85.9   0.239   0.255   0.258   0.262   0.195    10.0    10.6    11.1    11.5    12.1
54933 20211020  2.622  -99.13   45.71     4.3    -0.2     2.0     2.2    12.7     0.90 C     4.4    -1.1     2.3    92.9    74.5    86.0   0.265   0.264   0.256   0.259   0.194     8.5     9.5    10.5    11.3    12.0
54933 20211021  2.622  -99.13   45.71     6.9    -5.6     0.6     1.1     0.0    12.11 C    15.9    -6.9     2.7    94.3    49.5    76.4   0.274   0.277   0.266   0.261   0.195     7.6     8.4     9.5    10.8    11.8
54933 20211022  2.622  -99.13   45.71     7.6    -1.2     3.2     3.2     0.0     9.56 C    15.4    -2.2     4.4    92.9    51.0    73.4   0.265   0.272   0.265   0.262   0.194     7.9     8.5     9.3    10.4    11.5
54933 20211023  2.622  -99.13   45.71     9.0    -2.8     3.1     3.1     0.7     9.47 C    16.3    -3.5     3.5    91.0    47.1    73.2   0.258   0.267   0.262   0.262   0.193     7.4     8.1     9.0    10.1    11.2
54933 20211024  2.622  -99.13   45.71     4.2     2.0     3.1     3.1     0.7     2.13 C     6.7     2.4     3.6    94.4    87.8    91.4   0.254   0.263   0.260   0.261   0.193     7.4     8.1     8.8     9.9    11.0
54933 20211025  2.622  -99.13   45.71     9.5     0.2     4.9     4.6     0.0     8.69 C    12.9    -0.4     4.7    96.9    59.6    82.7   0.252   0.261   0.258   0.260   0.194     7.3     7.9     8.7     9.6    10.8
54933 20211026  2.622  -99.13   45.71     7.8     4.7     6.3     6.2     2.4     1.59 C     7.7     4.2     6.1    95.7    79.4    88.3   0.249   0.259   0.256   0.258   0.195     7.6     8.0     8.7     9.4    10.6
54933 20211027  2.622  -99.13   45.71     9.9     3.4     6.7     7.1     7.1     2.39 C    10.4     0.0     6.7    96.5    75.8    90.9   0.277   0.272   0.259   0.258   0.195     8.3     8.5     8.8     9.4    10.4
54933 20211028  2.622  -99.13   45.71    12.6     0.1     6.4     5.4     0.0    11.03 C    14.8    -3.8     3.9    89.0    38.8    71.3   0.275   0.278   0.267   0.261   0.197     7.6     8.1     8.7     9.4    10.3
54933 20211029  2.622  -99.13   45.71    15.0    -1.8     6.6     6.0     0.0    10.62 C    17.8    -5.0     4.6    86.2    33.3    64.5   0.265   0.272   0.265   0.264   0.198     6.9     7.6     8.3     9.3    10.2
54933 20211030  2.622  -99.13   45.71     8.6    -1.1     3.7     4.0     0.0     5.53 C    12.2    -3.0     3.0    87.0    54.3    75.4   0.259   0.267   0.262   0.263   0.198     7.0     7.6     8.2     9.1    10.1
54933 20211031  2.622  -99.13   45.71     6.1    -5.8     0.1    -0.3     0.0    10.57 C    11.9    -8.8    -0.5    90.7    42.0    69.3   0.254   0.263   0.259   0.262   0.201     5.9     6.8     7.8     8.9     9.9
54933 20211101  2.622  -99.13   45.71     5.1    -7.2    -1.1    -2.1     0.0     7.68 C    12.6   -10.8    -2.6    88.1    41.6    71.7   0.250   0.259   0.256   0.260   0.203     4.8     5.9     7.2     8.5     9.8
54933 20211102  2.622  -99.13   45.71     3.7    -8.9    -2.6    -2.9     0.0     9.26 C    11.7   -12.7    -3.0    86.0    43.9    69.0   0.246   0.256   0.254   0.258   0.206     3.9     5.2     6.5     8.0     9.5
54933 20211103  2.622  -99.13   45.71     8.4    -5.7     1.3     0.7     0.0    10.08 C    15.7    -7.7     0.6    84.8    48.4    70.3   0.243   0.253   0.252   0.257   0.210     4.0     4.9     6.1     7.6     9.2
54933 20211104  2.622  -99.13   45.71    12.3    -1.9     5.2     4.3     0.0     9.85 C    16.8    -5.1     3.7    94.8    51.1    76.2   0.241   0.251   0.250   0.255   0.213     4.7     5.1     6.0     7.3     9.0
54933 20211105  2.622  -99.13   45.71    17.4     1.7     9.5     7.6     0.0     8.28 C    19.0     0.9     7.0    96.8    41.3    75.1   0.239   0.250   0.249   0.255   0.216     5.9     6.0     6.4     7.3     8.8
54933 20211106  2.622  -99.13   45.71    18.6     2.5    10.5     9.5     0.0     8.87 C    21.6    -3.0     7.0    78.1    30.1    59.7   0.236   0.248   0.248   0.254   0.220     6.4     6.5     6.8     7.5     8.7
54933 20211107  2.622  -99.13   45.71    16.9     2.9     9.9     8.3     0.0     8.39 C    23.4    -0.6     7.0    85.3    37.0    67.4   0.233   0.246   0.247   0.253   0.223     6.9     6.9     7.1     7.6     8.6
54933 20211108  2.622  -99.13   45.71    10.0    -0.4     4.8     4.7     0.0     5.29 C    16.3    -6.1     3.2    78.6    42.5    66.0   0.230   0.244   0.246   0.251   0.226     6.5     6.9     7.2     7.8     8.6
54933 20211109  2.622  -99.13   45.71    12.5     0.1     6.3     5.4     0.0     8.13 C    16.6    -4.4     4.9    94.2    46.9    75.4   0.228   0.242   0.244   0.250   0.228     5.9     6.4     7.0     7.7     8.6
54933 20211110  2.622  -99.13   45.71     7.3     0.2     3.8     3.8     7.1     1.56 C     7.3    -1.5     3.1    93.4    60.8    76.0   0.232   0.240   0.243   0.249   0.230     6.0     6.4     7.0     7.7     8.6
54933 20211111  2.622  -99.13   45.71     0.8    -2.4    -0.8    -0.6     0.0     2.11 C     0.4    -3.0    -1.3    87.2    63.9    77.6   0.245   0.245   0.243   0.248   0.232     4.6     5.6     6.6     7.5     8.5
54933 20211112  2.622  -99.13   45.71    -2.3    -5.9    -4.1    -4.5     0.0     4.07 C    -2.9    -5.5    -4.6    88.7    78.3    83.1   0.243   0.246   0.243   0.247   0.233     4.1     4.9     6.0     7.2     8.4
54933 20211113  2.622  -99.13   45.71     6.5    -7.2    -0.4    -3.4     1.7     4.67 C     1.3    -6.9    -3.2    94.8    68.6    88.1   0.247   0.247   0.243   0.247   0.233     4.0     4.7     5.7     6.9     8.3
54933 20211114  2.622  -99.13   45.71     3.6    -3.6     0.0    -0.4     0.0     5.22 C     7.5    -3.4     0.4    95.8    78.4    85.9   0.257   0.256   0.246   0.245   0.233     3.8     4.5     5.4     6.6     8.1
54933 20211115  2.622  -99.13   45.71     5.8    -1.0     2.4     1.3     0.0     6.43 C    10.7    -1.4     2.0    96.4    72.9    89.4   0.265   0.271   0.260   0.248   0.233     4.1     4.5     5.3     6.4     7.9
54933 20211116  2.622  -99.13   45.71    12.2    -0.7     5.7     4.1     0.0     5.69 C    13.2    -1.5     3.3    96.9    28.5    68.5   0.268   0.275   0.266   0.257   0.234     4.3     4.6     5.3     6.3     7.7
54933 20211117  2.622  -99.13   45.71     1.2    -6.2    -2.5    -2.7     0.0     5.10 C     2.1    -7.3    -3.1    74.8    47.7    58.9   0.264   0.271   0.264   0.259   0.235     3.3     4.3     5.2     6.2     7.6
54933 20211118  2.622  -99.13   45.71    -1.0    -7.9    -4.4    -5.1     0.0     7.70 C     5.4    -8.7    -4.0    83.2    52.3    69.7   0.259   0.266   0.261   0.259   0.236     2.3     3.4     4.6     5.9     7.4
54933 20211119  2.622  -99.13   45.71     7.5    -5.8     0.8     0.3     0.0     6.97 C    12.0    -6.3    -0.2    81.8    34.1    56.9   0.255   0.262   0.257   0.259   0.239     2.0     2.9     4.1     5.6     7.3
54933 20211120  2.622  -99.13   45.71     4.8    -2.0     1.4     1.2     0.0     3.76 C    12.6    -4.2     1.4    73.8    43.7    57.9   0.252   0.260   0.256   0.258   0.242     2.5     3.1     4.0     5.3     7.0
54933 20211121  2.622  -99.13   45.71     0.3    -8.8    -4.3    -5.0     0.0     6.82 C     1.0   -10.7    -5.1    84.6    37.5    63.6   0.251   0.258   0.254   0.256   0.243     2.2     3.1     4.0     5.2     6.8
54933 20211122  2.622  -99.13   45.71     7.7    -8.1    -0.2    -0.6     0.0     6.76 C    12.2    -9.0    -1.9    81.9    39.0    60.3   0.248   0.256   0.252   0.254   0.245     1.7     2.5     3.7     5.0     6.7
54933 20211123  2.622  -99.13   45.71    13.9    -3.2     5.3     3.2     0.0     7.02 C    19.0    -6.1     1.7    77.0    24.5    59.0   0.246   0.254   0.251   0.255   0.245     2.1     2.6     3.5     4.8     6.5
54933 20211124  2.622  -99.13   45.71    -1.1   -12.9    -7.0    -5.0     0.0     2.65 C     2.3   -13.5    -4.9    88.1    71.2    79.9   0.244   0.253   0.249   0.254   0.247     1.8     2.6     3.5     4.7     6.3
54933 20211125  2.622  -99.13   45.71    -5.0   -18.1   -11.5   -10.8     0.0     6.73 C    -0.2   -20.0   -10.0    84.5    52.5    71.2   0.238   0.251   0.248   0.253   0.247     1.2     2.2     3.3     4.5     6.2
54933 20211126  2.622  -99.13   45.71    13.3    -7.9     2.7     3.2     0.0     4.65 C    14.8    -8.7     1.9    78.7    36.8    58.4   0.229   0.248   0.247   0.251   0.247     0.8     1.7     2.8     4.3     6.1
54933 20211127  2.622  -99.13   45.71     8.0    -6.3     0.9     1.2     0.0     5.12 C    13.2   -10.2    -0.8    84.8    34.8    65.2   0.229   0.247   0.246   0.251   0.247     1.1     1.8     2.7     4.1     5.9
54933 20211128  2.622  -99.13   45.71     5.4    -7.1    -0.9     0.0     0.0     4.75 C     8.4   -11.4    -0.6    80.8    51.3    66.7   0.229   0.246   0.245   0.249   0.248     1.2     1.9     2.8     4.0     5.7
54933 20211129  2.622  -99.13   45.71    12.2     0.7     6.4     5.9     0.0     5.93 C    14.5    -3.7     4.2    84.3    39.7    65.3   0.236   0.245   0.244   0.249   0.247     2.0     2.3     2.9     4.0     5.6
54933 20211130  2.622  -99.13   45.71     7.3    -4.4     1.5     2.0     0.7     5.45 C    10.2    -7.9     0.6    90.3    43.7    74.7   0.236   0.245   0.243   0.248   0.248     2.1     2.5     3.2     4.1     5.6
54933 20211201  2.622  -99.13   45.71    17.3    -1.3     8.0     7.0     0.5     5.25 C    15.8    -3.3     5.0    85.3    38.2    65.2   0.236   0.244   0.243   0.248   0.249     2.9     2.9     3.3     4.1     5.5
54933 20211202  2.622  -99.13   45.71     5.5    -1.1     2.2     2.7     0.0     1.80 C     7.7    -4.1     1.8    90.3    62.4    78.5   0.235   0.244   0.243   0.248   0.250     3.5     3.6     3.8     4.3     5.5
54933 20211203  2.622  -99.13   45.71     4.0    -2.0     1.0     0.3     0.0     4.56 C     5.2    -5.7    -0.5    96.2    40.0    73.4   0.235   0.243   0.242   0.248   0.250     3.0     3.5     3.8     4.5     5.6
54933 20211204  2.622  -99.13   45.71    -1.2    -4.7    -3.0    -3.0     5.4     0.93 C    -1.5    -4.8    -3.2    94.3    52.7    77.6   0.233   0.242   0.242   0.247   0.250     2.3     2.9     3.6     4.4     5.6
54933 20211205  2.622  -99.13   45.71    -0.3   -11.7    -6.0    -3.7     0.0     3.51 C    -1.8   -12.2    -4.8    84.1    64.8    76.7   0.233   0.241   0.241   0.246   0.251     2.1     2.7     3.4     4.3     5.6
54933 20211206  2.622  -99.13   45.71   -11.7   -21.9   -16.8   -15.7     0.5     6.81 C   -12.1   -26.5   -16.9    84.8    63.3    74.2   0.232   0.240   0.241   0.246   0.251     2.0     2.5     3.3     4.2     5.5
54933 20211207  2.622  -99.13   45.71   -10.3   -13.4   -11.9   -11.7     1.2     5.81 C    -9.4   -20.2   -12.4    90.4    84.9    87.1   0.231   0.240   0.239   0.245   0.251     1.6     2.2     3.0     4.1     5.4
54933 20211208  2.622  -99.13   45.71    -3.0   -12.3    -7.6    -7.4     0.0     4.75 C    -4.0   -19.4    -9.2    88.7    71.9    83.5   0.230   0.239   0.238   0.245   0.252     1.5     2.1     2.9     4.0     5.3
54933 20211209  2.622  -99.13   45.71     1.0    -7.8    -3.4    -2.9     0.0     5.85 C    -0.1   -11.6    -5.6    86.7    58.1    76.2   0.229   0.238   0.239   0.244   0.252     1.5     2.1     2.8     3.9     5.2
54933 20211210  2.622  -99.13   45.71     0.0    -8.3    -4.1    -3.3     0.0     3.13 C    -1.6   -14.0    -6.4    89.6    50.7    66.8   0.228   0.238   0.237   0.243   0.252     1.6     2.1     2.8     3.8     5.2
54933 20211211  2.622  -99.13   45.71     1.8    -9.8    -4.0    -4.3     0.0     6.02 C    -0.9   -13.3    -7.0    86.0    55.2    70.8   0.228   0.237   0.237   0.243   0.252     1.5     2.0     2.7     3.7     5.0
54933 20211212  2.622  -99.13   45.71     5.2    -4.2     0.5    -0.5     0.0     3.50 C     0.9    -7.9    -4.1    78.7    53.7    68.4   0.227   0.236   0.236   0.243   0.253     1.4     1.9     2.6     3.6     5.0
54933 20211213  2.622  -99.13   45.71     3.5    -4.8    -0.6    -0.2     0.0     4.76 C     2.1    -8.4    -3.0    83.2    58.5    73.2   0.227   0.235   0.236   0.242   0.253     1.4     1.9     2.5     3.5     4.9
54933 20211214  2.622  -99.13   45.71     3.4    -4.2    -0.4    -1.1     0.0     4.40 C     2.4    -4.7    -1.9    93.2    68.8    84.6   0.227   0.235   0.235   0.241   0.254     1.5     1.9     2.5     3.5     4.8
54933 20211215  2.622  -99.13   45.71     4.6   -10.5    -2.9    -2.9     0.0     4.93 C     5.9    -9.5    -2.9    96.0    66.6    86.9   0.227   0.234   0.235   0.241   0.254     1.5     1.9     2.5     3.4     4.7
54933 20211216  2.622  -99.13   45.71    -9.4   -14.3   -11.9   -12.0     0.0     6.12 C    -5.1   -14.9   -11.5    82.2    60.4    71.1   0.224   0.235   0.235   0.241   0.254     1.2     1.7     2.4     3.4     4.7
54933 20211217  2.622  -99.13   45.71   -11.3   -14.4   -12.9   -13.5     0.0     2.43 C   -10.4   -13.9   -12.5    83.8    71.1    80.4   0.215   0.229   0.234   0.240   0.253     0.6     1.3     2.1     3.2     4.6
54933 20211218  2.622  -99.13   45.71   -12.6   -18.6   -15.6   -15.3     0.0     6.11 C   -12.3   -24.2   -15.8    85.7    69.6    78.2   0.207   0.226   0.233   0.239   0.253     0.3     1.0     1.8     3.0     4.5
54933 20211219  2.622  -99.13   45.71     0.1   -13.6    -6.7    -7.5     0.0     3.73 C    -2.3   -15.1    -8.8    84.4    66.7    78.7   0.205   0.225   0.232   0.239   0.254     0.1     0.7     1.6     2.8     4.4
54933 20211220  2.622  -99.13   45.71    -8.5   -13.9   -11.2   -11.1     0.0     6.12 C    -8.7   -16.1   -11.4    78.2    64.6    71.5   0.203   0.222   0.232   0.238   0.254     0.0     0.6     1.5     2.7     4.3
54933 20211221  2.622  -99.13   45.71    -4.7   -13.5    -9.1    -9.4     1.0     5.82 C    -5.3   -19.6   -10.5    88.4    69.2    79.0   0.202   0.204   0.231   0.237   0.254    -0.2     0.4     1.3     2.5     4.1
54933 20211222  2.622  -99.13   45.71     0.4   -10.5    -5.0    -5.3     0.0     4.77 C     0.1   -15.5    -6.7    88.3    55.9    76.4 -99.000   0.203   0.231   0.237   0.254    -0.3     0.3     1.2     2.3     4.0
54933 20211223  2.622  -99.13   45.71     6.5    -4.8     0.9    -0.5     0.0     5.54 C     3.1    -8.4    -3.3    85.5    53.2    73.6 -99.000   0.204   0.230   0.237   0.253    -0.2     0.3     1.1     2.2     3.9
54933 20211224  2.622  -99.13   45.71     6.1   -11.0    -2.5    -3.1     0.0     4.69 C     1.4   -10.9    -3.8    82.3    56.3    67.4   0.198   0.202   0.229   0.237   0.253    -0.1     0.4     1.1     2.2     3.8
54933 20211225  2.622  -99.13   45.71   -10.5   -15.8   -13.2   -13.6     1.9     3.27 C    -8.4   -17.6   -12.3    87.6    64.6    79.6 -99.000   0.202   0.226   0.237   0.253    -0.3     0.3     1.0     2.1     3.7
54933 20211226  2.622  -99.13   45.71    -6.0   -15.8   -10.9   -12.1     1.2     2.13 C    -5.0   -14.9   -11.3    90.9    83.0    86.0 -99.000   0.201   0.221   0.235   0.254    -0.4     0.2     0.9     2.1     3.6
54933 20211227  2.622  -99.13   45.71    -6.0   -22.7   -14.3   -17.2     0.8     6.85 C    -5.9   -24.9   -17.3    91.7    71.2    79.4 -99.000   0.200   0.221   0.236   0.253    -0.6     0.0     0.8     2.0     3.6
54933 20211228  2.622  -99.13   45.71   -19.4   -27.2   -23.3   -22.2     2.9     5.46 C   -17.9   -32.9   -23.2    79.3    72.0    75.8 -99.000   0.199   0.220   0.235   0.253    -0.9    -0.2     0.7     1.9     3.5
54933 20211229  2.622  -99.13   45.71   -18.1   -27.4   -22.7   -21.5     1.0     4.02 C   -16.3   -33.0   -22.1    82.0    75.4    78.3 -99.000 -99.000   0.219   0.235   0.254    -0.9    -0.3     0.6     1.7     3.4
54933 20211230  2.622  -99.13   45.71   -13.2   -25.2   -19.2   -19.7     0.0     6.52 C   -13.2   -28.1   -20.0    81.7    74.8    79.7 -99.000 -99.000   0.219   0.234   0.254    -0.9    -0.4     0.5     1.7     3.3
54933 20211231  2.622  -99.13   45.71   -13.8   -26.4   -20.1   -23.4     0.0     6.02 C   -13.9   -28.2   -23.2    76.4    64.6    69.9 -99.000 -99.000   0.217   0.234   0.253    -0.9    -0.4     0.4     1.6     3.2
