96406 20210101  2.515 -154.13   64.50   -23.4   -32.5   -28.0   -27.9 -9999.0     0.66 C   -24.6   -35.5   -31.8    79.8    72.2    75.7 -99.000 -99.000 -99.000 -99.000 -99.000 -9999.0 -9999.0 -9999.0 -9999.0 -9999.0
96406 20210102  2.515 -154.13   64.50   -27.4   -34.7   -31.1   -31.8 -9999.0     0.59 C   -26.3   -37.4   -33.8    75.7    70.8    72.8 -99.000 -99.000 -99.000 -99.000 -99.000 -9999.0 -9999.0 -9999.0 -9999.0 -9999.0
96406 20210103  2.515 -154.13   64.50   -19.1   -35.4   -27.2   -25.8 -9999.0     0.04 C   -20.9   -40.0   -30.5    82.3    66.8    75.7 -99.000 -99.000 -99.000 -99.000 -99.000 -9999.0 -9999.0 -9999.0 -9999.0 -9999.0
96406 20210104  2.515 -154.13   64.50   -17.8   -29.8   -23.8   -21.4 -9999.0     0.11 C   -19.3   -33.3   -25.5    81.3    71.5    75.4 -99.000 -99.000 -99.000 -99.000 -99.000 -9999.0 -9999.0 -9999.0 -9999.0 -9999.0
96406 20210105  2.515 -154.13   64.50   -28.3   -33.3   -30.8   -31.4 -9999.0     0.64 C   -32.1   -35.6   -34.1    75.9    72.0    73.4 -99.000 -99.000 -99.000 -99.000 -99.000 -9999.0 -9999.0 -9999.0 -9999.0 -9999.0
96406 20210106  2.515 -154.13   64.50   -20.8   -32.6   -26.7   -27.3 -9999.0     0.05 C   -19.9   -34.2   -28.5    79.9    71.8    75.7 -99.000 -99.000 -99.000 -99.000 -99.000 -9999.0 -9999.0 -9999.0 -9999.0 -9999.0
96406 20210107  2.515 -154.13   64.50   -16.3   -26.2   -21.2   -20.8 -9999.0     0.01 C   -15.6   -29.0   -21.5    83.7    76.5    80.0 -99.000 -99.000 -99.000 -99.000 -99.000 -9999.0 -9999.0 -9999.0 -9999.0 -9999.0
96406 20210108  2.515 -154.13   64.50   -17.3   -23.4   -20.4   -20.1 -9999.0     0.14 C   -17.8   -26.6   -22.4    83.4    78.9    81.3 -99.000 -99.000 -99.000 -99.000 -99.000 -9999.0 -9999.0 -9999.0 -9999.0 -9999.0
96406 20210109  2.515 -154.13   64.50   -16.6   -27.1   -21.8   -21.1 -9999.0     0.13 C   -16.8   -29.5   -22.8    83.4    76.4    80.4 -99.000 -99.000 -99.000 -99.000 -99.000 -9999.0 -9999.0 -9999.0 -9999.0 -9999.0
96406 20210110  2.515 -154.13   64.50   -11.1   -27.3   -19.2   -20.7 -9999.0     0.10 C   -17.7   -29.4   -23.0    89.0    76.4    80.8 -99.000 -99.000 -99.000 -99.000 -99.000 -9999.0 -9999.0 -9999.0 -9999.0 -9999.0
96406 20210111  2.515 -154.13   64.50   -12.4   -19.7   -16.1   -15.7 -9999.0     0.08 C   -11.7   -21.9   -17.4    87.4    80.5    84.8 -99.000 -99.000 -99.000 -99.000 -99.000 -9999.0 -9999.0 -9999.0 -9999.0 -9999.0
96406 20210112  2.515 -154.13   64.50   -15.8   -27.7   -21.7   -20.2 -9999.0     0.09 C   -16.3   -29.9   -22.3    87.6    75.0    81.3 -99.000 -99.000 -99.000 -99.000 -99.000 -9999.0 -9999.0 -9999.0 -9999.0 -9999.0
96406 20210113  2.515 -154.13   64.50   -19.1   -29.6   -24.4   -25.5 -9999.0     0.19 C   -17.2   -31.0   -26.3    81.2    73.5    76.6 -99.000 -99.000 -99.000 -99.000 -99.000 -9999.0 -9999.0 -9999.0 -9999.0 -9999.0
96406 20210114  2.515 -154.13   64.50   -10.2   -25.1   -17.7   -17.5 -9999.0     0.08 C   -14.8   -28.3   -21.0    90.8    69.5    81.4 -99.000 -99.000 -99.000 -99.000 -99.000 -9999.0 -9999.0 -9999.0 -9999.0 -9999.0
96406 20210115  2.515 -154.13   64.50    -9.3   -19.6   -14.5   -12.0 -9999.0     0.01 C   -10.6   -25.5   -14.0    87.5    64.3    79.5 -99.000 -99.000 -99.000 -99.000 -99.000 -9999.0 -9999.0 -9999.0 -9999.0 -9999.0
96406 20210116  2.515 -154.13   64.50   -16.7   -26.4   -21.6   -21.6 -9999.0     0.28 C   -17.5   -30.0   -24.8    85.5    76.6    80.7 -99.000 -99.000 -99.000 -99.000 -99.000 -9999.0 -9999.0 -9999.0 -9999.0 -9999.0
96406 20210117  2.515 -154.13   64.50    -8.7   -17.8   -13.3   -11.1 -9999.0     0.15 C    -8.8   -18.9   -12.1    90.7    76.7    84.3 -99.000 -99.000 -99.000 -99.000 -99.000 -9999.0 -9999.0 -9999.0 -9999.0 -9999.0
96406 20210118  2.515 -154.13   64.50    -4.2   -15.3    -9.7    -9.5 -9999.0     0.00 C    -6.1   -20.1   -11.7    89.1    60.4    78.6 -99.000 -99.000 -99.000 -99.000 -99.000 -9999.0 -9999.0 -9999.0 -9999.0 -9999.0
96406 20210119  2.515 -154.13   64.50    -5.7   -25.1   -15.4   -12.8 -9999.0     0.30 C    -6.7   -31.1   -15.7    88.8    67.6    78.8 -99.000 -99.000 -99.000 -99.000 -99.000 -9999.0 -9999.0 -9999.0 -9999.0 -9999.0
96406 20210120  2.515 -154.13   64.50   -11.0   -23.9   -17.4   -16.1 -9999.0     0.32 C   -10.3   -24.4   -16.8    89.1    78.9    83.0 -99.000 -99.000 -99.000 -99.000 -99.000 -9999.0 -9999.0 -9999.0 -9999.0 -9999.0
96406 20210121  2.515 -154.13   64.50    -2.1   -18.8   -10.4    -7.4 -9999.0     0.03 C    -3.6   -22.0    -7.7    92.1    71.8    85.2 -99.000 -99.000 -99.000 -99.000 -99.000 -9999.0 -9999.0 -9999.0 -9999.0 -9999.0
96406 20210122  2.515 -154.13   64.50    -1.4   -19.5   -10.5    -6.5 -9999.0     0.92 C    -3.1   -23.2   -10.4    92.0    66.9    78.1 -99.000 -99.000 -99.000 -99.000 -99.000 -9999.0 -9999.0 -9999.0 -9999.0 -9999.0
96406 20210123  2.515 -154.13   64.50    -7.8   -18.4   -13.1   -11.7 -9999.0     0.21 C   -10.3   -22.8   -14.5    90.7    83.6    88.1 -99.000 -99.000 -99.000 -99.000 -99.000 -9999.0 -9999.0 -9999.0 -9999.0 -9999.0
96406 20210124  2.515 -154.13   64.50   -11.8   -24.1   -18.0   -18.1 -9999.0     0.99 C   -10.9   -27.4   -20.5    87.8    78.4    83.3 -99.000 -99.000 -99.000 -99.000 -99.000 -9999.0 -9999.0 -9999.0 -9999.0 -9999.0
96406 20210125  2.515 -154.13   64.50   -10.5   -30.0   -20.3   -17.0 -9999.0     1.57 C   -11.8   -34.8   -22.6    89.0    72.3    83.8 -99.000 -99.000 -99.000 -99.000 -99.000 -9999.0 -9999.0 -9999.0 -9999.0 -9999.0
96406 20210126  2.515 -154.13   64.50   -25.4   -35.1   -30.3   -31.4 -9999.0     1.55 C   -29.2   -38.0   -35.2    77.4    70.1    73.2 -99.000 -99.000 -99.000 -99.000 -99.000 -9999.0 -9999.0 -9999.0 -9999.0 -9999.0
96406 20210127  2.515 -154.13   64.50   -28.7   -36.0   -32.3   -33.6 -9999.0     0.98 C   -32.2   -38.8   -36.6    74.6    69.1    71.4 -99.000 -99.000 -99.000 -99.000 -99.000 -9999.0 -9999.0 -9999.0 -9999.0 -9999.0
96406 20210128  2.515 -154.13   64.50   -16.4   -33.4   -24.9   -21.3 -9999.0     0.23 C   -15.6   -36.0   -21.0    82.2    70.9    78.8 -99.000 -99.000 -99.000 -99.000 -99.000 -9999.0 -9999.0 -9999.0 -9999.0 -9999.0
96406 20210129  2.515 -154.13   64.50   -15.4   -18.1   -16.7   -16.5 -9999.0     0.03 C   -15.2   -20.6   -16.6    84.2    78.0    81.0 -99.000 -99.000 -99.000 -99.000 -99.000 -9999.0 -9999.0 -9999.0 -9999.0 -9999.0
96406 20210130  2.515 -154.13   64.50   -16.4   -36.4   -26.4   -22.0 -9999.0     0.30 C   -16.6   -43.6   -26.1    83.8    70.7    78.0 -99.000 -99.000 -99.000 -99.000 -99.000 -9999.0 -9999.0 -9999.0 -9999.0 -9999.0
96406 20210131  2.515 -154.13   64.50   -30.9   -41.2   -36.0   -37.7 -9999.0     1.40 C   -35.6   -46.0   -42.3    73.9    67.5    69.9 -99.000 -99.000 -99.000 -99.000 -99.000 -9999.0 -9999.0 -9999.0 -9999.0 -9999.0
96406 20210201  2.515 -154.13   64.50   -21.9   -41.4   -31.7   -26.9 -9999.0     1.67 C   -26.6   -45.8   -33.2    80.6    56.3    64.1 -99.000 -99.000 -99.000 -99.000 -99.000 -9999.0 -9999.0 -9999.0 -9999.0 -9999.0
96406 20210202  2.515 -154.13   64.50   -19.4   -24.2   -21.8   -21.7 -9999.0     0.64 C   -21.8   -33.0   -27.7    58.2    49.1    54.0 -99.000 -99.000 -99.000 -99.000 -99.000 -9999.0 -9999.0 -9999.0 -9999.0 -9999.0
96406 20210203  2.515 -154.13   64.50   -22.8   -28.9   -25.9   -24.4 -9999.0     0.24 C   -22.6   -37.7   -26.6    74.0    54.9    66.3 -99.000 -99.000 -99.000 -99.000 -99.000 -9999.0 -9999.0 -9999.0 -9999.0 -9999.0
96406 20210204  2.515 -154.13   64.50   -23.7   -35.6   -29.7   -30.1 -9999.0     0.39 C   -23.0   -40.6   -34.7    76.1    69.3    72.9 -99.000 -99.000 -99.000 -99.000 -99.000 -9999.0 -9999.0 -9999.0 -9999.0 -9999.0
96406 20210205  2.515 -154.13   64.50   -21.0   -33.9   -27.4   -25.6 -9999.0     0.50 C   -20.1   -38.0   -28.9    78.7    58.9    70.6 -99.000 -99.000 -99.000 -99.000 -99.000 -9999.0 -9999.0 -9999.0 -9999.0 -9999.0
96406 20210206  2.515 -154.13   64.50   -12.9   -21.4   -17.1   -17.6 -9999.0     0.12 C   -14.0   -27.0   -17.2    86.3    76.8    82.0 -99.000 -99.000 -99.000 -99.000 -99.000 -9999.0 -9999.0 -9999.0 -9999.0 -9999.0
96406 20210207  2.515 -154.13   64.50   -14.8   -37.6   -26.2   -28.2 -9999.0     1.58 C   -23.0   -44.8   -35.4    86.1    68.2    76.5 -99.000 -99.000 -99.000 -99.000 -99.000 -9999.0 -9999.0 -9999.0 -9999.0 -9999.0
96406 20210208  2.515 -154.13   64.50   -20.3   -38.8   -29.5   -26.6 -9999.0     1.98 C   -24.8   -44.5   -34.2    81.3    49.5    62.8 -99.000 -99.000 -99.000 -99.000 -99.000 -9999.0 -9999.0 -9999.0 -9999.0 -9999.0
96406 20210209  2.515 -154.13   64.50   -26.3   -38.2   -32.3   -29.3 -9999.0     1.71 C   -31.0   -47.2   -35.7    68.9    43.2    51.3 -99.000 -99.000 -99.000 -99.000 -99.000 -9999.0 -9999.0 -9999.0 -9999.0 -9999.0
96406 20210210  2.515 -154.13   64.50   -18.0   -42.1   -30.0   -28.7 -9999.0     0.36 C   -17.2   -48.5   -29.7    79.5    65.3    72.2 -99.000 -99.000 -99.000 -99.000 -99.000 -9999.0 -9999.0 -9999.0 -9999.0 -9999.0
96406 20210211  2.515 -154.13   64.50   -10.1   -18.0   -14.0   -13.1 -9999.0     0.36 C   -10.8   -17.3   -13.5    83.3    66.9    75.5 -99.000 -99.000 -99.000 -99.000 -99.000 -9999.0 -9999.0 -9999.0 -9999.0 -9999.0
96406 20210212  2.515 -154.13   64.50    -8.9   -20.2   -14.6   -13.3 -9999.0     0.59 C    -9.9   -26.7   -17.7    85.9    55.9    73.9 -99.000 -99.000 -99.000 -99.000 -99.000 -9999.0 -9999.0 -9999.0 -9999.0 -9999.0
96406 20210213  2.515 -154.13   64.50   -10.2   -31.3   -20.8   -22.3 -9999.0     3.11 C   -18.5   -35.3   -29.9    84.2    47.9    72.7 -99.000 -99.000 -99.000 -99.000 -99.000 -9999.0 -9999.0 -9999.0 -9999.0 -9999.0
96406 20210214  2.515 -154.13   64.50   -17.5   -34.9   -26.2   -27.6 -9999.0     5.01 C   -21.9   -39.5   -32.5    79.7    59.3    72.4 -99.000 -99.000 -99.000 -99.000 -99.000 -9999.0 -9999.0 -9999.0 -9999.0 -9999.0
96406 20210215  2.515 -154.13   64.50   -12.4   -23.7   -18.1   -16.4 -9999.0     1.06 C   -12.0   -22.2   -16.2    82.1    59.6    73.8 -99.000 -99.000 -99.000 -99.000 -99.000 -9999.0 -9999.0 -9999.0 -9999.0 -9999.0
96406 20210216  2.515 -154.13   64.50   -13.4   -15.7   -14.6   -14.6 -9999.0     0.88 C   -12.9   -18.5   -14.8    84.2    76.9    81.7 -99.000 -99.000 -99.000 -99.000 -99.000 -9999.0 -9999.0 -9999.0 -9999.0 -9999.0
96406 20210217  2.515 -154.13   64.50   -13.9   -16.1   -15.0   -15.1 -9999.0     0.63 C   -13.9   -17.5   -15.1    84.4    74.2    80.1 -99.000 -99.000 -99.000 -99.000 -99.000 -9999.0 -9999.0 -9999.0 -9999.0 -9999.0
96406 20210218  2.515 -154.13   64.50   -15.7   -30.9   -23.3   -21.2 -9999.0     4.81 C   -15.8   -43.1   -26.4    82.7    60.4    73.3 -99.000 -99.000 -99.000 -99.000 -99.000 -9999.0 -9999.0 -9999.0 -9999.0 -9999.0
96406 20210219  2.515 -154.13   64.50   -22.3   -38.9   -30.6   -29.7 -9999.0     5.13 C   -24.0   -45.9   -37.3    80.3    59.7    71.4 -99.000 -99.000 -99.000 -99.000 -99.000 -9999.0 -9999.0 -9999.0 -9999.0 -9999.0
96406 20210220  2.515 -154.13   64.50   -21.7   -41.0   -31.4   -32.1 -9999.0     5.75 C   -25.4   -45.5   -38.1    77.2    57.5    68.7 -99.000 -99.000 -99.000 -99.000 -99.000 -9999.0 -9999.0 -9999.0 -9999.0 -9999.0
96406 20210221  2.515 -154.13   64.50   -24.2   -39.6   -31.9   -33.3 -9999.0     4.93 C   -28.1   -44.6   -39.1    74.3    55.7    67.8 -99.000 -99.000 -99.000 -99.000 -99.000 -9999.0 -9999.0 -9999.0 -9999.0 -9999.0
96406 20210222  2.515 -154.13   64.50   -19.5   -41.0   -30.2   -29.2 -9999.0     5.63 C   -20.8   -45.9   -36.0    79.1    58.7    68.5 -99.000 -99.000 -99.000 -99.000 -99.000 -9999.0 -9999.0 -9999.0 -9999.0 -9999.0
96406 20210223  2.515 -154.13   64.50   -20.9   -37.6   -29.2   -28.4 -9999.0     2.26 C   -18.7   -42.6   -30.7    80.0    68.9    74.1 -99.000 -99.000 -99.000 -99.000 -99.000 -9999.0 -9999.0 -9999.0 -9999.0 -9999.0
96406 20210224  2.515 -154.13   64.50   -10.6   -20.9   -15.7   -15.0 -9999.0     0.36 C   -10.7   -19.0   -14.2    87.7    76.1    83.1 -99.000 -99.000 -99.000 -99.000 -99.000 -9999.0 -9999.0 -9999.0 -9999.0 -9999.0
96406 20210225  2.515 -154.13   64.50   -12.2   -15.7   -14.0   -13.5 -9999.0     0.34 C   -12.0   -17.4   -13.6    86.9    77.3    83.5 -99.000 -99.000 -99.000 -99.000 -99.000 -9999.0 -9999.0 -9999.0 -9999.0 -9999.0
96406 20210226  2.515 -154.13   64.50   -13.1   -29.2   -21.2   -18.6 -9999.0     1.09 C   -13.5   -34.6   -22.0    86.4    74.6    80.6 -99.000 -99.000 -99.000 -99.000 -99.000 -9999.0 -9999.0 -9999.0 -9999.0 -9999.0
96406 20210227  2.515 -154.13   64.50   -15.2   -20.4   -17.8   -16.7 -9999.0     0.48 C   -15.0   -28.6   -17.7    83.8    71.2    78.0 -99.000 -99.000 -99.000 -99.000 -99.000 -9999.0 -9999.0 -9999.0 -9999.0 -9999.0
96406 20210228  2.515 -154.13   64.50   -19.4   -31.4   -25.4   -23.5 -9999.0     2.25 C   -21.2   -38.4   -29.1    82.4    62.8    74.7 -99.000 -99.000 -99.000 -99.000 -99.000 -9999.0 -9999.0 -9999.0 -9999.0 -9999.0
96406 20210301  2.515 -154.13   64.50   -16.0   -32.1   -24.1   -21.4 -9999.0     1.09 C   -17.0   -35.2   -23.3    80.4    66.2    75.3 -99.000 -99.000 -99.000 -99.000 -99.000 -9999.0 -9999.0 -9999.0 -9999.0 -9999.0
96406 20210302  2.515 -154.13   64.50   -15.7   -22.8   -19.3   -18.4 -9999.0     0.65 C   -15.1   -29.2   -19.0    80.1    66.3    73.9 -99.000 -99.000 -99.000 -99.000 -99.000 -9999.0 -9999.0 -9999.0 -9999.0 -9999.0
96406 20210303  2.515 -154.13   64.50   -16.9   -32.5   -24.7   -21.4 -9999.0     4.51 C   -19.1   -39.0   -26.8    82.7    54.9    72.6 -99.000 -99.000 -99.000 -99.000 -99.000 -9999.0 -9999.0 -9999.0 -9999.0 -9999.0
96406 20210304  2.515 -154.13   64.50   -13.7   -38.6   -26.2   -25.1 -9999.0     6.95 C   -15.5   -42.4   -28.6    75.3    58.5    68.6 -99.000 -99.000 -99.000 -99.000 -99.000 -9999.0 -9999.0 -9999.0 -9999.0 -9999.0
96406 20210305  2.515 -154.13   64.50   -10.7   -16.9   -13.8   -13.6 -9999.0     0.85 C   -10.7   -21.9   -14.2    88.7    71.3    81.9 -99.000 -99.000 -99.000 -99.000 -99.000 -9999.0 -9999.0 -9999.0 -9999.0 -9999.0
96406 20210306  2.515 -154.13   64.50    -6.4   -23.0   -14.7   -11.6 -9999.0     2.08 C    -8.3   -28.1   -14.7    88.2    62.9    81.5 -99.000 -99.000 -99.000 -99.000 -99.000 -9999.0 -9999.0 -9999.0 -9999.0 -9999.0
96406 20210307  2.515 -154.13   64.50    -3.2   -19.3   -11.2    -9.6 -9999.0     0.87 C    -3.2   -18.1   -10.6    93.3    78.8    84.4 -99.000 -99.000 -99.000 -99.000 -99.000 -9999.0 -9999.0 -9999.0 -9999.0 -9999.0
96406 20210308  2.515 -154.13   64.50     2.8   -19.1    -8.1    -6.7 -9999.0     4.34 C    -0.1   -22.3   -10.4    91.0    41.4    77.1 -99.000 -99.000 -99.000 -99.000 -99.000 -9999.0 -9999.0 -9999.0 -9999.0 -9999.0
96406 20210309  2.515 -154.13   64.50     1.7   -14.4    -6.4    -2.9 -9999.0     7.79 C    -0.1   -20.2    -6.9    92.9    50.1    74.7 -99.000 -99.000 -99.000 -99.000 -99.000 -9999.0 -9999.0 -9999.0 -9999.0 -9999.0
96406 20210310  2.515 -154.13   64.50    -5.1   -22.5   -13.8   -13.3 -9999.0     4.18 C    -6.0   -28.8   -15.9    90.7    46.9    73.9 -99.000 -99.000 -99.000 -99.000 -99.000 -9999.0 -9999.0 -9999.0 -9999.0 -9999.0
96406 20210311  2.515 -154.13   64.50   -18.9   -34.8   -26.8   -24.6 -9999.0     9.32 C   -21.4   -42.1   -31.6    76.1    44.7    61.5 -99.000 -99.000 -99.000 -99.000 -99.000 -9999.0 -9999.0 -9999.0 -9999.0 -9999.0
96406 20210312  2.515 -154.13   64.50   -17.7   -40.8   -29.3   -28.9 -9999.0     9.68 C   -20.8   -46.0   -36.1    77.8    35.5    59.5 -99.000 -99.000 -99.000 -99.000 -99.000 -9999.0 -9999.0 -9999.0 -9999.0 -9999.0
96406 20210313  2.515 -154.13   64.50   -13.1   -38.9   -26.0   -25.4 -9999.0     9.93 C   -16.4   -42.5   -30.9    70.0    34.6    53.5 -99.000 -99.000 -99.000 -99.000 -99.000 -9999.0 -9999.0 -9999.0 -9999.0 -9999.0
96406 20210314  2.515 -154.13   64.50   -11.5   -27.4   -19.4   -17.1 -9999.0     6.23 C   -13.4   -34.4   -21.5    78.1    39.5    52.8 -99.000 -99.000 -99.000 -99.000 -99.000 -9999.0 -9999.0 -9999.0 -9999.0 -9999.0
96406 20210315  2.515 -154.13   64.50   -10.9   -27.3   -19.1   -18.4 -9999.0     8.07 C   -14.1   -33.4   -22.6    83.0    54.9    73.8 -99.000 -99.000 -99.000 -99.000 -99.000 -9999.0 -9999.0 -9999.0 -9999.0 -9999.0
96406 20210316  2.515 -154.13   64.50    -8.9   -35.1   -22.0   -21.3 -9999.0     9.19 C   -12.3   -39.0   -25.6    79.2    45.0    64.1 -99.000 -99.000 -99.000 -99.000 -99.000 -9999.0 -9999.0 -9999.0 -9999.0 -9999.0
96406 20210317  2.515 -154.13   64.50    -6.8   -16.9   -11.8   -11.9     3.7     7.21 C    -7.9   -23.1   -13.9    90.6    59.3    80.4 -99.000 -99.000 -99.000 -99.000 -99.000 -9999.0 -9999.0 -9999.0 -9999.0 -9999.0
96406 20210318  2.515 -154.13   64.50   -10.2   -19.1   -14.7   -14.3     0.2     2.81 C   -10.7   -27.0   -17.5    86.0    67.8    76.9 -99.000 -99.000 -99.000 -99.000 -99.000 -9999.0 -9999.0 -9999.0 -9999.0 -9999.0
96406 20210319  2.515 -154.13   64.50   -10.3   -21.1   -15.7   -16.7     0.0     6.14 C   -11.6   -31.0   -21.6    82.6    47.8    68.8 -99.000 -99.000 -99.000 -99.000 -99.000 -9999.0 -9999.0 -9999.0 -9999.0 -9999.0
96406 20210320  2.515 -154.13   64.50    -6.7   -26.8   -16.8   -14.3     0.0    12.10 C   -11.2   -35.4   -22.4    84.0    33.2    55.6 -99.000 -99.000 -99.000 -99.000 -99.000 -9999.0 -9999.0 -9999.0 -9999.0 -9999.0
96406 20210321  2.515 -154.13   64.50    -5.9   -30.0   -18.0   -15.5     0.0    12.21 C   -10.3   -35.6   -23.9    82.7    33.4    54.5 -99.000 -99.000 -99.000 -99.000 -99.000 -9999.0 -9999.0 -9999.0 -9999.0 -9999.0
96406 20210322  2.515 -154.13   64.50    -8.9   -25.2   -17.0   -14.8     0.4     5.67 C   -10.0   -31.5   -17.2    89.5    47.3    69.2 -99.000 -99.000 -99.000 -99.000 -99.000 -9999.0 -9999.0 -9999.0 -9999.0 -9999.0
96406 20210323  2.515 -154.13   64.50   -10.8   -16.7   -13.7   -13.9     0.0     7.60 C   -13.0   -17.6   -15.2    86.1    52.9    69.4 -99.000 -99.000 -99.000 -99.000 -99.000 -9999.0 -9999.0 -9999.0 -9999.0 -9999.0
96406 20210324  2.515 -154.13   64.50     0.9   -14.2    -6.7    -5.7     0.8     4.65 C    -1.9   -15.7    -7.6    87.8    59.8    76.2 -99.000 -99.000 -99.000 -99.000 -99.000 -9999.0 -9999.0 -9999.0 -9999.0 -9999.0
96406 20210325  2.515 -154.13   64.50     0.0    -5.5    -2.8    -2.7     3.3     4.58 C    -0.8   -14.2    -4.8    94.6    61.7    85.8 -99.000 -99.000 -99.000 -99.000 -99.000 -9999.0 -9999.0 -9999.0 -9999.0 -9999.0
96406 20210326  2.515 -154.13   64.50    -3.6    -8.2    -5.9    -5.9     0.0     4.99 C    -5.0   -11.4    -7.8    89.2    60.9    76.5 -99.000 -99.000 -99.000 -99.000 -99.000 -9999.0 -9999.0 -9999.0 -9999.0 -9999.0
96406 20210327  2.515 -154.13   64.50    -5.8   -23.1   -14.5    -9.9     0.0     8.76 C    -7.5   -31.5   -13.9    87.0    47.3    70.5 -99.000 -99.000 -99.000 -99.000 -99.000 -9999.0 -9999.0 -9999.0 -9999.0 -9999.0
96406 20210328  2.515 -154.13   64.50    -6.1   -27.5   -16.8   -14.8     4.3     4.99 C    -6.6   -32.0   -16.8    91.9    51.1    75.7 -99.000 -99.000 -99.000 -99.000 -99.000 -9999.0 -9999.0 -9999.0 -9999.0 -9999.0
96406 20210329  2.515 -154.13   64.50     3.5    -6.6    -1.6    -0.8     3.7     5.78 C     0.0    -7.3    -2.3    94.6    67.5    83.3 -99.000 -99.000 -99.000 -99.000 -99.000 -9999.0 -9999.0 -9999.0 -9999.0 -9999.0
96406 20210330  2.515 -154.13   64.50     2.3    -4.2    -1.0    -0.3     4.6     8.46 C     0.2    -6.6    -2.0    96.1    56.3    81.9 -99.000 -99.000 -99.000 -99.000 -99.000 -9999.0 -9999.0 -9999.0 -9999.0 -9999.0
96406 20210331  2.515 -154.13   64.50    -4.0   -19.6   -11.8   -12.8     1.6     3.05 C    -5.0   -25.3   -14.1    91.2    60.2    73.2 -99.000 -99.000 -99.000 -99.000 -99.000 -9999.0 -9999.0 -9999.0 -9999.0 -9999.0
96406 20210401  2.515 -154.13   64.50   -12.3   -22.9   -17.6   -18.1     0.0     9.81 C   -14.2   -30.2   -22.5    81.8    47.8    62.3 -99.000 -99.000 -99.000 -99.000 -99.000 -9999.0 -9999.0 -9999.0 -9999.0 -9999.0
96406 20210402  2.515 -154.13   64.50   -10.5   -24.0   -17.2   -15.5     5.5     7.74 C   -10.7   -30.5   -16.9    88.2    48.1    75.1 -99.000 -99.000 -99.000 -99.000 -99.000 -9999.0 -9999.0 -9999.0 -9999.0 -9999.0
96406 20210403  2.515 -154.13   64.50     1.5   -10.8    -4.7    -6.1     7.7     1.30 C     0.0   -10.9    -6.1    95.7    84.9    88.9 -99.000 -99.000 -99.000 -99.000 -99.000 -9999.0 -9999.0 -9999.0 -9999.0 -9999.0
96406 20210404  2.515 -154.13   64.50     2.0   -15.1    -6.6    -4.4     2.0    11.36 C    -0.1   -17.9    -6.0    93.6    52.5    70.5 -99.000 -99.000 -99.000 -99.000 -99.000 -9999.0 -9999.0 -9999.0 -9999.0 -9999.0
96406 20210405  2.515 -154.13   64.50   -10.5   -24.9   -17.7   -15.9     0.0    15.63 C   -11.4   -31.1   -20.3    82.9    47.5    63.8 -99.000 -99.000 -99.000 -99.000 -99.000 -9999.0 -9999.0 -9999.0 -9999.0 -9999.0
96406 20210406  2.515 -154.13   64.50    -7.2   -31.6   -19.4   -18.9     0.0    15.28 C    -7.8   -35.0   -23.5    82.2    32.5    59.9 -99.000 -99.000 -99.000 -99.000 -99.000 -9999.0 -9999.0 -9999.0 -9999.0 -9999.0
96406 20210407  2.515 -154.13   64.50    -6.5   -32.5   -19.5   -18.3     0.0    16.24 C    -8.4   -36.2   -23.4    78.3    32.7    56.4 -99.000 -99.000 -99.000 -99.000 -99.000 -9999.0 -9999.0 -9999.0 -9999.0 -9999.0
96406 20210408  2.515 -154.13   64.50   -17.1   -24.7   -20.9   -21.0     0.0    17.23 C   -16.7   -34.5   -26.4    76.3    33.9    51.6 -99.000 -99.000 -99.000 -99.000 -99.000 -9999.0 -9999.0 -9999.0 -9999.0 -9999.0
96406 20210409  2.515 -154.13   64.50   -14.1   -32.8   -23.4   -22.1     0.0    17.53 C   -14.5   -39.7   -27.3    76.5    31.3    50.7 -99.000 -99.000 -99.000 -99.000 -99.000 -9999.0 -9999.0 -9999.0 -9999.0 -9999.0
96406 20210410  2.515 -154.13   64.50    -8.9   -31.2   -20.1   -17.2     0.0    15.63 C    -9.6   -36.6   -22.0    67.0    27.3    42.6 -99.000 -99.000 -99.000 -99.000 -99.000 -9999.0 -9999.0 -9999.0 -9999.0 -9999.0
96406 20210411  2.515 -154.13   64.50    -2.9   -13.4    -8.2    -8.1     0.0     4.63 C    -5.9   -15.6    -9.6    61.5    39.2    47.6 -99.000 -99.000 -99.000 -99.000 -99.000 -9999.0 -9999.0 -9999.0 -9999.0 -9999.0
96406 20210412  2.515 -154.13   64.50     6.9    -7.1    -0.1    -0.4     0.0    10.10 C     0.2   -11.0    -4.2    81.3    38.8    55.4 -99.000 -99.000 -99.000 -99.000 -99.000 -9999.0 -9999.0 -9999.0 -9999.0 -9999.0
96406 20210413  2.515 -154.13   64.50     7.9    -7.2     0.4     0.3     0.0    13.88 C     0.4   -11.6    -4.5    89.3    39.5    70.7 -99.000 -99.000 -99.000 -99.000 -99.000 -9999.0 -9999.0 -9999.0 -9999.0 -9999.0
96406 20210414  2.515 -154.13   64.50     5.2   -12.1    -3.5    -2.5     0.9     7.46 C     0.1   -15.4    -5.5    95.6    45.5    86.0 -99.000 -99.000 -99.000 -99.000 -99.000 -9999.0 -9999.0 -9999.0 -9999.0 -9999.0
96406 20210415  2.515 -154.13   64.50     7.2    -2.1     2.6     2.7     0.0    13.22 C     0.5    -3.7    -0.5    96.8    54.4    79.0 -99.000 -99.000 -99.000 -99.000 -99.000 -9999.0 -9999.0 -9999.0 -9999.0 -9999.0
96406 20210416  2.515 -154.13   64.50     8.8    -9.7    -0.4     0.4     0.0    18.72 C     0.0   -12.6    -4.7    94.2    23.4    61.3 -99.000 -99.000 -99.000 -99.000 -99.000 -9999.0 -9999.0 -9999.0 -9999.0 -9999.0
96406 20210417  2.515 -154.13   64.50    11.2   -11.2     0.0     1.2     0.0    19.20 C     0.2   -13.4    -5.1    88.6    24.4    55.3 -99.000 -99.000 -99.000 -99.000 -99.000 -9999.0 -9999.0 -9999.0 -9999.0 -9999.0
96406 20210418  2.515 -154.13   64.50    14.3    -8.2     3.1     4.0     0.0    17.11 C     0.2   -10.7    -3.3    88.3    25.8    52.9 -99.000 -99.000 -99.000 -99.000 -99.000 -9999.0 -9999.0 -9999.0 -9999.0 -9999.0
96406 20210419  2.515 -154.13   64.50    15.8    -4.2     5.8     5.7     0.0    19.20 C     0.4    -6.7    -1.8    86.8    23.4    52.2 -99.000 -99.000 -99.000 -99.000 -99.000 -9999.0 -9999.0 -9999.0 -9999.0 -9999.0
96406 20210420  2.515 -154.13   64.50     7.9    -7.3     0.3     1.6     0.0    19.70 C     0.1   -10.3    -3.9    91.6    18.2    48.5 -99.000 -99.000 -99.000 -99.000 -99.000 -9999.0 -9999.0 -9999.0 -9999.0 -9999.0
96406 20210421  2.515 -154.13   64.50     9.9   -10.0    -0.1     1.6     0.0    19.72 C     0.2   -11.5    -4.4    84.6    16.6    41.9 -99.000 -99.000 -99.000 -99.000 -99.000 -9999.0 -9999.0 -9999.0 -9999.0 -9999.0
96406 20210422  2.515 -154.13   64.50    13.3    -4.6     4.3     6.1     0.0    20.28 C     0.3    -8.9    -2.7    69.2    21.7    36.5 -99.000 -99.000 -99.000 -99.000 -99.000 -9999.0 -9999.0 -9999.0 -9999.0 -9999.0
96406 20210423  2.515 -154.13   64.50    14.7    -3.4     5.6     7.2     0.0    20.54 C     0.4    -7.2    -2.0    79.4    23.7    41.9 -99.000 -99.000 -99.000 -99.000 -99.000 -9999.0 -9999.0 -9999.0 -9999.0 -9999.0
96406 20210424  2.515 -154.13   64.50    15.4    -6.0     4.7     5.4     0.0    20.68 C     3.2    -8.1    -2.5    90.1    22.3    51.9 -99.000 -99.000 -99.000 -99.000 -99.000 -9999.0 -9999.0 -9999.0 -9999.0 -9999.0
96406 20210425  2.515 -154.13   64.50    17.1    -6.2     5.5     6.2     0.0    20.48 C     1.2    -8.0    -2.2    89.9    17.0    50.3 -99.000 -99.000 -99.000 -99.000 -99.000 -9999.0 -9999.0 -9999.0 -9999.0 -9999.0
96406 20210426  2.515 -154.13   64.50    15.2    -3.2     6.0     6.4     0.0    19.32 C     4.4    -5.6    -0.6    84.9    24.4    47.8 -99.000 -99.000 -99.000 -99.000 -99.000 -9999.0 -9999.0 -9999.0 -9999.0 -9999.0
96406 20210427  2.515 -154.13   64.50     8.1    -2.7     2.7     3.9     0.0    20.66 C    11.1    -5.9     1.3    66.1    25.4    38.0 -99.000 -99.000 -99.000 -99.000 -99.000 -9999.0 -9999.0 -9999.0 -9999.0 -9999.0
96406 20210428  2.515 -154.13   64.50    10.5    -7.8     1.4     3.1     0.0    17.40 C    19.0    -8.4     3.1    87.4    17.8    46.1 -99.000 -99.000 -99.000 -99.000 -99.000 -9999.0 -9999.0 -9999.0 -9999.0 -9999.0
96406 20210429  2.515 -154.13   64.50     4.4    -1.3     1.5     0.7     0.0    13.93 C    21.7    -2.5     4.3    79.5    46.9    60.8 -99.000 -99.000 -99.000 -99.000 -99.000 -9999.0 -9999.0 -9999.0 -9999.0 -9999.0
96406 20210430  2.515 -154.13   64.50     0.0    -5.8    -2.9    -2.5     0.0    10.89 C    11.9    -8.2     1.4    71.0    44.8    55.4 -99.000 -99.000 -99.000 -99.000 -99.000 -9999.0 -9999.0 -9999.0 -9999.0 -9999.0
96406 20210501  2.515 -154.13   64.50     6.9    -2.8     2.1     1.4     0.0    20.79 C    26.5    -5.9     6.4    67.8    28.0    48.9 -99.000 -99.000 -99.000 -99.000 -99.000 -9999.0 -9999.0 -9999.0 -9999.0 -9999.0
96406 20210502  2.515 -154.13   64.50    12.1    -4.9     3.6     4.6     0.0    21.71 C    30.7    -8.0     7.4    86.7    23.4    44.4 -99.000 -99.000 -99.000 -99.000 -99.000 -9999.0 -9999.0 -9999.0 -9999.0 -9999.0
96406 20210503  2.515 -154.13   64.50    13.3    -2.9     5.2     6.4     0.0    21.07 C    32.1    -6.9     9.1    77.8    23.7    40.9 -99.000 -99.000 -99.000 -99.000 -99.000 -9999.0 -9999.0 -9999.0 -9999.0 -9999.0
96406 20210504  2.515 -154.13   64.50    14.9     0.1     7.5     8.6     0.0    19.23 C    37.0    -4.7    12.2    72.9    29.5    43.7 -99.000 -99.000 -99.000 -99.000 -99.000 -9999.0 -9999.0 -9999.0 -9999.0 -9999.0
96406 20210505  2.515 -154.13   64.50    13.6    -0.9     6.4     7.1     0.0    17.14 C    31.8    -6.5    10.8    85.2    37.2    58.5 -99.000 -99.000 -99.000 -99.000 -99.000 -9999.0 -9999.0 -9999.0 -9999.0 -9999.0
96406 20210506  2.515 -154.13   64.50    15.1    -3.8     5.7     7.0     0.0    19.19 C    36.7    -8.1    10.2    94.4    28.0    57.5 -99.000 -99.000 -99.000 -99.000 -99.000 -9999.0 -9999.0 -9999.0 -9999.0 -9999.0
96406 20210507  2.515 -154.13   64.50    12.1     1.3     6.7     6.1     2.5    10.68 C    24.5    -2.1     7.6    97.5    51.6    77.2 -99.000 -99.000 -99.000 -99.000 -99.000 -9999.0 -9999.0 -9999.0 -9999.0 -9999.0
96406 20210508  2.515 -154.13   64.50    13.8    -2.2     5.8     7.0     0.0    12.11 C    20.2    -5.4     8.0    97.6    36.9    68.6 -99.000 -99.000 -99.000 -99.000 -99.000 -9999.0 -9999.0 -9999.0 -9999.0 -9999.0
96406 20210509  2.515 -154.13   64.50    15.0     3.4     9.2    10.0     0.0    14.19 C    36.5     1.4    12.6    87.1    38.1    58.5 -99.000 -99.000 -99.000 -99.000 -99.000 -9999.0 -9999.0 -9999.0 -9999.0 -9999.0
96406 20210510  2.515 -154.13   64.50    17.0     3.9    10.4    10.5     0.0    13.50 C    39.2     1.5    13.3    84.1    33.3    57.8 -99.000 -99.000 -99.000 -99.000 -99.000 -9999.0 -9999.0 -9999.0 -9999.0 -9999.0
96406 20210511  2.515 -154.13   64.50    17.9     2.7    10.3     9.9     0.8    15.90 C    46.0    -0.6    13.1    90.9    33.7    64.2 -99.000 -99.000 -99.000 -99.000 -99.000 -9999.0 -9999.0 -9999.0 -9999.0 -9999.0
96406 20210512  2.515 -154.13   64.50    19.8     6.7    13.3    11.3     0.2    15.99 C    44.3     0.0    13.9    84.0    26.1    62.3 -99.000 -99.000 -99.000 -99.000 -99.000 -9999.0 -9999.0 -9999.0 -9999.0 -9999.0
96406 20210513  2.515 -154.13   64.50    18.4    -0.8     8.8     9.6     0.0    15.35 C    43.5    -5.3    11.4    96.1    28.3    62.2 -99.000 -99.000 -99.000 -99.000 -99.000 -9999.0 -9999.0 -9999.0 -9999.0 -9999.0
96406 20210514  2.515 -154.13   64.50    18.3    -1.4     8.5    10.0     0.0    17.75 C    40.8    -5.9    12.0    93.8    24.7    55.1 -99.000 -99.000 -99.000 -99.000 -99.000 -9999.0 -9999.0 -9999.0 -9999.0 -9999.0
96406 20210515  2.515 -154.13   64.50    17.7     1.1     9.4     9.7     2.3    17.25 C    44.9    -4.6    13.1    89.2    28.0    63.8 -99.000 -99.000 -99.000 -99.000 -99.000 -9999.0 -9999.0 -9999.0 -9999.0 -9999.0
96406 20210516  2.515 -154.13   64.50    16.7     4.1    10.4    10.5     0.0    18.12 C    34.6    -3.7    12.6    92.2    19.5    56.1 -99.000 -99.000 -99.000 -99.000 -99.000 -9999.0 -9999.0 -9999.0 -9999.0 -9999.0
96406 20210517  2.515 -154.13   64.50    14.3    -1.9     6.2     7.6     0.0    21.62 C    37.9    -7.5    11.1    93.8    26.7    52.0 -99.000 -99.000 -99.000 -99.000 -99.000 -9999.0 -9999.0 -9999.0 -9999.0 -9999.0
96406 20210518  2.515 -154.13   64.50    11.2    -0.7     5.3     6.3     0.0    13.05 C    25.0    -4.7     9.4    85.5    40.6    59.8 -99.000 -99.000 -99.000 -99.000 -99.000 -9999.0 -9999.0 -9999.0 -9999.0 -9999.0
96406 20210519  2.515 -154.13   64.50    16.0    -2.3     6.9     7.7     0.0    25.65 C    37.3    -9.1    12.7    87.0    20.7    46.3 -99.000 -99.000 -99.000 -99.000 -99.000 -9999.0 -9999.0 -9999.0 -9999.0 -9999.0
96406 20210520  2.515 -154.13   64.50    16.8     1.0     8.9    11.0     0.0    18.62 C    37.7    -4.6    14.2    77.6    28.1    42.9 -99.000 -99.000 -99.000 -99.000 -99.000 -9999.0 -9999.0 -9999.0 -9999.0 -9999.0
96406 20210521  2.515 -154.13   64.50    12.5     6.4     9.5     9.3     1.2    11.22 C    27.1     2.8    11.4    92.5    45.6    73.1 -99.000 -99.000 -99.000 -99.000 -99.000 -9999.0 -9999.0 -9999.0 -9999.0 -9999.0
96406 20210522  2.515 -154.13   64.50     8.3     2.8     5.5     5.4     0.6    12.76 C    17.7    -1.6     7.6    88.7    64.7    77.6 -99.000 -99.000 -99.000 -99.000 -99.000 -9999.0 -9999.0 -9999.0 -9999.0 -9999.0
96406 20210523  2.515 -154.13   64.50    16.3    -0.9     7.7     8.7     0.0    24.47 C    38.7    -3.7    12.8    96.6    27.2    57.6 -99.000 -99.000 -99.000 -99.000 -99.000 -9999.0 -9999.0 -9999.0 -9999.0 -9999.0
96406 20210524  2.515 -154.13   64.50    22.8    -1.5    10.7    12.9     0.0    26.15 C    42.8    -6.7    16.7    88.7    18.3    43.7 -99.000 -99.000 -99.000 -99.000 -99.000 -9999.0 -9999.0 -9999.0 -9999.0 -9999.0
96406 20210525  2.515 -154.13   64.50    23.8     1.4    12.6    15.0     0.0    25.52 C    47.6    -3.2    19.7    87.2    16.0    42.4 -99.000 -99.000 -99.000 -99.000 -99.000 -9999.0 -9999.0 -9999.0 -9999.0 -9999.0
96406 20210526  2.515 -154.13   64.50    24.2     2.1    13.1    15.4     0.0    26.67 C    47.0    -2.4    20.3    89.0    12.8    40.6 -99.000 -99.000 -99.000 -99.000 -99.000 -9999.0 -9999.0 -9999.0 -9999.0 -9999.0
96406 20210527  2.515 -154.13   64.50    18.6     2.2    10.4    12.2     0.0    26.73 C    42.6    -2.8    17.8    83.6    19.8    40.6 -99.000 -99.000 -99.000 -99.000 -99.000 -9999.0 -9999.0 -9999.0 -9999.0 -9999.0
96406 20210528  2.515 -154.13   64.50    12.7     0.6     6.6     6.9     0.0    24.89 C    40.3    -5.6    12.2    71.8    21.5    41.2 -99.000 -99.000 -99.000 -99.000 -99.000 -9999.0 -9999.0 -9999.0 -9999.0 -9999.0
96406 20210529  2.515 -154.13   64.50    13.1    -2.6     5.3     6.8     0.0    24.03 C    37.7    -9.6    12.1    63.3    27.5    39.8 -99.000 -99.000 -99.000 -99.000 -99.000 -9999.0 -9999.0 -9999.0 -9999.0 -9999.0
96406 20210530  2.515 -154.13   64.50    19.8     7.2    13.5    13.5     0.0    20.54 C    46.7     2.8    19.6    63.1    27.8    39.2 -99.000 -99.000 -99.000 -99.000 -99.000 -9999.0 -9999.0 -9999.0 -9999.0 -9999.0
96406 20210531  2.515 -154.13   64.50    21.9     8.6    15.3    15.3     0.0    18.78 C    48.1     7.2    20.3    74.6    25.5    47.3 -99.000 -99.000 -99.000 -99.000 -99.000 -9999.0 -9999.0 -9999.0 -9999.0 -9999.0
96406 20210601  2.515 -154.13   64.50    15.0     6.2    10.6    10.8     4.2     6.55 C    22.0     2.4    11.5    94.8    53.8    77.0 -99.000 -99.000 -99.000 -99.000 -99.000 -9999.0 -9999.0 -9999.0 -9999.0 -9999.0
96406 20210602  2.515 -154.13   64.50    15.0     7.2    11.1    11.1     0.5    10.88 C    27.1     4.4    11.7    94.6    47.6    68.5 -99.000 -99.000 -99.000 -99.000 -99.000 -9999.0 -9999.0 -9999.0 -9999.0 -9999.0
96406 20210603  2.515 -154.13   64.50    17.6     3.7    10.7    10.4     2.3    16.47 C    35.2     2.0    14.2    98.3    39.8    79.0 -99.000 -99.000 -99.000 -99.000 -99.000 -9999.0 -9999.0 -9999.0 -9999.0 -9999.0
96406 20210604  2.515 -154.13   64.50    16.8     6.1    11.5    11.7     0.0    18.42 C    35.9     4.0    15.1    96.8    41.3    68.5 -99.000 -99.000 -99.000 -99.000 -99.000 -9999.0 -9999.0 -9999.0 -9999.0 -9999.0
96406 20210605  2.515 -154.13   64.50    14.5     6.7    10.6    11.0     0.0    15.17 C    30.2     0.2    13.6    90.3    37.7    61.7 -99.000 -99.000 -99.000 -99.000 -99.000 -9999.0 -9999.0 -9999.0 -9999.0 -9999.0
96406 20210606  2.515 -154.13   64.50    19.7    -0.8     9.5    11.8     0.0    24.18 C    39.9    -3.3    17.3    94.4    31.7    53.6 -99.000 -99.000 -99.000 -99.000 -99.000 -9999.0 -9999.0 -9999.0 -9999.0 -9999.0
96406 20210607  2.515 -154.13   64.50    14.4     7.2    10.8    11.3     0.0    16.90 C    32.8     5.4    15.2    93.5    55.0    67.9 -99.000 -99.000 -99.000 -99.000 -99.000 -9999.0 -9999.0 -9999.0 -9999.0 -9999.0
96406 20210608  2.515 -154.13   64.50    14.0     5.8     9.9    10.3     0.2    12.28 C    23.2     3.4    13.4    94.8    49.5    70.6 -99.000 -99.000 -99.000 -99.000 -99.000 -9999.0 -9999.0 -9999.0 -9999.0 -9999.0
96406 20210609  2.515 -154.13   64.50    14.7     7.5    11.1    11.2     3.8    12.36 C    22.1     6.8    13.1    95.9    58.0    78.8 -99.000 -99.000 -99.000 -99.000 -99.000 -9999.0 -9999.0 -9999.0 -9999.0 -9999.0
96406 20210610  2.515 -154.13   64.50    15.5     9.6    12.6    12.2     0.3    13.57 C    29.5     8.5    13.9    81.3    52.3    66.6 -99.000 -99.000 -99.000 -99.000 -99.000 -9999.0 -9999.0 -9999.0 -9999.0 -9999.0
96406 20210611  2.515 -154.13   64.50    17.7     6.8    12.2    13.0     0.3    13.22 C    27.7     4.0    14.2    91.8    48.0    68.6 -99.000 -99.000 -99.000 -99.000 -99.000 -9999.0 -9999.0 -9999.0 -9999.0 -9999.0
96406 20210612  2.515 -154.13   64.50    22.6     2.5    12.6    13.9     0.0    22.96 C    43.9     0.0    17.0    97.7    30.8    63.0 -99.000 -99.000 -99.000 -99.000 -99.000 -9999.0 -9999.0 -9999.0 -9999.0 -9999.0
96406 20210613  2.515 -154.13   64.50    24.3     5.2    14.7    15.9     0.0    21.10 C    44.4     2.6    18.0    94.9    29.9    59.7 -99.000 -99.000 -99.000 -99.000 -99.000 -9999.0 -9999.0 -9999.0 -9999.0 -9999.0
96406 20210614  2.515 -154.13   64.50    26.6     6.0    16.3    18.9     0.0    24.67 C    45.5     3.2    21.9    93.1    22.3    50.5 -99.000 -99.000 -99.000 -99.000 -99.000 -9999.0 -9999.0 -9999.0 -9999.0 -9999.0
96406 20210615  2.515 -154.13   64.50    26.5     9.5    18.0    19.4     0.0    27.12 C    44.6     5.1    23.0    86.5    21.3    45.6 -99.000 -99.000 -99.000 -99.000 -99.000 -9999.0 -9999.0 -9999.0 -9999.0 -9999.0
96406 20210616  2.515 -154.13   64.50    25.7     6.9    16.3    18.5     0.0    17.31 C    41.2     4.7    20.7    89.8    26.8    52.8 -99.000 -99.000 -99.000 -99.000 -99.000 -9999.0 -9999.0 -9999.0 -9999.0 -9999.0
96406 20210617  2.515 -154.13   64.50    18.5    10.9    14.7    14.2     2.4     6.97 C    27.5     9.0    15.1    90.9    61.3    78.3 -99.000 -99.000 -99.000 -99.000 -99.000 -9999.0 -9999.0 -9999.0 -9999.0 -9999.0
96406 20210618  2.515 -154.13   64.50    22.1     3.3    12.7    14.4     0.0    27.47 C    38.0     1.5    18.6    98.6    32.3    63.4 -99.000 -99.000 -99.000 -99.000 -99.000 -9999.0 -9999.0 -9999.0 -9999.0 -9999.0
96406 20210619  2.515 -154.13   64.50    21.9     6.5    14.2    14.8     2.4    11.16 C    34.7     4.3    16.2    92.5    44.7    72.6 -99.000 -99.000 -99.000 -99.000 -99.000 -9999.0 -9999.0 -9999.0 -9999.0 -9999.0
96406 20210620  2.515 -154.13   64.50    22.0    11.3    16.7    16.6     0.5    17.86 C    36.7     9.2    19.0    96.4    45.8    73.7 -99.000 -99.000 -99.000 -99.000 -99.000 -9999.0 -9999.0 -9999.0 -9999.0 -9999.0
96406 20210621  2.515 -154.13   64.50    24.2     8.4    16.3    16.9     0.7    15.01 C    41.0     6.4    18.2    97.2    37.3    72.1 -99.000 -99.000 -99.000 -99.000 -99.000 -9999.0 -9999.0 -9999.0 -9999.0 -9999.0
96406 20210622  2.515 -154.13   64.50    23.3    12.4    17.9    17.2     3.8    15.09 C    34.1    10.3    19.1    95.2    50.3    79.5 -99.000 -99.000 -99.000 -99.000 -99.000 -9999.0 -9999.0 -9999.0 -9999.0 -9999.0
96406 20210623  2.515 -154.13   64.50    26.7     8.0    17.4    18.8     0.0    23.07 C    40.4     6.7    21.0    98.5    27.7    62.1 -99.000 -99.000 -99.000 -99.000 -99.000 -9999.0 -9999.0 -9999.0 -9999.0 -9999.0
96406 20210624  2.515 -154.13   64.50    24.0    12.2    18.1    17.7     0.2    20.30 C    40.7    10.1    20.7    82.5    34.8    56.9 -99.000 -99.000 -99.000 -99.000 -99.000 -9999.0 -9999.0 -9999.0 -9999.0 -9999.0
96406 20210625  2.515 -154.13   64.50    21.2     9.9    15.5    16.7     0.0    19.79 C    38.4     6.2    19.4    71.8    31.1    48.9 -99.000 -99.000 -99.000 -99.000 -99.000 -9999.0 -9999.0 -9999.0 -9999.0 -9999.0
96406 20210626  2.515 -154.13   64.50    19.2    11.5    15.4    15.1     0.4    15.70 C    34.1    10.0    17.5    90.6    44.0    63.3 -99.000 -99.000 -99.000 -99.000 -99.000 -9999.0 -9999.0 -9999.0 -9999.0 -9999.0
96406 20210627  2.515 -154.13   64.50    17.7    10.0    13.8    14.8     0.3    15.15 C    29.2     8.5    16.5    89.3    44.2    60.2 -99.000 -99.000 -99.000 -99.000 -99.000 -9999.0 -9999.0 -9999.0 -9999.0 -9999.0
96406 20210628  2.515 -154.13   64.50    21.0     4.9    12.9    14.5     0.0    20.21 C    42.0     2.5    17.8    95.6    35.4    61.7 -99.000 -99.000 -99.000 -99.000 -99.000 -9999.0 -9999.0 -9999.0 -9999.0 -9999.0
96406 20210629  2.515 -154.13   64.50    19.4     6.4    12.9    13.7     0.0    18.58 C    38.0     3.2    16.9    93.7    43.8    65.0 -99.000 -99.000 -99.000 -99.000 -99.000 -9999.0 -9999.0 -9999.0 -9999.0 -9999.0
96406 20210630  2.515 -154.13   64.50    22.1     4.5    13.3    15.1     0.0    16.35 C    37.7     2.0    17.7    94.5    39.7    62.4 -99.000 -99.000 -99.000 -99.000 -99.000 -9999.0 -9999.0 -9999.0 -9999.0 -9999.0
96406 20210701  2.515 -154.13   64.50    28.3    10.3    19.3    20.5     0.0    24.06 C    47.3     7.3    24.3    87.8    21.7    49.2 -99.000 -99.000 -99.000 -99.000 -99.000 -9999.0 -9999.0 -9999.0 -9999.0 -9999.0
96406 20210702  2.515 -154.13   64.50    23.9    13.3    18.6    18.8     0.0    15.70 C    41.7    10.9    21.2    70.3    30.2    48.6 -99.000 -99.000 -99.000 -99.000 -99.000 -9999.0 -9999.0 -9999.0 -9999.0 -9999.0
96406 20210703  2.515 -154.13   64.50    16.6    10.3    13.4    14.4     0.0    14.33 C    30.2     6.7    17.1    78.0    44.5    56.5 -99.000 -99.000 -99.000 -99.000 -99.000 -9999.0 -9999.0 -9999.0 -9999.0 -9999.0
96406 20210704  2.515 -154.13   64.50    17.7     5.3    11.5    13.3     0.3    10.74 C    29.5     3.2    15.6    90.8    46.6    66.0 -99.000 -99.000 -99.000 -99.000 -99.000 -9999.0 -9999.0 -9999.0 -9999.0 -9999.0
96406 20210705  2.515 -154.13   64.50    16.0    10.8    13.4    13.1     9.0     5.05 C    19.3    10.1    13.9    94.7    73.7    88.0 -99.000 -99.000 -99.000 -99.000 -99.000 -9999.0 -9999.0 -9999.0 -9999.0 -9999.0
96406 20210706  2.515 -154.13   64.50    15.6     8.7    12.2    12.3     5.1    16.36 C    24.6     8.6    14.4    93.8    52.6    77.5 -99.000 -99.000 -99.000 -99.000 -99.000 -9999.0 -9999.0 -9999.0 -9999.0 -9999.0
96406 20210707  2.515 -154.13   64.50    15.2     7.8    11.5    12.0     0.0    18.45 C    29.7     6.9    14.6    95.3    55.7    73.5 -99.000 -99.000 -99.000 -99.000 -99.000 -9999.0 -9999.0 -9999.0 -9999.0 -9999.0
96406 20210708  2.515 -154.13   64.50    16.0     9.9    12.9    12.3     1.1    16.81 C    31.9     8.5    15.3    89.3    48.2    72.2 -99.000 -99.000 -99.000 -99.000 -99.000 -9999.0 -9999.0 -9999.0 -9999.0 -9999.0
96406 20210709  2.515 -154.13   64.50    19.0     6.6    12.8    13.6     2.1    21.20 C    32.4     5.9    16.3    91.6    42.7    65.8 -99.000 -99.000 -99.000 -99.000 -99.000 -9999.0 -9999.0 -9999.0 -9999.0 -9999.0
96406 20210710  2.515 -154.13   64.50    21.6     4.3    12.9    14.9     0.0    21.89 C    36.9     2.6    16.4    95.2    29.9    56.7 -99.000 -99.000 -99.000 -99.000 -99.000 -9999.0 -9999.0 -9999.0 -9999.0 -9999.0
96406 20210711  2.515 -154.13   64.50    22.1     6.4    14.2    15.2     0.0    14.60 C    37.3     4.5    16.2    91.0    34.2    60.9 -99.000 -99.000 -99.000 -99.000 -99.000 -9999.0 -9999.0 -9999.0 -9999.0 -9999.0
96406 20210712  2.515 -154.13   64.50    25.2     4.7    14.9    17.6     0.0    25.82 C    41.6     2.5    20.4    95.9    26.5    55.5 -99.000 -99.000 -99.000 -99.000 -99.000 -9999.0 -9999.0 -9999.0 -9999.0 -9999.0
96406 20210713  2.515 -154.13   64.50    26.9     8.5    17.7    19.6     0.0    25.35 C    44.6     6.0    22.8    90.0    21.0    49.9 -99.000 -99.000 -99.000 -99.000 -99.000 -9999.0 -9999.0 -9999.0 -9999.0 -9999.0
96406 20210714  2.515 -154.13   64.50    24.4    13.8    19.1    19.8     0.0    20.62 C    39.3    10.2    22.8    81.5    41.7    54.2 -99.000 -99.000 -99.000 -99.000 -99.000 -9999.0 -9999.0 -9999.0 -9999.0 -9999.0
96406 20210715  2.515 -154.13   64.50    23.6    13.5    18.6    18.4     0.0    23.10 C    41.8    11.1    22.9    77.7    47.6    63.6 -99.000 -99.000 -99.000 -99.000 -99.000 -9999.0 -9999.0 -9999.0 -9999.0 -9999.0
96406 20210716  2.515 -154.13   64.50    25.0    13.1    19.0    18.8     0.0    22.38 C    39.9     9.6    22.2    85.2    38.3    62.5 -99.000 -99.000 -99.000 -99.000 -99.000 -9999.0 -9999.0 -9999.0 -9999.0 -9999.0
96406 20210717  2.515 -154.13   64.50    20.5    13.3    16.9    16.5     0.0    15.94 C    38.5     8.5    19.2    91.5    54.5    68.1 -99.000 -99.000 -99.000 -99.000 -99.000 -9999.0 -9999.0 -9999.0 -9999.0 -9999.0
96406 20210718  2.515 -154.13   64.50    24.1    12.8    18.5    18.3     0.0    21.77 C    41.4     9.1    22.8    81.8    35.0    61.2 -99.000 -99.000 -99.000 -99.000 -99.000 -9999.0 -9999.0 -9999.0 -9999.0 -9999.0
96406 20210719  2.515 -154.13   64.50    29.1     6.9    18.0    19.7     0.0    23.83 C    46.0     4.8    23.4    95.7    26.3    55.6 -99.000 -99.000 -99.000 -99.000 -99.000 -9999.0 -9999.0 -9999.0 -9999.0 -9999.0
96406 20210720  2.515 -154.13   64.50    22.6    13.4    18.0    17.2     2.2     8.94 C    32.9    11.8    18.1    87.6    52.7    70.6 -99.000 -99.000 -99.000 -99.000 -99.000 -9999.0 -9999.0 -9999.0 -9999.0 -9999.0
96406 20210721  2.515 -154.13   64.50    19.7    12.7    16.2    16.4     0.0    10.38 C    29.1    12.5    17.8    87.6    57.1    71.9 -99.000 -99.000 -99.000 -99.000 -99.000 -9999.0 -9999.0 -9999.0 -9999.0 -9999.0
96406 20210722  2.515 -154.13   64.50    23.4    13.7    18.5    17.8     0.8    13.37 C    35.4    10.5    19.5    95.9    45.9    73.4 -99.000 -99.000 -99.000 -99.000 -99.000 -9999.0 -9999.0 -9999.0 -9999.0 -9999.0
96406 20210723  2.515 -154.13   64.50    21.9     9.3    15.6    16.1     0.0    15.25 C    36.3     6.2    17.9    97.6    46.5    71.9 -99.000 -99.000 -99.000 -99.000 -99.000 -9999.0 -9999.0 -9999.0 -9999.0 -9999.0
96406 20210724  2.515 -154.13   64.50    14.9     6.3    10.6    12.8     0.0     9.67 C    25.7     2.9    14.5    91.6    56.7    68.7 -99.000 -99.000 -99.000 -99.000 -99.000 -9999.0 -9999.0 -9999.0 -9999.0 -9999.0
96406 20210725  2.515 -154.13   64.50    20.1     0.7    10.4    12.3     0.0    14.13 C    37.4    -1.0    15.3    98.7    43.9    70.7 -99.000 -99.000 -99.000 -99.000 -99.000 -9999.0 -9999.0 -9999.0 -9999.0 -9999.0
96406 20210726  2.515 -154.13   64.50    17.3    11.3    14.3    14.0     0.5     7.15 C    26.9    10.7    15.0    94.2    59.3    79.3 -99.000 -99.000 -99.000 -99.000 -99.000 -9999.0 -9999.0 -9999.0 -9999.0 -9999.0
96406 20210727  2.515 -154.13   64.50    14.0    11.9    13.0    13.0    22.9     2.44 C    15.3    11.1    13.2    94.7    86.5    90.8 -99.000 -99.000 -99.000 -99.000 -99.000 -9999.0 -9999.0 -9999.0 -9999.0 -9999.0
96406 20210728  2.515 -154.13   64.50    17.1    11.8    14.4    14.0     5.5     8.25 C    23.3    12.1    14.5    95.8    60.4    80.2 -99.000 -99.000 -99.000 -99.000 -99.000 -9999.0 -9999.0 -9999.0 -9999.0 -9999.0
96406 20210729  2.515 -154.13   64.50    16.9    13.2    15.1    14.9     0.0     2.75 C    17.9    11.9    14.1    82.7    65.7    71.9 -99.000 -99.000 -99.000 -99.000 -99.000 -9999.0 -9999.0 -9999.0 -9999.0 -9999.0
96406 20210730  2.515 -154.13   64.50    17.2    12.9    15.0    15.1     0.5     6.35 C    20.0    12.6    15.4    93.1    68.3    80.4 -99.000 -99.000 -99.000 -99.000 -99.000 -9999.0 -9999.0 -9999.0 -9999.0 -9999.0
96406 20210731  2.515 -154.13   64.50    19.5    15.4    17.5    17.1     2.3     4.42 C    19.7    13.9    16.1    88.5    64.5    76.5 -99.000 -99.000 -99.000 -99.000 -99.000 -9999.0 -9999.0 -9999.0 -9999.0 -9999.0
96406 20210801  2.515 -154.13   64.50    23.0    15.1    19.0    18.6     1.6    10.67 C    29.1    14.5    18.4    94.8    56.1    77.2 -99.000 -99.000 -99.000 -99.000 -99.000 -9999.0 -9999.0 -9999.0 -9999.0 -9999.0
96406 20210802  2.515 -154.13   64.50    29.0    15.2    22.1    22.0     0.0    20.64 C    41.4    13.9    23.6    91.5    39.6    65.3 -99.000 -99.000 -99.000 -99.000 -99.000 -9999.0 -9999.0 -9999.0 -9999.0 -9999.0
96406 20210803  2.515 -154.13   64.50    30.3    11.4    20.9    22.1     0.0    20.45 C    42.0     9.3    23.1    97.0    34.5    64.1 -99.000 -99.000 -99.000 -99.000 -99.000 -9999.0 -9999.0 -9999.0 -9999.0 -9999.0
96406 20210804  2.515 -154.13   64.50    27.2    16.1    21.6    22.0     0.0    21.98 C    40.7    12.2    23.1    74.9    25.7    50.1 -99.000 -99.000 -99.000 -99.000 -99.000 -9999.0 -9999.0 -9999.0 -9999.0 -9999.0
96406 20210805  2.515 -154.13   64.50    25.6    11.4    18.5    19.2     0.5    14.52 C    38.6     9.4    20.6    93.2    48.7    70.7 -99.000 -99.000 -99.000 -99.000 -99.000 -9999.0 -9999.0 -9999.0 -9999.0 -9999.0
96406 20210806  2.515 -154.13   64.50    18.1    12.9    15.5    15.4     0.0    10.13 C    28.0    11.9    16.3    88.8    61.9    75.8 -99.000 -99.000 -99.000 -99.000 -99.000 -9999.0 -9999.0 -9999.0 -9999.0 -9999.0
96406 20210807  2.515 -154.13   64.50    16.8    10.8    13.8    13.7     0.0     8.16 C    22.6    10.7    15.6    88.0    58.8    73.0 -99.000 -99.000 -99.000 -99.000 -99.000 -9999.0 -9999.0 -9999.0 -9999.0 -9999.0
96406 20210808  2.515 -154.13   64.50    13.9    10.0    11.9    12.0    12.3     3.70 C    17.4     9.7    12.9    96.6    74.9    86.2 -99.000 -99.000 -99.000 -99.000 -99.000 -9999.0 -9999.0 -9999.0 -9999.0 -9999.0
96406 20210809  2.515 -154.13   64.50    15.4    10.8    13.1    12.5    15.1     8.06 C    22.8     9.5    14.2    97.1    79.1    91.9 -99.000 -99.000 -99.000 -99.000 -99.000 -9999.0 -9999.0 -9999.0 -9999.0 -9999.0
96406 20210810  2.515 -154.13   64.50    16.8     9.1    13.0    12.5     4.2    10.42 C    22.0     9.0    14.0    98.2    62.0    88.2 -99.000 -99.000 -99.000 -99.000 -99.000 -9999.0 -9999.0 -9999.0 -9999.0 -9999.0
96406 20210811  2.515 -154.13   64.50    16.2    10.8    13.5    13.1     6.5     9.56 C    24.1     9.7    14.6    97.0    65.9    85.0 -99.000 -99.000 -99.000 -99.000 -99.000 -9999.0 -9999.0 -9999.0 -9999.0 -9999.0
96406 20210812  2.515 -154.13   64.50    15.0    10.0    12.5    11.7     5.8     7.51 C    23.1    10.3    13.5    97.6    78.6    91.2 -99.000 -99.000 -99.000 -99.000 -99.000 -9999.0 -9999.0 -9999.0 -9999.0 -9999.0
96406 20210813  2.515 -154.13   64.50    14.0     8.7    11.4    10.7     0.4     9.63 C    23.5     8.4    12.8    95.9    60.8    83.1 -99.000 -99.000 -99.000 -99.000 -99.000 -9999.0 -9999.0 -9999.0 -9999.0 -9999.0
96406 20210814  2.515 -154.13   64.50    12.1     5.4     8.7     9.2     4.9     5.73 C    15.5     4.9    10.0    92.5    68.7    79.8 -99.000 -99.000 -99.000 -99.000 -99.000 -9999.0 -9999.0 -9999.0 -9999.0 -9999.0
96406 20210815  2.515 -154.13   64.50    11.7     9.3    10.5    10.5    16.6     2.98 C    13.4     9.5    10.9    96.7    87.8    92.0 -99.000 -99.000 -99.000 -99.000 -99.000 -9999.0 -9999.0 -9999.0 -9999.0 -9999.0
96406 20210816  2.515 -154.13   64.50    10.8     8.3     9.5     9.6    11.8     0.95 C    10.4     8.4     9.8    93.9    88.0    91.5 -99.000 -99.000 -99.000 -99.000 -99.000 -9999.0 -9999.0 -9999.0 -9999.0 -9999.0
96406 20210817  2.515 -154.13   64.50    13.0     2.8     7.9     8.5     0.2    14.27 C    24.3     1.1    10.8    96.0    49.4    77.7 -99.000 -99.000 -99.000 -99.000 -99.000 -9999.0 -9999.0 -9999.0 -9999.0 -9999.0
96406 20210818  2.515 -154.13   64.50    12.7    -0.8     6.0     6.9     0.0    17.24 C    24.9    -1.7     9.7    98.7    46.6    75.2 -99.000 -99.000 -99.000 -99.000 -99.000 -9999.0 -9999.0 -9999.0 -9999.0 -9999.0
96406 20210819  2.515 -154.13   64.50    11.4     4.5     8.0     8.4     4.6     3.44 C    14.2     5.1     9.1    96.6    72.7    88.7 -99.000 -99.000 -99.000 -99.000 -99.000 -9999.0 -9999.0 -9999.0 -9999.0 -9999.0
96406 20210820  2.515 -154.13   64.50    11.6     7.5     9.5     9.4    12.5     4.36 C    15.0     5.0     9.7    95.4    79.4    90.1 -99.000 -99.000 -99.000 -99.000 -99.000 -9999.0 -9999.0 -9999.0 -9999.0 -9999.0
96406 20210821  2.515 -154.13   64.50    12.4     7.0     9.7     9.6     0.9    11.97 C    23.8     6.9    11.3    94.9    59.8    80.0 -99.000 -99.000 -99.000 -99.000 -99.000 -9999.0 -9999.0 -9999.0 -9999.0 -9999.0
96406 20210822  2.515 -154.13   64.50    14.0     1.8     7.9     9.2     3.0     9.66 C    19.0     1.4    10.4    98.2    53.0    81.0 -99.000 -99.000 -99.000 -99.000 -99.000 -9999.0 -9999.0 -9999.0 -9999.0 -9999.0
96406 20210823  2.515 -154.13   64.50    14.2     9.0    11.6    11.4     8.3     3.62 C    17.4     9.5    12.5    97.5    88.9    95.5 -99.000 -99.000 -99.000 -99.000 -99.000 -9999.0 -9999.0 -9999.0 -9999.0 -9999.0
96406 20210824  2.515 -154.13   64.50    15.2    11.4    13.3    12.7     5.9     4.39 C    18.8    11.1    13.6    97.5    82.6    93.4 -99.000 -99.000 -99.000 -99.000 -99.000 -9999.0 -9999.0 -9999.0 -9999.0 -9999.0
96406 20210825  2.515 -154.13   64.50    14.9    10.0    12.4    11.9     3.6     6.59 C    20.2     9.1    12.9    97.8    71.4    90.6 -99.000 -99.000 -99.000 -99.000 -99.000 -9999.0 -9999.0 -9999.0 -9999.0 -9999.0
96406 20210826  2.515 -154.13   64.50    10.9     6.6     8.7     7.7     2.9     3.19 C    10.1     6.8     8.3    95.5    71.7    84.9 -99.000 -99.000 -99.000 -99.000 -99.000 -9999.0 -9999.0 -9999.0 -9999.0 -9999.0
96406 20210827  2.515 -154.13   64.50     8.3    -2.3     3.0     4.5     1.7    10.08 C    16.1    -2.3     6.1    96.5    54.0    77.7 -99.000 -99.000 -99.000 -99.000 -99.000 -9999.0 -9999.0 -9999.0 -9999.0 -9999.0
96406 20210828  2.515 -154.13   64.50    11.9    -4.6     3.7     4.7     0.0    14.71 C    21.9    -4.2     6.5    97.8    48.0    75.4 -99.000 -99.000 -99.000 -99.000 -99.000 -9999.0 -9999.0 -9999.0 -9999.0 -9999.0
96406 20210829  2.515 -154.13   64.50    12.9     5.9     9.4    10.0     0.0     3.52 C    14.2     6.3    10.4    93.6    74.9    84.2 -99.000 -99.000 -99.000 -99.000 -99.000 -9999.0 -9999.0 -9999.0 -9999.0 -9999.0
96406 20210830  2.515 -154.13   64.50    15.2     6.3    10.7    11.5     0.0     6.11 C    22.8     4.6    11.7    95.9    63.8    79.0 -99.000 -99.000 -99.000 -99.000 -99.000 -9999.0 -9999.0 -9999.0 -9999.0 -9999.0
96406 20210831  2.515 -154.13   64.50    18.7     5.1    11.9    11.8     0.0     9.19 C    24.1     3.9    12.7    97.9    55.7    81.5 -99.000 -99.000 -99.000 -99.000 -99.000 -9999.0 -9999.0 -9999.0 -9999.0 -9999.0
96406 20210901  2.515 -154.13   64.50    22.6     9.6    16.1    15.7     0.0    14.61 C    33.4     9.0    16.7    93.7    42.1    70.2 -99.000 -99.000 -99.000 -99.000 -99.000 -9999.0 -9999.0 -9999.0 -9999.0 -9999.0
96406 20210902  2.515 -154.13   64.50    16.3    10.2    13.3    13.7     0.6     4.54 C    18.9     7.7    13.1    93.7    67.8    81.3 -99.000 -99.000 -99.000 -99.000 -99.000 -9999.0 -9999.0 -9999.0 -9999.0 -9999.0
96406 20210903  2.515 -154.13   64.50    17.2     8.7    13.0    12.6     0.0     7.41 C    27.2     8.5    13.4    97.2    55.1    82.1 -99.000 -99.000 -99.000 -99.000 -99.000 -9999.0 -9999.0 -9999.0 -9999.0 -9999.0
96406 20210904  2.515 -154.13   64.50    17.7     5.6    11.7    11.8     1.5     9.37 C    28.3     4.3    13.3    97.9    57.8    84.4 -99.000 -99.000 -99.000 -99.000 -99.000 -9999.0 -9999.0 -9999.0 -9999.0 -9999.0
96406 20210905  2.515 -154.13   64.50    11.2     0.3     5.7     6.6     0.8     6.73 C    15.8    -0.6     8.0    96.2    63.1    83.1 -99.000 -99.000 -99.000 -99.000 -99.000 -9999.0 -9999.0 -9999.0 -9999.0 -9999.0
96406 20210906  2.515 -154.13   64.50    12.1     0.5     6.3     8.0     0.0     5.15 C    14.8     0.9     8.2    95.1    56.3    73.3 -99.000 -99.000 -99.000 -99.000 -99.000 -9999.0 -9999.0 -9999.0 -9999.0 -9999.0
96406 20210907  2.515 -154.13   64.50    14.7     7.7    11.2    11.7     0.0     6.97 C    23.3     6.3    11.8    86.4    53.6    69.3 -99.000 -99.000 -99.000 -99.000 -99.000 -9999.0 -9999.0 -9999.0 -9999.0 -9999.0
96406 20210908  2.515 -154.13   64.50    14.6     5.8    10.2     9.9     0.0     6.79 C    20.0     5.1    10.8    94.8    62.0    82.1 -99.000 -99.000 -99.000 -99.000 -99.000 -9999.0 -9999.0 -9999.0 -9999.0 -9999.0
96406 20210909  2.515 -154.13   64.50    17.9     3.1    10.5     9.1     0.0     9.73 C    28.2     1.1    10.2    97.5    45.3    80.5 -99.000 -99.000 -99.000 -99.000 -99.000 -9999.0 -9999.0 -9999.0 -9999.0 -9999.0
96406 20210910  2.515 -154.13   64.50 -9999.0 -9999.0 -9999.0 -9999.0 -9999.0 -9999.00 U -9999.0 -9999.0 -9999.0 -9999.0 -9999.0 -9999.0 -99.000 -99.000 -99.000 -99.000 -99.000 -9999.0 -9999.0 -9999.0 -9999.0 -9999.0
96406 20210911  2.515 -154.13   64.50    13.8    -2.6     5.6     6.1     0.2     9.47 C    23.3    -3.5     6.3    98.1    41.1    77.7 -99.000 -99.000 -99.000 -99.000 -99.000 -9999.0 -9999.0 -9999.0 -9999.0 -9999.0
96406 20210912  2.515 -154.13   64.50    17.0    -0.7     8.1     8.6     0.0     8.51 C    23.5    -1.9     7.6    98.4    40.8    72.3 -99.000 -99.000 -99.000 -99.000 -99.000 -9999.0 -9999.0 -9999.0 -9999.0 -9999.0
96406 20210913  2.515 -154.13   64.50    16.6     4.7    10.6    10.5     0.0     6.18 C    26.8     1.0     9.1    77.0    28.2    55.9 -99.000 -99.000 -99.000 -99.000 -99.000 -9999.0 -9999.0 -9999.0 -9999.0 -9999.0
96406 20210914  2.515 -154.13   64.50    13.1    -2.7     5.2     5.6     0.0     9.39 C    25.4    -4.5     5.4    96.7    41.2    71.9 -99.000 -99.000 -99.000 -99.000 -99.000 -9999.0 -9999.0 -9999.0 -9999.0 -9999.0
96406 20210915  2.515 -154.13   64.50    11.3    -0.1     5.6     5.8     0.0     5.25 C    20.8    -2.9     6.1    95.3    53.9    75.4 -99.000 -99.000 -99.000 -99.000 -99.000 -9999.0 -9999.0 -9999.0 -9999.0 -9999.0
96406 20210916  2.515 -154.13   64.50    14.4    -4.0     5.2     3.6     0.0    11.95 C    24.6    -6.0     4.1    98.3    35.7    75.4 -99.000 -99.000 -99.000 -99.000 -99.000 -9999.0 -9999.0 -9999.0 -9999.0 -9999.0
96406 20210917  2.515 -154.13   64.50     9.4    -5.7     1.9     1.7     0.5     7.17 C    21.9    -7.7     1.7    95.9    61.1    82.4 -99.000 -99.000 -99.000 -99.000 -99.000 -9999.0 -9999.0 -9999.0 -9999.0 -9999.0
96406 20210918  2.515 -154.13   64.50     4.7    -3.1     0.8     1.7     0.9     3.65 C     9.1    -7.5     0.5    92.2    59.0    80.5 -99.000 -99.000 -99.000 -99.000 -99.000 -9999.0 -9999.0 -9999.0 -9999.0 -9999.0
96406 20210919  2.515 -154.13   64.50     9.1    -0.8     4.2     5.0     0.6     1.94 C     9.9    -0.5     4.6    93.7    55.8    76.4 -99.000 -99.000 -99.000 -99.000 -99.000 -9999.0 -9999.0 -9999.0 -9999.0 -9999.0
96406 20210920  2.515 -154.13   64.50     4.2    -3.9     0.1     0.1     0.0    10.13 C    13.7    -7.3     0.2    95.6    51.9    75.1 -99.000 -99.000 -99.000 -99.000 -99.000 -9999.0 -9999.0 -9999.0 -9999.0 -9999.0
96406 20210921  2.515 -154.13   64.50     4.8    -5.1    -0.1     0.4     0.0     9.88 C    18.5    -8.6     0.8    92.3    48.4    73.7 -99.000 -99.000 -99.000 -99.000 -99.000 -9999.0 -9999.0 -9999.0 -9999.0 -9999.0
96406 20210922  2.515 -154.13   64.50     6.8   -10.1    -1.6    -1.8     0.0    10.84 C    16.1   -10.8    -2.1    94.1    34.5    68.3 -99.000 -99.000 -99.000 -99.000 -99.000 -9999.0 -9999.0 -9999.0 -9999.0 -9999.0
96406 20210923  2.515 -154.13   64.50     5.3    -7.3    -1.0    -0.6     0.0     9.21 C    13.7   -10.2    -1.2    90.3    38.4    60.8 -99.000 -99.000 -99.000 -99.000 -99.000 -9999.0 -9999.0 -9999.0 -9999.0 -9999.0
96406 20210924  2.515 -154.13   64.50     4.8    -7.4    -1.3    -0.9     0.0     7.74 C    12.0   -10.7    -1.8    89.4    34.3    63.8 -99.000 -99.000 -99.000 -99.000 -99.000 -9999.0 -9999.0 -9999.0 -9999.0 -9999.0
96406 20210925  2.515 -154.13   64.50     5.1   -13.8    -4.4    -4.6     0.0    10.46 C    13.7   -14.7    -5.2    92.4    31.6    68.1 -99.000 -99.000 -99.000 -99.000 -99.000 -9999.0 -9999.0 -9999.0 -9999.0 -9999.0
96406 20210926  2.515 -154.13   64.50     6.7   -12.4    -2.9    -3.7     0.0     9.64 C    14.4   -13.3    -3.5    92.2    31.8    67.2 -99.000 -99.000 -99.000 -99.000 -99.000 -9999.0 -9999.0 -9999.0 -9999.0 -9999.0
96406 20210927  2.515 -154.13   64.50     4.2    -3.6     0.3    -0.4     0.0     4.25 C    12.8    -7.4     0.0    90.2    61.6    76.3 -99.000 -99.000 -99.000 -99.000 -99.000 -9999.0 -9999.0 -9999.0 -9999.0 -9999.0
96406 20210928  2.515 -154.13   64.50     1.9    -3.0    -0.6    -0.5     0.0     1.89 C     5.0    -5.2    -0.1    91.4    70.7    83.0 -99.000 -99.000 -99.000 -99.000 -99.000 -9999.0 -9999.0 -9999.0 -9999.0 -9999.0
96406 20210929  2.515 -154.13   64.50     2.2    -1.9     0.1    -0.3     0.0     1.79 C     5.8    -2.9    -0.4    88.4    49.7    74.2 -99.000 -99.000 -99.000 -99.000 -99.000 -9999.0 -9999.0 -9999.0 -9999.0 -9999.0
96406 20210930  2.515 -154.13   64.50     4.1    -5.6    -0.8    -1.3     0.0     7.11 C    12.5   -11.3    -2.2    81.5    42.8    65.7 -99.000 -99.000 -99.000 -99.000 -99.000 -9999.0 -9999.0 -9999.0 -9999.0 -9999.0
96406 20211001  2.515 -154.13   64.50     2.1    -9.5    -3.7    -2.7     0.0     4.89 C     8.3   -12.6    -2.3    93.5    50.0    71.4 -99.000 -99.000 -99.000 -99.000 -99.000 -9999.0 -9999.0 -9999.0 -9999.0 -9999.0
96406 20211002  2.515 -154.13   64.50     2.2    -2.7    -0.3    -0.7     0.0     3.38 C     7.4    -8.3    -1.4    70.3    45.6    58.4 -99.000 -99.000 -99.000 -99.000 -99.000 -9999.0 -9999.0 -9999.0 -9999.0 -9999.0
96406 20211003  2.515 -154.13   64.50     3.6    -6.1    -1.2    -2.1     0.0     7.99 C    10.6   -11.3    -4.2    87.9    46.3    70.7 -99.000 -99.000 -99.000 -99.000 -99.000 -9999.0 -9999.0 -9999.0 -9999.0 -9999.0
96406 20211004  2.515 -154.13   64.50     3.4    -5.9    -1.2    -1.6     0.0     6.43 C    10.2   -11.3    -2.0    90.6    51.2    70.8 -99.000 -99.000 -99.000 -99.000 -99.000 -9999.0 -9999.0 -9999.0 -9999.0 -9999.0
96406 20211005  2.515 -154.13   64.50     5.3    -2.3     1.5     1.7     0.0     2.04 C     6.4    -4.7     1.1    91.1    68.5    78.5 -99.000 -99.000 -99.000 -99.000 -99.000 -9999.0 -9999.0 -9999.0 -9999.0 -9999.0
96406 20211006  2.515 -154.13   64.50     5.5     0.9     3.2     3.6     6.3     1.30 C     8.4    -0.5     3.0    97.4    65.6    85.8 -99.000 -99.000 -99.000 -99.000 -99.000 -9999.0 -9999.0 -9999.0 -9999.0 -9999.0
96406 20211007  2.515 -154.13   64.50     5.9    -0.5     2.7     2.9     6.6     2.46 C    10.2    -2.7     2.6    98.0    77.9    94.5 -99.000 -99.000 -99.000 -99.000 -99.000 -9999.0 -9999.0 -9999.0 -9999.0 -9999.0
96406 20211008  2.515 -154.13   64.50     3.4    -1.0     1.2     1.4     3.7     1.36 C     5.5    -2.6     1.0    98.0    90.8    95.9 -99.000 -99.000 -99.000 -99.000 -99.000 -9999.0 -9999.0 -9999.0 -9999.0 -9999.0
96406 20211009  2.515 -154.13   64.50     2.4    -3.8    -0.7     0.2     0.4     3.59 C     7.5    -5.6     0.6    98.0    86.8    94.9 -99.000 -99.000 -99.000 -99.000 -99.000 -9999.0 -9999.0 -9999.0 -9999.0 -9999.0
96406 20211010  2.515 -154.13   64.50     3.4    -3.0     0.2     0.6     2.1     2.49 C    11.5    -5.0     0.3    98.0    82.1    95.1 -99.000 -99.000 -99.000 -99.000 -99.000 -9999.0 -9999.0 -9999.0 -9999.0 -9999.0
96406 20211011  2.515 -154.13   64.50     3.2    -2.9     0.1     0.6     0.0     2.44 C     4.8    -5.5    -0.3    97.2    79.9    89.4 -99.000 -99.000 -99.000 -99.000 -99.000 -9999.0 -9999.0 -9999.0 -9999.0 -9999.0
96406 20211012  2.515 -154.13   64.50     3.2    -4.8    -0.8    -0.7     0.0     6.38 C     6.6    -7.4    -1.8    91.9    61.0    79.4 -99.000 -99.000 -99.000 -99.000 -99.000 -9999.0 -9999.0 -9999.0 -9999.0 -9999.0
96406 20211013  2.515 -154.13   64.50     0.5    -8.1    -3.8    -3.2     0.0     1.53 C     1.4    -9.3    -3.0    94.8    61.6    82.9 -99.000 -99.000 -99.000 -99.000 -99.000 -9999.0 -9999.0 -9999.0 -9999.0 -9999.0
96406 20211014  2.515 -154.13   64.50    -1.3    -5.5    -3.4    -3.4     0.0     1.67 C     0.2    -6.1    -3.1    91.7    69.7    82.1 -99.000 -99.000 -99.000 -99.000 -99.000 -9999.0 -9999.0 -9999.0 -9999.0 -9999.0
96406 20211015  2.515 -154.13   64.50    -1.2    -9.9    -5.5    -5.4     0.0     3.07 C     3.6   -11.3    -5.2    94.8    62.6    84.8 -99.000 -99.000 -99.000 -99.000 -99.000 -9999.0 -9999.0 -9999.0 -9999.0 -9999.0
96406 20211016  2.515 -154.13   64.50     0.4    -9.5    -4.5    -4.7     0.0     3.73 C     4.0   -10.3    -4.4    93.0    56.5    81.5 -99.000 -99.000 -99.000 -99.000 -99.000 -9999.0 -9999.0 -9999.0 -9999.0 -9999.0
96406 20211017  2.515 -154.13   64.50     0.7    -6.9    -3.1    -2.6     0.0     3.81 C     3.1    -9.4    -3.7    90.1    58.1    73.3 -99.000 -99.000 -99.000 -99.000 -99.000 -9999.0 -9999.0 -9999.0 -9999.0 -9999.0
96406 20211018  2.515 -154.13   64.50    -1.1   -12.5    -6.8    -5.9     0.0     5.18 C     3.1   -13.2    -6.4    92.2    60.8    79.4 -99.000 -99.000 -99.000 -99.000 -99.000 -9999.0 -9999.0 -9999.0 -9999.0 -9999.0
96406 20211019  2.515 -154.13   64.50     0.1   -12.6    -6.2    -6.9     0.0     2.15 C     1.8   -12.9    -6.6    91.9    54.4    81.2 -99.000 -99.000 -99.000 -99.000 -99.000 -9999.0 -9999.0 -9999.0 -9999.0 -9999.0
96406 20211020  2.515 -154.13   64.50     1.1    -4.6    -1.7    -2.3     0.0     2.02 C     3.6    -6.0    -1.7    92.7    67.9    77.6 -99.000 -99.000 -99.000 -99.000 -99.000 -9999.0 -9999.0 -9999.0 -9999.0 -9999.0
96406 20211021  2.515 -154.13   64.50     0.4    -8.9    -4.2    -2.1     2.9     1.30 C    -0.1   -13.7    -3.7    96.2    86.2    92.8 -99.000 -99.000 -99.000 -99.000 -99.000 -9999.0 -9999.0 -9999.0 -9999.0 -9999.0
96406 20211022  2.515 -154.13   64.50     0.1   -15.2    -7.5    -7.8     0.0     2.99 C    -2.1   -16.7   -10.6    95.5    83.2    90.3 -99.000 -99.000 -99.000 -99.000 -99.000 -9999.0 -9999.0 -9999.0 -9999.0 -9999.0
96406 20211023  2.515 -154.13   64.50    -2.9   -12.2    -7.6    -8.1     0.0     1.81 C    -3.7   -14.7    -9.6    94.9    87.7    91.8 -99.000 -99.000 -99.000 -99.000 -99.000 -9999.0 -9999.0 -9999.0 -9999.0 -9999.0
96406 20211024  2.515 -154.13   64.50    -0.9   -10.0    -5.4    -4.0     0.0     0.81 C    -0.4   -12.0    -3.4    97.4    89.9    94.3 -99.000 -99.000 -99.000 -99.000 -99.000 -9999.0 -9999.0 -9999.0 -9999.0 -9999.0
96406 20211025  2.515 -154.13   64.50    -1.0    -3.7    -2.4    -2.1     0.4     0.35 C    -1.2    -4.6    -2.7    97.2    87.9    93.5 -99.000 -99.000 -99.000 -99.000 -99.000 -9999.0 -9999.0 -9999.0 -9999.0 -9999.0
96406 20211026  2.515 -154.13   64.50    -3.7    -5.5    -4.6    -4.4     3.7     0.18 C    -3.9    -6.4    -4.7    95.2    82.1    90.5 -99.000 -99.000 -99.000 -99.000 -99.000 -9999.0 -9999.0 -9999.0 -9999.0 -9999.0
96406 20211027  2.515 -154.13   64.50    -5.3    -8.8    -7.0    -6.5     0.9     0.22 C    -4.6   -12.7    -7.5    93.2    78.4    89.0 -99.000 -99.000 -99.000 -99.000 -99.000 -9999.0 -9999.0 -9999.0 -9999.0 -9999.0
96406 20211028  2.515 -154.13   64.50    -7.6   -12.1    -9.9    -9.7     1.7     0.15 C    -8.3   -17.2   -10.5    92.5    85.1    90.0 -99.000 -99.000 -99.000 -99.000 -99.000 -9999.0 -9999.0 -9999.0 -9999.0 -9999.0
96406 20211029  2.515 -154.13   64.50    -7.8   -16.0   -11.9   -11.7     0.0     0.26 C    -7.9   -20.6   -14.1    91.1    82.8    87.1 -99.000 -99.000 -99.000 -99.000 -99.000 -9999.0 -9999.0 -9999.0 -9999.0 -9999.0
96406 20211030  2.515 -154.13   64.50    -2.0   -13.3    -7.6    -5.3     4.3     0.00 C    -3.9   -13.2    -6.9    94.8    86.8    91.7 -99.000 -99.000 -99.000 -99.000 -99.000 -9999.0 -9999.0 -9999.0 -9999.0 -9999.0
96406 20211031  2.515 -154.13   64.50     3.1    -6.2    -1.6    -2.4     0.5     0.00 C     0.0   -11.2    -4.4    94.3    80.6    90.2 -99.000 -99.000 -99.000 -99.000 -99.000 -9999.0 -9999.0 -9999.0 -9999.0 -9999.0
96406 20211101  2.515 -154.13   64.50    -3.9   -12.9    -8.4    -6.3     1.9     1.05 C    -4.4   -21.8    -8.8    93.1    82.2    90.0 -99.000 -99.000 -99.000 -99.000 -99.000 -9999.0 -9999.0 -9999.0 -9999.0 -9999.0
96406 20211102  2.515 -154.13   64.50    -8.2   -11.5    -9.9    -9.5     0.2     0.43 C    -6.9   -14.6    -9.4    92.7    87.3    89.6 -99.000 -99.000 -99.000 -99.000 -99.000 -9999.0 -9999.0 -9999.0 -9999.0 -9999.0
96406 20211103  2.515 -154.13   64.50    -5.4   -10.3    -7.9    -7.7     0.0     0.54 C    -6.3   -14.3    -8.7    94.0    85.9    89.9 -99.000 -99.000 -99.000 -99.000 -99.000 -9999.0 -9999.0 -9999.0 -9999.0 -9999.0
96406 20211104  2.515 -154.13   64.50    -4.0   -11.4    -7.7    -7.9     0.0     1.47 C    -7.9   -15.2   -10.8    93.8    85.0    90.7 -99.000 -99.000 -99.000 -99.000 -99.000 -9999.0 -9999.0 -9999.0 -9999.0 -9999.0
96406 20211105  2.515 -154.13   64.50    -4.1   -13.0    -8.5    -7.7     0.0     0.07 C    -4.4   -15.3    -8.2    94.2    87.6    91.8 -99.000 -99.000 -99.000 -99.000 -99.000 -9999.0 -9999.0 -9999.0 -9999.0 -9999.0
96406 20211106  2.515 -154.13   64.50    -4.7    -8.4    -6.6    -6.0     2.8     0.16 C    -5.4   -10.7    -7.0    93.6    90.1    92.6 -99.000 -99.000 -99.000 -99.000 -99.000 -9999.0 -9999.0 -9999.0 -9999.0 -9999.0
96406 20211107  2.515 -154.13   64.50    -4.9    -9.3    -7.1    -6.5     0.0     0.07 C    -5.3   -13.9    -7.6    93.2    90.0    91.8 -99.000 -99.000 -99.000 -99.000 -99.000 -9999.0 -9999.0 -9999.0 -9999.0 -9999.0
96406 20211108  2.515 -154.13   64.50    -7.0   -18.6   -12.8   -10.8     0.8     0.70 C    -8.4   -26.6   -15.5    92.9    79.1    86.3 -99.000 -99.000 -99.000 -99.000 -99.000 -9999.0 -9999.0 -9999.0 -9999.0 -9999.0
96406 20211109  2.515 -154.13   64.50   -13.1   -26.0   -19.5   -18.0     0.0     0.88 C   -13.7   -30.7   -22.2    86.8    77.0    83.0 -99.000 -99.000 -99.000 -99.000 -99.000 -9999.0 -9999.0 -9999.0 -9999.0 -9999.0
96406 20211110  2.515 -154.13   64.50   -11.1   -26.4   -18.7   -15.6     0.0     0.06 C   -11.5   -30.7   -18.1    87.6    77.6    84.9 -99.000 -99.000 -99.000 -99.000 -99.000 -9999.0 -9999.0 -9999.0 -9999.0 -9999.0
96406 20211111  2.515 -154.13   64.50   -16.4   -29.6   -23.0   -21.8     0.7     0.17 C   -16.0   -32.3   -22.6    84.3    75.0    80.2 -99.000 -99.000 -99.000 -99.000 -99.000 -9999.0 -9999.0 -9999.0 -9999.0 -9999.0
96406 20211112  2.515 -154.13   64.50   -17.5   -29.7   -23.6   -21.8     0.2     1.27 C   -17.3   -32.9   -25.8    83.4    74.6    80.4 -99.000 -99.000 -99.000 -99.000 -99.000 -9999.0 -9999.0 -9999.0 -9999.0 -9999.0
96406 20211113  2.515 -154.13   64.50   -23.0   -32.3   -27.6   -29.0     0.0     1.53 C   -26.5   -34.6   -31.9    77.5    72.7    74.6 -99.000 -99.000 -99.000 -99.000 -99.000 -9999.0 -9999.0 -9999.0 -9999.0 -9999.0
96406 20211114  2.515 -154.13   64.50   -22.8   -34.6   -28.7   -29.5     0.0     1.39 C   -20.6   -36.6   -30.4    77.9    70.2    73.3 -99.000 -99.000 -99.000 -99.000 -99.000 -9999.0 -9999.0 -9999.0 -9999.0 -9999.0
96406 20211115  2.515 -154.13   64.50   -19.0   -25.9   -22.5   -21.4     0.0     0.04 C   -18.6   -31.5   -21.0    82.1    76.9    79.4 -99.000 -99.000 -99.000 -99.000 -99.000 -9999.0 -9999.0 -9999.0 -9999.0 -9999.0
96406 20211116  2.515 -154.13   64.50   -19.7   -28.8   -24.2   -22.1     0.2     0.02 C   -19.4   -33.8   -22.5    84.3    75.3    80.4 -99.000 -99.000 -99.000 -99.000 -99.000 -9999.0 -9999.0 -9999.0 -9999.0 -9999.0
96406 20211117  2.515 -154.13   64.50   -28.0   -34.0   -31.0   -30.8     0.0     0.35 C   -26.9   -37.8   -33.2    75.8    71.8    73.8 -99.000 -99.000 -99.000 -99.000 -99.000 -9999.0 -9999.0 -9999.0 -9999.0 -9999.0
96406 20211118  2.515 -154.13   64.50   -22.7   -32.5   -27.6   -28.8     0.0     1.33 C   -26.3   -35.1   -31.9    80.9    72.1    74.8 -99.000 -99.000 -99.000 -99.000 -99.000 -9999.0 -9999.0 -9999.0 -9999.0 -9999.0
96406 20211119  2.515 -154.13   64.50   -26.3   -34.8   -30.6   -31.6     0.0     1.36 C   -30.2   -37.1   -34.7    76.8    70.6    72.9 -99.000 -99.000 -99.000 -99.000 -99.000 -9999.0 -9999.0 -9999.0 -9999.0 -9999.0
96406 20211120  2.515 -154.13   64.50   -30.1   -37.8   -34.0   -35.1     0.0     1.30 C   -32.9   -39.3   -37.4    73.2    68.6    70.6 -99.000 -99.000 -99.000 -99.000 -99.000 -9999.0 -9999.0 -9999.0 -9999.0 -9999.0
96406 20211121  2.515 -154.13   64.50   -31.5   -39.2   -35.4   -36.9     0.0     1.27 C   -34.8   -40.6   -39.0    71.6    67.6    69.1 -99.000 -99.000 -99.000 -99.000 -99.000 -9999.0 -9999.0 -9999.0 -9999.0 -9999.0
96406 20211122  2.515 -154.13   64.50   -16.6   -39.6   -28.1   -27.0     0.0     0.03 C   -17.7   -40.8   -27.4    79.7    62.4    69.6 -99.000 -99.000 -99.000 -99.000 -99.000 -9999.0 -9999.0 -9999.0 -9999.0 -9999.0
96406 20211123  2.515 -154.13   64.50   -18.2   -23.0   -20.6   -20.1     0.7     0.73 C   -19.1   -32.7   -25.6    81.4    69.7    76.9 -99.000 -99.000 -99.000 -99.000 -99.000 -9999.0 -9999.0 -9999.0 -9999.0 -9999.0
96406 20211124  2.515 -154.13   64.50   -19.7   -29.9   -24.8   -24.5     0.5     0.97 C   -23.3   -34.8   -29.4    81.3    68.8    76.8 -99.000 -99.000 -99.000 -99.000 -99.000 -9999.0 -9999.0 -9999.0 -9999.0 -9999.0
96406 20211125  2.515 -154.13   64.50   -20.9   -32.5   -26.7   -24.9     0.8     0.01 C   -20.5   -37.0   -27.2    80.5    72.7    77.7 -99.000 -99.000 -99.000 -99.000 -99.000 -9999.0 -9999.0 -9999.0 -9999.0 -9999.0
96406 20211126  2.515 -154.13   64.50   -26.3   -37.5   -31.9   -31.5     0.0     0.04 C   -26.4   -41.6   -33.8    75.9    69.4    73.2 -99.000 -99.000 -99.000 -99.000 -99.000 -9999.0 -9999.0 -9999.0 -9999.0 -9999.0
96406 20211127  2.515 -154.13   64.50   -33.8   -42.4   -38.1   -39.2     0.0     0.87 C   -32.0   -45.0   -41.4    71.1    66.0    68.4 -99.000 -99.000 -99.000 -99.000 -99.000 -9999.0 -9999.0 -9999.0 -9999.0 -9999.0
96406 20211128  2.515 -154.13   64.50   -29.3   -38.5   -33.9   -32.4     0.0     0.00 C   -28.7   -41.7   -33.3    73.5    68.2    72.0 -99.000 -99.000 -99.000 -99.000 -99.000 -9999.0 -9999.0 -9999.0 -9999.0 -9999.0
96406 20211129  2.515 -154.13   64.50   -23.6   -41.1   -32.3   -36.3     0.0     0.05 C   -26.2   -43.4   -38.7    77.1    66.4    69.5 -99.000 -99.000 -99.000 -99.000 -99.000 -9999.0 -9999.0 -9999.0 -9999.0 -9999.0
96406 20211130  2.515 -154.13   64.50   -19.5   -23.8   -21.7   -20.9     2.4     0.00 C   -19.0   -28.5   -21.9    80.6    67.2    73.8 -99.000 -99.000 -99.000 -99.000 -99.000 -9999.0 -9999.0 -9999.0 -9999.0 -9999.0
96406 20211201  2.515 -154.13   64.50   -18.5   -20.3   -19.4   -19.2     1.4     0.00 C   -18.3   -22.5   -19.5    82.1    75.5    80.0 -99.000 -99.000 -99.000 -99.000 -99.000 -9999.0 -9999.0 -9999.0 -9999.0 -9999.0
96406 20211202  2.515 -154.13   64.50   -19.8   -38.2   -29.0   -26.6     0.8     0.69 C   -20.7   -42.9   -30.8    81.0    69.4    76.4 -99.000 -99.000 -99.000 -99.000 -99.000 -9999.0 -9999.0 -9999.0 -9999.0 -9999.0
96406 20211203  2.515 -154.13   64.50   -30.9   -41.6   -36.2   -38.5     0.0     0.79 C   -39.1   -44.9   -42.6    75.5    64.8    69.3 -99.000 -99.000 -99.000 -99.000 -99.000 -9999.0 -9999.0 -9999.0 -9999.0 -9999.0
96406 20211204  2.515 -154.13   64.50   -20.6   -37.7   -29.2   -26.6     0.3     0.00 C   -18.2   -41.1   -24.7    77.3    68.6    74.1 -99.000 -99.000 -99.000 -99.000 -99.000 -9999.0 -9999.0 -9999.0 -9999.0 -9999.0
96406 20211205  2.515 -154.13   64.50     1.4   -21.6   -10.1   -12.1     0.5     0.00 C    -1.4   -24.5   -12.6    86.2    60.9    80.1 -99.000 -99.000 -99.000 -99.000 -99.000 -9999.0 -9999.0 -9999.0 -9999.0 -9999.0
96406 20211206  2.515 -154.13   64.50     2.4    -5.6    -1.6     0.5     2.2     0.00 C    -0.9    -5.4    -2.0    94.9    47.4    69.4 -99.000 -99.000 -99.000 -99.000 -99.000 -9999.0 -9999.0 -9999.0 -9999.0 -9999.0
96406 20211207  2.515 -154.13   64.50    -5.5    -9.5    -7.5    -7.6     2.6     0.00 C    -5.4   -14.6    -8.9    91.8    80.0    86.0 -99.000 -99.000 -99.000 -99.000 -99.000 -9999.0 -9999.0 -9999.0 -9999.0 -9999.0
96406 20211208  2.515 -154.13   64.50    -9.2   -14.9   -12.0   -11.7     1.8     0.00 C    -9.0   -20.1   -13.2    89.9    80.2    87.4 -99.000 -99.000 -99.000 -99.000 -99.000 -9999.0 -9999.0 -9999.0 -9999.0 -9999.0
96406 20211209  2.515 -154.13   64.50    -4.8   -18.4   -11.6   -10.6     0.2     0.00 C    -7.3   -24.5   -14.2    91.6    80.3    86.4 -99.000 -99.000 -99.000 -99.000 -99.000 -9999.0 -9999.0 -9999.0 -9999.0 -9999.0
96406 20211210  2.515 -154.13   64.50   -12.4   -23.9   -18.2   -17.0     0.0     0.00 C   -15.7   -33.5   -20.9    86.0    73.1    80.4 -99.000 -99.000 -99.000 -99.000 -99.000 -9999.0 -9999.0 -9999.0 -9999.0 -9999.0
96406 20211211  2.515 -154.13   64.50   -23.0   -29.1   -26.1   -25.8     0.0     0.02 C   -25.2   -39.4   -32.9    80.0    72.6    76.3 -99.000 -99.000 -99.000 -99.000 -99.000 -9999.0 -9999.0 -9999.0 -9999.0 -9999.0
96406 20211212  2.515 -154.13   64.50   -27.0   -35.4   -31.2   -29.5     0.0     0.01 C   -28.9   -41.2   -35.6    79.7    70.1    74.5 -99.000 -99.000 -99.000 -99.000 -99.000 -9999.0 -9999.0 -9999.0 -9999.0 -9999.0
96406 20211213  2.515 -154.13   64.50   -34.7   -43.3   -39.0   -40.5     0.0     0.00 C   -39.7   -46.0   -44.0    71.6    66.1    68.1 -99.000 -99.000 -99.000 -99.000 -99.000 -9999.0 -9999.0 -9999.0 -9999.0 -9999.0
96406 20211214  2.515 -154.13   64.50   -40.2   -44.1   -42.2   -43.0     0.0     0.32 C   -43.6   -46.8   -45.7    67.6    65.1    66.1 -99.000 -99.000 -99.000 -99.000 -99.000 -9999.0 -9999.0 -9999.0 -9999.0 -9999.0
96406 20211215  2.515 -154.13   64.50   -20.4   -44.3   -32.4   -32.6     0.0     0.00 C   -18.8   -46.6   -32.8    80.9    65.0    68.9 -99.000 -99.000 -99.000 -99.000 -99.000 -9999.0 -9999.0 -9999.0 -9999.0 -9999.0
96406 20211216  2.515 -154.13   64.50   -17.4   -20.5   -19.0   -18.5     7.6     0.00 C   -15.7   -20.0   -17.8    82.6    68.6    79.4 -99.000 -99.000 -99.000 -99.000 -99.000 -9999.0 -9999.0 -9999.0 -9999.0 -9999.0
96406 20211217  2.515 -154.13   64.50   -11.4   -17.5   -14.4   -14.9     6.7     0.00 C   -10.2   -16.3   -13.6    87.9    80.2    85.6 -99.000 -99.000 -99.000 -99.000 -99.000 -9999.0 -9999.0 -9999.0 -9999.0 -9999.0
96406 20211218  2.515 -154.13   64.50    -4.5   -11.6    -8.0    -9.6     3.3     0.00 C    -6.4   -17.7   -10.5    94.3    87.0    89.1 -99.000 -99.000 -99.000 -99.000 -99.000 -9999.0 -9999.0 -9999.0 -9999.0 -9999.0
96406 20211219  2.515 -154.13   64.50     3.8    -8.6    -2.4    -0.3     3.7     0.00 C     0.1   -15.0    -1.9    94.3    76.9    88.0 -99.000 -99.000 -99.000 -99.000 -99.000 -9999.0 -9999.0 -9999.0 -9999.0 -9999.0
96406 20211220  2.515 -154.13   64.50     2.9    -3.0     0.0     1.0     0.5     0.00 C     0.0   -13.1    -1.2    94.3    79.9    86.7 -99.000 -99.000 -99.000 -99.000 -99.000 -9999.0 -9999.0 -9999.0 -9999.0 -9999.0
96406 20211221  2.515 -154.13   64.50    -2.9   -18.9   -10.9   -11.9     0.0     0.19 C   -10.7   -27.6   -21.4    94.8    77.6    87.1 -99.000 -99.000 -99.000 -99.000 -99.000 -9999.0 -9999.0 -9999.0 -9999.0 -9999.0
96406 20211222  2.515 -154.13   64.50   -15.8   -25.1   -20.4   -19.2     9.4     0.00 C   -15.6   -29.7   -21.1    85.1    76.6    82.2 -99.000 -99.000 -99.000 -99.000 -99.000 -9999.0 -9999.0 -9999.0 -9999.0 -9999.0
96406 20211223  2.515 -154.13   64.50   -15.4   -23.5   -19.4   -17.7     2.4     0.00 C   -15.9   -33.8   -22.3    84.4    76.7    82.4 -99.000 -99.000 -99.000 -99.000 -99.000 -9999.0 -9999.0 -9999.0 -9999.0 -9999.0
96406 20211224  2.515 -154.13   64.50   -17.6   -28.1   -22.8   -22.3     2.5     0.00 C   -15.7   -34.7   -25.0    83.3    75.9    80.3 -99.000 -99.000 -99.000 -99.000 -99.000 -9999.0 -9999.0 -9999.0 -9999.0 -9999.0
96406 20211225  2.515 -154.13   64.50   -10.0   -17.6   -13.8   -13.4     7.3     0.00 C    -7.0   -15.7   -11.9    89.9    82.4    86.5 -99.000 -99.000 -99.000 -99.000 -99.000 -9999.0 -9999.0 -9999.0 -9999.0 -9999.0
96406 20211226  2.515 -154.13   64.50     3.8   -10.2    -3.2    -0.8    23.2     0.00 C     0.6    -9.5    -1.3    98.1    89.1    93.3 -99.000 -99.000 -99.000 -99.000 -99.000 -9999.0 -9999.0 -9999.0 -9999.0 -9999.0
96406 20211227  2.515 -154.13   64.50     2.1   -16.1    -7.0    -9.6     5.2     0.00 C     0.0   -21.6   -11.8    94.8    73.3    84.9 -99.000 -99.000 -99.000 -99.000 -99.000 -9999.0 -9999.0 -9999.0 -9999.0 -9999.0
96406 20211228  2.515 -154.13   64.50     1.1   -11.4    -5.2    -6.3     8.6     0.00 C    -0.2   -10.6    -5.7    97.7    71.5    90.9 -99.000 -99.000 -99.000 -99.000 -99.000 -9999.0 -9999.0 -9999.0 -9999.0 -9999.0
96406 20211229  2.515 -154.13   64.50     1.8   -14.6    -6.4    -6.9     2.3     0.15 C    -0.7   -23.0    -9.6    92.0    66.2    76.3 -99.000 -99.000 -99.000 -99.000 -99.000 -9999.0 -9999.0 -9999.0 -9999.0 -9999.0
96406 20211230  2.515 -154.13   64.50   -12.6   -37.3   -24.9   -28.4     0.0     0.05 C   -14.0   -40.3   -34.2    86.4    70.0    76.0 -99.000 -99.000 -99.000 -99.000 -99.000 -9999.0 -9999.0 -9999.0 -9999.0 -9999.0
96406 20211231  2.515 -154.13   64.50   -20.3   -40.6   -30.4   -29.8     0.0     0.43 C   -21.0   -44.3   -34.0    79.3    65.7    72.4 -99.000 -99.000 -99.000 -99.000 -99.000 -9999.0 -9999.0 -9999.0 -9999.0 -9999.0
