64757 20210101  2.424  -79.78   44.23     0.3    -7.2    -3.4    -2.2     2.0     3.25 C    -0.8   -14.7    -4.8    93.6    62.2    77.8 -99.000 -99.000 -99.000 -99.000 -99.000 -9999.0 -9999.0 -9999.0 -9999.0 -9999.0
64757 20210102  2.424  -79.78   44.23     0.1    -2.7    -1.3    -1.4     2.0     2.79 C    -0.3    -7.9    -2.3    95.2    77.1    88.0 -99.000 -99.000 -99.000 -99.000 -99.000 -9999.0 -9999.0 -9999.0 -9999.0 -9999.0
64757 20210103  2.424  -79.78   44.23    -0.9    -2.6    -1.8    -1.7     3.8     1.49 C    -1.0    -4.1    -2.2    97.1    78.5    89.8 -99.000 -99.000 -99.000 -99.000 -99.000 -9999.0 -9999.0 -9999.0 -9999.0 -9999.0
64757 20210104  2.424  -79.78   44.23    -0.4    -2.0    -1.2    -1.2     0.0     0.85 C    -0.9    -2.4    -1.7    95.4    86.0    91.0 -99.000 -99.000 -99.000 -99.000 -99.000 -9999.0 -9999.0 -9999.0 -9999.0 -9999.0
64757 20210105  2.424  -79.78   44.23    -0.8    -1.8    -1.3    -1.3     0.0     1.24 C    -0.9    -2.9    -2.0    95.4    87.4    92.0 -99.000 -99.000 -99.000 -99.000 -99.000 -9999.0 -9999.0 -9999.0 -9999.0 -9999.0
64757 20210106  2.424  -79.78   44.23     0.7    -3.1    -1.2    -1.2     0.0     5.10 C    -0.3    -7.8    -2.8    95.4    72.1    80.7 -99.000 -99.000 -99.000 -99.000 -99.000 -9999.0 -9999.0 -9999.0 -9999.0 -9999.0
64757 20210107  2.424  -79.78   44.23    -1.8   -10.5    -6.1    -4.5     0.0     7.48 C    -3.1   -17.4    -7.8    86.3    62.0    76.4 -99.000 -99.000 -99.000 -99.000 -99.000 -9999.0 -9999.0 -9999.0 -9999.0 -9999.0
64757 20210108  2.424  -79.78   44.23    -4.5   -14.1    -9.3    -9.2     0.0     7.76 C    -7.7   -20.3   -13.3    91.3    50.5    76.9 -99.000 -99.000 -99.000 -99.000 -99.000 -9999.0 -9999.0 -9999.0 -9999.0 -9999.0
64757 20210109  2.424  -79.78   44.23     0.7    -9.4    -4.3    -4.2     0.0     7.36 C    -3.0   -14.7    -8.1    91.9    42.8    71.7 -99.000 -99.000 -99.000 -99.000 -99.000 -9999.0 -9999.0 -9999.0 -9999.0 -9999.0
64757 20210110  2.424  -79.78   44.23     0.8    -3.7    -1.5    -1.8     0.0     3.28 C    -0.4    -8.6    -2.9    89.5    66.8    79.9 -99.000 -99.000 -99.000 -99.000 -99.000 -9999.0 -9999.0 -9999.0 -9999.0 -9999.0
64757 20210111  2.424  -79.78   44.23    -1.2    -6.1    -3.6    -2.9     0.0     2.13 C    -1.7    -9.9    -4.2    89.0    73.2    81.3 -99.000 -99.000 -99.000 -99.000 -99.000 -9999.0 -9999.0 -9999.0 -9999.0 -9999.0
64757 20210112  2.424  -79.78   44.23    -1.5    -3.0    -2.3    -2.3     0.0     1.71 C    -2.2    -3.9    -2.8    93.5    82.2    87.9 -99.000 -99.000 -99.000 -99.000 -99.000 -9999.0 -9999.0 -9999.0 -9999.0 -9999.0
64757 20210113  2.424  -79.78   44.23     1.5    -2.0    -0.2    -0.1     0.0     2.24 C     0.1    -3.0    -1.3    89.5    75.4    83.4 -99.000 -99.000 -99.000 -99.000 -99.000 -9999.0 -9999.0 -9999.0 -9999.0 -9999.0
64757 20210114  2.424  -79.78   44.23     3.6    -0.3     1.7     1.3     0.0     4.95 C     0.3    -5.7    -0.8    91.5    55.2    77.9 -99.000 -99.000 -99.000 -99.000 -99.000 -9999.0 -9999.0 -9999.0 -9999.0 -9999.0
64757 20210115  2.424  -79.78   44.23     3.6    -0.7     1.4     1.7     0.2     4.19 C     0.4    -4.0    -0.6    94.4    73.8    82.4 -99.000 -99.000 -99.000 -99.000 -99.000 -9999.0 -9999.0 -9999.0 -9999.0 -9999.0
64757 20210116  2.424  -79.78   44.23     2.2    -2.3     0.0     0.0     0.0     7.06 C     0.0    -6.4    -2.2    96.5    62.5    80.4 -99.000 -99.000 -99.000 -99.000 -99.000 -9999.0 -9999.0 -9999.0 -9999.0 -9999.0
64757 20210117  2.424  -79.78   44.23     0.3    -4.1    -1.9    -1.2     1.0     2.27 C    -0.5    -4.2    -1.9    95.2    73.5    84.5 -99.000 -99.000 -99.000 -99.000 -99.000 -9999.0 -9999.0 -9999.0 -9999.0 -9999.0
64757 20210118  2.424  -79.78   44.23    -2.2    -5.4    -3.8    -4.2     0.0     3.61 C    -1.6    -7.1    -4.6    92.2    71.7    81.6 -99.000 -99.000 -99.000 -99.000 -99.000 -9999.0 -9999.0 -9999.0 -9999.0 -9999.0
64757 20210119  2.424  -79.78   44.23    -0.2    -4.8    -2.5    -2.9     0.8     4.74 C    -1.0    -9.3    -4.5    92.7    59.4    77.4 -99.000 -99.000 -99.000 -99.000 -99.000 -9999.0 -9999.0 -9999.0 -9999.0 -9999.0
64757 20210120  2.424  -79.78   44.23    -4.8   -11.6    -8.2    -8.1     2.6     4.64 C    -6.2   -13.5    -9.1    88.2    61.7    75.8 -99.000 -99.000 -99.000 -99.000 -99.000 -9999.0 -9999.0 -9999.0 -9999.0 -9999.0
64757 20210121  2.424  -79.78   44.23     2.3    -5.6    -1.7    -0.5     0.0     2.58 C    -0.2    -6.7    -2.3    82.1    65.7    74.6 -99.000 -99.000 -99.000 -99.000 -99.000 -9999.0 -9999.0 -9999.0 -9999.0 -9999.0
64757 20210122  2.424  -79.78   44.23     0.7   -11.0    -5.1    -4.7     3.6     5.00 C    -0.8   -15.1    -5.9    94.5    60.9    79.1 -99.000 -99.000 -99.000 -99.000 -99.000 -9999.0 -9999.0 -9999.0 -9999.0 -9999.0
64757 20210123  2.424  -79.78   44.23    -8.1   -17.6   -12.8   -11.6     0.9     7.57 C    -8.0   -26.3   -14.2    90.4    59.7    80.1 -99.000 -99.000 -99.000 -99.000 -99.000 -9999.0 -9999.0 -9999.0 -9999.0 -9999.0
64757 20210124  2.424  -79.78   44.23    -3.7   -10.1    -6.9    -6.8     0.0     4.75 C    -4.5   -16.4    -8.2    91.1    58.3    77.5 -99.000 -99.000 -99.000 -99.000 -99.000 -9999.0 -9999.0 -9999.0 -9999.0 -9999.0
64757 20210125  2.424  -79.78   44.23    -0.4    -6.1    -3.2    -3.0     0.0     4.57 C    -0.6    -8.0    -4.1    84.2    70.6    77.6 -99.000 -99.000 -99.000 -99.000 -99.000 -9999.0 -9999.0 -9999.0 -9999.0 -9999.0
64757 20210126  2.424  -79.78   44.23    -2.9    -5.9    -4.4    -4.2     8.6     1.98 C    -3.7    -9.3    -5.4    91.0    72.8    83.1 -99.000 -99.000 -99.000 -99.000 -99.000 -9999.0 -9999.0 -9999.0 -9999.0 -9999.0
64757 20210127  2.424  -79.78   44.23    -5.9   -12.4    -9.1    -8.0     0.2     8.31 C    -4.8   -22.7   -10.8    93.0    69.5    84.2 -99.000 -99.000 -99.000 -99.000 -99.000 -9999.0 -9999.0 -9999.0 -9999.0 -9999.0
64757 20210128  2.424  -79.78   44.23    -9.2   -15.4   -12.3   -12.5     4.4     6.08 C    -9.9   -23.5   -13.9    86.5    57.8    79.0 -99.000 -99.000 -99.000 -99.000 -99.000 -9999.0 -9999.0 -9999.0 -9999.0 -9999.0
64757 20210129  2.424  -79.78   44.23   -10.6   -16.4   -13.5   -12.8     1.2     4.03 C    -8.7   -26.9   -14.2    88.3    69.6    80.0 -99.000 -99.000 -99.000 -99.000 -99.000 -9999.0 -9999.0 -9999.0 -9999.0 -9999.0
64757 20210130  2.424  -79.78   44.23    -6.1   -20.6   -13.3   -13.2     0.0     9.81 C    -7.8   -30.2   -20.5    92.2    69.0    82.7 -99.000 -99.000 -99.000 -99.000 -99.000 -9999.0 -9999.0 -9999.0 -9999.0 -9999.0
64757 20210131  2.424  -79.78   44.23    -7.6   -19.8   -13.7   -12.1     0.0     7.07 C    -9.1   -27.1   -15.6    89.7    54.6    74.0 -99.000 -99.000 -99.000 -99.000 -99.000 -9999.0 -9999.0 -9999.0 -9999.0 -9999.0
64757 20210201  2.424  -79.78   44.23    -7.6   -19.3   -13.5   -12.7     0.0     8.10 C    -9.6   -25.6   -17.9    85.0    48.0    68.2 -99.000 -99.000 -99.000 -99.000 -99.000 -9999.0 -9999.0 -9999.0 -9999.0 -9999.0
64757 20210202  2.424  -79.78   44.23    -2.1   -14.4    -8.2    -7.5     0.0     9.12 C    -4.0   -21.7   -11.1    84.1    53.0    70.4 -99.000 -99.000 -99.000 -99.000 -99.000 -9999.0 -9999.0 -9999.0 -9999.0 -9999.0
64757 20210203  2.424  -79.78   44.23    -2.6    -9.2    -5.9    -5.4     0.0    10.60 C    -4.8   -13.2    -9.0    86.6    61.8    71.8 -99.000 -99.000 -99.000 -99.000 -99.000 -9999.0 -9999.0 -9999.0 -9999.0 -9999.0
64757 20210204  2.424  -79.78   44.23     2.7   -10.9    -4.1    -3.3     0.0    10.25 C    -1.6   -18.1    -8.6    94.3    40.8    72.5 -99.000 -99.000 -99.000 -99.000 -99.000 -9999.0 -9999.0 -9999.0 -9999.0 -9999.0
64757 20210205  2.424  -79.78   44.23     1.1    -9.0    -4.0    -3.9     3.6     3.93 C     0.0   -12.3    -5.0    94.5    61.2    76.4 -99.000 -99.000 -99.000 -99.000 -99.000 -9999.0 -9999.0 -9999.0 -9999.0 -9999.0
64757 20210206  2.424  -79.78   44.23    -7.4   -10.0    -8.7    -8.8     0.0     5.46 C    -8.4   -14.1   -10.6    83.9    57.6    68.5 -99.000 -99.000 -99.000 -99.000 -99.000 -9999.0 -9999.0 -9999.0 -9999.0 -9999.0
64757 20210207  2.424  -79.78   44.23    -6.9   -14.4   -10.7   -10.5     1.4     9.70 C    -6.4   -19.7   -12.9    87.7    46.8    70.3 -99.000 -99.000 -99.000 -99.000 -99.000 -9999.0 -9999.0 -9999.0 -9999.0 -9999.0
64757 20210208  2.424  -79.78   44.23    -9.2   -14.1   -11.7   -11.9     0.0    10.84 C    -8.4   -20.6   -14.7    74.8    51.8    65.2 -99.000 -99.000 -99.000 -99.000 -99.000 -9999.0 -9999.0 -9999.0 -9999.0 -9999.0
64757 20210209  2.424  -79.78   44.23    -4.6   -13.3    -8.9    -9.5     0.2     9.48 C    -1.8   -20.8   -11.7    89.9    48.5    71.9 -99.000 -99.000 -99.000 -99.000 -99.000 -9999.0 -9999.0 -9999.0 -9999.0 -9999.0
64757 20210210  2.424  -79.78   44.23    -6.5   -15.1   -10.8    -9.8     0.0     9.14 C    -6.0   -21.9   -13.2    80.6    53.2    68.5 -99.000 -99.000 -99.000 -99.000 -99.000 -9999.0 -9999.0 -9999.0 -9999.0 -9999.0
64757 20210211  2.424  -79.78   44.23    -6.7   -14.9   -10.8   -10.6     0.0    12.04 C    -6.3   -22.8   -14.1    92.0    49.6    70.1 -99.000 -99.000 -99.000 -99.000 -99.000 -9999.0 -9999.0 -9999.0 -9999.0 -9999.0
64757 20210212  2.424  -79.78   44.23   -12.5   -17.8   -15.2   -15.3     0.0     8.58 C   -10.9   -26.0   -16.4    88.3    51.8    64.5 -99.000 -99.000 -99.000 -99.000 -99.000 -9999.0 -9999.0 -9999.0 -9999.0 -9999.0
64757 20210213  2.424  -79.78   44.23   -11.9   -19.6   -15.8   -14.6     2.3     7.37 C    -8.8   -26.2   -15.5    88.6    50.3    69.4 -99.000 -99.000 -99.000 -99.000 -99.000 -9999.0 -9999.0 -9999.0 -9999.0 -9999.0
64757 20210214  2.424  -79.78   44.23    -6.0   -16.9   -11.5   -10.1     0.2    11.50 C    -4.3   -27.1   -13.0    90.6    62.0    77.6 -99.000 -99.000 -99.000 -99.000 -99.000 -9999.0 -9999.0 -9999.0 -9999.0 -9999.0
64757 20210215  2.424  -79.78   44.23    -6.5   -11.9    -9.2    -9.0     2.7     7.60 C    -6.0   -11.9    -9.2    87.3    58.7    74.8 -99.000 -99.000 -99.000 -99.000 -99.000 -9999.0 -9999.0 -9999.0 -9999.0 -9999.0
64757 20210216  2.424  -79.78   44.23    -9.1   -13.5   -11.3   -11.3     9.3     8.97 C    -8.2   -23.9   -11.8    87.6    68.1    80.2 -99.000 -99.000 -99.000 -99.000 -99.000 -9999.0 -9999.0 -9999.0 -9999.0 -9999.0
64757 20210217  2.424  -79.78   44.23    -4.8   -18.3   -11.5   -10.3     0.0     7.73 C    -5.8   -27.4   -14.4    90.8    48.4    69.4 -99.000 -99.000 -99.000 -99.000 -99.000 -9999.0 -9999.0 -9999.0 -9999.0 -9999.0
64757 20210218  2.424  -79.78   44.23    -4.6   -14.6    -9.6    -8.3     0.0     7.68 C    -5.3   -20.9   -10.6    85.7    57.4    71.9 -99.000 -99.000 -99.000 -99.000 -99.000 -9999.0 -9999.0 -9999.0 -9999.0 -9999.0
64757 20210219  2.424  -79.78   44.23    -3.2    -9.6    -6.4    -6.9     2.2     8.05 C    -1.2   -20.7    -8.5    91.3    67.2    82.1 -99.000 -99.000 -99.000 -99.000 -99.000 -9999.0 -9999.0 -9999.0 -9999.0 -9999.0
64757 20210220  2.424  -79.78   44.23    -4.0   -12.6    -8.3    -7.9     0.2    10.55 C    -2.7   -23.0   -13.4    92.5    64.7    81.5 -99.000 -99.000 -99.000 -99.000 -99.000 -9999.0 -9999.0 -9999.0 -9999.0 -9999.0
64757 20210221  2.424  -79.78   44.23    -2.6   -12.9    -7.7    -6.9     0.0    13.33 C    -4.8   -23.2   -11.4    90.8    47.6    72.8 -99.000 -99.000 -99.000 -99.000 -99.000 -9999.0 -9999.0 -9999.0 -9999.0 -9999.0
64757 20210222  2.424  -79.78   44.23     2.7    -5.3    -1.3    -0.4     3.0     3.69 C     0.3    -9.4    -1.9    92.1    61.1    79.7 -99.000 -99.000 -99.000 -99.000 -99.000 -9999.0 -9999.0 -9999.0 -9999.0 -9999.0
64757 20210223  2.424  -79.78   44.23     4.1    -1.4     1.4     1.4     0.3     4.69 C     0.2    -7.3    -1.2    87.9    64.1    77.1 -99.000 -99.000 -99.000 -99.000 -99.000 -9999.0 -9999.0 -9999.0 -9999.0 -9999.0
64757 20210224  2.424  -79.78   44.23     6.1    -2.7     1.7     1.0     0.0     6.16 C     0.3    -7.5    -1.9    89.5    60.6    78.2 -99.000 -99.000 -99.000 -99.000 -99.000 -9999.0 -9999.0 -9999.0 -9999.0 -9999.0
64757 20210225  2.424  -79.78   44.23    -1.1    -5.8    -3.4    -3.4     0.0    13.10 C    -1.6    -9.2    -4.9    78.5    51.7    66.4 -99.000 -99.000 -99.000 -99.000 -99.000 -9999.0 -9999.0 -9999.0 -9999.0 -9999.0
64757 20210226  2.424  -79.78   44.23     2.6    -9.1    -3.2    -2.7     0.0    14.98 C    -0.3   -15.9    -7.4    86.0    43.6    68.1 -99.000 -99.000 -99.000 -99.000 -99.000 -9999.0 -9999.0 -9999.0 -9999.0 -9999.0
64757 20210227  2.424  -79.78   44.23     4.8    -3.8     0.5     0.9     4.0     9.67 C     0.5   -11.2    -2.4    94.7    62.2    80.1 -99.000 -99.000 -99.000 -99.000 -99.000 -9999.0 -9999.0 -9999.0 -9999.0 -9999.0
64757 20210228  2.424  -79.78   44.23     4.9    -4.0     0.4     0.6     1.2     6.70 C     0.6    -8.0    -2.0    98.5    61.1    91.4 -99.000 -99.000 -99.000 -99.000 -99.000 -9999.0 -9999.0 -9999.0 -9999.0 -9999.0
64757 20210301  2.424  -79.78   44.23     5.2   -13.9    -4.3    -4.3     1.8     8.13 C     0.4   -13.3    -5.4    96.9    43.2    67.0 -99.000 -99.000 -99.000 -99.000 -99.000 -9999.0 -9999.0 -9999.0 -9999.0 -9999.0
64757 20210302  2.424  -79.78   44.23    -0.9   -17.0    -9.0    -9.3     1.3    11.67 C    -4.3   -24.8   -10.1    84.1    45.4    67.5 -99.000 -99.000 -99.000 -99.000 -99.000 -9999.0 -9999.0 -9999.0 -9999.0 -9999.0
64757 20210303  2.424  -79.78   44.23     4.2    -2.4     0.9     0.7     0.0    11.76 C     0.6    -7.6    -2.3    79.0    54.2    68.7 -99.000 -99.000 -99.000 -99.000 -99.000 -9999.0 -9999.0 -9999.0 -9999.0 -9999.0
64757 20210304  2.424  -79.78   44.23    -0.6   -11.2    -5.9    -7.1     0.0    15.67 C    -1.8   -17.1    -8.3    80.9    46.2    65.2 -99.000 -99.000 -99.000 -99.000 -99.000 -9999.0 -9999.0 -9999.0 -9999.0 -9999.0
64757 20210305  2.424  -79.78   44.23    -1.5   -11.8    -6.6    -6.3     0.0    15.64 C    -2.8   -16.7    -8.9    70.6    34.6    53.6 -99.000 -99.000 -99.000 -99.000 -99.000 -9999.0 -9999.0 -9999.0 -9999.0 -9999.0
64757 20210306  2.424  -79.78   44.23    -3.6   -10.0    -6.8    -7.1     0.7    12.91 C    -5.9   -17.0    -9.1    85.9    37.1    60.9 -99.000 -99.000 -99.000 -99.000 -99.000 -9999.0 -9999.0 -9999.0 -9999.0 -9999.0
64757 20210307  2.424  -79.78   44.23    -5.7   -14.8   -10.3    -9.9     0.0    17.04 C    -4.8   -22.1   -14.1    88.0    44.6    67.8 -99.000 -99.000 -99.000 -99.000 -99.000 -9999.0 -9999.0 -9999.0 -9999.0 -9999.0
64757 20210308  2.424  -79.78   44.23     6.6   -14.6    -4.0    -2.0     0.0    10.16 C     0.5   -19.0    -5.6    85.7    48.7    68.7 -99.000 -99.000 -99.000 -99.000 -99.000 -9999.0 -9999.0 -9999.0 -9999.0 -9999.0
64757 20210309  2.424  -79.78   44.23     6.7     0.3     3.5     3.3     0.0    16.28 C     0.8    -5.0    -1.2    88.0    48.4    68.0 -99.000 -99.000 -99.000 -99.000 -99.000 -9999.0 -9999.0 -9999.0 -9999.0 -9999.0
64757 20210310  2.424  -79.78   44.23    11.6    -1.0     5.3     6.0     0.0    12.15 C     4.0    -7.4    -0.2    86.5    44.5    61.9 -99.000 -99.000 -99.000 -99.000 -99.000 -9999.0 -9999.0 -9999.0 -9999.0 -9999.0
64757 20210311  2.424  -79.78   44.23    17.8     5.2    11.5    12.5     0.6    10.76 C    16.2     0.1     7.8    76.5    40.7    55.8 -99.000 -99.000 -99.000 -99.000 -99.000 -9999.0 -9999.0 -9999.0 -9999.0 -9999.0
64757 20210312  2.424  -79.78   44.23     8.4    -4.8     1.8     1.0     0.0    13.73 C    14.2    -6.5     0.3    88.4    37.9    60.8 -99.000 -99.000 -99.000 -99.000 -99.000 -9999.0 -9999.0 -9999.0 -9999.0 -9999.0
64757 20210313  2.424  -79.78   44.23     4.4    -8.9    -2.2    -1.3     0.0    17.27 C    12.1   -11.9     0.1    61.8    37.1    48.0 -99.000 -99.000 -99.000 -99.000 -99.000 -9999.0 -9999.0 -9999.0 -9999.0 -9999.0
64757 20210314  2.424  -79.78   44.23     3.9    -6.8    -1.5    -2.0     0.0    15.70 C     7.1    -8.5    -1.9    76.0    36.4    51.3 -99.000 -99.000 -99.000 -99.000 -99.000 -9999.0 -9999.0 -9999.0 -9999.0 -9999.0
64757 20210315  2.424  -79.78   44.23    -1.8   -11.2    -6.5    -6.1     0.0    17.38 C    12.9   -12.8    -3.0    67.2    20.1    38.8 -99.000 -99.000 -99.000 -99.000 -99.000 -9999.0 -9999.0 -9999.0 -9999.0 -9999.0
64757 20210316  2.424  -79.78   44.23     2.3    -5.9    -1.8    -1.1     0.0     6.91 C     9.0    -7.7     0.1    69.0    34.0    52.1 -99.000 -99.000 -99.000 -99.000 -99.000 -9999.0 -9999.0 -9999.0 -9999.0 -9999.0
64757 20210317  2.424  -79.78   44.23    10.1    -0.5     4.8     3.2     0.0     9.76 C    18.1    -0.9     4.8    92.7    48.4    62.8 -99.000 -99.000 -99.000 -99.000 -99.000 -9999.0 -9999.0 -9999.0 -9999.0 -9999.0
64757 20210318  2.424  -79.78   44.23     6.0    -3.3     1.3     1.5     0.7     9.06 C    12.5    -6.0     1.7    95.7    22.7    63.7 -99.000 -99.000 -99.000 -99.000 -99.000 -9999.0 -9999.0 -9999.0 -9999.0 -9999.0
64757 20210319  2.424  -79.78   44.23     5.4    -7.7    -1.1    -1.5     0.0    18.37 C    18.1   -11.0    -0.3    59.2    23.8    39.1 -99.000 -99.000 -99.000 -99.000 -99.000 -9999.0 -9999.0 -9999.0 -9999.0 -9999.0
64757 20210320  2.424  -79.78   44.23    13.6    -2.0     5.8     5.2     0.0    19.14 C    24.0    -7.2     3.8    62.4    18.1    42.2 -99.000 -99.000 -99.000 -99.000 -99.000 -9999.0 -9999.0 -9999.0 -9999.0 -9999.0
64757 20210321  2.424  -79.78   44.23    17.1    -0.9     8.1     7.7     0.0    18.80 C    25.1    -8.0     4.9    65.9    15.5    36.6 -99.000 -99.000 -99.000 -99.000 -99.000 -9999.0 -9999.0 -9999.0 -9999.0 -9999.0
64757 20210322  2.424  -79.78   44.23    19.6     0.4    10.0     9.4     0.0    17.44 C    25.2    -7.0     6.9    54.4    23.6    38.0 -99.000 -99.000 -99.000 -99.000 -99.000 -9999.0 -9999.0 -9999.0 -9999.0 -9999.0
64757 20210323  2.424  -79.78   44.23    18.9     4.3    11.6    10.8     0.0    13.60 C    25.7    -4.0     7.6    52.4    14.9    33.0 -99.000 -99.000 -99.000 -99.000 -99.000 -9999.0 -9999.0 -9999.0 -9999.0 -9999.0
64757 20210324  2.424  -79.78   44.23    17.7     5.6    11.7    12.1     0.0    14.28 C    27.2     0.2    11.5    87.0    37.1    63.3 -99.000 -99.000 -99.000 -99.000 -99.000 -9999.0 -9999.0 -9999.0 -9999.0 -9999.0
64757 20210325  2.424  -79.78   44.23    18.3     4.3    11.3    10.8     0.4    15.87 C    27.3     1.6    11.1    91.7    41.7    68.8 -99.000 -99.000 -99.000 -99.000 -99.000 -9999.0 -9999.0 -9999.0 -9999.0 -9999.0
64757 20210326  2.424  -79.78   44.23     6.9     0.0     3.5     3.2    28.5     4.24 C     8.6     0.8     4.1    97.6    83.0    91.6 -99.000 -99.000 -99.000 -99.000 -99.000 -9999.0 -9999.0 -9999.0 -9999.0 -9999.0
64757 20210327  2.424  -79.78   44.23     7.8     0.7     4.2     3.9     0.0     5.75 C    13.7     0.5     5.1    93.1    74.4    83.3 -99.000 -99.000 -99.000 -99.000 -99.000 -9999.0 -9999.0 -9999.0 -9999.0 -9999.0
64757 20210328  2.424  -79.78   44.23     9.3    -0.2     4.5     3.8     7.2     6.19 C    14.3    -0.8     4.4    94.2    64.2    86.2 -99.000 -99.000 -99.000 -99.000 -99.000 -9999.0 -9999.0 -9999.0 -9999.0 -9999.0
64757 20210329  2.424  -79.78   44.23     4.6    -2.4     1.1     1.0     0.0    17.92 C    17.9    -5.1     2.6    85.1    46.0    63.3 -99.000 -99.000 -99.000 -99.000 -99.000 -9999.0 -9999.0 -9999.0 -9999.0 -9999.0
64757 20210330  2.424  -79.78   44.23    18.5     0.6     9.5    10.7     0.0    16.44 C    21.7    -1.5     9.2    74.3    22.5    46.3 -99.000 -99.000 -99.000 -99.000 -99.000 -9999.0 -9999.0 -9999.0 -9999.0 -9999.0
64757 20210331  2.424  -79.78   44.23    15.2    -1.1     7.0     5.4     0.8    11.93 C    17.2    -2.9     6.4    95.9    38.3    66.6 -99.000 -99.000 -99.000 -99.000 -99.000 -9999.0 -9999.0 -9999.0 -9999.0 -9999.0
64757 20210401  2.424  -79.78   44.23    -1.1    -4.1    -2.6    -2.5     0.0    16.86 C    10.1    -5.9    -0.9    79.5    30.1    50.7 -99.000 -99.000 -99.000 -99.000 -99.000 -9999.0 -9999.0 -9999.0 -9999.0 -9999.0
64757 20210402  2.424  -79.78   44.23     0.8    -6.2    -2.7    -2.4     0.0    21.88 C    12.1   -10.7    -1.4    53.4    24.3    36.9 -99.000 -99.000 -99.000 -99.000 -99.000 -9999.0 -9999.0 -9999.0 -9999.0 -9999.0
64757 20210403  2.424  -79.78   44.23     8.9    -7.0     0.9     1.4     0.0    11.68 C    16.0   -10.9     0.5    86.3    26.8    58.0 -99.000 -99.000 -99.000 -99.000 -99.000 -9999.0 -9999.0 -9999.0 -9999.0 -9999.0
64757 20210404  2.424  -79.78   44.23    13.8    -3.8     5.0     5.1     0.0    21.03 C    25.4    -8.0     4.8    96.4    31.6    61.9 -99.000 -99.000 -99.000 -99.000 -99.000 -9999.0 -9999.0 -9999.0 -9999.0 -9999.0
64757 20210405  2.424  -79.78   44.23    14.5    -2.1     6.2     7.3     0.0    15.02 C    23.3    -4.9     6.6    83.2    31.6    53.7 -99.000 -99.000 -99.000 -99.000 -99.000 -9999.0 -9999.0 -9999.0 -9999.0 -9999.0
64757 20210406  2.424  -79.78   44.23    14.5    -0.7     6.9     7.9     1.5    12.24 C    21.3    -3.9     6.9    86.5    29.0    56.6 -99.000 -99.000 -99.000 -99.000 -99.000 -9999.0 -9999.0 -9999.0 -9999.0 -9999.0
64757 20210407  2.424  -79.78   44.23    19.6     2.3    10.9    10.7     0.0    20.17 C    26.7    -1.5     9.9    90.7    26.8    55.3 -99.000 -99.000 -99.000 -99.000 -99.000 -9999.0 -9999.0 -9999.0 -9999.0 -9999.0
64757 20210408  2.424  -79.78   44.23    24.3     4.9    14.6    15.3     0.0    20.89 C    29.3     0.5    14.1    84.3    34.2    53.1 -99.000 -99.000 -99.000 -99.000 -99.000 -9999.0 -9999.0 -9999.0 -9999.0 -9999.0
64757 20210409  2.424  -79.78   44.23    19.7    11.7    15.7    15.2     0.0    12.14 C    26.1     8.1    14.0    78.0    49.8    66.2 -99.000 -99.000 -99.000 -99.000 -99.000 -9999.0 -9999.0 -9999.0 -9999.0 -9999.0
64757 20210410  2.424  -79.78   44.23    22.5    10.2    16.4    16.1     0.0    17.66 C    29.5     6.3    15.3    88.6    41.7    65.0 -99.000 -99.000 -99.000 -99.000 -99.000 -9999.0 -9999.0 -9999.0 -9999.0 -9999.0
64757 20210411  2.424  -79.78   44.23    17.2    12.1    14.6    14.1    21.3     3.73 C    18.8    11.5    13.3    94.7    46.9    81.6 -99.000 -99.000 -99.000 -99.000 -99.000 -9999.0 -9999.0 -9999.0 -9999.0 -9999.0
64757 20210412  2.424  -79.78   44.23    12.1     7.7     9.9     9.3     1.3     2.47 C    13.6     7.5     9.7    95.1    88.3    91.3 -99.000 -99.000 -99.000 -99.000 -99.000 -9999.0 -9999.0 -9999.0 -9999.0 -9999.0
64757 20210413  2.424  -79.78   44.23    17.0     5.6    11.3     9.9     0.0    13.88 C    26.6     1.7    10.8    96.3    36.9    79.1 -99.000 -99.000 -99.000 -99.000 -99.000 -9999.0 -9999.0 -9999.0 -9999.0 -9999.0
64757 20210414  2.424  -79.78   44.23    14.8     3.5     9.2     8.1     0.0    17.16 C    26.4     0.4    10.1    98.6    43.6    71.4 -99.000 -99.000 -99.000 -99.000 -99.000 -9999.0 -9999.0 -9999.0 -9999.0 -9999.0
64757 20210415  2.424  -79.78   44.23     6.5     2.2     4.3     3.7     1.9     8.04 C    13.5     2.7     5.9    96.2    61.9    83.6 -99.000 -99.000 -99.000 -99.000 -99.000 -9999.0 -9999.0 -9999.0 -9999.0 -9999.0
64757 20210416  2.424  -79.78   44.23     4.2     1.7     3.0     3.3     0.7     5.83 C     9.2     2.6     4.9    98.1    86.5    93.1 -99.000 -99.000 -99.000 -99.000 -99.000 -9999.0 -9999.0 -9999.0 -9999.0 -9999.0
64757 20210417  2.424  -79.78   44.23    11.1     2.2     6.7     6.2     0.0    18.05 C    21.1    -1.8     8.1    99.0    51.9    80.9 -99.000 -99.000 -99.000 -99.000 -99.000 -9999.0 -9999.0 -9999.0 -9999.0 -9999.0
64757 20210418  2.424  -79.78   44.23    14.1     1.1     7.6     6.8     0.0    16.84 C    25.7    -3.0     7.5    92.7    42.2    67.7 -99.000 -99.000 -99.000 -99.000 -99.000 -9999.0 -9999.0 -9999.0 -9999.0 -9999.0
64757 20210419  2.424  -79.78   44.23    16.2    -0.8     7.7     6.9     2.9    13.47 C    22.7    -3.6     7.1    93.6    33.6    72.3 -99.000 -99.000 -99.000 -99.000 -99.000 -9999.0 -9999.0 -9999.0 -9999.0 -9999.0
64757 20210420  2.424  -79.78   44.23     2.7    -1.0     0.8     1.1     0.0     6.85 C     7.0    -0.7     2.3    93.5    52.4    68.2 -99.000 -99.000 -99.000 -99.000 -99.000 -9999.0 -9999.0 -9999.0 -9999.0 -9999.0
64757 20210421  2.424  -79.78   44.23     0.6    -2.7    -1.0    -1.2     0.9    19.09 C    14.4    -2.0     2.1    93.2    51.5    64.9 -99.000 -99.000 -99.000 -99.000 -99.000 -9999.0 -9999.0 -9999.0 -9999.0 -9999.0
64757 20210422  2.424  -79.78   44.23     4.0    -2.8     0.6     0.1     1.5    12.95 C    11.1    -6.5     0.5    92.4    39.3    65.4 -99.000 -99.000 -99.000 -99.000 -99.000 -9999.0 -9999.0 -9999.0 -9999.0 -9999.0
64757 20210423  2.424  -79.78   44.23    17.0    -1.8     7.6     8.3     0.0    24.36 C    25.6    -7.1     8.1    72.9    28.3    45.3 -99.000 -99.000 -99.000 -99.000 -99.000 -9999.0 -9999.0 -9999.0 -9999.0 -9999.0
64757 20210424  2.424  -79.78   44.23    16.7     5.1    10.9    11.9     0.0    19.62 C    27.3    -1.7    11.5    63.5    27.1    43.2 -99.000 -99.000 -99.000 -99.000 -99.000 -9999.0 -9999.0 -9999.0 -9999.0 -9999.0
64757 20210425  2.424  -79.78   44.23    10.6     0.0     5.3     4.5     2.1     7.11 C    14.3    -0.1     5.4    93.8    50.8    71.6 -99.000 -99.000 -99.000 -99.000 -99.000 -9999.0 -9999.0 -9999.0 -9999.0 -9999.0
64757 20210426  2.424  -79.78   44.23     9.5    -3.1     3.2     3.5     1.9    22.63 C    23.4    -5.7     7.3    86.0    25.8    48.7 -99.000 -99.000 -99.000 -99.000 -99.000 -9999.0 -9999.0 -9999.0 -9999.0 -9999.0
64757 20210427  2.424  -79.78   44.23    15.7     2.8     9.2     8.8     2.4    15.61 C    24.6     2.4    10.4    88.7    35.0    58.4 -99.000 -99.000 -99.000 -99.000 -99.000 -9999.0 -9999.0 -9999.0 -9999.0 -9999.0
64757 20210428  2.424  -79.78   44.23    15.9     6.5    11.2     9.9    11.8     7.04 C    24.4     5.9    10.9    97.6    78.9    90.1 -99.000 -99.000 -99.000 -99.000 -99.000 -9999.0 -9999.0 -9999.0 -9999.0 -9999.0
64757 20210429  2.424  -79.78   44.23    10.0     7.0     8.5     7.9     6.1     2.70 C    13.9     7.4     9.2    97.3    89.3    95.7 -99.000 -99.000 -99.000 -99.000 -99.000 -9999.0 -9999.0 -9999.0 -9999.0 -9999.0
64757 20210430  2.424  -79.78   44.23     7.3     3.1     5.2     5.3     0.0     9.19 C    10.8     0.9     5.6    94.0    50.4    71.4 -99.000 -99.000 -99.000 -99.000 -99.000 -9999.0 -9999.0 -9999.0 -9999.0 -9999.0
64757 20210501  2.424  -79.78   44.23    14.1    -1.7     6.2     6.6     1.1    19.07 C    23.5    -5.2     7.8    79.6    29.4    54.0 -99.000 -99.000 -99.000 -99.000 -99.000 -9999.0 -9999.0 -9999.0 -9999.0 -9999.0
64757 20210502  2.424  -79.78   44.23    14.6     3.4     9.0     9.5    11.8     6.08 C    19.4     0.6     9.1    93.8    59.5    81.6 -99.000 -99.000 -99.000 -99.000 -99.000 -9999.0 -9999.0 -9999.0 -9999.0 -9999.0
64757 20210503  2.424  -79.78   44.23    13.0     7.0    10.0    10.2    13.0     5.40 C    16.7     7.5    10.7    96.1    71.7    87.7 -99.000 -99.000 -99.000 -99.000 -99.000 -9999.0 -9999.0 -9999.0 -9999.0 -9999.0
64757 20210504  2.424  -79.78   44.23    11.7     6.4     9.1     8.5     7.5     4.29 C    15.0     7.0     9.8    97.3    92.0    95.0 -99.000 -99.000 -99.000 -99.000 -99.000 -9999.0 -9999.0 -9999.0 -9999.0 -9999.0
64757 20210505  2.424  -79.78   44.23     9.2     3.5     6.3     6.9     0.0    10.55 C    17.5    -0.2     7.6    96.1    65.9    83.7 -99.000 -99.000 -99.000 -99.000 -99.000 -9999.0 -9999.0 -9999.0 -9999.0 -9999.0
64757 20210506  2.424  -79.78   44.23    12.4     0.7     6.6     6.7     0.0    21.55 C    29.3    -2.0     9.9    95.0    43.2    67.5 -99.000 -99.000 -99.000 -99.000 -99.000 -9999.0 -9999.0 -9999.0 -9999.0 -9999.0
64757 20210507  2.424  -79.78   44.23    11.7     1.2     6.5     6.7     0.0    16.99 C    27.9    -0.5     8.9    93.1    39.9    63.9 -99.000 -99.000 -99.000 -99.000 -99.000 -9999.0 -9999.0 -9999.0 -9999.0 -9999.0
64757 20210508  2.424  -79.78   44.23    11.9     1.6     6.8     6.7     0.0    26.43 C    24.7    -1.5     9.2    87.2    46.5    68.2 -99.000 -99.000 -99.000 -99.000 -99.000 -9999.0 -9999.0 -9999.0 -9999.0 -9999.0
64757 20210509  2.424  -79.78   44.23    11.9    -0.2     5.9     6.6     0.0    21.63 C    23.8    -3.3     8.5    92.0    29.5    58.9 -99.000 -99.000 -99.000 -99.000 -99.000 -9999.0 -9999.0 -9999.0 -9999.0 -9999.0
64757 20210510  2.424  -79.78   44.23    11.5    -0.4     5.5     5.4     0.0    14.87 C    29.1    -4.1     6.2    87.4    44.1    69.1 -99.000 -99.000 -99.000 -99.000 -99.000 -9999.0 -9999.0 -9999.0 -9999.0 -9999.0
64757 20210511  2.424  -79.78   44.23     7.9     0.9     4.4     4.2     0.4    12.69 C    20.0    -2.7     5.5    89.3    62.0    79.6 -99.000 -99.000 -99.000 -99.000 -99.000 -9999.0 -9999.0 -9999.0 -9999.0 -9999.0
64757 20210512  2.424  -79.78   44.23    15.1     1.2     8.1     9.4     0.0    27.54 C    25.8    -1.4    10.6    92.7    26.4    53.8 -99.000 -99.000 -99.000 -99.000 -99.000 -9999.0 -9999.0 -9999.0 -9999.0 -9999.0
64757 20210513  2.424  -79.78   44.23    19.0     3.6    11.3    11.7     0.0    27.23 C    32.1    -1.8    12.5    64.9    25.0    44.0 -99.000 -99.000 -99.000 -99.000 -99.000 -9999.0 -9999.0 -9999.0 -9999.0 -9999.0
64757 20210514  2.424  -79.78   44.23    20.5     2.4    11.5    13.2     0.0    24.67 C    34.3    -1.4    13.3    76.2    19.1    40.0 -99.000 -99.000 -99.000 -99.000 -99.000 -9999.0 -9999.0 -9999.0 -9999.0 -9999.0
64757 20210515  2.424  -79.78   44.23    20.6     4.1    12.3    13.7     0.0    15.87 C    32.3     0.2    12.6    72.3    24.9    45.9 -99.000 -99.000 -99.000 -99.000 -99.000 -9999.0 -9999.0 -9999.0 -9999.0 -9999.0
64757 20210516  2.424  -79.78   44.23    22.0     6.6    14.3    14.5     0.0    21.21 C    36.0     3.5    15.3    80.4    19.6    48.9 -99.000 -99.000 -99.000 -99.000 -99.000 -9999.0 -9999.0 -9999.0 -9999.0 -9999.0
64757 20210517  2.424  -79.78   44.23    23.2     4.7    13.9    15.0     0.0    23.17 C    35.9     1.8    16.6    89.1    30.2    56.1 -99.000 -99.000 -99.000 -99.000 -99.000 -9999.0 -9999.0 -9999.0 -9999.0 -9999.0
64757 20210518  2.424  -79.78   44.23    26.4     8.0    17.2    18.0     0.0    23.90 C    37.4     4.9    18.5    86.4    22.9    54.0 -99.000 -99.000 -99.000 -99.000 -99.000 -9999.0 -9999.0 -9999.0 -9999.0 -9999.0
64757 20210519  2.424  -79.78   44.23    27.2     8.6    17.9    19.4     0.0    19.62 C    37.6     5.7    19.1    84.0    30.2    52.5 -99.000 -99.000 -99.000 -99.000 -99.000 -9999.0 -9999.0 -9999.0 -9999.0 -9999.0
64757 20210520  2.424  -79.78   44.23    28.1    15.4    21.7    21.2     0.0    11.20 C    39.8    11.7    20.5    83.8    41.2    58.7 -99.000 -99.000 -99.000 -99.000 -99.000 -9999.0 -9999.0 -9999.0 -9999.0 -9999.0
64757 20210521  2.424  -79.78   44.23    30.5    15.9    23.2    23.5     0.0    19.18 C    38.9    12.6    22.6    86.0    28.2    53.0 -99.000 -99.000 -99.000 -99.000 -99.000 -9999.0 -9999.0 -9999.0 -9999.0 -9999.0
64757 20210522  2.424  -79.78   44.23    23.1    17.3    20.2    20.1     0.5     9.02 C    34.4    14.7    20.1    93.9    60.2    76.7 -99.000 -99.000 -99.000 -99.000 -99.000 -9999.0 -9999.0 -9999.0 -9999.0 -9999.0
64757 20210523  2.424  -79.78   44.23    19.8     8.8    14.3    15.6     0.0    16.84 C    32.7     5.7    17.6    96.3    54.1    78.1 -99.000 -99.000 -99.000 -99.000 -99.000 -9999.0 -9999.0 -9999.0 -9999.0 -9999.0
64757 20210524  2.424  -79.78   44.23    23.0     7.5    15.2    15.7     0.0    25.64 C    36.7     4.2    19.0    76.7    34.3    49.4 -99.000 -99.000 -99.000 -99.000 -99.000 -9999.0 -9999.0 -9999.0 -9999.0 -9999.0
64757 20210525  2.424  -79.78   44.23    30.6    13.1    21.9    23.4     0.0    18.04 C    38.5    11.6    23.4    79.9    32.4    53.1 -99.000 -99.000 -99.000 -99.000 -99.000 -9999.0 -9999.0 -9999.0 -9999.0 -9999.0
64757 20210526  2.424  -79.78   44.23    23.9     8.6    16.2    19.0     3.8     9.83 C    26.9     6.8    18.5    93.0    50.8    68.0 -99.000 -99.000 -99.000 -99.000 -99.000 -9999.0 -9999.0 -9999.0 -9999.0 -9999.0
64757 20210527  2.424  -79.78   44.23    12.5     6.3     9.4     8.9     0.0    25.92 C    28.4     5.2    14.3    85.0    36.6    60.7 -99.000 -99.000 -99.000 -99.000 -99.000 -9999.0 -9999.0 -9999.0 -9999.0 -9999.0
64757 20210528  2.424  -79.78   44.23    10.3     1.3     5.8     5.8     6.1     9.74 C    16.2    -0.3     6.7    93.7    37.3    65.5 -99.000 -99.000 -99.000 -99.000 -99.000 -9999.0 -9999.0 -9999.0 -9999.0 -9999.0
64757 20210529  2.424  -79.78   44.23    17.0    -1.2     7.9     8.4     0.0    26.28 C    29.5    -1.8    11.0    92.7    25.9    55.0 -99.000 -99.000 -99.000 -99.000 -99.000 -9999.0 -9999.0 -9999.0 -9999.0 -9999.0
64757 20210530  2.424  -79.78   44.23    19.5     0.1     9.8    11.7     0.0    28.20 C    35.7    -1.9    14.9    90.0    20.4    49.1 -99.000 -99.000 -99.000 -99.000 -99.000 -9999.0 -9999.0 -9999.0 -9999.0 -9999.0
64757 20210531  2.424  -79.78   44.23    22.9     2.6    12.8    14.4     0.0    25.53 C    41.0     0.3    17.8    84.0    26.2    47.6 -99.000 -99.000 -99.000 -99.000 -99.000 -9999.0 -9999.0 -9999.0 -9999.0 -9999.0
64757 20210601  2.424  -79.78   44.23    24.1    10.0    17.0    17.9     0.0    23.44 C    41.0     6.9    20.7    83.0    29.6    49.9 -99.000 -99.000 -99.000 -99.000 -99.000 -9999.0 -9999.0 -9999.0 -9999.0 -9999.0
64757 20210602  2.424  -79.78   44.23    24.9     7.2    16.0    17.5     0.8    22.41 C    42.1     3.8    20.8    92.8    27.0    56.9 -99.000 -99.000 -99.000 -99.000 -99.000 -9999.0 -9999.0 -9999.0 -9999.0 -9999.0
64757 20210603  2.424  -79.78   44.23    23.6    14.0    18.8    18.1    17.7    17.80 C    34.7    14.0    20.7    96.3    56.8    80.8 -99.000 -99.000 -99.000 -99.000 -99.000 -9999.0 -9999.0 -9999.0 -9999.0 -9999.0
64757 20210604  2.424  -79.78   44.23    25.9    15.3    20.6    20.4     0.0    14.82 C    39.5    13.9    21.6    91.3    50.3    71.9 -99.000 -99.000 -99.000 -99.000 -99.000 -9999.0 -9999.0 -9999.0 -9999.0 -9999.0
64757 20210605  2.424  -79.78   44.23    29.4    18.0    23.7    24.6     0.0    19.44 C    38.5    15.0    23.6    83.8    38.3    50.3 -99.000 -99.000 -99.000 -99.000 -99.000 -9999.0 -9999.0 -9999.0 -9999.0 -9999.0
64757 20210606  2.424  -79.78   44.23    31.9    21.6    26.8    26.3     0.0    23.99 C    41.1    16.9    26.8    63.8    34.3    51.7 -99.000 -99.000 -99.000 -99.000 -99.000 -9999.0 -9999.0 -9999.0 -9999.0 -9999.0
64757 20210607  2.424  -79.78   44.23    29.6    19.4    24.5    24.3     0.7    10.62 C    38.5    15.1    24.1    87.0    52.2    65.9 -99.000 -99.000 -99.000 -99.000 -99.000 -9999.0 -9999.0 -9999.0 -9999.0 -9999.0
64757 20210608  2.424  -79.78   44.23    26.4    19.9    23.2    22.7     5.8    12.25 C    41.8    19.9    24.6    96.3    69.3    86.9 -99.000 -99.000 -99.000 -99.000 -99.000 -9999.0 -9999.0 -9999.0 -9999.0 -9999.0
64757 20210609  2.424  -79.78   44.23    28.4    17.1    22.8    23.3     0.0    23.33 C    40.7    17.1    26.0    99.2    45.1    75.2 -99.000 -99.000 -99.000 -99.000 -99.000 -9999.0 -9999.0 -9999.0 -9999.0 -9999.0
64757 20210610  2.424  -79.78   44.23    26.6    16.3    21.4    21.1     0.0    27.30 C    42.2    13.9    24.6    82.8    33.1    48.3 -99.000 -99.000 -99.000 -99.000 -99.000 -9999.0 -9999.0 -9999.0 -9999.0 -9999.0
64757 20210611  2.424  -79.78   44.23    25.2    13.8    19.5    18.6     0.0    19.67 C    43.4    11.9    22.8    89.4    44.3    62.1 -99.000 -99.000 -99.000 -99.000 -99.000 -9999.0 -9999.0 -9999.0 -9999.0 -9999.0
64757 20210612  2.424  -79.78   44.23    26.3    12.5    19.4    19.8     0.0    24.29 C    45.9    10.9    25.1    97.2    37.6    63.0 -99.000 -99.000 -99.000 -99.000 -99.000 -9999.0 -9999.0 -9999.0 -9999.0 -9999.0
64757 20210613  2.424  -79.78   44.23    26.3    15.7    21.0    21.0     0.0    23.27 C    45.3    13.4    25.8    84.0    48.8    61.3 -99.000 -99.000 -99.000 -99.000 -99.000 -9999.0 -9999.0 -9999.0 -9999.0 -9999.0
64757 20210614  2.424  -79.78   44.23    22.8    14.3    18.5    16.9     4.5    19.20 C    45.2    12.4    22.0    92.9    49.3    74.0 -99.000 -99.000 -99.000 -99.000 -99.000 -9999.0 -9999.0 -9999.0 -9999.0 -9999.0
64757 20210615  2.424  -79.78   44.23    18.5    10.2    14.3    15.0     0.2    28.17 C    34.7     5.4    19.7    95.1    28.9    61.3 -99.000 -99.000 -99.000 -99.000 -99.000 -9999.0 -9999.0 -9999.0 -9999.0 -9999.0
64757 20210616  2.424  -79.78   44.23    17.8     6.3    12.0    12.7     0.0    29.19 C    37.5     2.7    17.5    80.5    22.9    51.9 -99.000 -99.000 -99.000 -99.000 -99.000 -9999.0 -9999.0 -9999.0 -9999.0 -9999.0
64757 20210617  2.424  -79.78   44.23    25.8     6.9    16.4    17.9     0.0    28.47 C    45.6     3.9    23.1    76.2    20.9    44.4 -99.000 -99.000 -99.000 -99.000 -99.000 -9999.0 -9999.0 -9999.0 -9999.0 -9999.0
64757 20210618  2.424  -79.78   44.23    25.3    16.0    20.7    20.1     1.9     8.91 C    34.2    12.8    20.0    88.1    50.7    70.8 -99.000 -99.000 -99.000 -99.000 -99.000 -9999.0 -9999.0 -9999.0 -9999.0 -9999.0
64757 20210619  2.424  -79.78   44.23    25.4    13.5    19.5    19.9     0.0    22.01 C    44.5     9.9    23.8    97.0    43.4    65.2 -99.000 -99.000 -99.000 -99.000 -99.000 -9999.0 -9999.0 -9999.0 -9999.0 -9999.0
64757 20210620  2.424  -79.78   44.23    28.4     9.1    18.7    19.3     0.0    22.67 C    50.9     7.7    25.3    94.4    37.7    64.1 -99.000 -99.000 -99.000 -99.000 -99.000 -9999.0 -9999.0 -9999.0 -9999.0 -9999.0
64757 20210621  2.424  -79.78   44.23    27.3    10.6    18.9    19.3     1.7    18.50 C    40.4    12.3    22.6    92.0    49.0    72.4 -99.000 -99.000 -99.000 -99.000 -99.000 -9999.0 -9999.0 -9999.0 -9999.0 -9999.0
64757 20210622  2.424  -79.78   44.23    16.6     7.1    11.8    12.0     0.3    25.58 C    42.9     5.3    19.5    93.5    39.1    65.2 -99.000 -99.000 -99.000 -99.000 -99.000 -9999.0 -9999.0 -9999.0 -9999.0 -9999.0
64757 20210623  2.424  -79.78   44.23    24.4     7.3    15.8    16.5     0.3    25.99 C    47.7     5.3    23.5    90.4    25.3    54.5 -99.000 -99.000 -99.000 -99.000 -99.000 -9999.0 -9999.0 -9999.0 -9999.0 -9999.0
64757 20210624  2.424  -79.78   44.23    27.4    14.7    21.1    22.1     0.0    20.60 C    44.6    12.1    25.6    69.5    29.2    49.4 -99.000 -99.000 -99.000 -99.000 -99.000 -9999.0 -9999.0 -9999.0 -9999.0 -9999.0
64757 20210625  2.424  -79.78   44.23    23.5    18.9    21.2    20.5    19.5     5.09 C    30.3    17.3    21.0    94.9    57.0    77.4 -99.000 -99.000 -99.000 -99.000 -99.000 -9999.0 -9999.0 -9999.0 -9999.0 -9999.0
64757 20210626  2.424  -79.78   44.23    25.3    19.4    22.3    22.8     1.9     5.70 C    26.8    19.3    22.6    94.1    69.1    83.9 -99.000 -99.000 -99.000 -99.000 -99.000 -9999.0 -9999.0 -9999.0 -9999.0 -9999.0
64757 20210627  2.424  -79.78   44.23    30.0    21.8    25.9    25.8     3.2    17.55 C    37.9    21.4    26.8    95.5    54.8    70.3 -99.000 -99.000 -99.000 -99.000 -99.000 -9999.0 -9999.0 -9999.0 -9999.0 -9999.0
64757 20210628  2.424  -79.78   44.23    27.7    18.1    22.9    23.6     2.5    25.47 C    41.0    19.4    27.8    96.5    57.0    79.0 -99.000 -99.000 -99.000 -99.000 -99.000 -9999.0 -9999.0 -9999.0 -9999.0 -9999.0
64757 20210629  2.424  -79.78   44.23    30.6    18.3    24.4    23.8     1.1    18.93 C    43.3    19.6    27.4    95.2    55.9    81.3 -99.000 -99.000 -99.000 -99.000 -99.000 -9999.0 -9999.0 -9999.0 -9999.0 -9999.0
64757 20210630  2.424  -79.78   44.23    25.2    16.2    20.7    21.5     1.5    15.94 C    38.0    15.7    24.3    94.8    64.3    81.8 -99.000 -99.000 -99.000 -99.000 -99.000 -9999.0 -9999.0 -9999.0 -9999.0 -9999.0
64757 20210701  2.424  -79.78   44.23    22.0    14.0    18.0    17.7     0.0    23.10 C    40.7    13.4    22.7    97.3    65.8    82.6 -99.000 -99.000 -99.000 -99.000 -99.000 -9999.0 -9999.0 -9999.0 -9999.0 -9999.0
64757 20210702  2.424  -79.78   44.23    21.8    14.0    17.9    16.6     7.9    12.90 C    37.9    13.3    19.5    95.7    59.4    86.1 -99.000 -99.000 -99.000 -99.000 -99.000 -9999.0 -9999.0 -9999.0 -9999.0 -9999.0
64757 20210703  2.424  -79.78   44.23    24.6    11.1    17.9    18.0     0.0    18.92 C    39.8    11.4    21.7    97.2    45.2    75.1 -99.000 -99.000 -99.000 -99.000 -99.000 -9999.0 -9999.0 -9999.0 -9999.0 -9999.0
64757 20210704  2.424  -79.78   44.23    25.6    11.4    18.5    19.5     0.0    26.23 C    41.3    11.7    24.1    97.1    54.5    73.5 -99.000 -99.000 -99.000 -99.000 -99.000 -9999.0 -9999.0 -9999.0 -9999.0 -9999.0
64757 20210705  2.424  -79.78   44.23    31.5    16.5    24.0    22.1    45.0    16.72 C    41.6    15.4    24.3    94.7    50.6    72.8 -99.000 -99.000 -99.000 -99.000 -99.000 -9999.0 -9999.0 -9999.0 -9999.0 -9999.0
64757 20210706  2.424  -79.78   44.23    28.7    19.4    24.0    24.2     0.0    24.18 C    39.9    19.1    26.7    93.8    53.4    72.5 -99.000 -99.000 -99.000 -99.000 -99.000 -9999.0 -9999.0 -9999.0 -9999.0 -9999.0
64757 20210707  2.424  -79.78   44.23    20.1    12.5    16.3    15.7    20.3     3.97 C    20.5    13.9    17.7    96.4    80.1    91.7 -99.000 -99.000 -99.000 -99.000 -99.000 -9999.0 -9999.0 -9999.0 -9999.0 -9999.0
64757 20210708  2.424  -79.78   44.23    17.8    12.6    15.2    14.9    22.3     4.97 C    22.6    13.5    17.0    96.8    85.8    91.8 -99.000 -99.000 -99.000 -99.000 -99.000 -9999.0 -9999.0 -9999.0 -9999.0 -9999.0
64757 20210709  2.424  -79.78   44.23    17.8    12.1    14.9    15.7     0.0     3.44 C    21.0    11.1    17.2    97.4    89.6    94.7 -99.000 -99.000 -99.000 -99.000 -99.000 -9999.0 -9999.0 -9999.0 -9999.0 -9999.0
64757 20210710  2.424  -79.78   44.23    24.2     9.7    16.9    17.8     0.0    24.43 C    36.1     8.7    20.6    98.5    34.8    70.1 -99.000 -99.000 -99.000 -99.000 -99.000 -9999.0 -9999.0 -9999.0 -9999.0 -9999.0
64757 20210711  2.424  -79.78   44.23    22.2    12.2    17.2    17.7     0.0    11.92 C    28.5    12.8    19.2    95.5    65.3    81.6 -99.000 -99.000 -99.000 -99.000 -99.000 -9999.0 -9999.0 -9999.0 -9999.0 -9999.0
64757 20210712  2.424  -79.78   44.23    24.7    13.1    18.9    20.0     0.0    16.06 C    32.9    13.0    21.9    98.3    58.5    80.1 -99.000 -99.000 -99.000 -99.000 -99.000 -9999.0 -9999.0 -9999.0 -9999.0 -9999.0
64757 20210713  2.424  -79.78   44.23    24.1    18.3    21.2    20.8    45.7     6.76 C    29.1    17.6    21.7    95.7    81.6    89.8 -99.000 -99.000 -99.000 -99.000 -99.000 -9999.0 -9999.0 -9999.0 -9999.0 -9999.0
64757 20210714  2.424  -79.78   44.23    28.0    17.9    23.0    22.8     0.0    23.17 C    37.1    16.8    24.9    94.3    48.0    72.6 -99.000 -99.000 -99.000 -99.000 -99.000 -9999.0 -9999.0 -9999.0 -9999.0 -9999.0
64757 20210715  2.424  -79.78   44.23    26.5    18.6    22.6    22.0    21.6     9.92 C    28.9    17.6    22.0    91.8    67.7    81.8 -99.000 -99.000 -99.000 -99.000 -99.000 -9999.0 -9999.0 -9999.0 -9999.0 -9999.0
64757 20210716  2.424  -79.78   44.23    23.0    15.5    19.2    19.1     0.0    17.52 C    29.3    14.5    21.0    96.6    50.0    77.0 -99.000 -99.000 -99.000 -99.000 -99.000 -9999.0 -9999.0 -9999.0 -9999.0 -9999.0
64757 20210717  2.424  -79.78   44.23    22.8    15.2    19.0    19.1     0.0     9.83 C    26.8    16.2    20.1    96.9    62.3    81.1 -99.000 -99.000 -99.000 -99.000 -99.000 -9999.0 -9999.0 -9999.0 -9999.0 -9999.0
64757 20210718  2.424  -79.78   44.23    26.4    16.1    21.3    21.0     0.0    21.87 C    34.3    15.2    22.7    93.1    51.7    75.4 -99.000 -99.000 -99.000 -99.000 -99.000 -9999.0 -9999.0 -9999.0 -9999.0 -9999.0
64757 20210719  2.424  -79.78   44.23    26.5    15.5    21.0    21.5     0.0    19.29 C    32.7    15.1    23.0    95.5    60.1    79.2 -99.000 -99.000 -99.000 -99.000 -99.000 -9999.0 -9999.0 -9999.0 -9999.0 -9999.0
64757 20210720  2.424  -79.78   44.23    27.6    15.5    21.6    20.1    10.1    15.56 C    33.6    13.4    21.6    95.0    49.8    81.7 -99.000 -99.000 -99.000 -99.000 -99.000 -9999.0 -9999.0 -9999.0 -9999.0 -9999.0
64757 20210721  2.424  -79.78   44.23    22.1    12.3    17.2    17.0     0.0    25.37 C    31.9    11.3    19.8    96.2    43.8    72.3 -99.000 -99.000 -99.000 -99.000 -99.000 -9999.0 -9999.0 -9999.0 -9999.0 -9999.0
64757 20210722  2.424  -79.78   44.23    23.3    10.5    16.9    17.3     0.0    20.63 C    32.1    10.1    18.8    87.6    44.2    67.2 -99.000 -99.000 -99.000 -99.000 -99.000 -9999.0 -9999.0 -9999.0 -9999.0 -9999.0
64757 20210723  2.424  -79.78   44.23    25.1     9.4    17.2    18.6     0.0    25.91 C    34.6     9.0    20.8    96.9    38.5    65.1 -99.000 -99.000 -99.000 -99.000 -99.000 -9999.0 -9999.0 -9999.0 -9999.0 -9999.0
64757 20210724  2.424  -79.78   44.23    21.2    14.0    17.6    19.0    15.5     5.64 C    22.1    13.3    18.7    94.8    66.1    84.2 -99.000 -99.000 -99.000 -99.000 -99.000 -9999.0 -9999.0 -9999.0 -9999.0 -9999.0
64757 20210725  2.424  -79.78   44.23    28.6    17.2    22.9    22.2     0.0    22.25 C    34.8    15.5    22.8    94.1    37.1    69.8 -99.000 -99.000 -99.000 -99.000 -99.000 -9999.0 -9999.0 -9999.0 -9999.0 -9999.0
64757 20210726  2.424  -79.78   44.23    28.7    16.0    22.4    22.1     0.0    19.71 C    34.7    14.4    22.0    87.6    39.3    63.4 -99.000 -99.000 -99.000 -99.000 -99.000 -9999.0 -9999.0 -9999.0 -9999.0 -9999.0
64757 20210727  2.424  -79.78   44.23    23.0    14.6    18.8    18.3     3.3    11.62 C    29.3    13.7    19.2    97.0    66.2    84.1 -99.000 -99.000 -99.000 -99.000 -99.000 -9999.0 -9999.0 -9999.0 -9999.0 -9999.0
64757 20210728  2.424  -79.78   44.23    24.7    13.2    19.0    19.0     0.0    19.01 C    33.6    12.8    21.2    98.5    49.6    78.2 -99.000 -99.000 -99.000 -99.000 -99.000 -9999.0 -9999.0 -9999.0 -9999.0 -9999.0
64757 20210729  2.424  -79.78   44.23    22.3    15.1    18.7    18.5     4.5     9.61 C    28.6    14.2    19.7    95.4    70.4    85.7 -99.000 -99.000 -99.000 -99.000 -99.000 -9999.0 -9999.0 -9999.0 -9999.0 -9999.0
64757 20210730  2.424  -79.78   44.23    17.4     9.4    13.4    14.7     0.0    22.37 C    27.8     8.6    16.9    92.4    53.9    73.0 -99.000 -99.000 -99.000 -99.000 -99.000 -9999.0 -9999.0 -9999.0 -9999.0 -9999.0
64757 20210731  2.424  -79.78   44.23    19.4     7.8    13.6    14.3     1.7     9.94 C    29.9     8.0    16.2    94.6    48.4    80.8 -99.000 -99.000 -99.000 -99.000 -99.000 -9999.0 -9999.0 -9999.0 -9999.0 -9999.0
64757 20210801  2.424  -79.78   44.23    18.3    12.0    15.1    15.4     1.7     8.48 C    23.6    10.1    16.8    96.5    74.7    89.1 -99.000 -99.000 -99.000 -99.000 -99.000 -9999.0 -9999.0 -9999.0 -9999.0 -9999.0
64757 20210802  2.424  -79.78   44.23    22.6     9.3    15.9    16.6     0.0    25.54 C    31.4     8.1    18.5    98.5    37.8    70.8 -99.000 -99.000 -99.000 -99.000 -99.000 -9999.0 -9999.0 -9999.0 -9999.0 -9999.0
64757 20210803  2.424  -79.78   44.23    25.5    11.3    18.4    18.8     0.0    22.09 C    36.6     9.8    20.1    91.0    42.1    68.2 -99.000 -99.000 -99.000 -99.000 -99.000 -9999.0 -9999.0 -9999.0 -9999.0 -9999.0
64757 20210804  2.424  -79.78   44.23    27.0    10.9    19.0    19.8     0.0    21.99 C    35.9    10.3    21.4    93.9    38.4    66.9 -99.000 -99.000 -99.000 -99.000 -99.000 -9999.0 -9999.0 -9999.0 -9999.0 -9999.0
64757 20210805  2.424  -79.78   44.23    27.8    12.9    20.3    21.3     0.0    21.65 C    37.1    11.6    22.5    87.9    37.0    61.8 -99.000 -99.000 -99.000 -99.000 -99.000 -9999.0 -9999.0 -9999.0 -9999.0 -9999.0
64757 20210806  2.424  -79.78   44.23    28.3    14.9    21.6    21.8     0.0    16.00 C    33.8    12.9    21.4    86.5    40.2    66.3 -99.000 -99.000 -99.000 -99.000 -99.000 -9999.0 -9999.0 -9999.0 -9999.0 -9999.0
64757 20210807  2.424  -79.78   44.23    26.7    17.7    22.2    21.7     0.0    14.95 C    36.8    16.4    23.0    96.7    60.2    80.1 -99.000 -99.000 -99.000 -99.000 -99.000 -9999.0 -9999.0 -9999.0 -9999.0 -9999.0
64757 20210808  2.424  -79.78   44.23    25.9    15.7    20.8    21.5     0.0    10.25 C    30.7    16.1    22.2   100.0    67.5    87.2 -99.000 -99.000 -99.000 -99.000 -99.000 -9999.0 -9999.0 -9999.0 -9999.0 -9999.0
64757 20210809  2.424  -79.78   44.23    31.1    20.0    25.5    25.3     0.0    19.39 C    36.6    17.7    25.6    96.3    50.2    74.6 -99.000 -99.000 -99.000 -99.000 -99.000 -9999.0 -9999.0 -9999.0 -9999.0 -9999.0
64757 20210810  2.424  -79.78   44.23    26.9    21.0    23.9    23.8     2.8     8.34 C    31.7    19.8    23.8    92.2    68.1    82.5 -99.000 -99.000 -99.000 -99.000 -99.000 -9999.0 -9999.0 -9999.0 -9999.0 -9999.0
64757 20210811  2.424  -79.78   44.23    30.5    20.0    25.2    24.7     0.5    18.32 C    36.2    18.8    25.4    94.8    51.0    76.3 -99.000 -99.000 -99.000 -99.000 -99.000 -9999.0 -9999.0 -9999.0 -9999.0 -9999.0
64757 20210812  2.424  -79.78   44.23    29.9    21.1    25.5    24.7     0.0    18.25 C    37.0    18.5    25.1    87.6    47.4    70.5 -99.000 -99.000 -99.000 -99.000 -99.000 -9999.0 -9999.0 -9999.0 -9999.0 -9999.0
64757 20210813  2.424  -79.78   44.23    28.3    14.5    21.4    22.2     0.0    17.28 C    37.7    10.9    23.1    92.6    41.2    71.2 -99.000 -99.000 -99.000 -99.000 -99.000 -9999.0 -9999.0 -9999.0 -9999.0 -9999.0
64757 20210814  2.424  -79.78   44.23    22.2    11.0    16.6    16.8     0.0    22.87 C    35.7     8.4    19.0    90.7    42.1    67.6 -99.000 -99.000 -99.000 -99.000 -99.000 -9999.0 -9999.0 -9999.0 -9999.0 -9999.0
64757 20210815  2.424  -79.78   44.23    23.6     8.2    15.9    16.7     0.0    22.86 C    37.7     6.7    19.7    97.2    33.5    65.9 -99.000 -99.000 -99.000 -99.000 -99.000 -9999.0 -9999.0 -9999.0 -9999.0 -9999.0
64757 20210816  2.424  -79.78   44.23    25.7     9.9    17.8    18.6     0.0    19.84 C    39.4     8.5    22.0    94.4    44.9    69.3 -99.000 -99.000 -99.000 -99.000 -99.000 -9999.0 -9999.0 -9999.0 -9999.0 -9999.0
64757 20210817  2.424  -79.78   44.23    26.9    17.4    22.1    20.6     5.5    11.32 C    36.3    17.8    23.1    96.5    65.3    84.3 -99.000 -99.000 -99.000 -99.000 -99.000 -9999.0 -9999.0 -9999.0 -9999.0 -9999.0
64757 20210818  2.424  -79.78   44.23    26.9    16.3    21.6    20.8     0.0    10.81 C    35.0    16.6    22.8   100.0    69.1    89.8 -99.000 -99.000 -99.000 -99.000 -99.000 -9999.0 -9999.0 -9999.0 -9999.0 -9999.0
64757 20210819  2.424  -79.78   44.23    27.6    16.3    22.0    21.7     0.0    21.27 C    38.7    14.3    24.1    97.4    33.7    77.7 -99.000 -99.000 -99.000 -99.000 -99.000 -9999.0 -9999.0 -9999.0 -9999.0 -9999.0
64757 20210820  2.424  -79.78   44.23    28.7    14.2    21.5    21.7     0.0    18.23 C    41.7    14.0    24.8    97.4    53.0    76.9 -99.000 -99.000 -99.000 -99.000 -99.000 -9999.0 -9999.0 -9999.0 -9999.0 -9999.0
64757 20210821  2.424  -79.78   44.23    29.0    17.9    23.5    23.1     0.0    11.98 C    39.2    17.7    25.3    97.9    53.9    82.1 -99.000 -99.000 -99.000 -99.000 -99.000 -9999.0 -9999.0 -9999.0 -9999.0 -9999.0
64757 20210822  2.424  -79.78   44.23    30.4    17.6    24.0    23.4     0.0    18.28 C    47.4    17.0    27.2    98.2    54.4    80.8 -99.000 -99.000 -99.000 -99.000 -99.000 -9999.0 -9999.0 -9999.0 -9999.0 -9999.0
64757 20210823  2.424  -79.78   44.23    28.8    18.3    23.5    23.1     0.0    18.57 C    43.3    16.0    26.2    96.8    43.2    77.9 -99.000 -99.000 -99.000 -99.000 -99.000 -9999.0 -9999.0 -9999.0 -9999.0 -9999.0
64757 20210824  2.424  -79.78   44.23    31.9    14.7    23.3    23.4     0.0    19.67 C    47.5    13.8    27.1    97.5    41.5    72.7 -99.000 -99.000 -99.000 -99.000 -99.000 -9999.0 -9999.0 -9999.0 -9999.0 -9999.0
64757 20210825  2.424  -79.78   44.23    29.3    17.4    23.4    23.9     0.0     9.47 C    44.7    16.9    25.6    92.3    59.4    76.4 -99.000 -99.000 -99.000 -99.000 -99.000 -9999.0 -9999.0 -9999.0 -9999.0 -9999.0
64757 20210826  2.424  -79.78   44.23    29.7    18.7    24.2    23.9     0.0    15.67 C    47.8    15.9    27.2    96.6    52.0    79.2 -99.000 -99.000 -99.000 -99.000 -99.000 -9999.0 -9999.0 -9999.0 -9999.0 -9999.0
64757 20210827  2.424  -79.78   44.23    25.6    15.1    20.3    20.8     0.9    15.96 C    39.8    13.6    23.8    97.2    53.6    72.0 -99.000 -99.000 -99.000 -99.000 -99.000 -9999.0 -9999.0 -9999.0 -9999.0 -9999.0
64757 20210828  2.424  -79.78   44.23    29.2    16.1    22.6    20.8    29.2    11.70 C    43.5    15.5    23.4    95.8    60.2    78.8 -99.000 -99.000 -99.000 -99.000 -99.000 -9999.0 -9999.0 -9999.0 -9999.0 -9999.0
64757 20210829  2.424  -79.78   44.23    31.9    19.0    25.5    24.3     8.4    15.33 C    39.2    18.5    25.3    96.1    46.7    78.7 -99.000 -99.000 -99.000 -99.000 -99.000 -9999.0 -9999.0 -9999.0 -9999.0 -9999.0
64757 20210830  2.424  -79.78   44.23    26.9    15.8    21.3    21.8     0.0    17.61 C    34.7    14.8    22.5    93.4    41.8    68.5 -99.000 -99.000 -99.000 -99.000 -99.000 -9999.0 -9999.0 -9999.0 -9999.0 -9999.0
64757 20210831  2.424  -79.78   44.23    22.2    13.0    17.6    17.8     0.0    18.63 C    33.0    11.6    20.0    94.3    49.3    75.8 -99.000 -99.000 -99.000 -99.000 -99.000 -9999.0 -9999.0 -9999.0 -9999.0 -9999.0
64757 20210901  2.424  -79.78   44.23    23.0     9.6    16.3    16.2     0.0    20.96 C    35.3     9.0    18.6    96.8    38.9    72.9 -99.000 -99.000 -99.000 -99.000 -99.000 -9999.0 -9999.0 -9999.0 -9999.0 -9999.0
64757 20210902  2.424  -79.78   44.23    17.3     7.4    12.3    13.0     0.0    18.06 C    30.8     5.2    15.6    95.6    54.1    75.5 -99.000 -99.000 -99.000 -99.000 -99.000 -9999.0 -9999.0 -9999.0 -9999.0 -9999.0
64757 20210903  2.424  -79.78   44.23    19.6     8.2    13.9    14.2     0.0    16.98 C    33.4     7.0    17.1    97.3    59.1    80.0 -99.000 -99.000 -99.000 -99.000 -99.000 -9999.0 -9999.0 -9999.0 -9999.0 -9999.0
64757 20210904  2.424  -79.78   44.23    23.7     8.6    16.1    16.8     7.0    12.90 C    36.0     7.7    19.1    98.3    49.8    77.9 -99.000 -99.000 -99.000 -99.000 -99.000 -9999.0 -9999.0 -9999.0 -9999.0 -9999.0
64757 20210905  2.424  -79.78   44.23    24.1    13.4    18.7    18.7     0.5    16.48 C    34.4    12.6    20.7    94.8    45.1    75.1 -99.000 -99.000 -99.000 -99.000 -99.000 -9999.0 -9999.0 -9999.0 -9999.0 -9999.0
64757 20210906  2.424  -79.78   44.23    19.6    12.5    16.1    15.8     1.2    13.21 C    29.6    10.8    17.0    93.4    56.1    78.6 -99.000 -99.000 -99.000 -99.000 -99.000 -9999.0 -9999.0 -9999.0 -9999.0 -9999.0
64757 20210907  2.424  -79.78   44.23    24.9    10.1    17.5    16.8    21.0    15.34 C    31.4     9.3    18.2    96.1    47.3    78.1 -99.000 -99.000 -99.000 -99.000 -99.000 -9999.0 -9999.0 -9999.0 -9999.0 -9999.0
64757 20210908  2.424  -79.78   44.23    23.7    13.3    18.5    18.4     4.2    16.10 C    30.2    12.2    18.9    95.1    42.7    75.0 -99.000 -99.000 -99.000 -99.000 -99.000 -9999.0 -9999.0 -9999.0 -9999.0 -9999.0
64757 20210909  2.424  -79.78   44.23    18.5    10.8    14.6    14.4     2.8    13.92 C    27.2     9.3    15.8    95.7    61.6    82.1 -99.000 -99.000 -99.000 -99.000 -99.000 -9999.0 -9999.0 -9999.0 -9999.0 -9999.0
64757 20210910  2.424  -79.78   44.23    20.3    10.5    15.4    15.1     4.5    17.42 C    28.8    10.5    17.1    94.4    50.4    77.8 -99.000 -99.000 -99.000 -99.000 -99.000 -9999.0 -9999.0 -9999.0 -9999.0 -9999.0
64757 20210911  2.424  -79.78   44.23    25.3    10.5    17.9    19.3     0.0    14.06 C    28.9     9.7    18.7    86.2    44.5    66.4 -99.000 -99.000 -99.000 -99.000 -99.000 -9999.0 -9999.0 -9999.0 -9999.0 -9999.0
64757 20210912  2.424  -79.78   44.23    22.2    13.7    18.0    18.4     0.0    12.31 C    31.2    12.9    19.6    94.1    41.1    67.7 -99.000 -99.000 -99.000 -99.000 -99.000 -9999.0 -9999.0 -9999.0 -9999.0 -9999.0
64757 20210913  2.424  -79.78   44.23    19.6     9.9    14.8    14.4     0.0    13.92 C    29.3     8.9    15.7    96.2    60.2    80.6 -99.000 -99.000 -99.000 -99.000 -99.000 -9999.0 -9999.0 -9999.0 -9999.0 -9999.0
64757 20210914  2.424  -79.78   44.23    26.6     9.2    17.9    18.1    17.9     8.80 C    27.9     9.3    18.6    96.8    62.4    84.1 -99.000 -99.000 -99.000 -99.000 -99.000 -9999.0 -9999.0 -9999.0 -9999.0 -9999.0
64757 20210915  2.424  -79.78   44.23    21.0    10.8    15.9    16.3     0.0    13.96 C    28.4     9.5    17.5    96.2    58.9    80.8 -99.000 -99.000 -99.000 -99.000 -99.000 -9999.0 -9999.0 -9999.0 -9999.0 -9999.0
64757 20210916  2.424  -79.78   44.23    22.5     7.6    15.0    15.2     0.0    16.76 C    30.6     7.2    16.5   100.0    52.2    79.8 -99.000 -99.000 -99.000 -99.000 -99.000 -9999.0 -9999.0 -9999.0 -9999.0 -9999.0
64757 20210917  2.424  -79.78   44.23    26.9     9.3    18.1    18.6     0.0    16.19 C    32.4     8.5    19.3    98.9    45.6    81.7 -99.000 -99.000 -99.000 -99.000 -99.000 -9999.0 -9999.0 -9999.0 -9999.0 -9999.0
64757 20210918  2.424  -79.78   44.23    20.4     8.0    14.2    16.3     0.0    18.04 C    30.0     6.5    17.3    94.2    48.3    72.8 -99.000 -99.000 -99.000 -99.000 -99.000 -9999.0 -9999.0 -9999.0 -9999.0 -9999.0
64757 20210919  2.424  -79.78   44.23    22.2     5.9    14.0    14.0     0.0    18.15 C    29.7     4.4    14.8    98.2    39.5    72.9 -99.000 -99.000 -99.000 -99.000 -99.000 -9999.0 -9999.0 -9999.0 -9999.0 -9999.0
64757 20210920  2.424  -79.78   44.23    24.5     7.4    15.9    16.6     0.0    14.24 C    30.7     5.6    16.6    98.2    48.2    76.3 -99.000 -99.000 -99.000 -99.000 -99.000 -9999.0 -9999.0 -9999.0 -9999.0 -9999.0
64757 20210921  2.424  -79.78   44.23    23.7    15.1    19.4    20.4     8.6     6.08 C    25.7    15.7    20.1    96.3    67.3    83.3 -99.000 -99.000 -99.000 -99.000 -99.000 -9999.0 -9999.0 -9999.0 -9999.0 -9999.0
64757 20210922  2.424  -79.78   44.23    15.0    10.1    12.6    12.7    42.3     2.33 C    15.8    11.0    14.0    97.1    93.9    95.9 -99.000 -99.000 -99.000 -99.000 -99.000 -9999.0 -9999.0 -9999.0 -9999.0 -9999.0
64757 20210923  2.424  -79.78   44.23    18.1     9.9    14.0    12.9     5.6     7.57 C    24.0    10.6    14.2    98.7    59.2    84.5 -99.000 -99.000 -99.000 -99.000 -99.000 -9999.0 -9999.0 -9999.0 -9999.0 -9999.0
64757 20210924  2.424  -79.78   44.23    14.6     8.5    11.6    11.9     0.0     6.45 C    18.3     5.6    11.7    91.2    70.7    82.1 -99.000 -99.000 -99.000 -99.000 -99.000 -9999.0 -9999.0 -9999.0 -9999.0 -9999.0
64757 20210925  2.424  -79.78   44.23    19.2     8.1    13.6    12.8    10.4     6.89 C    22.1     6.1    12.0    94.4    64.5    84.3 -99.000 -99.000 -99.000 -99.000 -99.000 -9999.0 -9999.0 -9999.0 -9999.0 -9999.0
64757 20210926  2.424  -79.78   44.23    17.9     7.3    12.6    12.8     0.0    11.28 C    24.2     5.9    13.2    95.2    50.7    73.0 -99.000 -99.000 -99.000 -99.000 -99.000 -9999.0 -9999.0 -9999.0 -9999.0 -9999.0
64757 20210927  2.424  -79.78   44.23    22.4    11.7    17.1    16.2     1.4    10.76 C    27.5    10.7    16.5    97.0    59.4    82.0 -99.000 -99.000 -99.000 -99.000 -99.000 -9999.0 -9999.0 -9999.0 -9999.0 -9999.0
64757 20210928  2.424  -79.78   44.23    14.9     6.7    10.8    10.6     0.0    15.71 C    23.5     5.7    11.8    97.5    54.5    78.4 -99.000 -99.000 -99.000 -99.000 -99.000 -9999.0 -9999.0 -9999.0 -9999.0 -9999.0
64757 20210929  2.424  -79.78   44.23    17.6     5.6    11.6    11.7     0.0    15.79 C    23.7     4.0    12.1    96.0    50.3    75.0 -99.000 -99.000 -99.000 -99.000 -99.000 -9999.0 -9999.0 -9999.0 -9999.0 -9999.0
64757 20210930  2.424  -79.78   44.23    13.3     5.6     9.4    10.3     0.0     9.04 C    20.2     4.4    11.5    94.8    62.5    77.7 -99.000 -99.000 -99.000 -99.000 -99.000 -9999.0 -9999.0 -9999.0 -9999.0 -9999.0
64757 20211001  2.424  -79.78   44.23    20.0     3.7    11.8    12.3     0.0    14.88 C    25.7     2.5    12.9    98.8    49.4    77.8 -99.000 -99.000 -99.000 -99.000 -99.000 -9999.0 -9999.0 -9999.0 -9999.0 -9999.0
64757 20211002  2.424  -79.78   44.23    26.1    13.3    19.7    19.3     0.0    12.44 C    29.4    10.5    17.8    81.5    50.0    63.6 -99.000 -99.000 -99.000 -99.000 -99.000 -9999.0 -9999.0 -9999.0 -9999.0 -9999.0
64757 20211003  2.424  -79.78   44.23    20.0    14.5    17.3    16.8     2.5     3.99 C    26.0    14.6    17.5    97.5    57.8    90.6 -99.000 -99.000 -99.000 -99.000 -99.000 -9999.0 -9999.0 -9999.0 -9999.0 -9999.0
64757 20211004  2.424  -79.78   44.23    15.4    13.4    14.4    14.4     0.8     2.49 C    17.9    14.0    15.2    94.8    88.5    92.4 -99.000 -99.000 -99.000 -99.000 -99.000 -9999.0 -9999.0 -9999.0 -9999.0 -9999.0
64757 20211005  2.424  -79.78   44.23    16.8    13.7    15.2    15.0     1.3     3.05 C    19.0    14.0    15.8    97.4    86.6    94.2 -99.000 -99.000 -99.000 -99.000 -99.000 -9999.0 -9999.0 -9999.0 -9999.0 -9999.0
64757 20211006  2.424  -79.78   44.23    20.5    12.5    16.5    16.1     0.0    11.47 C    27.6    10.3    17.3    98.3    59.2    84.8 -99.000 -99.000 -99.000 -99.000 -99.000 -9999.0 -9999.0 -9999.0 -9999.0 -9999.0
64757 20211007  2.424  -79.78   44.23    19.3    12.0    15.6    16.3     0.0     3.50 C    20.9    10.6    17.0   100.0    81.8    92.9 -99.000 -99.000 -99.000 -99.000 -99.000 -9999.0 -9999.0 -9999.0 -9999.0 -9999.0
64757 20211008  2.424  -79.78   44.23    20.1    13.6    16.8    17.5     0.0     4.16 C    23.2    11.4    17.4    96.2    74.8    88.2 -99.000 -99.000 -99.000 -99.000 -99.000 -9999.0 -9999.0 -9999.0 -9999.0 -9999.0
64757 20211009  2.424  -79.78   44.23    19.2    12.7    15.9    16.5     5.6     4.37 C    23.7    11.7    16.5    97.2    85.7    92.3 -99.000 -99.000 -99.000 -99.000 -99.000 -9999.0 -9999.0 -9999.0 -9999.0 -9999.0
64757 20211010  2.424  -79.78   44.23    20.3    15.7    18.0    17.6     1.4     4.14 C    20.6    14.0    17.0    93.1    75.0    85.6 -99.000 -99.000 -99.000 -99.000 -99.000 -9999.0 -9999.0 -9999.0 -9999.0 -9999.0
64757 20211011  2.424  -79.78   44.23    23.5    16.3    19.9    19.0     0.0    11.58 C    25.2    13.9    18.3    91.0    68.6    81.9 -99.000 -99.000 -99.000 -99.000 -99.000 -9999.0 -9999.0 -9999.0 -9999.0 -9999.0
64757 20211012  2.424  -79.78   44.23    21.6    14.5    18.1    18.4     0.0     7.25 C    24.1    12.9    17.4    92.6    73.0    82.8 -99.000 -99.000 -99.000 -99.000 -99.000 -9999.0 -9999.0 -9999.0 -9999.0 -9999.0
64757 20211013  2.424  -79.78   44.23    20.2    14.2    17.2    17.3     0.0     3.76 C    22.6    11.0    16.8    98.3    71.4    87.7 -99.000 -99.000 -99.000 -99.000 -99.000 -9999.0 -9999.0 -9999.0 -9999.0 -9999.0
64757 20211014  2.424  -79.78   44.23    22.0    11.5    16.8    17.1     3.1     7.62 C    23.9    10.8    16.8   100.0    65.8    85.6 -99.000 -99.000 -99.000 -99.000 -99.000 -9999.0 -9999.0 -9999.0 -9999.0 -9999.0
64757 20211015  2.424  -79.78   44.23    18.2    12.5    15.3    15.7     7.9     5.42 C    24.8    13.2    16.6    96.3    62.5    86.7 -99.000 -99.000 -99.000 -99.000 -99.000 -9999.0 -9999.0 -9999.0 -9999.0 -9999.0
64757 20211016  2.424  -79.78   44.23    12.5     8.5    10.5    11.1     3.3     2.98 C    17.2     6.3    11.8    97.1    70.3    87.9 -99.000 -99.000 -99.000 -99.000 -99.000 -9999.0 -9999.0 -9999.0 -9999.0 -9999.0
64757 20211017  2.424  -79.78   44.23    13.6     7.5    10.5     9.6     2.3    10.03 C    18.2     6.6     9.7    89.6    45.4    72.2 -99.000 -99.000 -99.000 -99.000 -99.000 -9999.0 -9999.0 -9999.0 -9999.0 -9999.0
64757 20211018  2.424  -79.78   44.23    11.3     4.3     7.8     7.4     0.9     9.80 C    16.8     2.5     8.0    94.3    57.9    78.4 -99.000 -99.000 -99.000 -99.000 -99.000 -9999.0 -9999.0 -9999.0 -9999.0 -9999.0
64757 20211019  2.424  -79.78   44.23    20.5     4.3    12.4    12.8     0.0    12.56 C    20.9     1.1    10.3    93.4    31.9    65.2 -99.000 -99.000 -99.000 -99.000 -99.000 -9999.0 -9999.0 -9999.0 -9999.0 -9999.0
64757 20211020  2.424  -79.78   44.23    19.1    10.7    14.9    14.4     0.9     6.59 C    20.7     7.0    12.3    83.1    57.4    72.7 -99.000 -99.000 -99.000 -99.000 -99.000 -9999.0 -9999.0 -9999.0 -9999.0 -9999.0
64757 20211021  2.424  -79.78   44.23    18.0     6.5    12.2    13.4     8.7     4.95 C    19.5     7.4    13.2    95.5    66.8    86.0 -99.000 -99.000 -99.000 -99.000 -99.000 -9999.0 -9999.0 -9999.0 -9999.0 -9999.0
64757 20211022  2.424  -79.78   44.23     6.8     1.6     4.2     4.0     0.3     7.37 C    16.8     1.1     6.5    94.2    70.3    85.1 -99.000 -99.000 -99.000 -99.000 -99.000 -9999.0 -9999.0 -9999.0 -9999.0 -9999.0
64757 20211023  2.424  -79.78   44.23     9.5     0.1     4.8     5.3     0.0     9.41 C    15.9    -0.2     6.8    93.1    52.4    75.8 -99.000 -99.000 -99.000 -99.000 -99.000 -9999.0 -9999.0 -9999.0 -9999.0 -9999.0
64757 20211024  2.424  -79.78   44.23    12.2     0.1     6.2     6.3     0.0     9.25 C    18.2    -0.4     6.4    95.4    52.5    78.7 -99.000 -99.000 -99.000 -99.000 -99.000 -9999.0 -9999.0 -9999.0 -9999.0 -9999.0
64757 20211025  2.424  -79.78   44.23     7.7     4.0     5.9     6.1    22.7     0.84 C     8.2     4.7     6.5    94.1    85.0    91.6 -99.000 -99.000 -99.000 -99.000 -99.000 -9999.0 -9999.0 -9999.0 -9999.0 -9999.0
64757 20211026  2.424  -79.78   44.23     6.3     3.7     5.0     4.7     2.7     1.76 C     6.9     4.4     5.5    96.7    92.8    94.6 -99.000 -99.000 -99.000 -99.000 -99.000 -9999.0 -9999.0 -9999.0 -9999.0 -9999.0
64757 20211027  2.424  -79.78   44.23    15.3     4.5     9.9     9.2     0.0    10.29 C    19.0     0.6     8.8    97.4    50.7    83.1 -99.000 -99.000 -99.000 -99.000 -99.000 -9999.0 -9999.0 -9999.0 -9999.0 -9999.0
64757 20211028  2.424  -79.78   44.23    11.9     2.8     7.4     6.7     0.0     9.48 C    14.4    -1.3     5.1    89.0    57.3    76.7 -99.000 -99.000 -99.000 -99.000 -99.000 -9999.0 -9999.0 -9999.0 -9999.0 -9999.0
64757 20211029  2.424  -79.78   44.23    11.8     1.0     6.4     7.5     2.4     2.92 C    12.7    -0.2     6.7    96.5    64.3    83.7 -99.000 -99.000 -99.000 -99.000 -99.000 -9999.0 -9999.0 -9999.0 -9999.0 -9999.0
64757 20211030  2.424  -79.78   44.23     8.2     6.0     7.1     7.3     6.5     1.18 C     9.7     6.2     7.6    97.7    86.3    93.4 -99.000 -99.000 -99.000 -99.000 -99.000 -9999.0 -9999.0 -9999.0 -9999.0 -9999.0
64757 20211031  2.424  -79.78   44.23    14.0     6.2    10.1     9.2     0.6     6.37 C    16.9     4.1     9.2    98.1    52.8    82.8 -99.000 -99.000 -99.000 -99.000 -99.000 -9999.0 -9999.0 -9999.0 -9999.0 -9999.0
64757 20211101  2.424  -79.78   44.23     9.0    -0.7     4.1     5.2     0.0     8.30 C    13.6    -2.1     4.4    84.2    51.0    67.6 -99.000 -99.000 -99.000 -99.000 -99.000 -9999.0 -9999.0 -9999.0 -9999.0 -9999.0
64757 20211102  2.424  -79.78   44.23     7.9    -0.6     3.7     2.5     1.1     6.79 C    14.1    -3.2     2.9    91.5    54.5    80.4 -99.000 -99.000 -99.000 -99.000 -99.000 -9999.0 -9999.0 -9999.0 -9999.0 -9999.0
64757 20211103  2.424  -79.78   44.23     4.8    -3.0     0.9     0.9     0.8     6.77 C    12.1    -4.9     1.2    99.1    60.6    86.0 -99.000 -99.000 -99.000 -99.000 -99.000 -9999.0 -9999.0 -9999.0 -9999.0 -9999.0
64757 20211104  2.424  -79.78   44.23     6.5    -3.6     1.5     1.1     0.0     7.18 C    12.4    -5.4     1.1    93.4    52.8    80.8 -99.000 -99.000 -99.000 -99.000 -99.000 -9999.0 -9999.0 -9999.0 -9999.0 -9999.0
64757 20211105  2.424  -79.78   44.23     8.7    -3.8     2.4     1.9     0.0     6.07 C    12.9    -6.2     0.3    93.9    43.8    72.3 -99.000 -99.000 -99.000 -99.000 -99.000 -9999.0 -9999.0 -9999.0 -9999.0 -9999.0
64757 20211106  2.424  -79.78   44.23    10.5    -0.5     5.0     4.5     0.0     8.54 C    12.4    -3.6     2.7    81.6    49.1    68.9 -99.000 -99.000 -99.000 -99.000 -99.000 -9999.0 -9999.0 -9999.0 -9999.0 -9999.0
64757 20211107  2.424  -79.78   44.23    16.4     1.1     8.8     8.4     0.0     9.30 C    16.9    -1.7     5.3    89.6    49.3    69.7 -99.000 -99.000 -99.000 -99.000 -99.000 -9999.0 -9999.0 -9999.0 -9999.0 -9999.0
64757 20211108  2.424  -79.78   44.23    19.4     2.4    10.9    10.9     0.0     9.28 C    17.9     0.3     6.9    95.5    33.8    67.5 -99.000 -99.000 -99.000 -99.000 -99.000 -9999.0 -9999.0 -9999.0 -9999.0 -9999.0
64757 20211109  2.424  -79.78   44.23    11.7     4.3     8.0     8.6     0.0     3.79 C    13.1     1.0     6.4    96.7    69.1    83.4 -99.000 -99.000 -99.000 -99.000 -99.000 -9999.0 -9999.0 -9999.0 -9999.0 -9999.0
64757 20211110  2.424  -79.78   44.23    12.0     0.3     6.1     5.5     0.0     8.90 C    14.0    -3.3     3.0    97.1    35.7    73.5 -99.000 -99.000 -99.000 -99.000 -99.000 -9999.0 -9999.0 -9999.0 -9999.0 -9999.0
64757 20211111  2.424  -79.78   44.23    12.1     0.5     6.3     7.4     0.0     4.51 C    12.8    -1.2     5.8    90.8    54.8    69.1 -99.000 -99.000 -99.000 -99.000 -99.000 -9999.0 -9999.0 -9999.0 -9999.0 -9999.0
64757 20211112  2.424  -79.78   44.23    11.2     2.7     6.9     7.5     2.8     7.78 C    12.8    -0.1     6.3    92.8    41.5    74.0 -99.000 -99.000 -99.000 -99.000 -99.000 -9999.0 -9999.0 -9999.0 -9999.0 -9999.0
64757 20211113  2.424  -79.78   44.23     6.5     0.8     3.6     3.0     0.0     4.47 C     9.5    -0.3     2.6    88.3    61.2    76.8 -99.000 -99.000 -99.000 -99.000 -99.000 -9999.0 -9999.0 -9999.0 -9999.0 -9999.0
64757 20211114  2.424  -79.78   44.23     3.7     0.1     1.9     1.5     2.7     1.36 C     5.3    -0.7     1.9    98.6    75.8    90.5 -99.000 -99.000 -99.000 -99.000 -99.000 -9999.0 -9999.0 -9999.0 -9999.0 -9999.0
64757 20211115  2.424  -79.78   44.23     3.4    -1.0     1.2     0.3     7.1     3.34 C     2.2    -4.3     0.2   100.0    79.8    95.7 -99.000 -99.000 -99.000 -99.000 -99.000 -9999.0 -9999.0 -9999.0 -9999.0 -9999.0
64757 20211116  2.424  -79.78   44.23     3.1    -2.3     0.4     0.3     0.0     3.53 C     5.1    -4.9    -0.6    95.2    72.5    88.8 -99.000 -99.000 -99.000 -99.000 -99.000 -9999.0 -9999.0 -9999.0 -9999.0 -9999.0
64757 20211117  2.424  -79.78   44.23    14.6    -2.2     6.2     6.4     4.0     0.63 C    12.6    -3.2     5.4    96.9    77.2    88.9 -99.000 -99.000 -99.000 -99.000 -99.000 -9999.0 -9999.0 -9999.0 -9999.0 -9999.0
64757 20211118  2.424  -79.78   44.23    14.3    -0.1     7.1     5.1     0.5     3.47 C    12.6    -1.3     4.6    94.7    54.2    75.4 -99.000 -99.000 -99.000 -99.000 -99.000 -9999.0 -9999.0 -9999.0 -9999.0 -9999.0
64757 20211119  2.424  -79.78   44.23     4.3    -0.3     2.0     1.1     0.5     6.83 C     9.8    -3.0     0.5    90.8    47.1    74.3 -99.000 -99.000 -99.000 -99.000 -99.000 -9999.0 -9999.0 -9999.0 -9999.0 -9999.0
64757 20211120  2.424  -79.78   44.23     4.3    -1.4     1.4     2.2     0.0     2.64 C     4.8    -4.1     1.5    88.5    60.1    74.0 -99.000 -99.000 -99.000 -99.000 -99.000 -9999.0 -9999.0 -9999.0 -9999.0 -9999.0
64757 20211121  2.424  -79.78   44.23     6.1    -1.0     2.5     3.5     3.4     3.98 C     7.9    -3.0     2.7    94.0    73.6    85.0 -99.000 -99.000 -99.000 -99.000 -99.000 -9999.0 -9999.0 -9999.0 -9999.0 -9999.0
64757 20211122  2.424  -79.78   44.23     2.3    -3.8    -0.7    -1.3     2.5     5.33 C     5.6    -9.8    -2.3    92.6    58.3    78.0 -99.000 -99.000 -99.000 -99.000 -99.000 -9999.0 -9999.0 -9999.0 -9999.0 -9999.0
64757 20211123  2.424  -79.78   44.23     0.3    -8.0    -3.9    -2.8     2.6     7.96 C    -1.0   -18.2    -6.3   100.0    66.9    84.9 -99.000 -99.000 -99.000 -99.000 -99.000 -9999.0 -9999.0 -9999.0 -9999.0 -9999.0
64757 20211124  2.424  -79.78   44.23     7.2    -4.6     1.3     1.9     0.0     5.78 C     6.9   -12.1    -1.0    86.0    56.3    71.9 -99.000 -99.000 -99.000 -99.000 -99.000 -9999.0 -9999.0 -9999.0 -9999.0 -9999.0
64757 20211125  2.424  -79.78   44.23     5.7     2.5     4.1     4.6     2.8     0.28 C     6.3     2.1     4.1    97.3    71.1    91.4 -99.000 -99.000 -99.000 -99.000 -99.000 -9999.0 -9999.0 -9999.0 -9999.0 -9999.0
64757 20211126  2.424  -79.78   44.23     2.5    -4.6    -1.1    -2.4     5.6     2.04 C     2.4    -4.8    -2.4    91.4    81.1    87.2 -99.000 -99.000 -99.000 -99.000 -99.000 -9999.0 -9999.0 -9999.0 -9999.0 -9999.0
64757 20211127  2.424  -79.78   44.23    -0.6    -7.4    -4.0    -3.6     0.5     5.45 C    -1.3   -15.1    -5.1    92.0    55.0    76.6 -99.000 -99.000 -99.000 -99.000 -99.000 -9999.0 -9999.0 -9999.0 -9999.0 -9999.0
64757 20211128  2.424  -79.78   44.23    -1.8    -3.6    -2.7    -2.8     5.8     1.30 C    -1.5   -10.0    -3.5    94.6    77.1    91.9 -99.000 -99.000 -99.000 -99.000 -99.000 -9999.0 -9999.0 -9999.0 -9999.0 -9999.0
64757 20211129  2.424  -79.78   44.23    -0.6   -10.3    -5.4    -3.7     0.0     2.53 C    -1.5   -20.3    -7.2    99.8    75.6    89.9 -99.000 -99.000 -99.000 -99.000 -99.000 -9999.0 -9999.0 -9999.0 -9999.0 -9999.0
64757 20211130  2.424  -79.78   44.23     1.9    -2.8    -0.5    -0.4     1.5     2.70 C     0.0    -4.9    -1.7    93.0    70.6    85.2 -99.000 -99.000 -99.000 -99.000 -99.000 -9999.0 -9999.0 -9999.0 -9999.0 -9999.0
64757 20211201  2.424  -79.78   44.23     3.1    -1.3     0.9     1.2     0.0     4.36 C     0.0    -6.9    -1.7    87.6    59.4    72.1 -99.000 -99.000 -99.000 -99.000 -99.000 -9999.0 -9999.0 -9999.0 -9999.0 -9999.0
64757 20211202  2.424  -79.78   44.23     8.2    -0.5     3.8     4.2     1.1     2.27 C     8.8    -0.6     2.7    92.7    61.9    79.2 -99.000 -99.000 -99.000 -99.000 -99.000 -9999.0 -9999.0 -9999.0 -9999.0 -9999.0
64757 20211203  2.424  -79.78   44.23     0.4    -2.7    -1.2    -1.6     0.0     5.57 C     8.4    -3.4    -0.7    75.4    58.5    68.0 -99.000 -99.000 -99.000 -99.000 -99.000 -9999.0 -9999.0 -9999.0 -9999.0 -9999.0
64757 20211204  2.424  -79.78   44.23     4.2    -2.1     1.1     0.0     0.2     4.43 C     7.1    -4.1    -0.7    87.1    53.9    73.2 -99.000 -99.000 -99.000 -99.000 -99.000 -9999.0 -9999.0 -9999.0 -9999.0 -9999.0
64757 20211205  2.424  -79.78   44.23     1.4    -3.9    -1.2    -1.3    15.4     2.23 C     2.9    -5.7    -1.5    94.7    64.3    83.2 -99.000 -99.000 -99.000 -99.000 -99.000 -9999.0 -9999.0 -9999.0 -9999.0 -9999.0
64757 20211206  2.424  -79.78   44.23     5.7    -2.8     1.4     2.0     1.3     1.30 C     3.5    -5.4    -0.2    98.4    57.2    84.0 -99.000 -99.000 -99.000 -99.000 -99.000 -9999.0 -9999.0 -9999.0 -9999.0 -9999.0
64757 20211207  2.424  -79.78   44.23    -2.7    -9.5    -6.1    -6.4     0.0     2.18 C    -4.6   -12.3    -6.8    83.3    64.0    73.6 -99.000 -99.000 -99.000 -99.000 -99.000 -9999.0 -9999.0 -9999.0 -9999.0 -9999.0
64757 20211208  2.424  -79.78   44.23    -2.9    -9.3    -6.1    -5.5     0.3     2.81 C    -0.9   -10.6    -5.6    86.4    70.6    80.5 -99.000 -99.000 -99.000 -99.000 -99.000 -9999.0 -9999.0 -9999.0 -9999.0 -9999.0
64757 20211209  2.424  -79.78   44.23    -0.9    -8.6    -4.8    -5.0     1.9     2.59 C    -1.4   -12.8    -5.2    90.8    51.6    77.5 -99.000 -99.000 -99.000 -99.000 -99.000 -9999.0 -9999.0 -9999.0 -9999.0 -9999.0
64757 20211210  2.424  -79.78   44.23     4.1    -0.9     1.6     1.4     0.0     2.45 C     1.7    -2.4    -0.3    93.0    78.1    86.7 -99.000 -99.000 -99.000 -99.000 -99.000 -9999.0 -9999.0 -9999.0 -9999.0 -9999.0
64757 20211211  2.424  -79.78   44.23    17.2    -0.8     8.2     6.2    15.1     3.79 C    15.4    -4.7     4.6    97.2    44.6    81.1 -99.000 -99.000 -99.000 -99.000 -99.000 -9999.0 -9999.0 -9999.0 -9999.0 -9999.0
64757 20211212  2.424  -79.78   44.23     5.3    -1.5     1.9     2.0     0.2     6.75 C     5.6    -7.3    -0.8    89.5    53.3    68.4 -99.000 -99.000 -99.000 -99.000 -99.000 -9999.0 -9999.0 -9999.0 -9999.0 -9999.0
64757 20211213  2.424  -79.78   44.23     7.6     1.4     4.5     4.7     0.0     6.59 C     8.7    -3.9     1.9    76.1    50.9    61.9 -99.000 -99.000 -99.000 -99.000 -99.000 -9999.0 -9999.0 -9999.0 -9999.0 -9999.0
64757 20211214  2.424  -79.78   44.23     5.4    -1.6     1.9     1.9     0.0     6.56 C    10.4    -6.0     0.5    88.1    54.9    75.8 -99.000 -99.000 -99.000 -99.000 -99.000 -9999.0 -9999.0 -9999.0 -9999.0 -9999.0
64757 20211215  2.424  -79.78   44.23    12.4     0.8     6.6     4.6     0.6     0.81 C     9.2    -1.8     3.3    87.8    58.8    78.4 -99.000 -99.000 -99.000 -99.000 -99.000 -9999.0 -9999.0 -9999.0 -9999.0 -9999.0
64757 20211216  2.424  -79.78   44.23    16.5     3.7    10.1    12.1     0.0     3.32 C    15.6     3.0     9.3    70.2    39.8    58.5 -99.000 -99.000 -99.000 -99.000 -99.000 -9999.0 -9999.0 -9999.0 -9999.0 -9999.0
64757 20211217  2.424  -79.78   44.23     3.8    -1.1     1.3     1.0     0.0     3.82 C     8.6    -0.9     1.2    74.3    55.0    63.4 -99.000 -99.000 -99.000 -99.000 -99.000 -9999.0 -9999.0 -9999.0 -9999.0 -9999.0
64757 20211218  2.424  -79.78   44.23    -1.1    -4.9    -3.0    -2.8     6.5     0.82 C    -0.7    -7.2    -2.8    90.9    72.9    83.4 -99.000 -99.000 -99.000 -99.000 -99.000 -9999.0 -9999.0 -9999.0 -9999.0 -9999.0
64757 20211219  2.424  -79.78   44.23    -4.8   -13.0    -8.9    -7.4     0.0     5.92 C    -5.2   -20.3   -10.4    92.8    71.7    83.9 -99.000 -99.000 -99.000 -99.000 -99.000 -9999.0 -9999.0 -9999.0 -9999.0 -9999.0
64757 20211220  2.424  -79.78   44.23     2.5   -13.0    -5.2    -2.1     0.0     5.65 C    -0.1   -19.6    -4.3    92.2    57.6    74.7 -99.000 -99.000 -99.000 -99.000 -99.000 -9999.0 -9999.0 -9999.0 -9999.0 -9999.0
64757 20211221  2.424  -79.78   44.23     2.2    -1.7     0.3    -0.2     0.0     4.76 C    -0.1    -4.1    -1.7    85.8    58.2    69.3 -99.000 -99.000 -99.000 -99.000 -99.000 -9999.0 -9999.0 -9999.0 -9999.0 -9999.0
64757 20211222  2.424  -79.78   44.23     1.6    -6.6    -2.5    -3.1     0.5     4.96 C     0.0    -9.4    -4.4    85.0    55.7    69.2 -99.000 -99.000 -99.000 -99.000 -99.000 -9999.0 -9999.0 -9999.0 -9999.0 -9999.0
64757 20211223  2.424  -79.78   44.23    -2.7    -9.5    -6.1    -5.8     2.0     4.85 C    -2.7    -9.6    -6.1    92.0    56.8    76.5 -99.000 -99.000 -99.000 -99.000 -99.000 -9999.0 -9999.0 -9999.0 -9999.0 -9999.0
64757 20211224  2.424  -79.78   44.23     1.0    -3.0    -1.0    -1.1     0.7     1.36 C     0.0    -3.9    -1.4    94.7    89.9    92.8 -99.000 -99.000 -99.000 -99.000 -99.000 -9999.0 -9999.0 -9999.0 -9999.0 -9999.0
64757 20211225  2.424  -79.78   44.23     4.2     0.5     2.3     1.8     6.7     0.88 C     1.7    -0.1     0.6    98.9    90.3    96.4 -99.000 -99.000 -99.000 -99.000 -99.000 -9999.0 -9999.0 -9999.0 -9999.0 -9999.0
64757 20211226  2.424  -79.78   44.23     1.8    -7.9    -3.1    -1.4     0.0     1.82 C     2.6    -8.1    -1.3    91.8    72.0    82.5 -99.000 -99.000 -99.000 -99.000 -99.000 -9999.0 -9999.0 -9999.0 -9999.0 -9999.0
64757 20211227  2.424  -79.78   44.23    -3.7    -8.0    -5.8    -6.2     1.5     1.37 C    -2.1    -7.1    -4.9    94.6    81.8    85.6 -99.000 -99.000 -99.000 -99.000 -99.000 -9999.0 -9999.0 -9999.0 -9999.0 -9999.0
64757 20211228  2.424  -79.78   44.23     1.8    -3.7    -0.9    -0.3     0.3     1.94 C     0.3    -3.0    -1.5    97.0    62.4    75.8 -99.000 -99.000 -99.000 -99.000 -99.000 -9999.0 -9999.0 -9999.0 -9999.0 -9999.0
64757 20211229  2.424  -79.78   44.23     0.6    -3.2    -1.3    -0.6     0.0     1.66 C     1.1    -7.8    -1.1    96.2    80.0    88.3 -99.000 -99.000 -99.000 -99.000 -99.000 -9999.0 -9999.0 -9999.0 -9999.0 -9999.0
64757 20211230  2.424  -79.78   44.23     1.2    -4.0    -1.4    -0.6     0.0     4.02 C     5.2    -7.0    -0.8    95.9    66.3    83.1 -99.000 -99.000 -99.000 -99.000 -99.000 -9999.0 -9999.0 -9999.0 -9999.0 -9999.0
64757 20211231  2.424  -79.78   44.23     4.3    -3.0     0.6     1.1     0.0     1.17 C     4.7    -4.4     0.6    96.9    80.2    90.5 -99.000 -99.000 -99.000 -99.000 -99.000 -9999.0 -9999.0 -9999.0 -9999.0 -9999.0
