03074 20210101  2.622 -106.74   32.61     8.9   -10.6    -0.8    -1.8     0.0    12.17 C    19.6   -11.4    -1.2    49.6    14.7    32.4 -99.000   0.114   0.086   0.078   0.056     1.3     2.3     3.7     7.6    10.2
03074 20210102  2.622 -106.74   32.61    12.4   -13.9    -0.8    -1.3     0.0    13.18 C    18.8   -13.9    -1.1    43.9    15.8    30.5 -99.000 -99.000   0.085   0.077   0.055     0.3     1.4     3.0     7.2    10.0
03074 20210103  2.622 -106.74   32.61    13.4   -11.6     0.9     1.0     0.0    13.29 C    21.5   -12.1     0.8    55.2    14.6    32.8 -99.000 -99.000   0.085   0.077   0.056     1.2     2.0     3.1     6.9     9.8
03074 20210104  2.622 -106.74   32.61    16.0    -9.1     3.5     2.3     0.0    13.66 C    23.4   -10.0     2.2    49.2    14.7    32.6 -99.000   0.116   0.086   0.077   0.055     2.4     3.0     3.7     6.8     9.6
03074 20210105  2.622 -106.74   32.61    17.2    -7.4     4.9     3.4     0.0    11.66 C    21.9    -8.2     2.2    50.8    13.2    32.9 -99.000   0.119   0.087   0.078   0.054     3.0     3.6     4.3     6.9     9.5
03074 20210106  2.622 -106.74   32.61    13.2    -7.9     2.6     1.5     0.0    14.07 C    21.2    -9.9     0.8    55.4     7.6    30.1 -99.000   0.118   0.087   0.076   0.054     2.4     3.3     4.3     7.0     9.5
03074 20210107  2.622 -106.74   32.61    13.9   -10.7     1.6     0.2     0.0    13.99 C    21.9   -11.4     0.7    40.5    10.1    25.0 -99.000   0.113   0.086   0.076   0.054     1.7     2.6     3.8     7.0     9.5
03074 20210108  2.622 -106.74   32.61    16.3    -8.8     3.8     2.1     0.0    13.71 C    23.6    -9.6     2.1    38.8     8.9    23.9 -99.000   0.118   0.086   0.078   0.054     2.3     3.0     3.9     6.9     9.4
03074 20210109  2.622 -106.74   32.61    15.3    -6.2     4.6     4.2     0.0    13.95 C    22.3    -8.0     3.9    74.2     8.9    32.1   0.070   0.119   0.087   0.077   0.055     3.7     4.0     4.5     6.9     9.4
03074 20210110  2.622 -106.74   32.61     6.8    -8.0    -0.6     0.1     0.0    11.30 C    21.2    -8.5     1.5    78.1    36.4    56.5   0.069   0.120   0.088   0.076   0.055     3.7     4.4     5.1     7.1     9.4
03074 20210111  2.622 -106.74   32.61     6.6   -13.1    -3.3    -3.4     0.0    13.60 C    17.9   -13.0    -1.7    73.9    33.8    55.2 -99.000   0.112   0.086   0.077   0.055     1.1     2.4     3.9     7.1     9.4
03074 20210112  2.622 -106.74   32.61    10.4   -13.8    -1.7    -2.6     0.0    14.35 C    19.8   -14.0    -1.6    68.1    18.2    46.0 -99.000 -99.000   0.085   0.077   0.055     0.2     1.4     2.9     6.8     9.4
03074 20210113  2.622 -106.74   32.61    13.4   -13.9    -0.3    -0.5     0.0    14.46 C    21.6   -14.2     0.2    54.3     9.5    32.2 -99.000 -99.000   0.085   0.077   0.055     0.5     1.3     2.6     6.4     9.2
03074 20210114  2.622 -106.74   32.61    17.7    -8.2     4.8     4.4     0.0    12.26 C    21.3    -9.1     2.6    39.4    10.3    23.8 -99.000   0.118   0.086   0.076   0.056     3.0     3.2     3.6     6.2     9.0
03074 20210115  2.622 -106.74   32.61    16.9    -8.0     4.4     4.8     0.0    14.71 C    23.3    -9.3     3.3    36.0     6.3    17.8   0.069   0.119   0.087   0.076   0.056     3.8     4.2     4.6     6.5     8.9
03074 20210116  2.622 -106.74   32.61    17.1    -9.7     3.7     2.7     0.0    11.59 C    24.3   -10.4     1.7    36.2     7.6    21.9 -99.000   0.119   0.087   0.078   0.056     3.3     3.8     4.5     6.7     9.0
03074 20210117  2.622 -106.74   32.61    18.3    -9.2     4.5     4.2     0.0    14.86 C    25.7   -10.3     3.7    51.1     5.6    24.9 -99.000   0.119   0.087   0.076   0.055     3.6     4.1     4.7     6.8     9.0
03074 20210118  2.622 -106.74   32.61    19.6    -9.3     5.1     6.6     0.0    14.97 C    26.5   -10.3     6.2    36.8     6.3    19.7   0.069   0.120   0.088   0.077   0.055     4.6     4.9     5.2     6.9     9.0
03074 20210119  2.622 -106.74   32.61 -9999.0 -9999.0 -9999.0 -9999.0     0.0 -9999.00 U -9999.0 -9999.0 -9999.0 -9999.0 -9999.0 -9999.0 -99.000 -99.000 -99.000 -99.000 -99.000 -9999.0 -9999.0 -9999.0 -9999.0 -9999.0
03074 20210120  2.622 -106.74   32.61     8.3     1.7     5.0     4.5     0.8     5.10 C    12.7     2.2     5.6    88.5    51.9    77.1   0.070   0.121   0.091   0.077   0.055     6.7     6.9     7.1     7.9     9.4
03074 20210121  2.622 -106.74   32.61    11.0     3.8     7.4     6.9     0.0     5.43 C    14.6     0.4     6.3    92.6    66.0    82.1   0.071   0.122   0.090   0.079   0.055     7.4     7.4     7.4     8.1     9.6
03074 20210122  2.622 -106.74   32.61    15.0    -0.9     7.0     5.6     0.7    11.92 C    23.0    -2.5     6.1   100.0    42.0    80.1   0.070   0.121   0.090   0.077   0.055     6.7     7.0     7.2     8.3     9.7
03074 20210123  2.622 -106.74   32.61    15.9     0.1     8.0     8.1     0.0    14.02 C    23.8    -3.0     6.5    87.3    23.4    55.7   0.071   0.122   0.090   0.079   0.055     6.9     7.2     7.4     8.4     9.8
03074 20210124  2.622 -106.74   32.61    15.0    -4.4     5.3     5.8     0.0    12.97 C    25.7    -5.5     5.7    75.2    21.9    48.8   0.071   0.122   0.090   0.078   0.055     6.6     7.0     7.4     8.6    10.0
03074 20210125  2.622 -106.74   32.61    10.1    -2.6     3.7     4.0     0.0    11.21 C    19.0    -5.6     2.8    77.7    29.2    52.0   0.070   0.121   0.090   0.078   0.056     5.6     6.3     7.0     8.6    10.0
03074 20210126  2.622 -106.74   32.61     5.5    -4.3     0.6     1.0     1.3    14.12 C    12.1    -7.1     0.6    92.6    40.7    68.3   0.068   0.119   0.089   0.079   0.057     4.2     5.2     6.3     8.5    10.1
03074 20210127  2.622 -106.74   32.61     8.5   -12.4    -1.9    -1.8     0.0    16.09 C    19.4   -12.7    -0.5    87.1    18.8    57.2 -99.000   0.109   0.086   0.078   0.057     1.7     2.9     4.4     8.1    10.0
03074 20210128  2.622 -106.74   32.61    14.1    -6.1     4.0     2.9     0.0    12.00 C    20.7    -6.4     3.1    76.5    14.6    44.4 -99.000   0.118   0.086   0.077   0.055     3.4     3.8     4.5     7.6     9.8
03074 20210129  2.622 -106.74   32.61    14.0    -3.8     5.1     5.6     0.0     2.95 C    10.5    -4.8     2.7    64.8    22.1    48.7   0.069   0.118   0.087   0.078   0.054     4.1     4.6     5.3     7.5     9.6
03074 20210130  2.622 -106.74   32.61    13.9    -4.6     4.7     5.7     0.0    16.56 C    22.9    -6.7     5.1    74.6    11.6    36.4   0.070   0.120   0.088   0.077   0.055     5.6     5.8     5.9     7.6     9.5
03074 20210131  2.622 -106.74   32.61    15.7    -8.4     3.6     5.1     0.0    16.59 C    26.3    -9.4     5.7    60.9    12.2    34.5   0.070   0.119   0.088   0.078   0.056     5.0     5.5     5.8     7.7     9.5
03074 20210201  2.622 -106.74   32.61    14.9    -4.0     5.4     6.4     0.0    10.94 C    25.2    -5.4     6.6    58.6    19.7    37.1   0.072   0.121   0.090   0.077   0.055     6.8     6.9     6.9     7.9     9.5
03074 20210202  2.622 -106.74   32.61    20.4     1.0    10.7    10.0     0.0    12.15 C    32.1     0.1    10.7    48.7    18.2    33.3   0.073   0.123   0.091   0.078   0.054     8.9     8.6     8.1     8.2     9.7
03074 20210203  2.622 -106.74   32.61    24.1    -0.4    11.9    12.5     0.0    15.12 C    32.3    -1.7    11.9    53.6    11.3    31.8   0.074   0.124   0.093   0.079   0.055    10.6    10.2     9.4     8.8     9.9
03074 20210204  2.622 -106.74   32.61    20.8     5.6    13.2    14.2     0.0    16.97 C    32.9     2.2    13.0    55.4    10.7    29.4   0.075   0.126   0.095   0.080   0.058    12.0    11.7    10.9     9.5    10.2
03074 20210205  2.622 -106.74   32.61    18.7    -5.8     6.4     7.8     0.0    17.32 C    28.7    -6.4     8.4    45.8     8.7    24.1   0.073   0.124   0.094   0.081   0.057     9.7    10.3    10.5    10.1    10.6
03074 20210206  2.622 -106.74   32.61    15.8    -3.1     6.3     6.4     0.0    17.76 C    27.9    -6.2     6.6    46.0     5.4    21.4   0.071   0.124   0.092   0.080   0.056     8.5     9.3     9.7    10.2    10.9
03074 20210207  2.622 -106.74   32.61    21.6    -4.9     8.4     9.6     0.0    17.88 C    30.3    -7.2     8.4    35.5     4.1    15.5   0.070   0.123   0.091   0.080   0.057     8.3     8.8     9.0    10.1    11.0
03074 20210208  2.622 -106.74   32.61    22.9     0.0    11.5    12.1     0.0    17.99 C    32.8    -3.7    11.1    26.6     2.5    12.2   0.071   0.125   0.092   0.081   0.057    10.1    10.2     9.8    10.1    11.0
03074 20210209  2.622 -106.74   32.61    21.5    -1.2    10.2    11.4     0.0    17.98 C    30.8    -4.1    10.5    26.9     3.7    13.5   0.071   0.125   0.094   0.080   0.057    10.5    10.7    10.5    10.3    11.2
03074 20210210  2.622 -106.74   32.61    20.2     2.4    11.3    12.0     0.0    14.49 C    30.4    -0.9    10.7    23.4     7.0    15.8   0.071   0.125   0.094   0.080   0.058    11.0    11.1    10.9    10.7    11.4
03074 20210211  2.622 -106.74   32.61    19.2    -4.0     7.6     8.6     0.0    18.01 C    33.0    -4.8     9.7    37.1    12.3    23.8   0.070   0.125   0.094   0.081   0.058    10.7    11.0    11.0    10.9    11.5
03074 20210212  2.622 -106.74   32.61    15.9    -0.2     7.8     9.7     0.0     8.74 C    22.4    -3.0     8.0    38.7    17.6    28.7   0.069   0.124   0.094   0.080   0.058     9.7    10.1    10.5    11.1    11.7
03074 20210213  2.622 -106.74   32.61    16.1     0.4     8.2    10.4     0.0    13.95 C    29.2    -2.1    10.3    71.7    23.5    40.3   0.069   0.125   0.094   0.080   0.059    10.8    10.8    10.7    11.0    11.8
03074 20210214  2.622 -106.74   32.61    11.5    -8.3     1.6    -2.1     3.1     6.72 C     9.3    -6.2    -0.5    86.1    34.5    74.3   0.065   0.122   0.092   0.081   0.060     6.6     8.2     9.8    11.1    11.8
03074 20210215  2.622 -106.74   32.61    -2.3    -9.1    -5.7    -5.9     0.0     7.95 C     4.3    -6.4    -3.1    87.2    71.4    76.2   0.062   0.117   0.087   0.080   0.060     2.7     4.1     6.2    10.5    11.8
03074 20210216  2.622 -106.74   32.61     9.4    -3.8     2.8     1.8     0.9     6.46 C    11.9    -5.5     0.6    86.0    45.8    74.3   0.064   0.116   0.086   0.080   0.058     2.5     3.3     4.9     9.4    11.4
03074 20210217  2.622 -106.74   32.61    10.2    -1.8     4.2     4.2     0.0    13.23 C    21.4    -3.9     4.3    84.6    20.2    57.5   0.065   0.119   0.086   0.079   0.057     5.2     5.4     5.7     8.8    11.0
03074 20210218  2.622 -106.74   32.61     8.9    -4.4     2.3     1.4     0.2    16.64 C    28.0    -5.5     4.3    95.0    16.5    66.9   0.067   0.119   0.088   0.079   0.056     5.5     6.0     6.3     8.7    10.7
03074 20210219  2.622 -106.74   32.61    13.6    -8.6     2.5     2.4     0.0    19.35 C    26.9    -8.6     4.9    86.7    17.4    52.9   0.069   0.119   0.087   0.078   0.055     5.5     6.0     6.4     8.7    10.5
03074 20210220  2.622 -106.74   32.61    22.3    -1.3    10.5    10.8     0.0    19.39 C    29.0    -4.6     9.6    57.3    11.1    31.3   0.072   0.121   0.089   0.078   0.057     8.2     8.0     7.5     8.7    10.4
03074 20210221  2.622 -106.74   32.61    14.3    -3.8     5.3     8.0     0.0    20.13 C    27.3    -5.1     8.2    39.7     3.3    19.4   0.076   0.123   0.091   0.080   0.057     9.6     9.9     9.4     9.2    10.5
03074 20210222  2.622 -106.74   32.61    17.4    -9.8     3.8     3.8     0.0    20.44 C    31.5   -10.1     6.3    53.0     7.4    27.0   0.073   0.122   0.090   0.080   0.056     7.5     8.2     8.5     9.6    10.7
03074 20210223  2.622 -106.74   32.61    22.4    -7.8     7.3     7.9     0.0    20.25 C    33.0    -8.4     8.4    54.6     1.6    22.3   0.075   0.122   0.090   0.080   0.056     8.5     8.7     8.7     9.6    10.8
03074 20210224  2.622 -106.74   32.61    21.9    -7.3     7.3     8.5     0.0    20.85 C    33.6    -8.1     8.5    36.6     1.4    14.0   0.076   0.123   0.091   0.079   0.057     9.2     9.5     9.3     9.8    10.9
03074 20210225  2.622 -106.74   32.61    21.0    -4.4     8.3     9.1     0.0    20.87 C    33.1    -5.8     9.2    30.7     3.5    14.0   0.076   0.124   0.092   0.079   0.057     9.7     9.9     9.7    10.0    11.0
03074 20210226  2.622 -106.74   32.61    17.6    -9.1     4.2     4.8     0.0    20.50 C    33.1    -9.2     7.2    45.9     5.1    21.8   0.075   0.123   0.092   0.081   0.058     8.9     9.5     9.7    10.2    11.1
03074 20210227  2.622 -106.74   32.61    19.1    -1.2     9.0     9.8     0.0    16.95 C    29.4    -5.6     8.0    26.1     1.9    10.5   0.074   0.123   0.091   0.081   0.057     9.0     9.4     9.5    10.3    11.2
03074 20210228  2.622 -106.74   32.61    16.4    -3.7     6.4     8.8     0.0    20.55 C    29.0    -6.1     9.5    23.7     5.9    12.4   0.074   0.124   0.092   0.081   0.056     9.5     9.7     9.6    10.3    11.3
03074 20210301  2.622 -106.74   32.61    12.7    -0.1     6.3     7.0     0.0    20.31 C    31.5    -2.3    10.8    48.9     9.6    29.2   0.075   0.125   0.094   0.080   0.058    11.2    11.2    10.7    10.5    11.4
03074 20210302  2.622 -106.74   32.61    14.5    -8.5     3.0     3.3     0.0    21.51 C    32.9    -8.7     7.4    58.6    13.1    34.2   0.072   0.124   0.092   0.081   0.058     9.4    10.1    10.3    10.8    11.5
03074 20210303  2.622 -106.74   32.61    21.9    -8.0     7.0     8.3     0.0    21.27 C    37.5    -8.2    10.7    37.3     7.3    20.1   0.072   0.124   0.092   0.081   0.058    10.0    10.1    10.0    10.8    11.6
03074 20210304  2.622 -106.74   32.61    20.0     5.7    12.9    14.5     0.0    21.56 C    32.0     1.7    14.0    37.0     8.6    20.7   0.075   0.127   0.096   0.080   0.058    13.4    13.0    12.0    11.0    11.7
03074 20210305  2.622 -106.74   32.61    19.9    -2.3     8.8    10.6     0.0    21.61 C    34.2    -4.3    11.7    55.8    13.4    32.4   0.073   0.126   0.095   0.081   0.060    12.5    12.6    12.2    11.5    11.9
03074 20210306  2.622 -106.74   32.61    18.0     0.3     9.1    10.1     0.5    21.61 C    34.1    -1.3    11.6    62.9    17.6    36.4   0.073   0.126   0.096   0.080   0.059    12.8    13.0    12.5    11.8    12.1
03074 20210307  2.622 -106.74   32.61    21.8    -4.0     8.9     9.3     0.0    20.89 C    39.2    -4.6    12.4    50.4    11.4    29.6   0.072   0.126   0.096   0.083   0.059    12.7    12.8    12.5    12.1    12.4
03074 20210308  2.622 -106.74   32.61    25.8     0.4    13.1    14.4     0.0    17.94 C    38.2    -0.3    15.7    37.7     7.4    21.5   0.072   0.126   0.096   0.081   0.059    14.1    13.7    13.0    12.3    12.5
03074 20210309  2.622 -106.74   32.61    24.9     9.8    17.3    17.1     0.0    14.48 C    35.2     7.0    16.5    37.3     4.4    18.2   0.073   0.128   0.099   0.083   0.061    16.1    15.6    14.6    12.7    12.7
03074 20210310  2.622 -106.74   32.61    21.9     2.8    12.3    14.0     0.0    22.80 C    32.3    -0.7    13.4    48.6     1.7    18.2   0.071   0.127   0.098   0.082   0.060    15.1    15.1    14.6    13.2    13.1
03074 20210311  2.622 -106.74   32.61    21.9    -1.9    10.0    11.1     0.0    22.43 C    35.5    -5.1    11.9    33.5     3.2    13.4   0.069   0.126   0.097   0.082   0.060    13.7    14.0    13.9    13.4    13.3
03074 20210312  2.622 -106.74   32.61    23.1     1.8    12.5    14.1     0.0    21.98 C    37.5    -0.5    14.7    16.8     1.5     6.6   0.068   0.126   0.097   0.083   0.061    14.6    14.4    13.9    13.4    13.5
03074 20210313  2.622 -106.74   32.61    11.9    -1.8     5.1     6.9     1.0    20.28 C    27.4    -3.3     7.3    46.2     7.0    25.1   0.066   0.125   0.096   0.083   0.062    12.2    13.0    13.5    13.6    13.6
03074 20210314  2.622 -106.74   32.61    14.3     1.6     8.0     7.8     0.0    22.32 C    28.0    -2.7     8.7    56.3    18.2    34.9   0.064   0.123   0.094   0.083   0.062    11.2    11.6    12.1    13.3    13.6
03074 20210315  2.622 -106.74   32.61    20.2    -3.3     8.4    10.0     0.0    21.15 C    37.4    -4.6    12.2    63.6     5.8    29.0   0.065   0.124   0.094   0.082   0.062    12.5    12.4    12.2    13.0    13.6
03074 20210316  2.622 -106.74   32.61    19.4    -0.6     9.4     8.6     0.0    21.66 C    28.5    -2.9     8.8    42.7     2.8    21.2   0.064   0.124   0.095   0.082   0.062    12.2    12.6    12.7    13.0    13.6
03074 20210317  2.622 -106.74   32.61    17.8    -7.2     5.3     6.4     0.0    23.62 C    37.7    -7.7    10.6    55.9    12.0    30.4   0.063   0.123   0.093   0.083   0.062    11.7    11.8    11.8    12.9    13.5
03074 20210318  2.622 -106.74   32.61    20.3    -4.0     8.1     9.4     0.0    23.36 C    39.2    -5.1    12.6    32.8     8.2    19.8   0.064   0.124   0.095   0.082   0.062    13.3    13.1    12.6    12.9    13.4
03074 20210319  2.622 -106.74   32.61    23.0    -3.4     9.8    10.5     0.0    23.47 C    40.8    -4.0    13.9    29.3     7.0    17.8   0.064   0.124   0.096   0.082   0.063    14.3    14.0    13.4    13.1    13.5
03074 20210320  2.622 -106.74   32.61    26.4    -1.3    12.5    13.2     0.0    23.54 C    41.1    -2.2    15.5    32.2     3.9    16.5   0.064   0.124   0.097   0.083   0.061    15.4    15.0    14.2    13.4    13.6
03074 20210321  2.622 -106.74   32.61    24.5     6.4    15.5    16.4     0.0    15.63 C    37.5     3.2    15.7    25.8     7.4    17.3   0.064   0.124   0.098   0.083   0.061    15.8    15.4    14.8    13.8    13.8
03074 20210322  2.622 -106.74   32.61    16.9     5.6    11.3    12.0     0.0    20.69 C    30.5     0.7    11.9    24.6     6.9    13.7   0.062   0.123   0.098   0.084   0.062    15.0    15.2    15.0    14.1    14.0
03074 20210323  2.622 -106.74   32.61    19.6    -0.5     9.5    10.9     0.0    23.93 C    34.8    -3.4    13.6    43.6     6.2    16.5   0.061   0.122   0.096   0.084   0.061    14.4    14.3    14.1    14.1    14.2
03074 20210324  2.622 -106.74   32.61    10.8     1.5     6.1     6.2     0.8     9.93 C    28.4    -1.1     7.6    86.5    36.2    62.3   0.059   0.121   0.096   0.083   0.062    12.4    13.2    13.9    14.1    14.3
03074 20210325  2.622 -106.74   32.61    15.3    -4.7     5.3     7.5     0.0    20.05 C    33.7    -5.8    10.5    91.2    17.5    51.6   0.058   0.119   0.093   0.083   0.063    11.6    11.7    12.1    13.7    14.3
03074 20210326  2.622 -106.74   32.61    18.5     3.2    10.8    11.6     0.0    24.83 C    33.4    -1.4    13.1    38.4    13.1    23.9   0.061   0.121   0.095   0.084   0.061    13.8    13.5    13.0    13.5    14.1
03074 20210327  2.622 -106.74   32.61    15.2    -0.3     7.5     9.0     0.0    18.05 C    39.8    -1.2    11.7    50.2    23.1    34.9   0.061   0.121   0.096   0.084   0.061    13.8    13.9    13.7    13.6    14.0
03074 20210328  2.622 -106.74   32.61    20.9    -4.4     8.2     9.4     0.0    25.41 C    42.1    -4.6    14.1    59.7    12.4    32.8   0.061   0.121   0.095   0.084   0.061    14.3    14.0    13.4    13.7    14.1
03074 20210329  2.622 -106.74   32.61    25.4    -2.0    11.7    13.4     0.0    24.54 C    42.3    -2.8    16.5    40.4     4.9    20.0   0.062   0.121   0.097   0.083   0.061    16.1    15.5    14.6    13.9    14.1
03074 20210330  2.622 -106.74   32.61    26.2     5.3    15.7    17.0     0.0    25.81 C    40.5     2.8    17.5    21.0     2.5     9.2   0.063   0.122   0.099   0.083   0.062    17.7    17.1    15.9    14.3    14.3
03074 20210331  2.622 -106.74   32.61    21.1    -3.3     8.9    11.6     0.0    26.06 C    43.5    -3.8    15.4    24.1     5.6    12.9   0.061   0.120   0.098   0.085   0.062    16.9    16.7    16.0    14.8    14.5
03074 20210401  2.622 -106.74   32.61    20.7     7.2    14.0    14.5     0.0    22.34 C    39.0     2.1    16.0    25.5    10.9    17.6   0.060   0.121   0.098   0.085   0.063    17.2    16.9    16.3    15.1    14.8
03074 20210402  2.622 -106.74   32.61    28.2     3.0    15.6    17.2     0.0    23.60 C    47.0     2.4    21.3    36.1    11.6    22.2   0.062   0.122   0.099   0.085   0.062    19.3    18.4    17.0    15.3    15.0
03074 20210403  2.622 -106.74   32.61    28.9    10.9    19.9    20.3     0.0    22.68 C    49.2     7.3    22.6    42.6     8.4    24.6   0.063   0.123   0.102   0.086   0.063    21.7    20.6    18.8    15.9    15.3
03074 20210404  2.622 -106.74   32.61    29.2     5.7    17.4    18.4     0.0    25.26 C    49.3     4.5    22.6    49.0     9.1    26.1   0.062   0.123   0.102   0.086   0.062    21.8    21.0    19.4    16.5    15.6
03074 20210405  2.622 -106.74   32.61    31.3    10.2    20.7    20.8     0.0    23.90 C    49.6     7.7    22.1    43.7     2.3    17.6   0.062   0.122   0.103   0.087   0.064    22.3    21.6    20.2    17.1    16.1
03074 20210406  2.622 -106.74   32.61    27.8    11.0    19.4    20.1     0.0    23.84 C    41.2     6.5    19.7    12.4     2.8     7.7   0.060   0.121   0.102   0.088   0.065    21.0    20.7    19.9    17.6    16.5
03074 20210407  2.622 -106.74   32.61    26.3    -0.5    12.9    15.4     0.0    27.17 C    46.5    -1.0    19.0    19.3     2.2     7.8   0.059   0.121   0.101   0.087   0.066    20.6    20.3    19.5    17.7    16.8
03074 20210408  2.622 -106.74   32.61    29.7     1.8    15.7    17.6     0.0    25.95 C    49.4     1.1    20.1    14.5     3.8     7.5   0.059   0.120   0.101   0.087   0.066    20.8    20.3    19.4    17.7    17.0
03074 20210409  2.622 -106.74   32.61    26.9     3.7    15.3    17.2     0.0    27.05 C    45.3     2.9    20.3    27.7     2.0    10.9   0.059   0.120   0.102   0.087   0.066    21.5    21.0    19.9    18.0    17.2
03074 20210410  2.622 -106.74   32.61    28.1    -1.2    13.5    16.3     0.0    27.28 C    45.8    -1.4    19.5    12.3     2.1     6.5   0.057   0.119   0.100   0.088   0.064    20.6    20.2    19.5    18.1    17.3
03074 20210411  2.622 -106.74   32.61    28.6     3.8    16.2    17.8     0.0    24.68 C    48.5     2.0    20.9    17.5     3.8     8.8   0.058   0.119   0.101   0.088   0.065    21.6    21.0    20.0    18.2    17.5
03074 20210412  2.622 -106.74   32.61    28.4     9.9    19.2    19.5     0.0    26.39 C    50.5     9.5    23.2    15.7     5.6    10.8   0.058   0.119   0.102   0.088   0.066    22.9    22.0    20.6    18.4    17.6
03074 20210413  2.622 -106.74   32.61    25.5     9.2    17.3    18.6     0.0    26.70 C    45.5     6.2    22.1    29.9    11.0    19.4   0.058   0.118   0.103   0.087   0.067    23.0    22.4    21.2    18.8    17.9
03074 20210414  2.622 -106.74   32.61    27.0     9.5    18.3    19.1     0.0    25.46 C    45.9     6.9    22.5    43.6     5.0    18.6   0.057   0.118   0.103   0.090   0.066    23.0    22.4    21.3    19.0    18.1
03074 20210415  2.622 -106.74   32.61    26.5    13.3    19.9    20.1     0.0    21.67 C    40.4     8.9    21.1    20.3     2.6    10.6   0.056   0.117   0.102   0.089   0.067    22.4    22.0    21.2    19.3    18.3
03074 20210416  2.622 -106.74   32.61    21.9     7.7    14.8    16.4     0.0    17.05 C    43.4     5.8    19.0    15.7     4.1    10.4   0.055   0.116   0.101   0.090   0.068    21.0    20.9    20.6    19.4    18.5
03074 20210417  2.622 -106.74   32.61    18.5     7.7    13.1    12.9     0.0    25.38 C    41.0     5.4    18.6    50.1    18.0    34.1   0.055   0.116   0.100   0.089   0.067    21.4    21.1    20.5    19.2    18.6
03074 20210418  2.622 -106.74   32.61    15.7     6.9    11.3    10.7     0.0    19.54 C    37.0     5.4    14.9    54.5    30.2    40.8   0.053   0.114   0.099   0.089   0.067    19.0    19.3    19.6    19.2    18.6
03074 20210419  2.622 -106.74   32.61    21.4     1.3    11.4    12.8     0.0    27.69 C    44.5     0.9    18.9    59.4    14.5    33.0   0.054   0.114   0.098   0.088   0.068    20.1    19.6    19.1    18.9    18.6
03074 20210420  2.622 -106.74   32.61    26.9     7.0    17.0    16.8     0.0    28.37 C    47.6     3.3    20.6    42.1     2.8    20.4   0.056   0.115   0.099   0.088   0.068    21.5    20.9    19.9    18.8    18.5
03074 20210421  2.622 -106.74   32.61    22.7     3.7    13.2    14.1     0.0    26.61 C    43.6     2.1    18.5    40.9    11.6    24.2   0.055   0.114   0.099   0.088   0.068    21.0    20.8    20.2    19.0    18.5
03074 20210422  2.622 -106.74   32.61    25.5     8.1    16.8    18.1     0.0    28.20 C    43.0     4.5    20.1    35.5     5.6    16.6   0.055   0.114   0.099   0.088   0.068    21.5    21.1    20.3    19.1    18.6
03074 20210423  2.622 -106.74   32.61    22.9     4.0    13.4    16.2     0.0    26.87 C    44.6     2.1    19.1    24.2     7.9    15.7   0.054   0.114   0.099   0.089   0.068    21.1    20.9    20.3    19.2    18.7
03074 20210424  2.622 -106.74   32.61    26.3     2.8    14.5    16.4     0.0    28.44 C    46.7     1.9    20.9    35.8     6.9    17.5   0.055   0.114   0.099   0.089   0.068    22.0    21.4    20.4    19.2    18.8
03074 20210425  2.622 -106.74   32.61    30.5     8.8    19.7    20.7     0.0    28.56 C    46.5     4.5    22.7    20.5     1.4     9.2   0.056   0.114   0.100   0.089   0.067    22.9    22.2    21.0    19.4    18.9
03074 20210426  2.622 -106.74   32.61    27.9    14.1    21.0    21.9     0.0    27.83 C    42.3    10.0    23.2    12.3     3.1     6.6   0.055   0.114   0.101   0.089   0.067    23.5    22.8    21.7    19.7    18.9
03074 20210427  2.622 -106.74   32.61    21.5    12.5    17.0    18.1     0.0    12.96 C    37.3     9.9    19.3    27.2    12.7    19.4   0.054   0.113   0.100   0.089   0.068    22.1    22.1    21.7    20.0    19.1
03074 20210428  2.622 -106.74   32.61    17.0     6.0    11.5    11.8     1.9    20.68 C    36.6     3.8    14.7    77.6    19.4    43.2   0.052   0.112   0.098   0.089   0.067    19.3    19.8    20.1    20.0    19.3
03074 20210429  2.622 -106.74   32.61    16.1     3.5     9.8     9.7     1.3    11.55 C    29.7     1.6    11.2    83.9    39.4    64.7   0.050   0.108   0.094   0.089   0.067    15.8    16.7    17.9    19.4    19.3
03074 20210430  2.622 -106.74   32.61    22.1     4.0    13.0    13.0     0.0    19.50 C    45.3     2.7    16.8    88.9    19.7    55.0   0.054   0.109   0.093   0.088   0.068    17.6    17.4    17.3    18.7    19.0
03074 20210501  2.622 -106.74   32.61    29.1     4.6    16.9    18.5     0.0    27.40 C    49.1     3.0    22.9    77.3     9.3    36.2   0.059   0.112   0.095   0.087   0.067    21.4    20.3    18.9    18.4    18.8
03074 20210502  2.622 -106.74   32.61    30.8    11.5    21.1    22.8     0.0    26.72 C    44.6     8.7    23.1    28.7     1.4    10.5   0.060   0.114   0.098   0.088   0.065    23.0    22.3    20.9    18.9    18.7
03074 20210503  2.622 -106.74   32.61    26.1    11.3    18.7    19.4     0.0    24.33 C    47.0     8.2    22.3    29.9     4.9    12.3   0.059   0.115   0.099   0.089   0.067    23.5    22.9    21.7    19.5    18.8
03074 20210504  2.622 -106.74   32.61    25.1     6.4    15.7    16.4     0.0    29.24 C    48.6     4.5    22.6    64.2    13.1    30.3   0.058   0.115   0.098   0.089   0.067    23.5    22.8    21.6    19.8    19.1
03074 20210505  2.622 -106.74   32.61    30.1     6.5    18.3    19.9     0.0    27.25 C    51.8     5.0    24.5    39.1     6.2    18.4   0.058   0.115   0.100   0.089   0.068    24.6    23.7    22.3    20.1    19.3
03074 20210506  2.622 -106.74   32.61    32.7     7.2    20.0    22.1     0.0    28.69 C    54.5     6.1    27.0    35.8     7.6    20.6   0.058   0.115   0.101   0.089   0.067    26.2    25.0    23.2    20.5    19.5
03074 20210507  2.622 -106.74   32.61    33.8    12.3    23.1    24.8     0.0    27.75 C    52.6    11.0    27.8    47.3     3.6    21.6   0.059   0.116   0.103   0.091   0.068    27.8    26.6    24.6    21.1    19.8
03074 20210508  2.622 -106.74   32.61    30.1    10.5    20.3    22.7     0.0    30.26 C    46.4     7.4    24.3    47.0     1.7    14.3   0.057   0.114   0.103   0.091   0.066    26.4    25.8    24.6    21.6    20.2
03074 20210509  2.622 -106.74   32.61    29.5     8.3    18.9    20.6     0.0    30.00 C    48.9     5.3    23.3    17.1     3.5     8.4   0.056   0.114   0.101   0.091   0.068    25.3    24.8    23.9    21.8    20.5
03074 20210510  2.622 -106.74   32.61    30.4    11.3    20.8    22.8     0.0    30.34 C    47.4     7.0    25.2    21.6     3.0     9.0   0.055   0.114   0.101   0.091   0.068    25.8    25.0    23.9    21.8    20.7
03074 20210511  2.622 -106.74   32.61    29.9    11.4    20.6    22.5     0.0    30.02 C    52.4     8.9    26.6    32.6     2.8    11.9   0.056   0.114   0.102   0.093   0.067    27.2    26.3    24.6    22.0    20.9
03074 20210512  2.622 -106.74   32.61    27.6     8.5    18.0    19.3     0.0    29.52 C    50.2     7.5    25.0    63.0    12.5    34.5   0.056   0.114   0.102   0.092   0.068    26.8    26.1    24.8    22.3    21.1
03074 20210513  2.622 -106.74   32.61    30.6     8.3    19.5    21.1     0.0    29.22 C    52.6     8.0    27.2    54.4     8.0    33.0   0.056   0.114   0.102   0.091   0.069    27.6    26.6    25.1    22.5    21.2
03074 20210514  2.622 -106.74   32.61    31.8    10.3    21.1    21.3     0.5    20.79 C    54.7     9.8    24.3    51.0     9.5    32.8   0.055   0.112   0.102   0.092   0.069    26.7    26.4    25.4    22.8    21.4
03074 20210515  2.622 -106.74   32.61    31.6    12.2    21.9    22.8     0.0    21.83 C    54.5    10.9    26.1    56.8     7.2    26.8   0.056   0.112   0.101   0.092   0.069    26.4    25.7    24.7    22.9    21.6
03074 20210516  2.622 -106.74   32.61    31.4    11.3    21.3    23.4     0.0    30.34 C    52.1     9.1    27.1    26.3     2.2    11.1   0.057   0.113   0.101   0.092   0.067    27.3    26.4    25.0    22.8    21.8
03074 20210517  2.622 -106.74   32.61    28.1    11.1    19.6    21.2     0.0    30.43 C    48.3     8.3    24.7    18.8     3.1     9.4   0.055   0.112   0.101   0.092   0.067    26.6    26.1    25.1    23.0    21.9
03074 20210518  2.622 -106.74   32.61    27.3     5.7    16.5    18.3     0.0    25.70 C    52.6     4.9    24.4    27.9     8.9    17.1   0.054   0.112   0.100   0.093   0.068    25.9    25.4    24.6    23.0    21.9
03074 20210519  2.622 -106.74   32.61    31.4    14.1    22.8    22.3     0.0    26.22 C    53.8    11.8    28.3    34.8     9.4    20.6   0.055   0.112   0.101   0.092   0.068    27.8    26.8    25.2    23.0    22.0
03074 20210520  2.622 -106.74   32.61    32.9     9.3    21.1    23.5     0.0    29.74 C    52.5     8.5    27.9    42.3     4.7    16.7   0.055   0.112   0.101   0.092   0.069    28.0    27.1    25.7    23.2    22.1
03074 20210521  2.622 -106.74   32.61    28.7    13.0    20.8    22.2     0.0    18.74 C    45.5    10.6    24.2    23.8    11.8    16.2   0.054   0.111   0.101   0.092   0.069    26.6    26.4    25.7    23.5    22.3
03074 20210522  2.622 -106.74   32.61    33.7    10.5    22.1    24.0     0.0    28.59 C    51.0     9.1    27.8    32.0     7.1    17.0   0.055   0.111   0.100   0.092   0.069    27.6    26.6    25.2    23.5    22.4
03074 20210523  2.622 -106.74   32.61    30.5    11.2    20.8    22.3     0.0    30.36 C    52.1     9.4    26.6    30.1     6.0    14.5   0.055   0.112   0.101   0.092   0.069    28.2    27.5    26.1    23.6    22.5
03074 20210524  2.622 -106.74   32.61    32.2     5.3    18.7    20.8     0.0    30.06 C    51.9     4.8    25.2    19.6     1.9     7.5   0.054   0.111   0.100   0.092   0.069    27.2    26.6    25.7    23.8    22.6
03074 20210525  2.622 -106.74   32.61    32.6     5.1    18.8    20.6     0.0    30.15 C    55.0     4.3    25.8    13.1     0.9     5.2   0.053   0.110   0.100   0.092   0.069    27.4    26.7    25.6    23.8    22.8
03074 20210526  2.622 -106.74   32.61    32.7     6.7    19.7    21.8     0.0    22.11 C    49.8     6.3    24.5    11.3     2.3     6.0   0.052   0.110   0.099   0.092   0.070    26.5    26.2    25.4    23.8    22.8
03074 20210527  2.622 -106.74   32.61    33.0    14.3    23.7    23.7     0.0    22.90 C    54.2    11.4    26.5    13.2     3.1     7.8   0.053   0.110   0.099   0.092   0.070    27.3    26.6    25.5    23.8    22.8
03074 20210528  2.622 -106.74   32.61    34.0     6.0    20.0    22.0     0.0    31.02 C    55.4     5.6    27.2    19.0     1.7     7.6   0.053   0.111   0.099   0.092   0.070    28.2    27.3    25.9    23.8    22.8
03074 20210529  2.622 -106.74   32.61    34.5    10.1    22.3    23.9     0.0    30.23 C    56.2     8.5    28.8    38.5     2.8    14.3   0.054   0.110   0.100   0.092   0.070    29.2    28.2    26.6    24.0    22.9
03074 20210530  2.622 -106.74   32.61    33.6    14.2    23.9    25.5     0.0    29.12 C    54.4    13.0    29.8    59.1     2.9    26.5   0.054   0.111   0.101   0.093   0.069    30.4    29.3    27.5    24.4    23.1
03074 20210531  2.622 -106.74   32.61    32.4    16.0    24.2    24.3     0.0    28.07 C    55.3    13.7    29.3    58.7     5.2    29.1   0.054   0.110   0.101   0.093   0.069    30.5    29.6    27.9    24.8    23.4
03074 20210601  2.622 -106.74   32.61    30.3    12.8    21.5    20.9     0.4    23.24 C    54.2    11.8    26.1    57.3    16.4    36.7   0.053   0.108   0.101   0.094   0.071    28.9    28.6    27.6    25.1    23.6
03074 20210602  2.622 -106.74   32.61    32.8    10.3    21.5    22.3     0.0    23.80 C    56.5     9.9    27.9    54.8    10.6    31.0   0.053   0.108   0.099   0.094   0.071    28.3    27.8    26.7    25.0    23.7
03074 20210603  2.622 -106.74   32.61    31.5    18.3    24.9    24.1     0.0    21.69 C    55.7    15.8    28.5    43.3    12.0    24.7   0.054   0.111   0.100   0.093   0.071    29.2    28.5    27.2    25.0    23.7
03074 20210604  2.622 -106.74   32.61    30.5    14.0    22.3    22.6     0.0    17.74 C    47.9    12.6    24.6    40.0    15.3    25.2   0.052   0.111   0.098   0.093   0.071    27.2    27.1    26.6    25.0    23.8
03074 20210605  2.622 -106.74   32.61    36.1    11.5    23.8    25.6     0.0    27.23 C    57.1    10.4    31.0    40.9     6.4    20.9   0.055   0.112   0.099   0.093   0.071    29.7    28.4    26.8    24.9    23.9
03074 20210606  2.622 -106.74   32.61    37.9    15.5    26.7    28.3     0.0    28.73 C    56.6    14.2    32.5    33.9     5.2    14.7   0.055   0.113   0.100   0.093   0.071    31.7    30.4    28.3    25.1    23.9
03074 20210607  2.622 -106.74   32.61    35.3    15.7    25.5    27.5     0.0    30.09 C    55.8    13.4    31.5    21.9     3.5    10.3   0.055   0.112   0.101   0.094   0.072    32.1    31.0    29.1    25.6    24.1
03074 20210608  2.622 -106.74   32.61    34.4    16.4    25.4    26.5     0.0    27.35 C    54.1    13.0    29.2    18.0     3.2     9.7   0.054   0.111   0.101   0.094   0.071    30.9    30.3    28.9    25.9    24.4
03074 20210609  2.622 -106.74   32.61    37.0    10.6    23.8    25.5     0.0    29.99 C    57.3    10.1    30.6    19.2     4.5    10.0   0.053   0.111   0.100   0.093   0.069    31.1    30.1    28.6    26.1    24.7
03074 20210610  2.622 -106.74   32.61    38.8    12.9    25.8    27.1     0.0    30.00 C    57.4    11.9    31.1    18.9     2.2     8.0   0.054   0.111   0.101   0.093   0.071    31.8    30.9    29.2    26.2    24.7
03074 20210611  2.622 -106.74   32.61    39.2    11.5    25.4    27.5     0.0    30.34 C    59.4    11.5    32.2    14.3     2.2     6.2   0.054   0.112   0.101   0.094   0.071    32.4    31.3    29.5    26.5    24.9
03074 20210612  2.622 -106.74   32.61    41.1    12.1    26.6    28.9     0.0    29.29 C    60.9    11.9    33.7    18.5     3.4    10.1   0.054   0.112   0.101   0.095   0.070    33.3    32.1    30.1    26.7    25.1
03074 20210613  2.622 -106.74   32.61    38.8    21.5    30.2    31.7     0.0    25.68 C    57.2    20.4    35.1    22.6     5.8    14.5   0.055   0.113   0.102   0.094   0.071    34.6    33.2    31.1    27.1    25.3
03074 20210614  2.622 -106.74   32.61    39.9    19.6    29.7    31.6     0.0    28.65 C    61.2    18.3    36.7    33.7     6.7    15.1   0.056   0.114   0.102   0.095   0.072    35.8    34.3    31.8    27.5    25.6
03074 20210615  2.622 -106.74   32.61    37.1    20.3    28.7    30.0     0.0    30.08 C    56.3    18.5    34.1    41.7     7.0    19.6   0.055   0.114   0.103   0.095   0.073    35.7    34.6    32.4    28.1    26.0
03074 20210616  2.622 -106.74   32.61    37.5    16.3    26.9    29.5     0.0    29.34 C    59.3    15.1    34.4    37.1     8.6    18.0   0.055   0.113   0.102   0.097   0.073    35.1    34.0    32.1    28.4    26.3
03074 20210617  2.622 -106.74   32.61    36.6    20.1    28.3    28.9     0.0    30.05 C    54.9    17.2    33.0    31.2     4.8    15.1   0.054   0.114   0.102   0.096   0.074    35.1    34.2    32.3    28.6    26.5
03074 20210618  2.622 -106.74   32.61    36.9    15.3    26.1    27.3     0.0    30.03 C    59.1    13.7    33.0    26.9     8.0    15.2   0.054   0.113   0.101   0.097   0.075    34.4    33.5    31.9    28.7    26.7
03074 20210619  2.622 -106.74   32.61    38.6    16.9    27.7    29.4     0.0    29.49 C    59.7    14.9    34.3    23.1     6.2    12.3   0.054   0.113   0.101   0.097   0.074    35.0    33.8    32.0    28.7    26.8
03074 20210620  2.622 -106.74   32.61    40.2    19.5    29.9    30.3     0.0    22.80 C    61.1    17.9    34.4    21.6     6.2    13.0   0.054   0.113   0.101   0.098   0.075    35.0    34.1    32.4    28.9    27.0
03074 20210621  2.622 -106.74   32.61    39.0    19.5    29.2    29.9     0.0    25.23 C    61.9    18.2    34.5    37.5     6.4    18.1   0.054   0.114   0.101   0.097   0.075    35.0    34.0    32.2    29.0    27.2
03074 20210622  2.622 -106.74   32.61    36.6    18.7    27.6    28.8     0.0    27.12 C    56.7    18.4    34.9    58.9    10.6    30.9   0.054   0.114   0.101   0.097   0.075    35.3    34.2    32.4    29.1    27.3
03074 20210623  2.622 -106.74   32.61    38.6    19.6    29.1    30.4     0.0    24.31 C    60.7    18.6    35.1    38.1     9.7    21.3   0.055   0.114   0.101   0.097   0.074    35.5    34.5    32.7    29.3    27.5
03074 20210624  2.622 -106.74   32.61    37.1    20.4    28.7    29.9     0.0    27.99 C    59.7    18.8    35.5    37.8    14.2    23.8   0.055   0.114   0.100   0.097   0.074    35.9    34.8    32.8    29.4    27.7
03074 20210625  2.622 -106.74   32.61    37.0    18.8    27.9    29.2     0.0    27.98 C    56.0    17.7    33.3    51.3     7.3    23.9   0.054   0.113   0.100   0.097   0.075    35.1    34.4    32.8    29.6    27.8
03074 20210626  2.622 -106.74   32.61    35.9    16.7    26.3    28.3     0.0    27.90 C    58.9    14.7    33.6    33.7     6.3    15.6   0.053   0.113   0.099   0.097   0.076    34.5    33.8    32.3    29.6    27.9
03074 20210627  2.622 -106.74   32.61    29.8    16.5    23.1    22.3     5.6    12.86 C    50.7    15.8    23.9    85.2    25.4    48.1   0.050   0.110   0.098   0.097   0.076    30.1    31.3    31.5    29.6    27.9
03074 20210628  2.622 -106.74   32.61    20.5    16.2    18.3    18.1    18.4     5.89 C    24.3    16.5    18.9    91.0    64.3    81.3   0.132   0.139   0.091   0.096   0.076    22.2    24.1    26.5    28.9    27.9
03074 20210629  2.622 -106.74   32.61    22.7    16.7    19.7    18.9     3.2     9.67 C    29.5    17.2    19.9    85.5    55.7    77.1   0.162   0.193   0.093   0.095   0.075    21.8    22.4    24.0    27.2    27.4
03074 20210630  2.622 -106.74   32.61    25.2    16.3    20.7    20.2    31.8    16.76 C    31.9    17.0    21.6    93.4    50.1    80.0   0.219   0.246   0.177   0.093   0.073    22.5    22.5    23.0    25.9    26.7
03074 20210701  2.622 -106.74   32.61    28.8    19.5    24.2    23.4     0.0    20.92 C    43.1    17.9    24.7    88.2    44.0    65.9   0.184   0.239   0.208   0.101   0.073    26.2    25.7    24.9    25.3    26.1
03074 20210702  2.622 -106.74   32.61    30.4    18.2    24.3    24.3     0.0    22.61 C    45.0    17.0    26.2    89.3    34.9    60.3   0.169   0.230   0.200   0.113   0.072    27.8    27.3    26.4    25.6    25.7
03074 20210703  2.622 -106.74   32.61    32.9    19.5    26.2    25.9     0.0    27.03 C    53.1    18.4    30.6    84.1    26.1    53.7   0.162   0.227   0.195   0.115   0.073    30.4    29.6    28.2    26.3    25.7
03074 20210704  2.622 -106.74   32.61    34.5    19.3    26.9    27.9     7.5    27.14 C    53.3    19.3    32.6    76.2    21.1    44.3   0.155   0.224   0.193   0.117   0.073    32.2    31.6    30.1    27.2    25.9
03074 20210705  2.622 -106.74   32.61    33.5    19.3    26.4    26.4     1.3    23.50 C    44.4    19.7    28.2    78.9    26.1    51.9   0.180   0.232   0.192   0.117   0.074    30.3    30.3    29.8    28.0    26.4
03074 20210706  2.622 -106.74   32.61    32.7    19.8    26.2    26.0     0.9    27.66 C    47.9    18.5    30.1    84.7    25.3    52.5   0.166   0.229   0.192   0.118   0.075    31.3    30.9    30.0    28.1    26.7
03074 20210707  2.622 -106.74   32.61    27.1    17.9    22.5    22.3    22.2    18.50 C    36.4    17.9    23.9    89.8    48.7    71.8   0.205   0.253   0.211   0.120   0.075    27.3    28.0    28.6    28.3    26.9
03074 20210708  2.622 -106.74   32.61    32.2    17.4    24.8    25.1     0.0    28.70 C    43.5    15.8    26.9    90.1    23.8    53.7   0.187   0.243   0.209   0.127   0.074    28.7    28.2    27.5    27.5    26.9
03074 20210709  2.622 -106.74   32.61    34.9    18.2    26.5    27.3     0.0    29.04 C    49.5    16.8    30.3    80.9    21.2    43.8   0.175   0.239   0.206   0.128   0.075    31.2    30.6    29.4    27.6    26.7
03074 20210710  2.622 -106.74   32.61    37.2    18.3    27.7    28.6     0.0    28.48 C    52.8    17.7    32.5    79.2    17.8    37.7   0.166   0.235   0.202   0.127   0.075    32.6    32.0    30.8    28.2    26.9
03074 20210711  2.622 -106.74   32.61    35.1    18.5    26.8    26.8    23.2    24.36 C    53.5    18.9    31.1    84.1    23.5    47.4   0.173   0.237   0.202   0.127   0.074    31.9    32.0    31.4    29.0    27.2
03074 20210712  2.622 -106.74   32.61    31.1    17.3    24.2    24.2     0.0    25.58 C    38.2    16.8    25.6    90.9    29.3    60.0   0.199   0.257   0.216   0.132   0.074    28.6    28.7    28.8    28.8    27.5
03074 20210713  2.622 -106.74   32.61    32.5    19.5    26.0    26.2     0.0    28.07 C    47.1    18.3    28.7    84.5    18.6    46.0   0.179   0.246   0.211   0.136   0.074    30.6    30.3    29.4    28.3    27.5
03074 20210714  2.622 -106.74   32.61    33.3    18.5    25.9    26.3     0.0    27.20 C    49.8    17.2    29.9    71.4    17.5    40.2   0.169   0.238   0.206   0.138   0.074    31.4    31.0    30.1    28.5    27.5
03074 20210715  2.622 -106.74   32.61    33.9    21.6    27.8    26.2     0.0    22.96 C    52.6    20.4    31.2    74.6    19.6    42.7   0.161   0.231   0.201   0.142   0.076    31.7    31.5    30.7    29.0    27.6
03074 20210716  2.622 -106.74   32.61    33.6    20.4    27.0    26.7     0.0    27.49 C    52.2    20.2    32.8    80.0    21.6    48.3   0.154   0.226   0.196   0.144   0.075    32.5    32.0    31.0    29.2    27.8
03074 20210717  2.622 -106.74   32.61    33.4    20.0    26.7    26.4     0.0    21.01 C    55.7    20.0    31.9    76.0    24.4    49.5   0.145   0.219   0.192   0.145   0.076    32.3    32.1    31.3    29.6    27.9
03074 20210718  2.622 -106.74   32.61    31.5    20.2    25.8    24.2     4.2    19.14 C    46.6    20.8    27.5    86.2    33.9    63.8   0.140   0.212   0.188   0.145   0.077    30.6    30.9    30.7    29.6    28.1
03074 20210719  2.622 -106.74   32.61    32.0    19.4    25.7    25.5     0.0    27.17 C    51.4    18.6    31.2    90.6    32.4    57.9   0.141   0.210   0.183   0.143   0.076    31.5    31.2    30.2    29.3    28.1
03074 20210720  2.622 -106.74   32.61    32.9    19.7    26.3    26.7     0.0    26.50 C    50.4    19.0    31.2    75.1    17.8    42.8   0.136   0.206   0.180   0.142   0.076    32.1    31.9    31.0    29.5    28.2
03074 20210721  2.622 -106.74   32.61    32.1    19.5    25.8    26.0     0.0    25.96 C    51.4    18.8    31.2    63.1    23.1    38.3   0.130   0.202   0.176   0.141   0.077    32.1    32.0    31.2    29.7    28.3
03074 20210722  2.622 -106.74   32.61    33.0    16.7    24.9    25.1     0.0    22.96 C    48.7    16.5    29.3    68.2    18.4    39.7   0.123   0.197   0.170   0.140   0.077    31.0    31.0    30.7    29.8    28.4
03074 20210723  2.622 -106.74   32.61    32.9    16.1    24.5    23.2     0.0    21.19 C    53.1    16.2    28.6    77.5    27.0    53.3   0.119   0.193   0.165   0.138   0.077    30.5    30.6    30.2    29.6    28.5
03074 20210724  2.622 -106.74   32.61    30.5    16.2    23.3    21.9     0.0    18.16 C    47.6    16.2    26.2    84.0    29.6    62.4   0.114   0.188   0.161   0.137   0.077    28.9    29.2    29.3    29.3    28.4
03074 20210725  2.622 -106.74   32.61    31.5    17.3    24.4    24.0     0.4    25.04 C    51.6    16.9    30.0    91.8    26.4    57.8   0.112   0.186   0.158   0.136   0.076    30.1    29.8    29.2    28.9    28.2
03074 20210726  2.622 -106.74   32.61    31.9    17.2    24.5    24.7     0.0    19.42 C    53.7    17.4    29.5    78.4    26.1    51.4   0.110   0.184   0.156   0.135   0.077    30.3    30.2    29.7    28.9    28.1
03074 20210727  2.622 -106.74   32.61    34.2    18.5    26.4    26.1     0.0    25.30 C    55.2    18.0    32.4    82.7    18.2    47.0   0.108   0.183   0.153   0.133   0.077    31.5    31.0    30.0    28.9    28.1
03074 20210728  2.622 -106.74   32.61    35.0    20.3    27.6    26.9     0.0    21.73 C    58.7    19.3    31.2    65.2    17.6    40.7   0.104   0.181   0.152   0.132   0.077    31.7    31.6    30.8    29.2    28.1
03074 20210729  2.622 -106.74   32.61    32.6    19.5    26.1    26.4     0.0    26.63 C    50.7    19.1    30.9    63.0    20.8    39.5   0.101   0.179   0.148   0.131   0.079    31.8    31.4    30.7    29.3    28.3
03074 20210730  2.622 -106.74   32.61    33.2    15.8    24.5    25.5     0.0    26.96 C    52.8    15.6    30.4    66.3    15.4    37.8   0.098   0.176   0.146   0.130   0.077    31.7    31.3    30.7    29.4    28.4
03074 20210731  2.622 -106.74   32.61    32.4    20.2    26.3    25.8     0.3    20.28 C    53.4    19.7    30.3    76.0    24.9    41.6   0.095   0.173   0.143   0.129   0.078    31.3    31.1    30.7    29.5    28.4
03074 20210801  2.622 -106.74   32.61    30.7    19.7    25.2    25.0     4.8    22.22 C    56.1    19.2    28.1    84.3    34.1    54.6   0.092   0.171   0.141   0.127   0.078    30.1    30.4    30.2    29.5    28.4
03074 20210802  2.622 -106.74   32.61    30.4    19.6    25.0    24.4     0.0    20.24 C    54.1    18.3    28.6    82.5    36.2    56.9   0.094   0.168   0.139   0.127   0.078    29.6    29.6    29.2    29.1    28.4
03074 20210803  2.622 -106.74   32.61    32.8    16.6    24.7    25.4     0.0    26.72 C    53.5    16.3    31.5    83.3    24.6    48.8   0.097   0.168   0.138   0.125   0.078    31.0    30.6    29.6    28.9    28.3
03074 20210804  2.622 -106.74   32.61    33.2    20.8    27.0    27.0     0.0    25.47 C    56.1    18.7    32.6    56.6    21.6    35.9   0.098   0.168   0.138   0.123   0.078    32.2    31.8    30.7    29.1    28.2
03074 20210805  2.622 -106.74   32.61    34.4    17.5    25.9    27.0     0.0    26.69 C    54.6    16.9    32.1    60.9    16.3    32.1   0.095   0.167   0.137   0.123   0.078    32.3    31.9    31.0    29.4    28.3
03074 20210806  2.622 -106.74   32.61    35.3    15.9    25.6    27.2     0.0    26.71 C    56.2    15.9    32.9    59.9    16.8    33.3   0.092   0.166   0.136   0.122   0.077    32.7    32.2    31.2    29.5    28.4
03074 20210807  2.622 -106.74   32.61    36.9    19.0    27.9    26.1     1.8    21.66 C    58.2    17.8    30.0    73.6    13.4    40.5   0.088   0.164   0.135   0.122   0.077    31.8    31.9    31.3    29.8    28.7
03074 20210808  2.622 -106.74   32.61    37.0    14.9    26.0    26.8     0.0    26.75 C    56.5    14.1    31.5    85.7    11.8    39.5   0.087   0.161   0.132   0.120   0.077    30.9    30.6    30.1    29.6    28.7
03074 20210809  2.622 -106.74   32.61    36.5    19.5    28.0    28.2     2.6    22.58 C    56.5    18.7    33.2    71.4    14.6    35.5   0.088   0.161   0.133   0.119   0.077    32.5    31.9    30.9    29.5    28.7
03074 20210810  2.622 -106.74   32.61    31.5    20.2    25.8    25.2     0.9    16.04 C    42.7    19.2    27.1    86.9    30.1    55.0   0.085   0.158   0.131   0.117   0.076    29.9    30.3    30.3    29.6    28.7
03074 20210811  2.622 -106.74   32.61    31.0    19.1    25.0    24.0     0.0    14.46 C    48.5    18.6    26.7    83.0    31.3    57.1   0.088   0.156   0.129   0.116   0.076    28.7    28.9    29.0    29.2    28.6
03074 20210812  2.622 -106.74   32.61    32.3    19.1    25.7    23.5     0.0    21.30 C    53.9    17.5    29.3    81.7    28.4    61.4   0.091   0.157   0.128   0.115   0.077    30.0    29.8    29.1    28.8    28.4
03074 20210813  2.622 -106.74   32.61    26.6    19.1    22.8    21.7     0.7    13.75 C    40.1    19.5    24.8    88.0    44.7    74.7   0.089   0.155   0.127   0.115   0.078    27.9    28.5    28.7    28.8    28.2
03074 20210814  2.622 -106.74   32.61    24.1    18.7    21.4    20.3    13.3     8.20 C    26.3    18.0    21.1    91.6    63.0    82.5   0.129   0.156   0.125   0.113   0.077    24.6    25.7    26.8    28.3    28.1
03074 20210815  2.622 -106.74   32.61    27.8    18.7    23.2    22.3     0.0    21.47 C    40.5    18.2    25.4    88.2    45.4    71.3   0.153   0.191   0.124   0.112   0.078    26.7    26.5    26.2    27.4    27.8
03074 20210816  2.622 -106.74   32.61    29.1    17.1    23.1    22.0     0.0    18.92 C    48.9    16.3    26.0    92.4    42.1    70.4   0.140   0.193   0.127   0.112   0.078    27.6    27.7    27.3    27.3    27.4
03074 20210817  2.622 -106.74   32.61    30.1    17.4    23.8    23.5     0.0    24.99 C    50.9    17.1    29.0    89.4    32.5    59.9   0.130   0.187   0.128   0.111   0.077    29.1    28.9    27.9    27.3    27.2
03074 20210818  2.622 -106.74   32.61    32.2    19.2    25.7    25.2     0.0    22.71 C    48.0    18.0    29.0    80.9    27.4    53.6   0.122   0.181   0.129   0.111   0.077    29.6    29.6    28.8    27.7    27.2
03074 20210819  2.622 -106.74   32.61    32.3    17.3    24.8    24.9     0.0    26.07 C    51.5    16.3    29.8    83.2    19.1    47.0   0.116   0.176   0.130   0.111   0.077    30.0    29.9    29.0    27.9    27.3
03074 20210820  2.622 -106.74   32.61    32.9    15.7    24.3    24.3     0.0    25.71 C    54.3    15.3    29.7    75.9    16.5    42.4   0.111   0.172   0.129   0.111   0.078    30.2    30.1    29.3    28.1    27.4
03074 20210821  2.622 -106.74   32.61    34.0    14.6    24.3    25.0     0.0    23.09 C    54.0    14.5    29.5    70.1    19.6    43.3   0.106   0.169   0.129   0.110   0.078    30.1    30.0    29.3    28.2    27.6
03074 20210822  2.622 -106.74   32.61    33.6    16.0    24.8    25.5     0.0    23.93 C    54.2    16.5    30.4    76.5    27.0    49.2   0.103   0.166   0.129   0.110   0.077    30.7    30.4    29.6    28.3    27.6
03074 20210823  2.622 -106.74   32.61    35.1    18.4    26.8    25.7     0.0    20.90 C    55.5    18.1    30.7    76.8    22.0    50.8   0.099   0.165   0.129   0.109   0.078    31.1    30.9    30.1    28.5    27.7
03074 20210824  2.622 -106.74   32.61    34.5    19.1    26.8    26.0     0.0    21.68 C    55.2    19.3    31.4    69.5    18.1    43.9   0.096   0.162   0.128   0.109   0.078    31.1    30.8    30.0    28.7    27.8
03074 20210825  2.622 -106.74   32.61    36.2    15.8    26.0    27.1     0.0    22.31 C    57.3    16.1    31.4    68.3    12.7    36.5   0.093   0.161   0.128   0.109   0.077    31.2    30.9    30.0    28.9    27.9
03074 20210826  2.622 -106.74   32.61    34.4    16.7    25.6    26.5     0.0    25.62 C    53.4    15.9    30.9    63.6    16.0    35.2   0.090   0.160   0.127   0.107   0.078    31.5    31.2    30.3    28.9    27.9
03074 20210827  2.622 -106.74   32.61    33.5    16.1    24.8    24.6     1.5    21.80 C    56.7    16.3    29.9    78.4    15.6    48.0   0.087   0.158   0.127   0.107   0.078    31.0    30.9    30.3    29.0    28.0
03074 20210828  2.622 -106.74   32.61    34.2    17.0    25.6    25.0     0.0    23.34 C    53.4    16.0    30.0    86.5    21.1    51.5   0.085   0.156   0.125   0.107   0.077    30.2    30.0    29.5    28.9    28.1
03074 20210829  2.622 -106.74   32.61    33.6    17.5    25.5    26.3     0.0    21.30 C    54.3    16.8    30.3    74.2    20.9    42.7   0.086   0.155   0.124   0.106   0.077    30.7    30.4    29.7    28.9    28.1
03074 20210830  2.622 -106.74   32.61    32.1    21.2    26.7    26.1     0.0    18.23 C    56.1    20.1    30.5    62.3    25.0    43.9   0.085   0.154   0.125   0.105   0.078    30.9    30.7    29.9    28.9    28.0
03074 20210831  2.622 -106.74   32.61    33.5    16.9    25.2    25.4     0.0    21.39 C    56.4    16.7    31.4    75.7    22.4    50.0   0.083   0.153   0.124   0.105   0.078    31.1    30.6    29.8    28.9    28.1
03074 20210901  2.622 -106.74   32.61    27.8    19.1    23.5    22.4     8.4    14.20 C    41.3    18.3    24.5    90.7    52.0    75.4   0.083   0.150   0.123   0.105   0.078    28.0    28.8    29.2    28.9    28.1
03074 20210902  2.622 -106.74   32.61    31.6    17.4    24.5    23.9     0.0    23.77 C    47.5    16.3    27.3    94.0    25.3    64.0   0.106   0.155   0.121   0.105   0.077    28.4    28.2    27.7    28.3    28.0
03074 20210903  2.622 -106.74   32.61    33.5    17.4    25.4    25.7     0.0    23.66 C    52.5    16.2    29.8    79.1    23.8    48.2   0.110   0.158   0.122   0.105   0.077    29.9    29.7    28.7    28.1    27.8
03074 20210904  2.622 -106.74   32.61    30.6    19.3    24.9    24.5     4.7    20.10 C    44.3    20.3    27.4    88.4    31.5    58.5   0.109   0.156   0.123   0.106   0.077    29.1    29.3    29.0    28.2    27.7
03074 20210905  2.622 -106.74   32.61    30.0    19.5    24.8    23.6     0.0    12.31 C    45.1    18.9    25.7    84.9    38.6    61.9   0.111   0.154   0.121   0.106   0.077    27.6    28.0    28.1    28.2    27.8
03074 20210906  2.622 -106.74   32.61    32.2    15.9    24.1    24.3     0.0    24.10 C    50.8    15.2    29.1    90.2    21.5    53.8   0.110   0.154   0.121   0.104   0.077    28.9    28.6    27.8    27.8    27.8
03074 20210907  2.622 -106.74   32.61    35.1    18.3    26.7    26.1     0.0    22.43 C    52.8    16.4    30.1    62.9    18.0    39.4   0.108   0.154   0.122   0.104   0.077    30.0    29.8    28.8    27.9    27.7
03074 20210908  2.622 -106.74   32.61    34.5    14.8    24.6    25.5     0.0    22.87 C    51.7    14.5    28.9    79.2    14.6    40.0   0.103   0.154   0.122   0.105   0.078    29.7    29.8    29.0    28.0    27.7
03074 20210909  2.622 -106.74   32.61    33.7    15.3    24.5    24.9     0.0    22.91 C    53.0    14.9    29.2    73.7    17.5    39.9   0.099   0.153   0.122   0.105   0.078    29.9    29.8    29.1    28.1    27.8
03074 20210910  2.622 -106.74   32.61    34.5    12.4    23.5    23.3     0.0    17.34 C    53.2    12.4    26.2    66.7    10.7    36.1   0.095   0.152   0.121   0.104   0.077    29.1    29.4    29.0    28.2    27.8
03074 20210911  2.622 -106.74   32.61    34.1    12.1    23.1    23.9     0.0    23.33 C    52.9    11.6    27.9    61.5    12.0    30.0   0.091   0.151   0.120   0.103   0.077    29.0    29.0    28.6    28.1    27.7
03074 20210912  2.622 -106.74   32.61    34.0    11.5    22.7    23.0     0.0    22.96 C    52.2    11.1    26.9    54.0    12.2    27.1   0.088   0.150   0.120   0.104   0.077    28.5    28.6    28.3    28.0    27.8
03074 20210913  2.622 -106.74   32.61    33.8     9.4    21.6    22.5     0.0    23.42 C    50.8     9.5    26.5    48.8    10.6    25.3   0.085   0.150   0.119   0.103   0.077    28.0    28.1    27.8    27.9    27.6
03074 20210914  2.622 -106.74   32.61    36.2    13.2    24.7    25.0     0.0    21.93 C    55.9    12.0    28.8    39.0    10.2    23.0   0.083   0.149   0.118   0.102   0.076    28.6    28.5    27.9    27.8    27.6
03074 20210915  2.622 -106.74   32.61    34.3    15.5    24.9    23.8     3.0    22.43 C    53.3    13.4    27.7    79.2    13.3    38.0   0.085   0.148   0.119   0.103   0.076    28.5    28.7    28.2    27.8    27.4
03074 20210916  2.622 -106.74   32.61    33.6    13.6    23.6    22.7     0.0    20.08 C    47.8    12.5    23.9    88.6    11.6    48.8   0.096   0.144   0.116   0.102   0.077    26.0    26.6    26.8    27.6    27.3
03074 20210917  2.622 -106.74   32.61    34.4    11.2    22.8    23.2     0.0    23.00 C    50.8    10.0    26.0    74.0     9.6    35.5   0.094   0.146   0.115   0.102   0.077    26.6    26.7    26.5    27.0    27.2
03074 20210918  2.622 -106.74   32.61    34.8    12.0    23.4    23.8     0.0    22.17 C    50.8    11.4    26.8    58.8    10.2    28.6   0.092   0.147   0.116   0.102   0.077    27.4    27.4    26.9    26.9    27.0
03074 20210919  2.622 -106.74   32.61    34.2    15.3    24.8    25.5     0.0    19.85 C    52.3    13.7    28.0    51.6    14.8    30.0   0.089   0.148   0.116   0.101   0.077    27.8    27.7    27.1    26.9    26.9
03074 20210920  2.622 -106.74   32.61    33.1    14.0    23.6    24.5     0.0    23.00 C    51.2    13.1    27.8    67.2     8.2    31.5   0.088   0.148   0.117   0.101   0.076    28.4    28.3    27.6    26.9    26.8
03074 20210921  2.622 -106.74   32.61    29.9    12.5    21.2    22.0     0.0    22.36 C    49.0    10.8    25.2    49.3    17.3    29.0   0.085   0.146   0.116   0.101   0.076    27.1    27.3    27.2    27.0    26.8
03074 20210922  2.622 -106.74   32.61    27.9    11.0    19.4    19.9     0.0    21.43 C    47.4     9.6    23.8    50.9    18.3    31.9   0.082   0.145   0.115   0.101   0.075    26.2    26.6    26.6    26.9    26.8
03074 20210923  2.622 -106.74   32.61    30.5    10.3    20.4    21.5     0.0    19.51 C    50.1     9.9    25.7    52.2    12.5    33.2   0.080   0.144   0.113   0.100   0.075    25.9    26.1    26.0    26.6    26.8
03074 20210924  2.622 -106.74   32.61    28.7    16.0    22.4    21.8     0.3    21.24 C    51.0    15.8    27.6    85.0    27.0    51.9   0.080   0.145   0.115   0.100   0.076    27.5    27.3    26.6    26.5    26.6
03074 20210925  2.622 -106.74   32.61    22.4    14.4    18.4    17.2     8.5     5.27 C    24.4    13.4    17.5    91.2    49.6    72.6   0.095   0.140   0.112   0.100   0.076    22.3    24.0    25.4    26.5    26.5
03074 20210926  2.622 -106.74   32.61    27.1    10.9    19.0    17.5     6.3    18.42 C    38.9    10.4    20.0    94.7    36.6    76.3   0.130   0.140   0.109   0.100   0.076    21.3    22.1    22.8    25.6    26.4
03074 20210927  2.622 -106.74   32.61    25.0    12.4    18.7    18.3     0.0    19.06 C    32.2    10.7    18.6    93.5    23.8    64.7   0.154   0.163   0.108   0.099   0.075    20.9    21.4    22.2    24.9    25.9
03074 20210928  2.622 -106.74   32.61    24.7    13.1    18.9    18.3     1.2    12.13 C    30.2    11.6    18.1    82.7    35.7    64.5   0.136   0.165   0.109   0.099   0.075    20.7    21.3    22.1    24.4    25.5
03074 20210929  2.622 -106.74   32.61    26.7    11.4    19.1    18.7     0.0    19.12 C    37.8     9.8    20.0    87.5    25.1    58.5   0.128   0.164   0.109   0.098   0.076    21.3    21.5    21.7    23.9    25.1
03074 20210930  2.622 -106.74   32.61    22.3    12.9    17.6    16.4     2.8    13.51 C    35.4    11.2    17.3    87.2    36.2    64.3   0.119   0.163   0.109   0.097   0.075    19.9    20.8    21.7    23.7    24.8
03074 20211001  2.622 -106.74   32.61    23.1     9.9    16.5    15.6     0.5    18.23 C    34.7     8.8    17.9    92.0    27.6    67.2   0.117   0.161   0.108   0.098   0.075    19.6    20.0    20.5    23.2    24.5
03074 20211002  2.622 -106.74   32.61    24.7     6.4    15.6    15.5     0.0    21.52 C    39.2     6.1    18.6    92.7    21.5    58.3   0.115   0.161   0.109   0.098   0.074    20.1    20.4    20.6    22.8    24.2
03074 20211003  2.622 -106.74   32.61    27.1     7.6    17.4    17.3     0.0    20.53 C    42.1     6.8    20.3    88.4    22.8    52.5   0.112   0.161   0.110   0.098   0.074    21.1    21.3    21.2    22.7    23.9
03074 20211004  2.622 -106.74   32.61    28.5     9.4    18.9    19.0     0.0    20.53 C    45.0     9.4    21.9    82.7    18.0    45.8   0.109   0.161   0.111   0.098   0.073    22.4    22.5    22.1    22.8    23.8
03074 20211005  2.622 -106.74   32.61    28.8    10.2    19.5    20.1     0.0    17.51 C    43.6     9.8    22.2    75.9    18.1    40.3   0.105   0.160   0.111   0.098   0.072    22.6    22.7    22.5    23.0    23.7
03074 20211006  2.622 -106.74   32.61    29.3    11.6    20.5    20.9     0.0    19.50 C    45.5    11.1    23.6    68.9    11.5    38.3   0.103   0.160   0.112   0.099   0.072    23.8    23.9    23.3    23.2    23.7
03074 20211007  2.622 -106.74   32.61    30.1     7.4    18.7    18.4     0.0    19.41 C    47.0     7.4    21.1    75.0    11.5    38.5   0.098   0.158   0.112   0.097   0.074    22.6    22.9    23.0    23.4    23.8
03074 20211008  2.622 -106.74   32.61    30.8     7.8    19.3    19.2     0.0    17.81 C    43.8     7.9    20.9    64.8    13.8    35.8   0.095   0.156   0.111   0.097   0.074    22.3    22.5    22.7    23.4    23.8
03074 20211009  2.622 -106.74   32.61    31.0     9.4    20.2    21.0     0.0    20.20 C    42.0     8.6    21.9    64.1    12.5    34.2   0.093   0.155   0.110   0.099   0.074    22.5    22.7    22.6    23.3    23.8
03074 20211010  2.622 -106.74   32.61    23.9     5.1    14.5    16.6     0.0    19.88 C    37.9     4.9    18.1    62.2     7.7    28.8   0.090   0.153   0.110   0.099   0.073    21.5    22.2    22.5    23.2    23.8
03074 20211011  2.622 -106.74   32.61    26.5     1.1    13.8    16.1     0.0    19.49 C    38.1     1.1    17.7    60.9    10.5    30.1   0.086   0.149   0.108   0.098   0.072    19.5    20.1    20.8    22.9    23.7
03074 20211012  2.622 -106.74   32.61    27.3     9.1    18.2    19.4     0.0    17.46 C    36.6     6.5    18.7    43.9    13.9    29.3   0.086   0.150   0.109   0.096   0.072    21.2    21.5    21.5    22.6    23.5
03074 20211013  2.622 -106.74   32.61    22.1     1.1    11.6    11.8     0.0    19.69 C    38.0     0.8    14.8    52.7    17.0    34.5   0.082   0.146   0.107   0.096   0.073    18.5    19.4    20.3    22.5    23.3
03074 20211014  2.622 -106.74   32.61    23.4     3.8    13.6    13.8     0.0    19.79 C    36.3     1.4    14.6    55.5     9.0    26.5   0.080   0.144   0.106   0.096   0.073    17.7    18.5    19.3    21.9    23.1
03074 20211015  2.622 -106.74   32.61    21.7    -1.5    10.1    10.2     0.0    19.83 C    37.8    -1.5    13.2    49.2     5.8    25.0   0.077   0.143   0.105   0.096   0.073    16.6    17.6    18.5    21.5    22.8
03074 20211016  2.622 -106.74   32.61    23.1     0.4    11.7    12.6     0.0    19.13 C    36.8    -0.5    14.7    40.8    14.6    24.0   0.076   0.142   0.104   0.096   0.073    16.5    17.1    17.9    21.0    22.5
03074 20211017  2.622 -106.74   32.61    25.6     3.2    14.4    15.2     0.0    18.28 C    40.4     3.0    18.0    49.1    18.7    33.3   0.077   0.143   0.105   0.094   0.073    18.3    18.5    18.6    20.7    22.1
03074 20211018  2.622 -106.74   32.61    27.0    10.6    18.8    18.8     0.0    18.48 C    39.6     8.4    19.2    55.6    12.2    32.7   0.077   0.145   0.106   0.095   0.072    19.8    19.9    19.7    20.7    21.9
03074 20211019  2.622 -106.74   32.61    25.4     7.2    16.3    16.9     0.0    18.74 C    36.6     6.0    17.6    71.3    16.7    38.9   0.076   0.144   0.106   0.096   0.072    19.5    19.8    19.9    20.9    21.9
03074 20211020  2.622 -106.74   32.61    26.1     1.5    13.8    13.6     0.0    18.75 C    40.5     1.4    16.1    62.5    11.5    34.8   0.074   0.142   0.105   0.095   0.072    18.2    18.8    19.2    20.9    21.9
03074 20211021  2.622 -106.74   32.61    27.7     2.1    14.9    15.0     0.0    18.20 C    41.5     2.0    17.1    57.6    11.9    31.2   0.073   0.142   0.105   0.094   0.071    18.3    18.7    19.0    20.7    21.7
03074 20211022  2.622 -106.74   32.61    28.1     3.2    15.6    16.0     0.0    17.61 C    42.1     3.2    18.3    52.3    16.2    34.5   0.073   0.141   0.105   0.094   0.071    18.8    19.0    19.1    20.6    21.7
03074 20211023  2.622 -106.74   32.61    26.2     5.6    15.9    16.9     0.0    17.83 C    35.9     5.1    17.2    65.4    10.4    32.1   0.072   0.142   0.105   0.093   0.071    19.0    19.3    19.5    20.6    21.6
03074 20211024  2.622 -106.74   32.61    26.1     8.0    17.0    17.4     0.0    17.71 C    38.1     5.1    17.8    44.8    15.7    28.6   0.072   0.141   0.105   0.093   0.071    19.0    19.2    19.4    20.6    21.6
03074 20211025  2.622 -106.74   32.61    29.0     5.7    17.3    17.2     0.0    17.66 C    40.7     4.6    18.3    55.6    14.2    32.8   0.071   0.141   0.105   0.093   0.070    19.2    19.5    19.5    20.6    21.5
03074 20211026  2.622 -106.74   32.61    22.9     8.8    15.9    16.2     0.0    15.18 C    32.3     4.8    14.5    45.7    11.0    28.5   0.069   0.139   0.105   0.094   0.069    18.0    18.7    19.3    20.6    21.4
03074 20211027  2.622 -106.74   32.61    19.4     1.0    10.2    11.0     0.0    18.00 C    31.6    -0.6    11.6    43.5     9.8    22.8   0.067   0.136   0.103   0.094   0.070    15.7    16.7    17.8    20.3    21.4
03074 20211028  2.622 -106.74   32.61    22.0    -1.9    10.1    10.3     0.0    17.56 C    36.0    -2.3    12.4    44.3    13.5    27.1   0.066   0.134   0.101   0.094   0.070    14.9    15.7    16.7    19.8    21.2
03074 20211029  2.622 -106.74   32.61    24.0    -1.0    11.5    11.1     0.0    17.41 C    36.4    -1.5    12.7    49.4     8.1    26.9   0.066   0.134   0.101   0.092   0.069    14.9    15.7    16.4    19.3    20.9
03074 20211030  2.622 -106.74   32.61    26.4    -1.1    12.7    12.8     0.0    17.25 C    37.8    -1.5    13.9    40.1     8.2    23.3   0.065   0.134   0.101   0.093   0.070    15.2    15.7    16.3    18.9    20.6
03074 20211031  2.622 -106.74   32.61    25.1     0.8    12.9    12.9     0.0    14.53 C    33.3     0.2    13.3    44.7    12.6    27.6   0.065   0.134   0.101   0.093   0.070    15.5    16.0    16.5    18.8    20.4
03074 20211101  2.622 -106.74   32.61    24.6     1.9    13.3    13.2     0.0    15.77 C    36.8     0.9    13.8    54.6    12.8    32.6   0.065   0.133   0.101   0.092   0.069    15.7    16.1    16.5    18.6    20.2
03074 20211102  2.622 -106.74   32.61    23.5     0.4    12.0    12.0     0.0    13.68 C    33.5     0.0    12.4    50.0    10.1    27.4   0.064   0.133   0.100   0.093   0.069    15.0    15.6    16.3    18.5    20.0
03074 20211103  2.622 -106.74   32.61    24.0    -0.5    11.8    12.0     0.0    16.39 C    37.0    -0.8    13.5    62.4    12.9    32.7   0.064   0.132   0.100   0.091   0.068    14.9    15.5    16.0    18.3    19.9
03074 20211104  2.622 -106.74   32.61    19.7     0.3    10.0     9.5     0.0    16.08 C    33.3    -0.7    11.8    79.8    25.1    52.3   0.063   0.131   0.100   0.092   0.068    14.4    15.1    15.8    18.1    19.8
03074 20211105  2.622 -106.74   32.61    24.0    -0.5    11.7    11.1     0.0    16.27 C    35.6    -1.3    12.6    60.5    12.2    36.5   0.063   0.130   0.099   0.091   0.069    14.0    14.7    15.3    17.9    19.6
03074 20211106  2.622 -106.74   32.61    25.8     0.8    13.3    12.3     0.0    15.87 C    36.3    -0.1    13.2    49.2    10.9    30.2   0.063   0.131   0.100   0.092   0.068    14.5    15.0    15.4    17.7    19.4
03074 20211107  2.622 -106.74   32.61    26.7    -0.1    13.3    13.1     0.0    15.88 C    37.1    -0.5    13.7    44.3     9.5    26.4   0.063   0.131   0.100   0.091   0.068    14.7    15.2    15.6    17.6    19.2
03074 20211108  2.622 -106.74   32.61    24.7     2.8    13.8    12.5     0.0     9.29 C    30.4     1.9    11.9    43.2    13.6    28.9   0.063   0.130   0.100   0.091   0.069    14.5    15.1    15.6    17.6    19.2
03074 20211109  2.622 -106.74   32.61    24.9    -1.3    11.8    12.0     0.0    13.70 C    34.5    -1.4    12.3    55.3     8.6    29.3   0.062   0.129   0.099   0.091   0.068    14.0    14.6    15.2    17.5    19.1
03074 20211110  2.622 -106.74   32.61    22.3    -0.3    11.0    11.3     0.0    15.65 C    32.6    -1.3    11.5    45.1    12.9    26.7   0.061   0.129   0.099   0.091   0.068    13.7    14.4    15.0    17.3    18.9
03074 20211111  2.622 -106.74   32.61    20.9    -2.3     9.3     9.4     0.0    15.87 C    32.7    -3.3     9.9    50.9     8.9    27.1   0.060   0.127   0.098   0.090   0.069    12.5    13.4    14.4    17.1    18.8
03074 20211112  2.622 -106.74   32.61    22.4    -4.7     8.9     8.3     0.0    15.58 C    33.3    -4.8     9.5    42.3    11.2    26.5   0.059   0.126   0.097   0.090   0.068    11.6    12.6    13.6    16.8    18.6
03074 20211113  2.622 -106.74   32.61    22.5    -3.4     9.5     8.5     0.0    15.45 C    33.0    -4.3     9.6    45.5    10.8    28.0   0.059   0.126   0.096   0.090   0.068    11.5    12.4    13.2    16.4    18.4
03074 20211114  2.622 -106.74   32.61    24.3    -4.3    10.0     9.4     0.0    15.43 C    34.5    -4.3    10.1    46.4     8.9    26.7   0.059   0.126   0.096   0.089   0.066    11.6    12.4    13.1    16.1    18.2
03074 20211115  2.622 -106.74   32.61    24.5    -3.8    10.3     9.7     0.0    15.20 C    34.0    -4.5    10.0    42.0     6.9    22.9   0.058   0.125   0.096   0.088   0.067    11.4    12.2    13.0    15.9    18.0
03074 20211116  2.622 -106.74   32.61    25.8    -4.4    10.7    11.1     0.0    15.03 C    34.2    -4.8    10.4    36.1     6.8    19.8   0.058   0.125   0.096   0.088   0.067    11.6    12.2    12.9    15.7    17.8
03074 20211117  2.622 -106.74   32.61    21.4    -1.7     9.9     9.5     0.0    13.11 C    31.8    -2.9     9.8    42.7     7.3    22.6   0.058   0.125   0.096   0.088   0.067    11.7    12.4    13.1    15.6    17.6
03074 20211118  2.622 -106.74   32.61    14.6    -2.1     6.3     6.2     0.0    14.64 C    25.8    -4.2     6.7    41.8    14.5    26.7   0.057   0.124   0.095   0.088   0.066    10.2    11.3    12.5    15.5    17.5
03074 20211119  2.622 -106.74   32.61    17.8    -5.2     6.3     5.7     0.0    13.95 C    28.5    -5.3     6.9    47.1    17.8    31.3   0.056   0.122   0.094   0.087   0.067     9.2    10.2    11.5    15.1    17.3
03074 20211120  2.622 -106.74   32.61    23.1    -2.6    10.2     9.9     0.0    13.69 C    30.7    -3.6     9.9    54.5    15.3    34.6   0.057   0.123   0.094   0.087   0.067    10.4    10.9    11.6    14.7    17.0
03074 20211121  2.622 -106.74   32.61    18.4    -0.4     9.0     9.3     0.0     7.39 C    24.2    -1.4     8.5    48.2    14.1    31.5   0.058   0.124   0.095   0.088   0.066    11.3    11.8    12.3    14.7    16.9
03074 20211122  2.622 -106.74   32.61    15.5    -5.4     5.1     4.9     0.0    10.77 C    26.1    -5.5     5.9    55.1    22.1    39.8   0.056   0.122   0.094   0.087   0.064     9.1    10.2    11.5    14.6    16.7
03074 20211123  2.622 -106.74   32.61    18.7    -2.3     8.2     8.4     0.0     9.79 C    27.3    -3.0     8.9    48.8    20.7    34.7   0.056   0.121   0.093   0.087   0.067     9.7    10.2    11.0    14.3    16.5
03074 20211124  2.622 -106.74   32.61    17.4     5.6    11.5    12.7     0.0     7.77 C    29.2     4.3    12.2    58.7    27.9    41.3   0.059   0.124   0.095   0.086   0.066    12.4    12.4    12.4    14.2    16.3
03074 20211125  2.622 -106.74   32.61    11.9     3.6     7.8     7.4     9.5     6.30 C    13.1     2.1     7.2    87.4    31.9    65.2   0.094   0.123   0.095   0.087   0.067    10.2    11.2    12.3    14.4    16.3
03074 20211126  2.622 -106.74   32.61    13.7    -0.9     6.4     6.7     0.0    11.43 C    19.9    -1.9     7.0    91.9    33.2    65.3   0.125   0.120   0.092   0.086   0.065     7.9     9.0    10.3    14.1    16.2
03074 20211127  2.622 -106.74   32.61    18.2     2.3    10.3     8.8     0.0    13.64 C    22.7     0.4     9.0    89.4    15.3    59.9   0.121   0.123   0.093   0.086   0.065     9.6    10.2    10.8    13.7    16.0
03074 20211128  2.622 -106.74   32.61    17.1    -2.7     7.2     6.1     0.0    13.90 C    23.6    -3.3     6.4    87.6    19.7    59.2   0.115   0.123   0.092   0.086   0.066     7.7     8.8    10.1    13.5    15.8
03074 20211129  2.622 -106.74   32.61    18.2    -3.3     7.4     6.0     0.0    13.93 C    24.6    -4.0     6.4    83.7    19.2    57.7   0.112   0.124   0.091   0.086   0.065     7.4     8.4     9.6    13.2    15.6
03074 20211130  2.622 -106.74   32.61    19.1    -1.6     8.8     6.7     0.0    12.54 C    25.4    -2.5     6.7    84.0    18.0    56.3   0.110   0.126   0.091   0.085   0.065     7.6     8.5     9.5    12.9    15.4
03074 20211201  2.622 -106.74   32.61    18.4    -3.3     7.5     6.2     0.0     9.92 C    24.4    -4.1     5.6    83.1    18.0    54.5   0.107   0.127   0.091   0.086   0.064     7.3     8.2     9.3    12.7    15.2
03074 20211202  2.622 -106.74   32.61    21.4    -1.6     9.9     8.3     0.0    12.27 C    27.2    -2.5     7.8    77.6    17.8    49.7   0.106   0.128   0.091   0.085   0.064     8.0     8.6     9.3    12.5    15.0
03074 20211203  2.622 -106.74   32.61    21.4    -1.3    10.1     9.5     0.0    13.43 C    28.5    -2.2     8.9    80.6    19.6    50.4   0.106   0.131   0.092   0.086   0.063     8.9     9.5    10.0    12.4    14.8
03074 20211204  2.622 -106.74   32.61    18.7    -0.8     8.9     9.2     0.0    10.06 C    26.0    -1.6     8.8    72.2    18.7    45.2   0.104   0.132   0.093   0.085   0.063     9.1     9.6    10.2    12.5    14.7
03074 20211205  2.622 -106.74   32.61    20.4    -3.1     8.6     8.1     0.0    13.45 C    27.7    -3.9     7.8    75.4    13.4    42.4   0.102   0.132   0.093   0.085   0.064     8.8     9.6    10.3    12.6    14.6
03074 20211206  2.622 -106.74   32.61    14.9    -3.8     5.5     5.7     0.0    12.96 C    24.2    -4.5     5.8    71.2    20.2    41.9   0.099   0.131   0.092   0.085   0.064     7.5     8.5     9.7    12.5    14.6
03074 20211207  2.622 -106.74   32.61    18.4     0.1     9.2     9.3     0.0     9.53 C    21.8    -1.8     7.1    55.1    16.0    33.6   0.099   0.133   0.092   0.084   0.064     8.5     9.0     9.7    12.3    14.5
03074 20211208  2.622 -106.74   32.61    18.2    -3.6     7.3     6.2     0.0    10.79 C    26.3    -4.2     6.1    66.1    19.6    43.0   0.097   0.132   0.092   0.084   0.062     7.7     8.4     9.4    12.3    14.4
03074 20211209  2.622 -106.74   32.61    18.8     3.2    11.0    11.2     0.0    11.58 C    25.0     0.0     9.2    52.0    12.4    29.6   0.096   0.133   0.093   0.085   0.062     8.9     9.2     9.7    12.1    14.3
03074 20211210  2.622 -106.74   32.61    14.9     3.0     8.9    10.3     0.0     8.79 C    19.5     0.8     9.2    77.2    30.4    51.2   0.097   0.136   0.094   0.085   0.063    10.6    10.8    11.0    12.3    14.2
03074 20211211  2.622 -106.74   32.61    10.7    -6.0     2.3     2.9     0.0    13.42 C    21.5    -6.8     3.9    50.1    18.7    30.5   0.092   0.132   0.093   0.084   0.063     7.1     8.4     9.8    12.4    14.2
03074 20211212  2.622 -106.74   32.61    15.6    -8.6     3.5     1.8     0.0    13.09 C    22.7    -9.0     2.7    63.1    17.5    42.5   0.088   0.129   0.090   0.084   0.062     4.6     5.8     7.7    12.0    14.2
03074 20211213  2.622 -106.74   32.61    17.8    -5.6     6.1     5.4     0.0    12.14 C    24.5    -6.2     5.3    67.8    25.1    48.0   0.088   0.130   0.090   0.084   0.063     5.7     6.5     7.5    11.4    13.9
03074 20211214  2.622 -106.74   32.61    20.6     0.5    10.6    10.7     0.0    10.90 C    28.9    -1.8     8.6    66.0    17.2    40.0   0.090   0.132   0.091   0.084   0.063     8.1     8.3     8.6    11.2    13.6
03074 20211215  2.622 -106.74   32.61    17.3     2.6    10.0    12.2     0.0    12.86 C    23.5     0.0     9.9    63.6    28.2    42.7   0.092   0.135   0.093   0.084   0.062    10.4    10.5    10.3    11.5    13.5
03074 20211216  2.622 -106.74   32.61    15.1    -4.8     5.2     4.9     0.0    11.41 C    22.9    -5.3     4.8    74.7    25.6    51.1   0.087   0.132   0.092   0.084   0.062     7.5     8.4     9.6    11.8    13.6
03074 20211217  2.622 -106.74   32.61    17.7    -1.8     7.9     8.1     0.0    11.59 C    23.7    -2.8     6.3    63.7    18.1    40.2   0.087   0.132   0.091   0.085   0.062     7.7     8.3     9.1    11.6    13.6
03074 20211218  2.622 -106.74   32.61     7.7    -1.8     2.9     3.7     0.0     3.26 C    13.0    -3.5     3.7    69.5    22.7    43.6   0.084   0.131   0.091   0.085   0.063     6.5     7.3     8.7    11.5    13.5
03074 20211219  2.622 -106.74   32.61    10.7    -7.5     1.6     1.7     0.0    12.81 C    21.1    -7.8     2.8    63.4    21.1    41.7   0.082   0.130   0.089   0.084   0.063     5.4     6.4     7.7    11.2    13.4
03074 20211220  2.622 -106.74   32.61    15.4    -9.4     3.0     1.1     0.0    13.21 C    22.1   -10.1     1.4    59.0     6.1    34.3   0.081   0.127   0.087   0.084   0.062     3.6     4.8     6.5    10.7    13.2
03074 20211221  2.622 -106.74   32.61    16.2    -7.8     4.2     4.7     0.0    10.86 C    22.9    -8.5     5.0    40.9    10.0    24.2   0.081   0.128   0.087   0.083   0.062     4.6     5.1     6.2    10.2    12.9
03074 20211222  2.622 -106.74   32.61    19.5    -3.8     7.9     7.6     0.0    12.36 C    26.6    -4.9     7.0    47.2    10.8    28.1   0.082   0.131   0.090   0.084   0.062     6.9     7.3     7.6    10.1    12.7
03074 20211223  2.622 -106.74   32.61    22.1     4.0    13.0    12.3     0.0    12.60 C    28.1     0.2    10.1    33.5     7.4    20.3   0.084   0.133   0.091   0.083   0.061     9.0     8.9     8.8    10.3    12.6
03074 20211224  2.622 -106.74   32.61    20.1     6.3    13.2    13.4     0.0     6.25 C    23.5     1.9     9.9    71.5    28.9    45.6   0.084   0.134   0.093   0.083   0.061     9.9     9.9     9.9    10.8    12.6
03074 20211225  2.622 -106.74   32.61    19.2     5.0    12.1    12.1     0.0    11.44 C    27.4     2.1    10.6    81.4    30.1    52.4   0.084   0.135   0.093   0.083   0.062    10.6    10.6    10.5    11.2    12.8
03074 20211226  2.622 -106.74   32.61    19.2    -0.3     9.4    13.0     0.0     8.90 C    23.8    -2.7     9.3    46.2    13.7    28.2   0.084   0.136   0.094   0.084   0.061    11.3    11.5    11.4    11.6    12.9
03074 20211227  2.622 -106.74   32.61    14.4    -2.0     6.2     7.5     0.0     4.86 C    18.7    -4.3     5.5    70.7    19.8    41.1   0.080   0.132   0.092   0.084   0.063     7.8     8.6     9.8    11.8    13.2
03074 20211228  2.622 -106.74   32.61    13.4    -1.3     6.0     6.7     0.0    12.83 C    20.5    -4.1     5.0    75.9    14.6    43.9   0.079   0.132   0.092   0.084   0.063     7.7     8.5     9.3    11.6    13.2
03074 20211229  2.622 -106.74   32.61    12.5    -2.8     4.8     5.0     0.0    13.03 C    19.3    -5.5     3.1    65.0    25.4    44.9   0.077   0.130   0.090   0.084   0.063     5.9     6.9     8.2    11.3    13.1
03074 20211230  2.622 -106.74   32.61    11.8    -4.2     3.8     5.2     0.0     6.91 C    18.3    -6.4     4.7    73.6    39.8    58.6   0.076   0.129   0.089   0.083   0.061     5.9     6.4     7.5    10.8    12.9
03074 20211231  2.622 -106.74   32.61     9.2     5.8     7.5     7.4     6.8     1.87 C    10.9     2.5     6.8    91.4    67.2    81.9   0.085   0.132   0.091   0.085   0.062     7.9     8.2     8.6    10.6    12.7
