04130 20210101  2.623 -113.43   48.74     4.8     0.4     2.6     1.8     0.0    11.70 C     1.8    -2.2    -0.4    70.2    50.4    61.6 -99.000 -99.000 -99.000 -99.000 -99.000    -0.4    -0.2 -9999.0 -9999.0 -9999.0
04130 20210102  2.623 -113.43   48.74     4.6     0.6     2.6     2.3     0.9    11.66 C     0.9    -1.8    -1.0    79.2    50.7    59.6 -99.000 -99.000 -99.000 -99.000 -99.000    -0.3    -0.1 -9999.0 -9999.0 -9999.0
04130 20210103  2.623 -113.43   48.74     3.0    -2.3     0.4     0.1    10.4     9.46 C    -0.1    -4.5    -1.8    89.6    52.8    73.6 -99.000 -99.000 -99.000 -99.000 -99.000    -0.3    -0.1 -9999.0 -9999.0 -9999.0
04130 20210104  2.623 -113.43   48.74     4.7    -0.7     2.0     2.5     0.0    15.26 C     0.2    -6.1    -2.0    71.6    44.9    55.4 -99.000 -99.000 -99.000 -99.000 -99.000    -0.3    -0.1 -9999.0 -9999.0 -9999.0
04130 20210105  2.623 -113.43   48.74     3.1    -1.2     1.0     0.5     0.9    12.27 C     0.1    -4.1    -2.7    79.4    44.7    58.2 -99.000 -99.000 -99.000 -99.000 -99.000    -0.3    -0.1 -9999.0 -9999.0 -9999.0
04130 20210106  2.623 -113.43   48.74     4.6     0.5     2.6     2.8     0.0    12.74 C     0.6    -3.8    -0.7    80.3    46.7    57.7 -99.000 -99.000 -99.000 -99.000 -99.000    -0.3    -0.1 -9999.0 -9999.0 -9999.0
04130 20210107  2.623 -113.43   48.74     3.9    -7.3    -1.7    -0.3     0.0    14.65 C     1.6    -8.9    -3.0    84.0    47.1    64.8 -99.000 -99.000 -99.000 -99.000 -99.000    -0.3    -0.1 -9999.0 -9999.0 -9999.0
04130 20210108  2.623 -113.43   48.74     3.3   -12.2    -4.4    -3.5     0.0    14.49 C     1.5   -12.1    -6.1    82.2    39.9    59.7 -99.000 -99.000 -99.000 -99.000 -99.000    -0.7    -0.3 -9999.0 -9999.0 -9999.0
04130 20210109  2.623 -113.43   48.74    -0.3    -3.4    -1.9    -1.8     0.0    15.21 C    -0.1    -6.5    -4.1    65.4    52.0    59.9 -99.000 -99.000 -99.000 -99.000 -99.000    -0.9    -0.4 -9999.0 -9999.0 -9999.0
04130 20210110  2.623 -113.43   48.74     2.9    -1.5     0.7     0.5     0.0    13.65 C     2.5    -4.8    -2.1    61.1    33.4    51.4 -99.000 -99.000 -99.000 -99.000 -99.000    -0.8    -0.4 -9999.0 -9999.0 -9999.0
04130 20210111  2.623 -113.43   48.74     2.8     0.5     1.6     1.7     0.0    10.96 C     0.9    -2.0    -0.7    67.3    54.1    60.8 -99.000 -99.000 -99.000 -99.000 -99.000    -0.6    -0.4 -9999.0 -9999.0 -9999.0
04130 20210112  2.623 -113.43   48.74     6.9     2.1     4.5     4.1     0.7    11.42 C     2.1    -0.8     1.1    79.1    52.1    60.8 -99.000 -99.000 -99.000 -99.000 -99.000    -0.4    -0.3 -9999.0 -9999.0 -9999.0
04130 20210113  2.623 -113.43   48.74     6.0    -2.0     2.0     0.9    16.1     9.39 C     2.1    -6.8    -1.9    90.1    40.8    65.2 -99.000 -99.000 -99.000 -99.000 -99.000    -0.3    -0.2 -9999.0 -9999.0 -9999.0
04130 20210114  2.623 -113.43   48.74    -0.3    -4.5    -2.4    -1.9     0.0    15.56 C    -3.8   -12.3    -6.7    58.7    31.2    44.3 -99.000 -99.000 -99.000 -99.000 -99.000    -0.3    -0.2 -9999.0 -9999.0 -9999.0
04130 20210115  2.623 -113.43   48.74     4.8    -0.7     2.0     2.1     0.0    15.23 C     1.8    -5.6    -1.7    60.2    26.9    46.2 -99.000 -99.000 -99.000 -99.000 -99.000    -0.4    -0.2 -9999.0 -9999.0 -9999.0
04130 20210116  2.623 -113.43   48.74     0.7    -1.9    -0.6    -0.8     0.0    11.97 C    -0.3    -4.6    -2.6    61.2    45.6    53.0 -99.000 -99.000 -99.000 -99.000 -99.000    -0.7    -0.3 -9999.0 -9999.0 -9999.0
04130 20210117  2.623 -113.43   48.74     2.0    -0.5     0.7     0.5     0.0    15.59 C     3.3    -2.7    -1.0    74.9    49.0    60.9 -99.000 -99.000 -99.000 -99.000 -99.000    -0.6    -0.3 -9999.0 -9999.0 -9999.0
04130 20210118  2.623 -113.43   48.74     0.5   -11.4    -5.5    -3.2     2.2    11.02 C     0.8   -19.6    -5.1    89.0    52.5    75.7 -99.000 -99.000 -99.000 -99.000 -99.000    -0.6    -0.4 -9999.0 -9999.0 -9999.0
04130 20210119  2.623 -113.43   48.74     0.4   -11.5    -5.6    -1.6     0.0    12.11 C    -3.0   -18.4    -5.6    84.1    33.7    49.0 -99.000 -99.000 -99.000 -99.000 -99.000    -0.8    -0.4 -9999.0 -9999.0 -9999.0
04130 20210120  2.623 -113.43   48.74    -0.4    -7.2    -3.8    -1.7     0.0    14.71 C    -0.4   -11.7    -4.4    65.7    42.4    49.9 -99.000 -99.000 -99.000 -99.000 -99.000    -1.2    -0.7 -9999.0 -9999.0 -9999.0
04130 20210121  2.623 -113.43   48.74    -3.2   -10.2    -6.7    -6.3     0.0    13.24 C     2.8   -11.8    -5.7    75.5    48.0    61.9 -99.000 -99.000 -99.000 -99.000 -99.000    -1.6    -1.1 -9999.0 -9999.0 -9999.0
04130 20210122  2.623 -113.43   48.74    -2.6   -16.0    -9.3    -9.5     0.0    15.17 C     0.6   -16.0   -10.0    79.9    39.3    62.9 -99.000 -99.000 -99.000 -99.000 -99.000    -2.7    -1.9 -9999.0 -9999.0 -9999.0
04130 20210123  2.623 -113.43   48.74    -4.6   -17.8   -11.2   -10.7     0.0    13.82 C    -1.5   -17.5   -10.4    81.5    48.4    66.1 -99.000 -99.000 -99.000 -99.000 -99.000    -4.1    -3.1 -9999.0 -9999.0 -9999.0
04130 20210124  2.623 -113.43   48.74    -3.6   -10.4    -7.0    -6.1     0.0    14.51 C     2.1   -10.9    -6.9    75.0    46.9    55.8 -99.000 -99.000 -99.000 -99.000 -99.000    -3.6    -3.0 -9999.0 -9999.0 -9999.0
04130 20210125  2.623 -113.43   48.74    -6.4   -15.7   -11.1   -11.3     0.0    12.55 C     0.4   -15.2    -9.4    85.2    62.9    77.8 -99.000 -99.000 -99.000 -99.000 -99.000    -4.2    -3.5 -9999.0 -9999.0 -9999.0
04130 20210126  2.623 -113.43   48.74    -2.4   -15.0    -8.7   -10.1     0.0    14.91 C     3.0   -15.1    -8.8    86.9    42.9    69.6 -99.000 -99.000 -99.000 -99.000 -99.000    -4.5    -3.8 -9999.0 -9999.0 -9999.0
04130 20210127  2.623 -113.43   48.74    -0.8   -15.9    -8.3    -7.4     0.8    11.57 C     2.8   -16.3    -7.8    86.4    48.4    69.2 -99.000 -99.000 -99.000 -99.000 -99.000    -4.8    -4.3 -9999.0 -9999.0 -9999.0
04130 20210128  2.623 -113.43   48.74    -0.1   -14.7    -7.4    -6.6     0.2    15.54 C    -0.1   -14.7    -7.5    88.2    54.6    73.7 -99.000 -99.000 -99.000 -99.000 -99.000    -3.4    -3.1 -9999.0 -9999.0 -9999.0
04130 20210129  2.623 -113.43   48.74     3.2    -8.1    -2.4    -0.7     0.0    17.30 C     4.6   -10.7    -3.7    88.9    42.7    62.7 -99.000 -99.000 -99.000 -99.000 -99.000    -2.8    -2.6 -9999.0 -9999.0 -9999.0
04130 20210130  2.623 -113.43   48.74     0.3    -8.9    -4.3    -2.7     0.6    13.16 C    -1.5   -10.7    -4.9    87.6    52.2    68.2 -99.000 -99.000 -99.000 -99.000 -99.000    -3.0    -2.8 -9999.0 -9999.0 -9999.0
04130 20210131  2.623 -113.43   48.74     5.3     0.2     2.8     2.9     0.0    17.85 C     7.2    -4.8    -0.7    55.3    38.8    46.1 -99.000 -99.000 -99.000 -99.000 -99.000    -1.9    -1.9 -9999.0 -9999.0 -9999.0
04130 20210201  2.623 -113.43   48.74     7.9     4.3     6.1     6.4     0.0    17.05 C     7.1     0.0     2.4    50.6    36.5    43.5 -99.000 -99.000 -99.000 -99.000 -99.000    -1.0    -1.1 -9999.0 -9999.0 -9999.0
04130 20210202  2.623 -113.43   48.74     7.6    -2.8     2.4     1.8     9.8     9.57 C     2.5    -3.7    -0.1    90.1    42.6    75.9 -99.000 -99.000 -99.000 -99.000 -99.000    -0.5    -0.6 -9999.0 -9999.0 -9999.0
04130 20210203  2.623 -113.43   48.74    -2.4   -12.5    -7.4    -8.0     0.7    15.09 C    -3.4   -16.3   -10.0    86.5    61.2    75.4 -99.000 -99.000 -99.000 -99.000 -99.000    -0.5    -0.5 -9999.0 -9999.0 -9999.0
04130 20210204  2.623 -113.43   48.74    -2.7    -7.3    -5.0    -3.8     0.2    12.78 C    -4.0   -10.5    -6.0    78.5    52.4    66.0 -99.000 -99.000 -99.000 -99.000 -99.000    -1.2    -0.9 -9999.0 -9999.0 -9999.0
04130 20210205  2.623 -113.43   48.74    -0.5   -20.2   -10.4   -10.7     5.4    14.24 C    -3.4   -19.1   -10.3    85.6    54.4    76.0 -99.000 -99.000 -99.000 -99.000 -99.000    -1.9    -1.5 -9999.0 -9999.0 -9999.0
04130 20210206  2.623 -113.43   48.74   -16.8   -23.7   -20.2   -19.8     3.9    10.48 C   -14.7   -23.3   -18.5    75.1    65.6    71.4 -99.000 -99.000 -99.000 -99.000 -99.000    -2.7    -2.2 -9999.0 -9999.0 -9999.0
04130 20210207  2.623 -113.43   48.74   -19.5   -24.4   -21.9   -22.5     2.3     9.79 C   -16.9   -33.7   -23.0    77.1    59.6    69.0 -99.000 -99.000 -99.000 -99.000 -99.000    -2.9    -2.5 -9999.0 -9999.0 -9999.0
04130 20210208  2.623 -113.43   48.74   -22.2   -26.5   -24.3   -24.8     2.1     9.72 C   -22.1   -28.5   -24.5    71.1    59.5    67.2 -99.000 -99.000 -99.000 -99.000 -99.000    -3.1    -2.7 -9999.0 -9999.0 -9999.0
04130 20210209  2.623 -113.43   48.74   -22.3   -33.3   -27.8   -28.0     0.0    10.38 C   -23.3   -42.3   -32.9    71.8    51.1    65.1 -99.000 -99.000 -99.000 -99.000 -99.000    -3.5    -3.1 -9999.0 -9999.0 -9999.0
04130 20210210  2.623 -113.43   48.74   -25.3   -35.8   -30.6   -30.1     0.6    10.96 C   -23.2   -43.4   -32.7    69.6    54.4    65.6 -99.000 -99.000 -99.000 -99.000 -99.000    -4.2    -3.7 -9999.0 -9999.0 -9999.0
04130 20210211  2.623 -113.43   48.74   -24.9   -35.6   -30.3   -29.9     0.2    11.37 C   -25.0   -44.6   -34.0    68.3    49.8    63.0 -99.000 -99.000 -99.000 -99.000 -99.000    -4.4    -3.9 -9999.0 -9999.0 -9999.0
04130 20210212  2.623 -113.43   48.74   -17.4   -38.9   -28.2   -29.0     0.3    12.05 C   -17.5   -45.6   -33.7    71.1    54.5    65.7 -99.000 -99.000 -99.000 -99.000 -99.000    -5.0    -4.5 -9999.0 -9999.0 -9999.0
04130 20210213  2.623 -113.43   48.74   -19.2   -29.7   -24.4   -24.3     0.0    15.29 C   -18.6   -37.0   -26.7    74.0    55.1    66.9 -99.000 -99.000 -99.000 -99.000 -99.000    -4.9    -4.5 -9999.0 -9999.0 -9999.0
04130 20210214  2.623 -113.43   48.74    -9.8   -30.7   -20.2   -20.3     0.0    14.15 C   -11.9   -38.2   -22.2    72.2    45.7    63.6 -99.000 -99.000 -99.000 -99.000 -99.000    -4.9    -4.5 -9999.0 -9999.0 -9999.0
04130 20210215  2.623 -113.43   48.74    -1.0   -16.9    -9.0    -7.6     0.0    15.30 C    -2.4   -23.6   -11.8    81.2    52.4    67.5 -99.000 -99.000 -99.000 -99.000 -99.000    -4.2    -4.0 -9999.0 -9999.0 -9999.0
04130 20210216  2.623 -113.43   48.74    -3.0   -14.0    -8.5    -6.4     0.0    17.07 C    -5.0   -21.2   -11.0    85.0    47.6    62.3 -99.000 -99.000 -99.000 -99.000 -99.000    -3.7    -3.5 -9999.0 -9999.0 -9999.0
04130 20210217  2.623 -113.43   48.74    -5.2   -15.0   -10.1   -10.0     0.8    16.06 C    -6.1   -23.5   -11.9    86.3    58.6    72.6 -99.000 -99.000 -99.000 -99.000 -99.000    -3.5    -3.3 -9999.0 -9999.0 -9999.0
04130 20210218  2.623 -113.43   48.74    -1.5   -16.6    -9.1    -7.9     0.3    20.04 C    -6.2   -25.4   -11.8    81.8    20.7    57.6 -99.000 -99.000 -99.000 -99.000 -99.000    -3.4    -3.2 -9999.0 -9999.0 -9999.0
04130 20210219  2.623 -113.43   48.74    -0.5    -4.9    -2.7    -2.9     0.0    18.05 C    -1.9    -8.1    -5.4    77.0    42.9    62.4 -99.000 -99.000 -99.000 -99.000 -99.000    -3.2    -3.0 -9999.0 -9999.0 -9999.0
04130 20210220  2.623 -113.43   48.74    -2.2    -4.4    -3.3    -3.4     0.4    14.97 C    -3.4    -8.9    -6.4    74.4    46.9    60.0 -99.000 -99.000 -99.000 -99.000 -99.000    -3.1    -2.9 -9999.0 -9999.0 -9999.0
04130 20210221  2.623 -113.43   48.74     1.6    -4.6    -1.5    -1.7     3.7    12.55 C    -1.2    -6.0    -3.2    78.1    63.2    71.1 -99.000 -99.000 -99.000 -99.000 -99.000    -2.9    -2.8 -9999.0 -9999.0 -9999.0
04130 20210222  2.623 -113.43   48.74     3.2    -0.6     1.3     1.2    12.6    15.21 C     0.0    -1.7    -0.5    88.8    56.3    76.2 -99.000 -99.000 -99.000 -99.000 -99.000    -1.7    -1.8 -9999.0 -9999.0 -9999.0
04130 20210223  2.623 -113.43   48.74     0.6    -9.0    -4.2    -3.2     2.9    16.76 C    -1.4   -19.0    -7.1    86.3    33.3    64.8 -99.000 -99.000 -99.000 -99.000 -99.000    -1.3    -1.3 -9999.0 -9999.0 -9999.0
04130 20210224  2.623 -113.43   48.74    -2.7   -12.8    -7.8    -6.8     1.9    18.77 C    -5.5   -21.7   -10.3    84.2    44.6    63.3 -99.000 -99.000 -99.000 -99.000 -99.000    -2.0    -1.8 -9999.0 -9999.0 -9999.0
04130 20210225  2.623 -113.43   48.74    -2.5    -6.2    -4.4    -4.3     2.1    14.81 C    -3.6    -8.6    -5.7    82.8    42.5    63.7 -99.000 -99.000 -99.000 -99.000 -99.000    -2.8    -2.5 -9999.0 -9999.0 -9999.0
04130 20210226  2.623 -113.43   48.74    -0.2    -8.5    -4.3    -3.9     1.4    21.37 C    -1.3    -9.4    -5.1    87.5    47.8    70.1 -99.000 -99.000 -99.000 -99.000 -99.000    -2.3    -2.2 -9999.0 -9999.0 -9999.0
04130 20210227  2.623 -113.43   48.74    -4.4   -13.7    -9.1    -9.1     1.1    17.22 C    -7.2   -16.2   -10.7    85.5    54.4    68.8 -99.000 -99.000 -99.000 -99.000 -99.000    -2.6    -2.4 -9999.0 -9999.0 -9999.0
04130 20210228  2.623 -113.43   48.74    -1.0    -6.0    -3.5    -3.5     0.0    21.01 C    -2.2    -8.9    -5.2    79.4    54.6    65.1 -99.000 -99.000 -99.000 -99.000 -99.000    -2.8    -2.6 -9999.0 -9999.0 -9999.0
04130 20210301  2.623 -113.43   48.74     4.7    -1.2     1.7     1.9     0.0    21.65 C     1.4    -4.9    -1.6    73.8    42.4    57.7 -99.000 -99.000 -99.000 -99.000 -99.000    -1.8    -1.9 -9999.0 -9999.0 -9999.0
04130 20210302  2.623 -113.43   48.74     4.1     1.2     2.6     3.0     0.0    15.75 C     2.5    -0.8     0.4    65.3    42.9    51.0 -99.000 -99.000 -99.000 -99.000 -99.000    -0.8    -0.9 -9999.0 -9999.0 -9999.0
04130 20210303  2.623 -113.43   48.74     7.7    -3.2     2.2     3.7     0.0    23.27 C     8.1    -5.0     1.0    74.5    34.8    47.4 -99.000 -99.000 -99.000 -99.000 -99.000    -0.7    -0.7 -9999.0 -9999.0 -9999.0
04130 20210304  2.623 -113.43   48.74    10.7    -7.5     1.6     2.2     0.0    24.42 C    11.1    -7.8     0.1    78.6    19.3    47.4 -99.000 -99.000 -99.000 -99.000 -99.000    -1.0    -0.9 -9999.0 -9999.0 -9999.0
04130 20210305  2.623 -113.43   48.74    11.4    -1.4     5.0     6.1     0.0    22.27 C    13.9    -4.4     1.9    60.4    19.2    32.6 -99.000 -99.000 -99.000 -99.000 -99.000    -0.6    -0.6 -9999.0 -9999.0 -9999.0
04130 20210306  2.623 -113.43   48.74    10.0    -0.2     4.9     4.8     0.0    24.07 C    10.3    -2.4     2.2    72.3    18.6    45.3 -99.000 -99.000 -99.000 -99.000 -99.000    -0.4    -0.5 -9999.0 -9999.0 -9999.0
04130 20210307  2.623 -113.43   48.74     2.7    -2.8    -0.1    -0.2     1.8    20.82 C     7.2    -3.3    -0.2    84.3    37.9    60.1 -99.000 -99.000 -99.000 -99.000 -99.000    -0.4    -0.5 -9999.0 -9999.0 -9999.0
04130 20210308  2.623 -113.43   48.74     3.1    -6.3    -1.6    -0.8     0.0    21.59 C     7.7   -12.4    -3.0    82.8    14.1    40.1 -99.000 -99.000 -99.000 -99.000 -99.000    -0.3    -0.4 -9999.0 -9999.0 -9999.0
04130 20210309  2.623 -113.43   48.74     2.2   -10.5    -4.2    -2.7     0.0    25.39 C     7.6    -9.7    -1.7    78.3    28.2    51.7 -99.000 -99.000 -99.000 -99.000 -99.000    -0.5    -0.4 -9999.0 -9999.0 -9999.0
04130 20210310  2.623 -113.43   48.74     1.6   -10.9    -4.7    -3.4     0.4    22.30 C     9.9   -13.4    -2.7    87.2    35.3    61.9 -99.000 -99.000 -99.000 -99.000 -99.000    -0.7    -0.6 -9999.0 -9999.0 -9999.0
04130 20210311  2.623 -113.43   48.74     2.6   -14.2    -5.8    -3.8     0.0    25.55 C     7.0   -15.6    -4.0    82.2    33.6    54.2 -99.000 -99.000 -99.000 -99.000 -99.000    -0.9    -0.7 -9999.0 -9999.0 -9999.0
04130 20210312  2.623 -113.43   48.74     5.7    -2.8     1.5     2.1     0.0    26.01 C    10.8    -6.8     0.9    63.6    25.3    35.3 -99.000 -99.000 -99.000 -99.000 -99.000    -0.9    -0.8 -9999.0 -9999.0 -9999.0
04130 20210313  2.623 -113.43   48.74    12.5    -7.4     2.6     1.5     0.0    26.29 C    20.6    -8.6     1.4    76.2    21.9    52.7 -99.000 -99.000 -99.000 -99.000 -99.000    -0.8    -0.7 -9999.0 -9999.0 -9999.0
04130 20210314  2.623 -113.43   48.74    11.8    -3.9     3.9     3.6     0.0    27.23 C    17.8    -7.3     1.6    72.9    14.6    42.1 -99.000 -99.000 -99.000 -99.000 -99.000    -0.5    -0.5 -9999.0 -9999.0 -9999.0
04130 20210315  2.623 -113.43   48.74     8.2    -4.6     1.8     1.0     0.0    22.64 C    17.3    -7.4     0.7    75.2    33.0    55.6 -99.000 -99.000 -99.000 -99.000 -99.000    -0.4    -0.4 -9999.0 -9999.0 -9999.0
04130 20210316  2.623 -113.43   48.74     8.5    -8.2     0.2     0.5     0.0    27.30 C    16.2    -9.0     0.8    83.2    32.0    58.2 -99.000 -99.000 -99.000 -99.000 -99.000    -0.4    -0.4 -9999.0 -9999.0 -9999.0
04130 20210317  2.623 -113.43   48.74     9.7    -7.6     1.0     0.8     0.0    26.78 C    17.3    -8.7     1.0    83.5    31.8    58.9 -99.000 -99.000 -99.000 -99.000 -99.000    -0.3    -0.4 -9999.0 -9999.0 -9999.0
04130 20210318  2.623 -113.43   48.74    12.1    -3.7     4.2     4.1     0.0    28.06 C    23.5    -6.3     3.8    80.5    27.5    52.6 -99.000 -99.000 -99.000 -99.000 -99.000    -0.2    -0.3 -9999.0 -9999.0 -9999.0
04130 20210319  2.623 -113.43   48.74     8.6     0.2     4.4     3.5     1.8    25.93 C    14.5    -4.3     2.5    89.3    40.7    61.8 -99.000 -99.000 -99.000 -99.000 -99.000    -0.1    -0.3 -9999.0 -9999.0 -9999.0
04130 20210320  2.623 -113.43   48.74     3.8    -0.7     1.6     1.4     0.5    24.61 C    11.6    -5.1    -0.2    84.1    38.3    51.1 -99.000 -99.000 -99.000 -99.000 -99.000    -0.2    -0.2 -9999.0 -9999.0 -9999.0
04130 20210321  2.623 -113.43   48.74     1.1    -4.4    -1.6    -1.0     0.3    16.86 C     5.0    -4.5    -0.9    83.0    53.6    66.5 -99.000 -99.000 -99.000 -99.000 -99.000    -0.3    -0.2 -9999.0 -9999.0 -9999.0
04130 20210322  2.623 -113.43   48.74     3.1    -2.5     0.3    -0.2     2.8    26.23 C    12.2    -3.9     0.7    90.1    42.6    60.3 -99.000 -99.000 -99.000 -99.000 -99.000    -0.2    -0.2 -9999.0 -9999.0 -9999.0
04130 20210323  2.623 -113.43   48.74     1.7    -5.3    -1.8    -1.6     4.3    27.47 C    -1.3   -10.3    -3.8    89.1    45.0    66.0 -99.000 -99.000 -99.000 -99.000 -99.000    -0.3    -0.2 -9999.0 -9999.0 -9999.0
04130 20210324  2.623 -113.43   48.74     1.6    -1.2     0.2    -0.2     0.0    21.43 C     1.6    -4.6    -2.0    75.4    50.6    60.0 -99.000 -99.000 -99.000 -99.000 -99.000    -0.3    -0.2 -9999.0 -9999.0 -9999.0
04130 20210325  2.623 -113.43   48.74    -0.4    -7.3    -3.9    -2.8     1.1    21.63 C     6.8    -9.2    -2.0    88.5    60.5    72.9 -99.000 -99.000 -99.000 -99.000 -99.000    -0.3    -0.2 -9999.0 -9999.0 -9999.0
04130 20210326  2.623 -113.43   48.74     3.7    -7.6    -2.0     0.5     0.0    28.62 C    13.1    -9.0     1.0    84.0    43.6    59.2 -99.000 -99.000 -99.000 -99.000 -99.000    -0.2    -0.2 -9999.0 -9999.0 -9999.0
04130 20210327  2.623 -113.43   48.74     7.9     1.9     4.9     4.5     0.0    25.87 C    17.2    -1.4     4.3    59.1    39.4    49.9 -99.000 -99.000 -99.000 -99.000 -99.000     0.2    -0.2 -9999.0 -9999.0 -9999.0
04130 20210328  2.623 -113.43   48.74     8.9     0.3     4.6     6.0     2.7    20.90 C    14.9    -0.2     4.9    88.8    28.6    48.0 -99.000 -99.000 -99.000 -99.000 -99.000     0.5     0.0 -9999.0 -9999.0 -9999.0
04130 20210329  2.623 -113.43   48.74     0.7    -9.1    -4.2    -6.5    14.3    19.83 C    -0.2   -11.5    -6.6    87.1    45.7    76.9 -99.000 -99.000 -99.000 -99.000 -99.000    -0.2    -0.2 -9999.0 -9999.0 -9999.0
04130 20210330  2.623 -113.43   48.74    -1.6   -16.8    -9.2    -6.7     1.1    27.65 C    -4.0   -28.6   -10.9    83.0    47.2    62.5 -99.000 -99.000 -99.000 -99.000 -99.000    -0.3    -0.2 -9999.0 -9999.0 -9999.0
04130 20210331  2.623 -113.43   48.74     5.6    -2.7     1.4     1.8     0.0    30.40 C     0.2    -8.7    -3.3    52.2    36.2    43.5 -99.000 -99.000 -99.000 -99.000 -99.000    -0.3    -0.2 -9999.0 -9999.0 -9999.0
04130 20210401  2.623 -113.43   48.74    11.7     4.5     8.1     8.6     0.0    28.67 C    15.9    -2.9     3.6    38.3    22.0    26.7 -99.000 -99.000 -99.000 -99.000 -99.000     0.3     0.0 -9999.0 -9999.0 -9999.0
04130 20210402  2.623 -113.43   48.74    12.7     6.4     9.5     9.4     0.0    31.13 C    21.6     0.6     8.0    34.8    17.4    24.6 -99.000 -99.000 -99.000 -99.000 -99.000     1.9     1.0 -9999.0 -9999.0 -9999.0
04130 20210403  2.623 -113.43   48.74    12.2     2.6     7.4     9.1     0.0    31.58 C    21.4    -3.8     8.1    40.0    20.6    25.3   0.244   0.284 -99.000 -99.000 -99.000     2.5     1.7 -9999.0 -9999.0 -9999.0
04130 20210404  2.623 -113.43   48.74     9.5    -0.6     4.4     4.9    13.5    22.53 C    17.3    -0.8     5.0    92.4    26.0    59.1   0.248   0.257 -99.000 -99.000 -99.000     2.7     2.2 -9999.0 -9999.0 -9999.0
04130 20210405  2.623 -113.43   48.74     6.4    -2.5     2.0     1.8     3.2    30.80 C    13.6    -6.4     0.9    91.2    41.9    66.3   0.266   0.280 -99.000 -99.000 -99.000     1.8     1.7 -9999.0 -9999.0 -9999.0
04130 20210406  2.623 -113.43   48.74     9.0    -1.1     3.9     5.3     0.0    32.05 C    17.0    -4.5     5.5    64.7    29.9    41.4   0.256   0.279 -99.000 -99.000 -99.000     2.7     2.3 -9999.0 -9999.0 -9999.0
04130 20210407  2.623 -113.43   48.74    12.5     2.0     7.3     7.4     0.0    29.79 C    24.0     0.5     7.7    75.1    17.8    33.8   0.243   0.253 -99.000 -99.000 -99.000     3.8     3.3 -9999.0 -9999.0 -9999.0
04130 20210408  2.623 -113.43   48.74     3.9    -3.1     0.4     0.1     6.5    24.54 C    14.3    -9.4     0.3    89.5    48.2    73.7   0.244   0.251 -99.000 -99.000 -99.000     3.0     2.9 -9999.0 -9999.0 -9999.0
04130 20210409  2.623 -113.43   48.74     6.8    -2.0     2.4     2.4     0.0    28.78 C    13.6    -5.7     0.7    74.8    29.9    44.7   0.246   0.253 -99.000 -99.000 -99.000     2.5     2.5 -9999.0 -9999.0 -9999.0
04130 20210410  2.623 -113.43   48.74     4.5    -3.6     0.5    -0.3     8.2    21.21 C     6.2    -4.4     0.0    88.1    32.9    64.4   0.246   0.253 -99.000 -99.000 -99.000     2.0     2.1 -9999.0 -9999.0 -9999.0
04130 20210411  2.623 -113.43   48.74     0.9   -12.1    -5.6    -4.1     0.0    25.45 C     9.8   -22.1    -6.5    83.6    41.3    61.1   0.250   0.260 -99.000 -99.000 -99.000     1.6     1.7 -9999.0 -9999.0 -9999.0
04130 20210412  2.623 -113.43   48.74     0.5    -8.7    -4.1    -3.7     1.3    20.80 C    15.0    -9.3    -1.6    83.8    41.7    68.5   0.253   0.258 -99.000 -99.000 -99.000     0.7     1.1 -9999.0 -9999.0 -9999.0
04130 20210413  2.623 -113.43   48.74     1.9    -9.2    -3.7    -2.3     0.0    28.60 C    17.6   -10.4     1.1    83.2    32.9    57.4   0.247   0.261 -99.000 -99.000 -99.000     1.8     1.7 -9999.0 -9999.0 -9999.0
04130 20210414  2.623 -113.43   48.74     3.2    -3.2     0.0    -0.1     0.0    16.96 C     9.8    -6.5     1.0    76.8    37.2    46.9   0.240   0.247 -99.000 -99.000 -99.000     1.8     1.8 -9999.0 -9999.0 -9999.0
04130 20210415  2.623 -113.43   48.74    10.0    -3.6     3.2     3.2     0.0    27.67 C    25.0    -6.7     5.0    80.3    26.5    53.4   0.236   0.242 -99.000 -99.000 -99.000     3.2     2.8 -9999.0 -9999.0 -9999.0
04130 20210416  2.623 -113.43   48.74    12.4    -6.3     3.1     3.0     0.0    34.27 C    29.0    -8.9     6.0    81.0    17.1    48.1   0.230   0.237 -99.000 -99.000 -99.000     4.2     3.7 -9999.0 -9999.0 -9999.0
04130 20210417  2.623 -113.43   48.74    15.4    -5.2     5.1     6.2     0.0    34.52 C    27.6    -8.4     7.2    76.0    17.7    42.6   0.226   0.232 -99.000 -99.000 -99.000     5.1     4.6 -9999.0 -9999.0 -9999.0
04130 20210418  2.623 -113.43   48.74     3.5    -5.3    -0.9    -1.1    12.1    17.49 C    11.7    -6.1    -1.3    88.8    49.1    73.9   0.224   0.227 -99.000 -99.000 -99.000     3.1     3.5 -9999.0 -9999.0 -9999.0
04130 20210419  2.623 -113.43   48.74    -0.3    -9.2    -4.8    -3.7     0.5    24.08 C    -0.2   -18.7    -6.7    85.4    46.4    73.1   0.228   0.231 -99.000 -99.000 -99.000     2.3     2.5 -9999.0 -9999.0 -9999.0
04130 20210420  2.623 -113.43   48.74     4.9    -8.3    -1.7    -0.9     0.0    33.08 C     1.6   -17.5    -5.9    86.6    29.5    58.2   0.239   0.244 -99.000 -99.000 -99.000     2.1     2.3 -9999.0 -9999.0 -9999.0
04130 20210421  2.623 -113.43   48.74    10.6    -6.8     1.9     4.2     0.0    35.60 C    17.3   -11.6     1.6    78.9    27.2    43.9   0.248   0.258 -99.000 -99.000 -99.000     2.7     2.6 -9999.0 -9999.0 -9999.0
04130 20210422  2.623 -113.43   48.74     7.4    -5.4     1.0    -1.4     9.5    18.63 C     3.4    -6.2    -2.2    91.8    36.0    76.4   0.248   0.257 -99.000 -99.000 -99.000     2.3     2.5 -9999.0 -9999.0 -9999.0
04130 20210423  2.623 -113.43   48.74     0.8    -6.5    -2.8    -2.9     0.8    26.04 C     0.7    -8.7    -3.6    85.2    58.4    72.1   0.252   0.263 -99.000 -99.000 -99.000     2.1     2.2 -9999.0 -9999.0 -9999.0
04130 20210424  2.623 -113.43   48.74     0.9    -3.1    -1.1    -1.1     3.8    19.35 C     1.1    -5.3    -1.4    88.7    65.1    78.7   0.254   0.267 -99.000 -99.000 -99.000     2.0     2.1 -9999.0 -9999.0 -9999.0
04130 20210425  2.623 -113.43   48.74     2.6    -2.0     0.3    -0.2     1.9    19.01 C     4.1    -3.0    -0.2    91.1    67.3    83.0   0.254   0.266 -99.000 -99.000 -99.000     2.4     2.3 -9999.0 -9999.0 -9999.0
04130 20210426  2.623 -113.43   48.74     7.7    -1.1     3.3     4.2     0.0    35.39 C    20.5    -4.3     4.9    90.9    42.3    57.8   0.251   0.263 -99.000 -99.000 -99.000     4.0     3.5 -9999.0 -9999.0 -9999.0
04130 20210427  2.623 -113.43   48.74    12.1     3.4     7.7     7.5     0.0    36.10 C    24.4    -0.7     8.5    50.6    31.3    40.2   0.240   0.249 -99.000 -99.000 -99.000     5.2     4.6 -9999.0 -9999.0 -9999.0
04130 20210428  2.623 -113.43   48.74    11.6     6.3     8.9     9.1     0.0    30.50 C    21.2     3.3     9.7    46.8    36.3    41.4   0.232   0.239 -99.000 -99.000 -99.000     6.1     5.6 -9999.0 -9999.0 -9999.0
04130 20210429  2.623 -113.43   48.74    17.3     9.2    13.3    12.7     0.0    21.85 C    27.8     7.5    11.7    62.3    26.7    42.0   0.228   0.232 -99.000 -99.000 -99.000     6.9     6.2 -9999.0 -9999.0 -9999.0
04130 20210430  2.623 -113.43   48.74    17.0    11.4    14.2    14.3     0.0    36.71 C    27.9     7.2    14.4    41.8    18.2    28.5   0.221   0.227 -99.000 -99.000 -99.000     8.3     7.5 -9999.0 -9999.0 -9999.0
04130 20210501  2.623 -113.43   48.74    15.2     0.8     8.0    10.3     3.3    28.82 C    29.0     1.6    11.9    89.7    27.3    46.6   0.214   0.221 -99.000 -99.000 -99.000     8.6     8.0 -9999.0 -9999.0 -9999.0
04130 20210502  2.623 -113.43   48.74     8.3    -1.1     3.6     2.4     6.0    25.80 C    26.4    -2.6     5.5    92.5    40.2    78.4   0.240   0.247 -99.000 -99.000 -99.000     7.4     7.2 -9999.0 -9999.0 -9999.0
04130 20210503  2.623 -113.43   48.74    10.7    -1.6     4.6     4.4     0.8    29.78 C    25.3    -3.2     7.2    91.2    31.1    68.2   0.237   0.246 -99.000 -99.000 -99.000     7.5     7.2 -9999.0 -9999.0 -9999.0
04130 20210504  2.623 -113.43   48.74    12.3     1.4     6.8     7.0     0.5    36.47 C    28.7     0.6    11.0    88.3    26.8    51.3   0.231   0.239 -99.000 -99.000 -99.000     8.7     8.1 -9999.0 -9999.0 -9999.0
04130 20210505  2.623 -113.43   48.74    13.7    -1.8     5.9     6.4     0.0    32.80 C    33.8    -3.5    11.3    91.0    22.6    57.9   0.226   0.233 -99.000 -99.000 -99.000     9.5     8.8 -9999.0 -9999.0 -9999.0
04130 20210506  2.623 -113.43   48.74    19.4    -1.2     9.1    10.9     0.0    37.28 C    33.7    -3.0    14.0    77.3    25.2    44.7   0.219   0.226 -99.000 -99.000 -99.000    10.4     9.6 -9999.0 -9999.0 -9999.0
04130 20210507  2.623 -113.43   48.74    11.2     2.8     7.0     7.4     0.0    27.10 C    26.6     0.7     9.1    73.9    41.0    54.3   0.212   0.218 -99.000 -99.000 -99.000     9.5     9.2 -9999.0 -9999.0 -9999.0
04130 20210508  2.623 -113.43   48.74     4.9     0.4     2.6     2.4     2.1    19.34 C    11.0    -0.2     4.3    90.4    49.7    68.1   0.208   0.213 -99.000 -99.000 -99.000     7.0     7.3 -9999.0 -9999.0 -9999.0
04130 20210509  2.623 -113.43   48.74     3.9    -0.5     1.7     1.0     0.6    20.57 C    13.7     0.0     4.1    90.3    63.5    79.4   0.218   0.219 -99.000 -99.000 -99.000     6.4     6.6 -9999.0 -9999.0 -9999.0
04130 20210510  2.623 -113.43   48.74    10.1    -3.1     3.5     3.9     0.0    38.73 C    32.0    -5.1     8.6    86.2    30.5    57.0   0.214   0.217 -99.000 -99.000 -99.000     8.3     7.7 -9999.0 -9999.0 -9999.0
04130 20210511  2.623 -113.43   48.74    11.3    -2.0     4.6     3.8     1.8    26.20 C    26.7    -4.8     5.9    90.0    31.9    70.1   0.209   0.213 -99.000 -99.000 -99.000     7.6     7.5 -9999.0 -9999.0 -9999.0
04130 20210512  2.623 -113.43   48.74    13.6    -4.0     4.8     6.6     0.0    36.35 C    28.8    -5.6    10.1    90.2    26.1    55.6   0.208   0.212 -99.000 -99.000 -99.000     8.8     8.2 -9999.0 -9999.0 -9999.0
04130 20210513  2.623 -113.43   48.74    14.3     3.9     9.1     9.3     0.0    23.98 C    34.1     0.5    10.8    85.6    38.0    57.2   0.202   0.207 -99.000 -99.000 -99.000     9.4     8.9 -9999.0 -9999.0 -9999.0
04130 20210514  2.623 -113.43   48.74    17.1    -1.4     7.9     8.0     0.0    34.70 C    37.7    -3.4    11.2    90.0    29.5    61.2   0.195   0.202 -99.000 -99.000 -99.000    10.1     9.5 -9999.0 -9999.0 -9999.0
04130 20210515  2.623 -113.43   48.74    19.7    -1.1     9.3    10.2     0.0    38.77 C    39.1    -2.9    13.8    84.6    14.9    49.2   0.184   0.196 -99.000 -99.000 -99.000    11.3    10.4 -9999.0 -9999.0 -9999.0
04130 20210516  2.623 -113.43   48.74    21.3     0.8    11.0    12.2     0.0    37.37 C    34.4    -1.7    14.7    78.6    19.6    44.4   0.169   0.187 -99.000 -99.000 -99.000    11.9    11.2 -9999.0 -9999.0 -9999.0
04130 20210517  2.623 -113.43   48.74    22.6     3.4    13.0    15.3     0.0    38.71 C    39.3     0.4    17.0    74.4    18.6    37.1   0.153   0.178 -99.000 -99.000 -99.000    12.8    11.9 -9999.0 -9999.0 -9999.0
04130 20210518  2.623 -113.43   48.74    15.8     5.5    10.6    10.1     0.2    33.06 C    29.1     2.4    11.9    65.9    19.3    35.2   0.140   0.169 -99.000 -99.000 -99.000    11.7    11.5 -9999.0 -9999.0 -9999.0
04130 20210519  2.623 -113.43   48.74     8.7     0.2     4.5     4.4     7.4    22.89 C    23.8    -3.7     7.4    92.0    22.0    48.8   0.133   0.163 -99.000 -99.000 -99.000     9.4     9.6 -9999.0 -9999.0 -9999.0
04130 20210520  2.623 -113.43   48.74     0.2    -3.6    -1.7    -2.3    16.1    14.04 C     0.1    -4.3    -2.6    91.7    78.9    85.0   0.185   0.176 -99.000 -99.000 -99.000     6.3     7.2 -9999.0 -9999.0 -9999.0
04130 20210521  2.623 -113.43   48.74    -0.6    -3.5    -2.0    -1.7     4.2    15.97 C    -0.7    -4.0    -2.1    89.1    77.9    84.7   0.212   0.202 -99.000 -99.000 -99.000     5.1     5.8 -9999.0 -9999.0 -9999.0
04130 20210522  2.623 -113.43   48.74     3.6    -1.1     1.2     1.1     2.6    25.31 C     0.5    -1.9    -0.5    89.9    64.6    79.6   0.234   0.243 -99.000 -99.000 -99.000     4.3     4.8 -9999.0 -9999.0 -9999.0
04130 20210523  2.623 -113.43   48.74     3.7     0.6     2.1     1.8     5.1    15.46 C     5.0    -0.3     1.2    91.8    71.9    84.6   0.264   0.282 -99.000 -99.000 -99.000     4.2     4.5 -9999.0 -9999.0 -9999.0
04130 20210524  2.623 -113.43   48.74     9.4     0.1     4.7     5.7     5.0    32.33 C    22.4    -0.2     7.6    92.1    55.9    73.1   0.254   0.272 -99.000 -99.000 -99.000     6.6     6.1 -9999.0 -9999.0 -9999.0
04130 20210525  2.623 -113.43   48.74    12.2     3.6     7.9     7.5     1.1    23.75 C    30.4     3.4    10.4    91.6    50.9    75.5   0.251   0.270 -99.000 -99.000 -99.000     8.7     7.9 -9999.0 -9999.0 -9999.0
04130 20210526  2.623 -113.43   48.74    15.0     5.4    10.2    10.1     1.8    30.64 C    31.0     5.8    13.1    91.5    42.7    66.0   0.244   0.260 -99.000 -99.000 -99.000    10.6     9.7 -9999.0 -9999.0 -9999.0
04130 20210527  2.623 -113.43   48.74    18.8     8.3    13.5    12.8     3.0    35.94 C    33.3     5.1    14.7    79.0    24.4    46.3   0.234   0.246 -99.000 -99.000 -99.000    11.3    10.5 -9999.0 -9999.0 -9999.0
04130 20210528  2.623 -113.43   48.74     9.5     3.1     6.3     7.0     1.6    39.98 C    19.5     3.1     8.9    83.9    39.9    52.6   0.232   0.244 -99.000 -99.000 -99.000    10.3    10.1 -9999.0 -9999.0 -9999.0
04130 20210529  2.623 -113.43   48.74    14.4     1.7     8.1     8.9     0.0    41.66 C    29.4    -0.7    12.4    75.2    29.0    45.8   0.224   0.235 -99.000 -99.000 -99.000    10.8    10.3 -9999.0 -9999.0 -9999.0
04130 20210530  2.623 -113.43   48.74    18.8    -1.6     8.6     9.9     0.0    41.46 C    33.5    -3.1    13.8    84.4    17.6    48.5   0.214   0.226 -99.000 -99.000 -99.000    11.9    11.1 -9999.0 -9999.0 -9999.0
04130 20210531  2.623 -113.43   48.74    21.5     4.4    13.0    14.6     0.0    41.00 C    35.4     1.7    17.2    74.6    27.5    44.2   0.201   0.216 -99.000 -99.000 -99.000    13.4    12.4 -9999.0 -9999.0 -9999.0
04130 20210601  2.623 -113.43   48.74    23.3     4.5    13.9    15.2     0.0    38.46 C    38.0     2.3    18.2    82.3    27.9    52.0   0.186   0.205 -99.000 -99.000 -99.000    14.5    13.5 -9999.0 -9999.0 -9999.0
04130 20210602  2.623 -113.43   48.74    26.5     6.7    16.6    17.9     0.0    41.16 C    40.2     4.3    20.5    83.5    27.0    50.4   0.169   0.194 -99.000 -99.000 -99.000    15.9    14.7 -9999.0 -9999.0 -9999.0
04130 20210603  2.623 -113.43   48.74    27.8     9.6    18.7    20.0     0.0    33.88 C    41.5     5.5    20.1    74.6    25.6    44.4   0.150   0.181 -99.000 -99.000 -99.000    16.0    15.1 -9999.0 -9999.0 -9999.0
04130 20210604  2.623 -113.43   48.74    23.8    10.6    17.2    18.3     0.0    39.73 C    39.1     6.6    20.8    74.9    22.8    41.0   0.134   0.169 -99.000 -99.000 -99.000    16.7    15.7 -9999.0 -9999.0 -9999.0
04130 20210605  2.623 -113.43   48.74    16.4     5.8    11.1    13.4     1.5    34.71 C    34.6     4.7    16.2    77.5    25.0    36.7   0.118   0.156 -99.000 -99.000 -99.000    15.3    15.0 -9999.0 -9999.0 -9999.0
04130 20210606  2.623 -113.43   48.74    11.5     5.2     8.3     8.2     0.3    33.18 C    24.1     3.9    10.9    73.6    33.8    48.4   0.112   0.149 -99.000 -99.000 -99.000    12.9    13.1 -9999.0 -9999.0 -9999.0
04130 20210607  2.623 -113.43   48.74    13.1     5.0     9.0     8.6     0.0    42.06 C    34.5     2.9    14.4    62.0    30.9    42.3   0.107   0.143 -99.000 -99.000 -99.000    13.5    13.1 -9999.0 -9999.0 -9999.0
04130 20210608  2.623 -113.43   48.74    13.1     2.8     8.0     8.4     1.2    22.90 C    24.8     0.6    10.8    90.5    45.5    64.8   0.100   0.138 -99.000 -99.000 -99.000    12.7    12.6 -9999.0 -9999.0 -9999.0
04130 20210609  2.623 -113.43   48.74    13.8     6.3    10.1     9.2     4.1    18.93 C    23.3     4.8    10.8    90.6    47.1    74.8   0.119   0.139 -99.000 -99.000 -99.000    12.1    12.0 -9999.0 -9999.0 -9999.0
04130 20210610  2.623 -113.43   48.74    10.1     6.6     8.3     8.2     0.8    19.11 C    19.2     5.0     9.5    83.2    50.0    68.3   0.131   0.144 -99.000 -99.000 -99.000    11.6    11.6 -9999.0 -9999.0 -9999.0
04130 20210611  2.623 -113.43   48.74    15.3     6.6    10.9    10.5     0.0    31.56 C    32.4     2.8    12.1    63.8    28.5    42.5   0.127   0.142 -99.000 -99.000 -99.000    11.5    11.3 -9999.0 -9999.0 -9999.0
04130 20210612  2.623 -113.43   48.74    14.7     3.9     9.3    11.5     0.0    35.75 C    30.4     1.4    14.7    80.0    40.7    52.5   0.120   0.139 -99.000 -99.000 -99.000    13.0    12.3 -9999.0 -9999.0 -9999.0
04130 20210613  2.623 -113.43   48.74    27.5     0.7    14.1    16.8     0.0    41.27 C    44.8    -0.6    21.3    85.0    21.7    47.4   0.109   0.133 -99.000 -99.000 -99.000    15.7    14.3 -9999.0 -9999.0 -9999.0
04130 20210614  2.623 -113.43   48.74    32.6     9.4    21.0    21.2     0.0    41.77 C    47.9     6.3    24.3    71.0    16.4    41.9   0.093   0.122 -99.000 -99.000 -99.000    18.3    16.8 -9999.0 -9999.0 -9999.0
04130 20210615  2.623 -113.43   48.74    21.4     7.8    14.6    15.3     3.5    40.37 C    40.0     5.6    19.8    80.6    31.7    54.2   0.079   0.111 -99.000 -99.000 -99.000    17.9    16.9 -9999.0 -9999.0 -9999.0
04130 20210616  2.623 -113.43   48.74    16.8     8.9    12.8    12.6     0.0    42.93 C    34.5     6.8    16.8    56.6    32.1    42.7   0.078   0.104 -99.000 -99.000 -99.000    16.1    15.7 -9999.0 -9999.0 -9999.0
04130 20210617  2.623 -113.43   48.74    19.4     9.0    14.2    14.6     0.0    42.22 C    37.2     4.6    18.3    50.8    27.5    37.7   0.072   0.100 -99.000 -99.000 -99.000    16.6    15.8 -9999.0 -9999.0 -9999.0
04130 20210618  2.623 -113.43   48.74    24.0     1.8    12.9    14.4     0.0    41.13 C    44.4     0.2    20.1    81.1    18.3    46.3   0.066   0.096 -99.000 -99.000 -99.000    17.7    16.6 -9999.0 -9999.0 -9999.0
04130 20210619  2.623 -113.43   48.74    19.3     5.1    12.2    11.8     3.0    26.11 C    35.6     2.9    15.0    91.8    29.9    70.4   0.059   0.091 -99.000 -99.000 -99.000    16.0    15.8 -9999.0 -9999.0 -9999.0
04130 20210620  2.623 -113.43   48.74    17.3     3.6    10.5    11.2    12.9    25.58 C    31.3     3.7    14.6    91.5    39.3    73.7   0.174   0.123 -99.000 -99.000 -99.000    15.2    15.0 -9999.0 -9999.0 -9999.0
04130 20210621  2.623 -113.43   48.74    21.5     2.0    11.8    14.2     0.0    40.60 C    39.0     2.0    17.6    90.8    25.4    52.9   0.165   0.134 -99.000 -99.000 -99.000    16.1    15.4 -9999.0 -9999.0 -9999.0
04130 20210622  2.623 -113.43   48.74    25.6    11.0    18.3    20.8     0.0    38.39 C    40.9     7.3    22.0    64.1    27.0    36.2   0.138   0.125 -99.000 -99.000 -99.000    17.5    16.6 -9999.0 -9999.0 -9999.0
04130 20210623  2.623 -113.43   48.74    22.6    10.9    16.8    18.2     0.0    31.74 C    39.5     7.5    20.5    77.5    34.1    46.8   0.115   0.116 -99.000 -99.000 -99.000    17.7    17.0 -9999.0 -9999.0 -9999.0
04130 20210624  2.623 -113.43   48.74    16.5     6.8    11.7    11.8     2.0    21.43 C    28.7     5.2    13.6    90.3    69.9    80.7   0.103   0.110 -99.000 -99.000 -99.000    15.7    15.6 -9999.0 -9999.0 -9999.0
04130 20210625  2.623 -113.43   48.74    22.5     4.2    13.3    14.6     0.0    37.98 C    42.1     3.6    19.6    91.3    38.1    65.2   0.099   0.107 -99.000 -99.000 -99.000    17.1    16.2 -9999.0 -9999.0 -9999.0
04130 20210626  2.623 -113.43   48.74    25.8    10.8    18.3    18.4     0.0    40.80 C    45.2     9.1    24.2    84.5    32.0    57.9   0.087   0.102 -99.000 -99.000 -99.000    19.8    18.4 -9999.0 -9999.0 -9999.0
04130 20210627  2.623 -113.43   48.74    26.6     7.8    17.2    18.3     0.0    40.70 C    46.3     6.9    24.1    86.0    36.1    60.0   0.073   0.095 -99.000 -99.000 -99.000    20.4    19.1 -9999.0 -9999.0 -9999.0
04130 20210628  2.623 -113.43   48.74    32.7     7.7    20.2    21.3     0.0    41.22 C    51.4     6.3    26.3    87.3    17.1    50.8   0.061   0.088 -99.000 -99.000 -99.000    21.5    20.0 -9999.0 -9999.0 -9999.0
04130 20210629  2.623 -113.43   48.74    32.5     9.0    20.7    21.7     0.0    41.36 C    51.1     8.1    26.6    83.6    16.9    46.1   0.051   0.082 -99.000 -99.000 -99.000    22.4    20.8 -9999.0 -9999.0 -9999.0
04130 20210630  2.623 -113.43   48.74    31.3     7.9    19.6    20.8     0.0    41.72 C    52.0     6.0    26.0    75.0    16.0    41.4   0.043   0.077 -99.000 -99.000 -99.000    22.5    21.0 -9999.0 -9999.0 -9999.0
04130 20210701  2.623 -113.43   48.74    33.0     7.4    20.2    22.5     0.0    37.38 C    54.1     6.2    27.1    77.4    17.1    39.5   0.037   0.073 -99.000 -99.000 -99.000    22.6    21.1 -9999.0 -9999.0 -9999.0
04130 20210702  2.623 -113.43   48.74    28.6    15.3    22.0    24.6     0.0    38.56 C    47.3    10.7    29.2    60.4    20.4    31.9   0.032   0.072 -99.000 -99.000 -99.000    24.3    22.3 -9999.0 -9999.0 -9999.0
04130 20210703  2.623 -113.43   48.74    29.4     7.0    18.2    18.8     0.0    41.45 C    52.5     5.9    25.7    75.9    14.2    47.4   0.027   0.068 -99.000 -99.000 -99.000    23.7    22.0 -9999.0 -9999.0 -9999.0
04130 20210704  2.623 -113.43   48.74    26.9     7.3    17.1    18.1     0.0    40.49 C    49.6     6.0    26.0    81.0    17.3    57.1   0.023   0.067 -99.000 -99.000 -99.000    23.7    22.0 -9999.0 -9999.0 -9999.0
04130 20210705  2.623 -113.43   48.74    24.2    12.3    18.2    18.0     0.0    38.57 C    53.1    11.9    27.1    83.7    40.7    62.0   0.021   0.066 -99.000 -99.000 -99.000    24.7    22.8 -9999.0 -9999.0 -9999.0
04130 20210706  2.623 -113.43   48.74    27.5    12.5    20.0    19.6     0.0    39.84 C    49.1    10.5    27.2    87.7    20.7    54.9   0.019   0.064 -99.000 -99.000 -99.000    25.1    23.1 -9999.0 -9999.0 -9999.0
04130 20210707  2.623 -113.43   48.74    27.6     7.8    17.7    17.2     3.1    27.70 C    46.4     7.5    21.8    88.0    23.3    60.5   0.016   0.062 -99.000 -99.000 -99.000    22.0    21.3 -9999.0 -9999.0 -9999.0
04130 20210708  2.623 -113.43   48.74    21.5     9.5    15.5    15.7     6.6    27.59 C    34.2     8.6    18.3    88.5    37.5    65.0   0.062   0.090 -99.000 -99.000 -99.000    19.1    19.2 -9999.0 -9999.0 -9999.0
04130 20210709  2.623 -113.43   48.74    25.9     7.0    16.5    16.1     0.0    31.15 C    47.6     6.7    19.7    87.7    19.8    59.9   0.072   0.091 -99.000 -99.000 -99.000    19.2    18.9 -9999.0 -9999.0 -9999.0
04130 20210710  2.623 -113.43   48.74    28.1     5.5    16.8    18.2     0.0    40.16 C    45.6     5.1    22.4    84.6    14.3    44.7   0.066   0.087 -99.000 -99.000 -99.000    20.4    19.7 -9999.0 -9999.0 -9999.0
04130 20210711  2.623 -113.43   48.74    23.5     6.9    15.2    15.8     0.0    35.87 C    47.1     5.3    21.3    82.0    41.7    58.6   0.058   0.080 -99.000 -99.000 -99.000    20.5    19.9 -9999.0 -9999.0 -9999.0
04130 20210712  2.623 -113.43   48.74    27.8     5.5    16.7    17.7     0.0    39.90 C    51.2     4.7    24.1    86.4    20.2    50.8   0.050   0.075 -99.000 -99.000 -99.000    21.4    20.4 -9999.0 -9999.0 -9999.0
04130 20210713  2.623 -113.43   48.74    24.5     9.7    17.1    17.0     0.0    32.18 C    46.7     8.2    22.5    77.4    29.7    55.1   0.042   0.070 -99.000 -99.000 -99.000    21.4    20.5 -9999.0 -9999.0 -9999.0
04130 20210714  2.623 -113.43   48.74    28.8     6.4    17.6    19.0     0.0    38.12 C    48.7     6.0    24.5    80.6    16.5    46.3   0.036   0.067 -99.000 -99.000 -99.000    22.3    21.0 -9999.0 -9999.0 -9999.0
04130 20210715  2.623 -113.43   48.74    29.4     8.3    18.9    20.2     0.0    39.20 C    49.0     6.7    25.5    75.1    12.8    39.2   0.029   0.065 -99.000 -99.000 -99.000    23.1    21.7 -9999.0 -9999.0 -9999.0
04130 20210716  2.623 -113.43   48.74    27.8     9.4    18.6    18.9     0.0    36.41 C    51.6     7.3    24.2    65.3    13.9    40.5   0.023   0.062 -99.000 -99.000 -99.000    23.1    21.9 -9999.0 -9999.0 -9999.0
04130 20210717  2.623 -113.43   48.74    28.2     8.6    18.4    19.0     0.0    37.84 C    49.2     6.7    24.5    70.0    18.9    39.6   0.019   0.061 -99.000 -99.000 -99.000    23.0    21.7 -9999.0 -9999.0 -9999.0
04130 20210718  2.623 -113.43   48.74    29.5     7.5    18.5    17.8     0.0    32.56 C    47.2     6.4    23.6    87.2    18.7    60.5   0.017   0.060 -99.000 -99.000 -99.000    22.7    21.6 -9999.0 -9999.0 -9999.0
04130 20210719  2.623 -113.43   48.74    23.4     6.9    15.1    15.0     0.0    22.79 C    40.5     6.1    19.1    92.2    53.3    76.4   0.014   0.057 -99.000 -99.000 -99.000    20.7    20.2 -9999.0 -9999.0 -9999.0
04130 20210720  2.623 -113.43   48.74    27.4    11.0    19.2    19.8     0.0    22.98 C    44.6    10.3    21.4    85.3    25.9    52.2   0.014   0.057 -99.000 -99.000 -99.000    20.7    20.0 -9999.0 -9999.0 -9999.0
04130 20210721  2.623 -113.43   48.74    27.2    12.7    19.9    21.3     0.0    32.42 C    45.6    11.2    25.2    75.7    23.8    41.2   0.015   0.057 -99.000 -99.000 -99.000    22.3    20.8 -9999.0 -9999.0 -9999.0
04130 20210722  2.623 -113.43   48.74    23.5    16.9    20.2    20.0     0.0    40.50 C    43.5    13.5    24.2    36.2    14.0    20.5   0.014   0.056 -99.000 -99.000 -99.000    22.7    21.3 -9999.0 -9999.0 -9999.0
04130 20210723  2.623 -113.43   48.74    24.1    10.9    17.5    19.0     0.0    34.61 C    41.4     6.7    22.2    43.6    15.6    23.5   0.013   0.055 -99.000 -99.000 -99.000    21.7    20.7 -9999.0 -9999.0 -9999.0
04130 20210724  2.623 -113.43   48.74    26.7     6.0    16.3    18.3     0.0    37.49 C    45.5     4.1    22.9    66.1    14.9    34.8   0.012   0.054 -99.000 -99.000 -99.000    22.4    21.1 -9999.0 -9999.0 -9999.0
04130 20210725  2.623 -113.43   48.74    28.6     5.8    17.2    18.5     0.0    37.46 C    48.2     4.3    23.7    72.5    16.0    39.8   0.012   0.053 -99.000 -99.000 -99.000    23.0    21.5 -9999.0 -9999.0 -9999.0
04130 20210726  2.623 -113.43   48.74    30.2     7.9    19.0    19.0     0.0    35.17 C    52.5     6.3    24.5    78.8    10.6    41.6   0.011   0.053 -99.000 -99.000 -99.000    23.4    22.0 -9999.0 -9999.0 -9999.0
04130 20210727  2.623 -113.43   48.74    29.9     8.0    18.9    20.6     0.0    32.15 C    51.1     6.3    24.6    63.6    12.4    33.5   0.010   0.051 -99.000 -99.000 -99.000    23.2    21.8 -9999.0 -9999.0 -9999.0
04130 20210728  2.623 -113.43   48.74    28.1    14.9    21.5    21.2     0.6    30.70 C    48.3    12.7    25.5    82.3    25.6    47.7   0.009   0.051 -99.000 -99.000 -99.000    24.1    22.5 -9999.0 -9999.0 -9999.0
04130 20210729  2.623 -113.43   48.74    30.3    12.0    21.2    21.1     0.0    30.18 C    48.7    11.1    25.3    74.1    18.0    46.4   0.010   0.050 -99.000 -99.000 -99.000    23.7    22.3 -9999.0 -9999.0 -9999.0
04130 20210730  2.623 -113.43   48.74    30.4     9.2    19.8    20.7     0.0    32.46 C    55.2     8.6    26.1    82.6    22.8    49.9   0.010   0.050 -99.000 -99.000 -99.000    24.1    22.6 -9999.0 -9999.0 -9999.0
04130 20210731  2.623 -113.43   48.74    30.3    10.5    20.4    21.4     0.0    33.96 C    50.7     9.6    26.7    78.3    21.9    45.3   0.010   0.049 -99.000 -99.000 -99.000    24.6    23.0 -9999.0 -9999.0 -9999.0
04130 20210801  2.623 -113.43   48.74    32.3    13.3    22.8    23.8     0.0    30.78 C    50.3    11.1    27.5    66.8    17.6    39.3   0.010   0.048 -99.000 -99.000 -99.000    24.8    23.2 -9999.0 -9999.0 -9999.0
04130 20210802  2.623 -113.43   48.74    24.1    19.6    21.8    21.9     0.0    25.28 C    46.3    17.9    24.9    67.0    45.9    54.1   0.010   0.047 -99.000 -99.000 -99.000    24.3    23.1 -9999.0 -9999.0 -9999.0
04130 20210803  2.623 -113.43   48.74    27.7    12.0    19.9    21.8     0.0    34.03 C    45.2    10.4    25.8    78.6    21.5    46.1   0.010   0.047 -99.000 -99.000 -99.000    24.7    23.2 -9999.0 -9999.0 -9999.0
04130 20210804  2.623 -113.43   48.74    29.0     8.7    18.9    18.5     0.5    29.90 C    51.2     7.1    23.4    83.1    25.6    52.4   0.010   0.046 -99.000 -99.000 -99.000    23.4    22.4 -9999.0 -9999.0 -9999.0
04130 20210805  2.623 -113.43   48.74    28.7     7.4    18.0    19.6     0.0    31.05 C    48.4     6.4    23.4    83.5    17.8    46.8   0.010   0.045 -99.000 -99.000 -99.000    22.8    22.0 -9999.0 -9999.0 -9999.0
04130 20210806  2.623 -113.43   48.74    24.8    18.2    21.5    21.6     0.0    28.63 C    38.6    14.0    24.2    45.8    28.4    37.0   0.010   0.045 -99.000 -99.000 -99.000    23.1    22.0 -9999.0 -9999.0 -9999.0
04130 20210807  2.623 -113.43   48.74    21.7    16.9    19.3    19.3     0.0    18.98 C    34.5    15.7    20.6    65.8    38.2    46.0   0.009   0.044 -99.000 -99.000 -99.000    21.5    21.1 -9999.0 -9999.0 -9999.0
04130 20210808  2.623 -113.43   48.74    20.5     7.2    13.8    11.8    33.8    17.25 C    29.5     9.5    14.2    91.1    42.9    78.3   0.154   0.133 -99.000 -99.000 -99.000    17.7    18.3 -9999.0 -9999.0 -9999.0
04130 20210809  2.623 -113.43   48.74    17.3     7.3    12.3    13.0     0.4    33.53 C    27.2     8.2    15.6    89.7    44.1    61.1   0.204   0.198 -99.000 -99.000 -99.000    16.8    17.0 -9999.0 -9999.0 -9999.0
04130 20210810  2.623 -113.43   48.74    22.3    15.7    19.0    18.5     0.0    30.66 C    33.0    13.3    19.5    52.2    35.9    44.5   0.185   0.186 -99.000 -99.000 -99.000    17.1    17.1 -9999.0 -9999.0 -9999.0
04130 20210811  2.623 -113.43   48.74    28.0    10.8    19.4    20.5     0.0    34.29 C    40.2     9.1    22.4    72.5    29.8    45.9   0.169   0.176 -99.000 -99.000 -99.000    18.8    18.4 -9999.0 -9999.0 -9999.0
04130 20210812  2.623 -113.43   48.74    24.6     6.7    15.7    15.5     0.0    34.44 C    42.1     6.7    20.0    83.0    30.0    57.2   0.154   0.165 -99.000 -99.000 -99.000    18.9    18.7 -9999.0 -9999.0 -9999.0
04130 20210813  2.623 -113.43   48.74    28.5     5.5    17.0    17.1     0.0    34.95 C    41.6     5.7    20.5    86.0    20.3    53.9   0.141   0.156 -99.000 -99.000 -99.000    19.1    18.8 -9999.0 -9999.0 -9999.0
04130 20210814  2.623 -113.43   48.74    28.2     7.6    17.9    20.7     0.0    32.07 C    40.2     6.7    21.8    80.7    20.6    41.6   0.129   0.147 -99.000 -99.000 -99.000    19.2    18.9 -9999.0 -9999.0 -9999.0
04130 20210815  2.623 -113.43   48.74    28.9    17.2    23.1    25.0     0.0    30.48 C    41.3    12.3    24.7    48.5    11.8    23.1   0.118   0.139 -99.000 -99.000 -99.000    19.9    19.5 -9999.0 -9999.0 -9999.0
04130 20210816  2.623 -113.43   48.74    26.3    14.7    20.5    22.3     0.0    28.13 C    41.5    11.8    22.6    54.7    19.9    28.7   0.108   0.131 -99.000 -99.000 -99.000    19.7    19.4 -9999.0 -9999.0 -9999.0
04130 20210817  2.623 -113.43   48.74    15.4     6.0    10.7     8.1    16.8    10.50 C    14.0     8.1     9.8    90.0    53.3    83.8   0.147   0.145 -99.000 -99.000 -99.000    15.4    16.4 -9999.0 -9999.0 -9999.0
04130 20210818  2.623 -113.43   48.74    12.0     5.7     8.8     8.5     0.3    18.38 C    24.3     6.0    11.5    90.4    58.9    77.2   0.209   0.208 -99.000 -99.000 -99.000    14.3    14.6 -9999.0 -9999.0 -9999.0
04130 20210819  2.623 -113.43   48.74    17.4     7.6    12.5    12.3     2.1    25.35 C    32.1     6.0    14.9    90.5    52.0    67.8   0.201   0.201 -99.000 -99.000 -99.000    15.0    15.0 -9999.0 -9999.0 -9999.0
04130 20210820  2.623 -113.43   48.74    14.7     8.7    11.7    11.0     2.2    21.33 C    31.0     9.0    14.3    90.6    57.8    79.4   0.210   0.212 -99.000 -99.000 -99.000    15.6    15.5 -9999.0 -9999.0 -9999.0
04130 20210821  2.623 -113.43   48.74    10.9     5.8     8.4     9.5     3.0    13.40 C    15.8     6.2    11.2    91.0    70.3    82.0   0.211   0.215 -99.000 -99.000 -99.000    14.2    14.6 -9999.0 -9999.0 -9999.0
04130 20210822  2.623 -113.43   48.74    16.9     5.0    11.0    13.2     0.9    24.49 C    26.7     4.9    13.7    91.4    39.5    58.2   0.212   0.218 -99.000 -99.000 -99.000    14.1    14.2 -9999.0 -9999.0 -9999.0
04130 20210823  2.623 -113.43   48.74    15.6     5.6    10.6    12.1     1.2    30.60 C    30.1     3.5    13.1    79.8    32.0    46.8   0.203   0.208 -99.000 -99.000 -99.000    14.0    14.2 -9999.0 -9999.0 -9999.0
04130 20210824  2.623 -113.43   48.74    15.6     0.0     7.8     8.5     0.0    31.93 C    34.9     0.4    12.9    91.9    40.8    64.2   0.196   0.202 -99.000 -99.000 -99.000    13.9    13.9 -9999.0 -9999.0 -9999.0
04130 20210825  2.623 -113.43   48.74    20.7    -0.1    10.3    10.9     0.0    32.77 C    36.5     0.5    14.2    88.3    32.5    61.5   0.187   0.194 -99.000 -99.000 -99.000    14.3    14.3 -9999.0 -9999.0 -9999.0
04130 20210826  2.623 -113.43   48.74    19.8     3.6    11.7    12.5     0.0    24.59 C    33.4     3.4    13.7    83.9    25.2    51.4   0.176   0.185 -99.000 -99.000 -99.000    13.9    14.0 -9999.0 -9999.0 -9999.0
04130 20210827  2.623 -113.43   48.74    15.9     8.7    12.3    12.7     0.7    27.56 C    29.7     6.9    14.8    79.2    37.7    58.4   0.170   0.179 -99.000 -99.000 -99.000    14.7    14.5 -9999.0 -9999.0 -9999.0
04130 20210828  2.623 -113.43   48.74    17.4     3.5    10.5    12.1     0.0    33.16 C    29.6     3.2    14.7    89.5    39.3    59.8   0.162   0.173 -99.000 -99.000 -99.000    14.6    14.6 -9999.0 -9999.0 -9999.0
04130 20210829  2.623 -113.43   48.74    21.8     4.4    13.1    14.7     0.0    33.07 C    34.2     2.9    16.4    81.0    23.4    47.0   0.150   0.165 -99.000 -99.000 -99.000    15.0    14.9 -9999.0 -9999.0 -9999.0
04130 20210830  2.623 -113.43   48.74    24.0     1.8    12.9    13.1     0.0    32.30 C    38.4     1.0    15.7    85.5    17.9    53.7   0.137   0.157 -99.000 -99.000 -99.000    15.0    14.9 -9999.0 -9999.0 -9999.0
04130 20210831  2.623 -113.43   48.74    17.9     4.2    11.1    12.4     0.0    32.92 C    30.9     2.1    14.0    74.1    18.9    39.9   0.126   0.148 -99.000 -99.000 -99.000    14.2    14.5 -9999.0 -9999.0 -9999.0
04130 20210901  2.623 -113.43   48.74    14.8     2.7     8.7     9.6     0.0    31.13 C    28.3     0.7    11.3    77.3    35.9    50.5   0.116   0.141 -99.000 -99.000 -99.000    13.3    13.7 -9999.0 -9999.0 -9999.0
04130 20210902  2.623 -113.43   48.74    17.5    -1.2     8.1     8.3     0.0    27.62 C    37.5    -1.8    11.6    87.3    34.5    62.4   0.109   0.135 -99.000 -99.000 -99.000    13.1    13.3 -9999.0 -9999.0 -9999.0
04130 20210903  2.623 -113.43   48.74    18.7    -0.6     9.1     9.8     0.0    32.25 C    34.4    -1.1    12.6    87.1    26.8    56.4   0.103   0.129 -99.000 -99.000 -99.000    13.5    13.5 -9999.0 -9999.0 -9999.0
04130 20210904  2.623 -113.43   48.74    20.7     1.3    11.0    13.9     0.0    30.98 C    34.0    -0.2    15.8    80.3    22.2    43.4   0.096   0.124 -99.000 -99.000 -99.000    14.0    13.8 -9999.0 -9999.0 -9999.0
04130 20210905  2.623 -113.43   48.74    24.9    16.9    20.9    20.1     0.0    27.18 C    36.4    12.1    20.6    38.6    22.6    28.1   0.090   0.118 -99.000 -99.000 -99.000    15.7    15.2 -9999.0 -9999.0 -9999.0
04130 20210906  2.623 -113.43   48.74    21.9    17.2    19.5    19.1     0.0    28.12 C    36.2    12.6    20.0    44.3    21.2    33.0   0.083   0.112 -99.000 -99.000 -99.000    16.5    16.0 -9999.0 -9999.0 -9999.0
04130 20210907  2.623 -113.43   48.74    24.8     6.8    15.8    17.4     0.0    30.70 C    39.2     3.7    18.8    66.3    21.5    35.3   0.076   0.105 -99.000 -99.000 -99.000    16.3    16.0 -9999.0 -9999.0 -9999.0
04130 20210908  2.623 -113.43   48.74    27.8     2.7    15.2    15.9     0.0    26.46 C    39.8     1.2    16.9    81.6    14.0    45.3   0.070   0.100 -99.000 -99.000 -99.000    15.6    15.5 -9999.0 -9999.0 -9999.0
04130 20210909  2.623 -113.43   48.74    24.9    11.5    18.2    19.5     0.0    29.74 C    40.1     9.3    20.4    63.3    17.8    34.3   0.064   0.095 -99.000 -99.000 -99.000    16.8    16.4 -9999.0 -9999.0 -9999.0
04130 20210910  2.623 -113.43   48.74    20.8     9.8    15.3    13.7     5.8    16.82 C    25.6     8.9    14.9    88.7    32.8    61.6   0.059   0.091 -99.000 -99.000 -99.000    15.5    15.6 -9999.0 -9999.0 -9999.0
04130 20210911  2.623 -113.43   48.74    15.2    10.0    12.6    12.1     4.2    18.98 C    24.0     9.4    13.0    91.6    57.6    75.1   0.147   0.092 -99.000 -99.000 -99.000    14.4    14.6 -9999.0 -9999.0 -9999.0
04130 20210912  2.623 -113.43   48.74    17.6    10.3    14.0    13.6     0.2    22.75 C    28.7     8.3    13.9    78.9    39.9    55.4   0.142   0.101 -99.000 -99.000 -99.000    13.7    13.8 -9999.0 -9999.0 -9999.0
04130 20210913  2.623 -113.43   48.74    17.1     6.2    11.7    12.6     0.2    24.94 C    27.7     4.0    13.5    88.8    36.0    57.5   0.131   0.105 -99.000 -99.000 -99.000    13.8    13.9 -9999.0 -9999.0 -9999.0
04130 20210914  2.623 -113.43   48.74    17.0     6.8    11.9    13.7     0.0    29.37 C    27.5     2.3    14.3    71.3    33.8    45.6   0.119   0.104 -99.000 -99.000 -99.000    13.1    13.3 -9999.0 -9999.0 -9999.0
04130 20210915  2.623 -113.43   48.74    17.0     5.0    11.0    13.3     1.3    25.13 C    28.8     2.4    13.8    80.2    33.2    48.3   0.107   0.102 -99.000 -99.000 -99.000    13.2    13.4 -9999.0 -9999.0 -9999.0
04130 20210916  2.623 -113.43   48.74    11.9    -1.6     5.2     6.2     0.0    29.67 C    23.5    -2.2     7.7    85.1    23.1    49.1   0.101   0.099 -99.000 -99.000 -99.000    11.0    11.7 -9999.0 -9999.0 -9999.0
04130 20210917  2.623 -113.43   48.74    17.3     0.3     8.8    12.1     0.0    27.01 C    28.1    -3.3    12.4    56.2    12.2    26.4   0.093   0.096 -99.000 -99.000 -99.000    10.8    11.1 -9999.0 -9999.0 -9999.0
04130 20210918  2.623 -113.43   48.74    19.0     6.1    12.5    13.4     9.2    17.25 C    24.2     5.3    11.8    86.8    18.1    47.0   0.104   0.094 -99.000 -99.000 -99.000    11.5    11.8 -9999.0 -9999.0 -9999.0
04130 20210919  2.623 -113.43   48.74    11.4     5.7     8.6     7.8     0.0    19.78 C    20.6     4.2     8.3    80.7    45.7    64.4   0.172   0.112 -99.000 -99.000 -99.000    10.3    10.7 -9999.0 -9999.0 -9999.0
04130 20210920  2.623 -113.43   48.74    11.3     5.4     8.4     8.2     0.0    28.52 C    21.1     3.7     9.5    73.0    46.6    57.9   0.157   0.120 -99.000 -99.000 -99.000    10.0    10.4 -9999.0 -9999.0 -9999.0
04130 20210921  2.623 -113.43   48.74    15.6     8.0    11.8    11.9     0.0    28.54 C    23.4     5.6    12.3    59.2    29.1    45.1   0.143   0.119 -99.000 -99.000 -99.000    10.3    10.5 -9999.0 -9999.0 -9999.0
04130 20210922  2.623 -113.43   48.74    19.6    13.6    16.6    16.4     0.0    25.91 C    31.3    10.2    15.9    44.5    25.3    31.9   0.130   0.116 -99.000 -99.000 -99.000    11.7    11.6 -9999.0 -9999.0 -9999.0
04130 20210923  2.623 -113.43   48.74    16.7     4.2    10.5    12.5     0.0    25.65 C    27.8     1.5    12.8    77.4    35.1    48.5   0.116   0.111 -99.000 -99.000 -99.000    11.8    11.9 -9999.0 -9999.0 -9999.0
04130 20210924  2.623 -113.43   48.74    18.6     1.5    10.0    12.6     0.0    26.93 C    29.4    -0.2    12.8    88.0    36.1    53.0   0.105   0.106 -99.000 -99.000 -99.000    11.2    11.4 -9999.0 -9999.0 -9999.0
04130 20210925  2.623 -113.43   48.74    21.2    16.4    18.8    18.5     0.0    19.61 C    30.2     8.2    16.8    38.8    26.9    33.1   0.096   0.102 -99.000 -99.000 -99.000    12.6    12.4 -9999.0 -9999.0 -9999.0
04130 20210926  2.623 -113.43   48.74    21.2    13.2    17.2    18.5     0.0    25.00 C    30.6     8.5    17.6    42.8    20.3    28.1   0.086   0.098 -99.000 -99.000 -99.000    13.1    12.9 -9999.0 -9999.0 -9999.0
04130 20210927  2.623 -113.43   48.74    18.3     5.5    11.9    14.9     0.0    22.11 C    26.9     3.3    14.2    72.6    21.4    42.5   0.077   0.094 -99.000 -99.000 -99.000    12.7    12.8 -9999.0 -9999.0 -9999.0
04130 20210928  2.623 -113.43   48.74    14.9     5.6    10.3     9.0     0.0    16.32 C    22.2     3.8     9.0    68.3    47.1    56.8   0.070   0.090 -99.000 -99.000 -99.000    10.9    11.4 -9999.0 -9999.0 -9999.0
04130 20210929  2.623 -113.43   48.74    10.1     5.7     7.9     7.9     0.0    24.88 C    20.8     3.7     8.9    69.8    38.3    50.6   0.065   0.088 -99.000 -99.000 -99.000     9.9    10.5 -9999.0 -9999.0 -9999.0
04130 20210930  2.623 -113.43   48.74    16.7     7.9    12.3    12.8     0.0    26.37 C    29.3     5.4    13.4    50.9    33.1    39.8   0.061   0.086 -99.000 -99.000 -99.000    10.9    10.9 -9999.0 -9999.0 -9999.0
04130 20211001  2.623 -113.43   48.74    15.5    -1.4     7.0    10.0     0.0    19.72 C    26.0    -3.4     9.7    74.1    24.4    45.5   0.057   0.083 -99.000 -99.000 -99.000    10.8    11.1 -9999.0 -9999.0 -9999.0
04130 20211002  2.623 -113.43   48.74    15.2    -1.9     6.6    11.1     0.0    20.52 C    25.1    -4.5    10.5    78.0    21.1    36.4   0.054   0.081 -99.000 -99.000 -99.000     9.7    10.0 -9999.0 -9999.0 -9999.0
04130 20211003  2.623 -113.43   48.74    18.1     8.7    13.4    14.5     0.0    22.38 C    29.7     3.9    13.7    35.9    20.5    24.6   0.051   0.080 -99.000 -99.000 -99.000    11.2    11.1 -9999.0 -9999.0 -9999.0
04130 20211004  2.623 -113.43   48.74    23.1     4.2    13.7    14.4     0.0    26.32 C    33.4     0.2    13.9    68.2    15.9    33.0   0.048   0.077 -99.000 -99.000 -99.000    11.4    11.3 -9999.0 -9999.0 -9999.0
04130 20211005  2.623 -113.43   48.74    22.3     5.1    13.7    13.2     0.0    23.44 C    32.8     1.7    12.7    56.1    15.4    34.8   0.045   0.075 -99.000 -99.000 -99.000    11.5    11.6 -9999.0 -9999.0 -9999.0
04130 20211006  2.623 -113.43   48.74    15.0     4.0     9.5     9.7     0.0    18.24 C    24.6    -3.3     8.6    56.7    29.6    41.5   0.042   0.073 -99.000 -99.000 -99.000    10.0    10.6 -9999.0 -9999.0 -9999.0
04130 20211007  2.623 -113.43   48.74    10.8    -6.0     2.4     3.3     0.0    22.94 C    23.0    -9.0     3.3    68.6    19.1    43.8   0.039   0.070 -99.000 -99.000 -99.000     7.6     8.8 -9999.0 -9999.0 -9999.0
04130 20211008  2.623 -113.43   48.74    13.1    -5.7     3.7     5.2     0.0    18.87 C    23.1    -8.9     4.9    67.5    29.1    44.9   0.038   0.069 -99.000 -99.000 -99.000     7.3     8.1 -9999.0 -9999.0 -9999.0
04130 20211009  2.623 -113.43   48.74    10.3     0.0     5.1     7.6     0.0    22.72 C    19.8    -3.6     7.4    62.1    30.2    40.8   0.037   0.069 -99.000 -99.000 -99.000     8.0     8.5 -9999.0 -9999.0 -9999.0
04130 20211010  2.623 -113.43   48.74     9.4    -3.3     3.0     4.7     1.9    13.58 C    14.8    -5.8     4.0    84.2    45.8    60.4   0.036   0.068 -99.000 -99.000 -99.000     7.6     8.3 -9999.0 -9999.0 -9999.0
04130 20211011  2.623 -113.43   48.74     2.7    -8.5    -2.9    -3.1     0.9    14.80 C    15.4   -10.1    -2.7    86.3    45.3    75.2   0.034   0.066 -99.000 -99.000 -99.000     4.4     5.9 -9999.0 -9999.0 -9999.0
04130 20211012  2.623 -113.43   48.74     5.9   -12.2    -3.1    -2.6     0.0    22.13 C    15.3   -13.2    -2.4    83.6    23.1    54.1   0.035   0.065 -99.000 -99.000 -99.000     3.1     4.7 -9999.0 -9999.0 -9999.0
04130 20211013  2.623 -113.43   48.74     2.6     0.4     1.5     1.5     0.0    16.54 C     8.7    -3.7     1.3    68.0    33.9    48.4   0.035   0.065 -99.000 -99.000 -99.000     3.3     4.4 -9999.0 -9999.0 -9999.0
04130 20211014  2.623 -113.43   48.74     4.1     0.5     2.3     2.2     0.0    22.15 C    15.1    -1.9     3.0    68.9    40.0    54.7   0.034   0.066 -99.000 -99.000 -99.000     4.2     5.0 -9999.0 -9999.0 -9999.0
04130 20211015  2.623 -113.43   48.74     7.4     2.7     5.0     5.2     0.0    15.51 C    12.5     0.6     4.6    68.1    52.6    59.9   0.035   0.066 -99.000 -99.000 -99.000     4.9     5.4 -9999.0 -9999.0 -9999.0
04130 20211016  2.623 -113.43   48.74    14.8     7.3    11.1    11.8     0.0    21.66 C    23.2     4.6    10.7    53.2    20.3    33.5   0.037   0.067 -99.000 -99.000 -99.000     6.9     6.8 -9999.0 -9999.0 -9999.0
04130 20211017  2.623 -113.43   48.74    19.0     1.5    10.2    11.3     0.0    22.50 C    28.5    -3.4     8.9    54.7    16.4    31.3   0.036   0.066 -99.000 -99.000 -99.000     7.2     7.4 -9999.0 -9999.0 -9999.0
04130 20211018  2.623 -113.43   48.74     7.3    -1.5     2.9     3.7     0.0    18.76 C    18.6    -4.8     5.0    82.0    52.7    63.3   0.035   0.065 -99.000 -99.000 -99.000     6.0     6.6 -9999.0 -9999.0 -9999.0
04130 20211019  2.623 -113.43   48.74    12.0    -2.1     4.9     4.5     0.0    21.16 C    23.3    -5.8     5.3    84.1    40.2    65.4   0.034   0.065 -99.000 -99.000 -99.000     6.3     6.8 -9999.0 -9999.0 -9999.0
04130 20211020  2.623 -113.43   48.74    14.3    -5.0     4.6     4.7     0.3    15.64 C    21.2    -7.5     3.9    85.9    32.5    61.4   0.033   0.064 -99.000 -99.000 -99.000     5.4     6.0 -9999.0 -9999.0 -9999.0
04130 20211021  2.623 -113.43   48.74    11.6     0.8     6.2     7.2     0.0    21.21 C    18.9    -2.2     6.4    71.8    36.4    49.6   0.033   0.064 -99.000 -99.000 -99.000     6.1     6.5 -9999.0 -9999.0 -9999.0
04130 20211022  2.623 -113.43   48.74    17.5     0.2     8.9     9.1     0.5    14.02 C    21.4    -2.7     7.9    83.1    33.4    60.4   0.033   0.064 -99.000 -99.000 -99.000     6.8     6.8 -9999.0 -9999.0 -9999.0
04130 20211023  2.623 -113.43   48.74     8.1     4.1     6.1     5.3     2.2    15.00 C    10.0     0.5     4.4    80.9    48.1    63.6   0.034   0.064 -99.000 -99.000 -99.000     6.5     7.0 -9999.0 -9999.0 -9999.0
04130 20211024  2.623 -113.43   48.74    10.1    -1.2     4.5     6.4     0.0    16.91 C    14.9    -4.7     5.2    81.2    34.4    54.8   0.035   0.064 -99.000 -99.000 -99.000     5.3     5.9 -9999.0 -9999.0 -9999.0
04130 20211025  2.623 -113.43   48.74    10.0     3.9     6.9     6.6     0.0    13.85 C    10.3     1.2     5.0    75.2    41.0    56.2   0.036   0.063 -99.000 -99.000 -99.000     5.8     6.3 -9999.0 -9999.0 -9999.0
04130 20211026  2.623 -113.43   48.74     6.4     3.8     5.1     4.9     0.8    14.29 C    10.5     1.4     3.6    70.4    48.6    57.7   0.035   0.064 -99.000 -99.000 -99.000     4.6     5.4 -9999.0 -9999.0 -9999.0
04130 20211027  2.623 -113.43   48.74     6.3     1.8     4.1     3.9     4.7    17.22 C     9.2     1.4     3.4    86.1    40.8    61.4   0.083   0.064 -99.000 -99.000 -99.000     4.4     5.1 -9999.0 -9999.0 -9999.0
04130 20211028  2.623 -113.43   48.74     9.7     3.8     6.7     6.4    14.9    11.37 C    11.5     1.5     5.2    82.1    48.5    64.1   0.131   0.069 -99.000 -99.000 -99.000     4.8     5.1 -9999.0 -9999.0 -9999.0
04130 20211029  2.623 -113.43   48.74     9.5    -1.7     3.9     2.2    54.7     8.06 C     7.9    -2.9     1.7    92.4    78.1    87.5   0.250   0.251 -99.000 -99.000 -99.000     5.0     5.5 -9999.0 -9999.0 -9999.0
04130 20211030  2.623 -113.43   48.74    -1.4   -12.2    -6.8    -4.0     7.6    13.96 C    -0.9   -22.2    -6.6    90.6    75.8    82.9   0.238   0.258 -99.000 -99.000 -99.000     3.8     4.4 -9999.0 -9999.0 -9999.0
04130 20211031  2.623 -113.43   48.74    -1.3   -13.6    -7.4    -8.6     0.0    17.82 C    -4.4   -23.1   -13.5    88.6    54.6    77.2   0.233   0.251 -99.000 -99.000 -99.000     3.6     4.0 -9999.0 -9999.0 -9999.0
04130 20211101  2.623 -113.43   48.74     2.2   -15.3    -6.6    -7.2     0.0    18.08 C    -2.1   -22.3   -11.7    91.9    50.5    81.0   0.230   0.247 -99.000 -99.000 -99.000     3.3     3.8 -9999.0 -9999.0 -9999.0
04130 20211102  2.623 -113.43   48.74     5.9    -8.1    -1.1     2.0     0.0    17.13 C     1.0   -12.8    -2.8    90.7    49.4    67.8   0.238   0.256 -99.000 -99.000 -99.000     3.0     3.5 -9999.0 -9999.0 -9999.0
04130 20211103  2.623 -113.43   48.74    10.9     5.2     8.1     8.6     0.0    15.66 C    12.8     0.8     5.9    65.1    49.0    57.4   0.247   0.269 -99.000 -99.000 -99.000     3.9     4.0 -9999.0 -9999.0 -9999.0
04130 20211104  2.623 -113.43   48.74    14.1     5.3     9.7     9.9     0.4    15.05 C    15.9     1.1     7.1    78.2    38.2    52.6   0.230   0.247 -99.000 -99.000 -99.000     5.1     5.1 -9999.0 -9999.0 -9999.0
04130 20211105  2.623 -113.43   48.74     7.9     3.1     5.5     5.4     2.0    17.86 C    10.4     1.4     4.2    78.1    39.6    58.0   0.228   0.244 -99.000 -99.000 -99.000     4.5     4.8 -9999.0 -9999.0 -9999.0
04130 20211106  2.623 -113.43   48.74     4.7    -0.9     1.9     2.3     3.6    16.13 C     8.6    -2.5     1.4    90.1    38.0    64.2   0.224   0.238 -99.000 -99.000 -99.000     3.4     3.9 -9999.0 -9999.0 -9999.0
04130 20211107  2.623 -113.43   48.74     0.7    -2.1    -0.7    -0.7     4.8    12.37 C    -1.0    -6.2    -3.4    88.0    52.9    65.9   0.223   0.236 -99.000 -99.000 -99.000     3.1     3.5 -9999.0 -9999.0 -9999.0
04130 20211108  2.623 -113.43   48.74     2.9    -6.8    -2.0    -0.5     1.4    17.73 C    -1.4   -13.8    -4.9    80.4    40.8    59.6   0.222   0.235 -99.000 -99.000 -99.000     2.7     3.2 -9999.0 -9999.0 -9999.0
04130 20211109  2.623 -113.43   48.74     6.0    -6.4    -0.2     1.2     0.2    11.03 C     1.5   -13.8    -3.4    72.0    20.2    53.5   0.226   0.239 -99.000 -99.000 -99.000     2.3     2.8 -9999.0 -9999.0 -9999.0
04130 20211110  2.623 -113.43   48.74     1.2    -1.7    -0.3    -0.5     1.6    12.87 C    -1.4    -7.3    -4.0    86.0    38.1    58.7   0.227   0.242 -99.000 -99.000 -99.000     1.8     2.3 -9999.0 -9999.0 -9999.0
04130 20211111  2.623 -113.43   48.74     2.4    -1.8     0.3     0.3     0.0    12.77 C    -0.6    -8.1    -3.8    60.7    38.8    49.8   0.223   0.236 -99.000 -99.000 -99.000     1.6     2.0 -9999.0 -9999.0 -9999.0
04130 20211112  2.623 -113.43   48.74    10.3    -0.1     5.1     6.9     5.3    10.10 C    10.5    -2.7     4.1    82.3    49.4    66.1   0.234   0.250 -99.000 -99.000 -99.000     2.8     2.8 -9999.0 -9999.0 -9999.0
04130 20211113  2.623 -113.43   48.74     6.9     0.5     3.7     2.9     4.9    10.84 C     4.0    -0.9     1.2    85.4    39.5    57.0   0.243   0.263 -99.000 -99.000 -99.000     2.7     3.1 -9999.0 -9999.0 -9999.0
04130 20211114  2.623 -113.43   48.74    10.6     0.5     5.5     7.4     9.3    10.44 C     8.7    -0.1     5.1    87.9    60.5    70.8   0.240   0.259 -99.000 -99.000 -99.000     3.8     3.6 -9999.0 -9999.0 -9999.0
04130 20211115  2.623 -113.43   48.74    11.5     2.9     7.2     8.7    14.9    10.37 C    10.3     0.0     5.8    83.4    28.0    51.0   0.250   0.271 -99.000 -99.000 -99.000     4.5     4.5 -9999.0 -9999.0 -9999.0
04130 20211116  2.623 -113.43   48.74     2.9    -9.3    -3.2    -2.5     0.0    13.33 C     0.0   -10.9    -4.0    83.6    31.0    50.2   0.239   0.258 -99.000 -99.000 -99.000     2.2     2.9 -9999.0 -9999.0 -9999.0
04130 20211117  2.623 -113.43   48.74    -0.5   -10.5    -5.5    -3.9     0.0    15.32 C    -0.8   -11.5    -5.4    84.4    25.8    48.6   0.228   0.233 -99.000 -99.000 -99.000     0.6     1.4 -9999.0 -9999.0 -9999.0
04130 20211118  2.623 -113.43   48.74     3.5    -0.7     1.4     1.4     0.0    14.08 C     4.7    -3.2    -0.4    64.5     8.3    35.6   0.226   0.224 -99.000 -99.000 -99.000     0.3     0.9 -9999.0 -9999.0 -9999.0
04130 20211119  2.623 -113.43   48.74     4.4     0.1     2.2     2.2     0.0    11.37 C     4.7    -2.6     0.1    75.0    54.3    63.0   0.229   0.228 -99.000 -99.000 -99.000     0.3     0.9 -9999.0 -9999.0 -9999.0
04130 20211120  2.623 -113.43   48.74     0.8    -1.7    -0.4    -0.5     0.0    12.17 C    -0.7    -3.1    -2.0    77.0    55.4    63.3 -99.000   0.224 -99.000 -99.000 -99.000     0.2     0.8 -9999.0 -9999.0 -9999.0
04130 20211121  2.623 -113.43   48.74     6.8    -0.6     3.1     2.0     0.0    14.09 C     4.1    -2.4     0.6    65.4    17.9    46.7 -99.000   0.261 -99.000 -99.000 -99.000     0.2     0.7 -9999.0 -9999.0 -9999.0
04130 20211122  2.623 -113.43   48.74     8.4     4.6     6.5     6.6     0.0    15.20 C     9.0     0.3     3.6    34.2    15.7    23.8   0.225   0.260 -99.000 -99.000 -99.000     0.4     0.8 -9999.0 -9999.0 -9999.0
04130 20211123  2.623 -113.43   48.74     5.1    -5.5    -0.2     0.0     3.6    10.02 C     5.0   -10.2    -1.4    88.1    28.4    68.5   0.223   0.227 -99.000 -99.000 -99.000     0.5     0.9 -9999.0 -9999.0 -9999.0
04130 20211124  2.623 -113.43   48.74     0.6    -9.3    -4.3    -3.0     1.7    13.84 C    -2.5   -18.9    -6.2    86.9    46.5    67.0   0.222   0.225 -99.000 -99.000 -99.000     0.5     0.9 -9999.0 -9999.0 -9999.0
04130 20211125  2.623 -113.43   48.74     5.2    -0.9     2.2     2.2     0.0    13.25 C     3.2    -3.4     0.0    69.9    35.4    56.7   0.227   0.225 -99.000 -99.000 -99.000     0.5     0.9 -9999.0 -9999.0 -9999.0
04130 20211126  2.623 -113.43   48.74     4.6     0.8     2.7     3.0     2.3    10.56 C     3.3    -0.2     1.0    85.4    45.4    66.0   0.225   0.232 -99.000 -99.000 -99.000     1.1     1.3 -9999.0 -9999.0 -9999.0
04130 20211127  2.623 -113.43   48.74     7.3     3.4     5.4     4.8     0.3    13.02 C     6.5     0.3     2.6    69.6    43.1    54.0   0.220   0.231 -99.000 -99.000 -99.000     1.4     1.5 -9999.0 -9999.0 -9999.0
04130 20211128  2.623 -113.43   48.74    11.1     4.7     7.9     8.5     5.2    10.36 C    10.0     3.1     5.8    91.3    42.0    61.2   0.223   0.233 -99.000 -99.000 -99.000     3.1     2.8 -9999.0 -9999.0 -9999.0
04130 20211129  2.623 -113.43   48.74     6.6     3.7     5.1     5.1     4.2    10.16 C     5.5     0.4     2.8    90.5    50.6    69.6   0.237   0.255 -99.000 -99.000 -99.000     2.9     3.0 -9999.0 -9999.0 -9999.0
04130 20211130  2.623 -113.43   48.74     6.8     3.5     5.2     5.2     0.9    10.23 C     5.1     1.9     3.1    81.0    51.3    65.9   0.231   0.248 -99.000 -99.000 -99.000     2.7     2.7 -9999.0 -9999.0 -9999.0
04130 20211201  2.623 -113.43   48.74    10.9     6.6     8.7     9.1    24.6     9.03 C     8.1     4.6     6.3    88.0    40.7    67.1   0.255   0.273 -99.000 -99.000 -99.000     4.3     4.0 -9999.0 -9999.0 -9999.0
04130 20211202  2.623 -113.43   48.74    10.4    -1.8     4.3     5.4     6.5     9.85 C     6.8    -3.4     2.7    89.1    33.9    56.5   0.247   0.266 -99.000 -99.000 -99.000     3.6     3.8 -9999.0 -9999.0 -9999.0
04130 20211203  2.623 -113.43   48.74     3.2    -6.8    -1.8    -2.2     0.0    11.49 C     1.4    -5.1    -2.2    90.7    35.7    62.5   0.234   0.248 -99.000 -99.000 -99.000     1.3     2.0 -9999.0 -9999.0 -9999.0
04130 20211204  2.623 -113.43   48.74    -0.3    -3.9    -2.1    -2.7     6.8     6.73 C    -1.6    -9.8    -3.6    90.8    65.4    83.1   0.229   0.241 -99.000 -99.000 -99.000     0.9     1.4 -9999.0 -9999.0 -9999.0
04130 20211205  2.623 -113.43   48.74    -2.9   -18.8   -10.9   -11.3     0.0    10.64 C    -6.0   -27.8   -16.0    85.4    56.2    71.2   0.228   0.239 -99.000 -99.000 -99.000     1.2     1.5 -9999.0 -9999.0 -9999.0
04130 20211206  2.623 -113.43   48.74    -4.4   -11.1    -7.8    -6.6     0.0    10.00 C    -5.2   -16.9    -9.7    80.5    38.3    56.4   0.226   0.235 -99.000 -99.000 -99.000     1.0     1.4 -9999.0 -9999.0 -9999.0
04130 20211207  2.623 -113.43   48.74     3.9    -6.1    -1.1    -0.4     0.0    12.00 C    -0.3   -11.1    -3.6    71.0    44.9    59.4   0.222   0.230 -99.000 -99.000 -99.000     0.6     1.0 -9999.0 -9999.0 -9999.0
04130 20211208  2.623 -113.43   48.74     4.7    -4.3     0.2     1.0     5.0    10.10 C     0.7    -9.7    -1.8    89.5    52.1    68.1   0.232   0.241 -99.000 -99.000 -99.000     0.8     1.1 -9999.0 -9999.0 -9999.0
04130 20211209  2.623 -113.43   48.74    -3.8    -6.9    -5.3    -4.7     0.0     9.92 C    -6.1   -13.7    -8.4    73.1    42.9    56.0   0.230   0.241 -99.000 -99.000 -99.000     0.7     1.0 -9999.0 -9999.0 -9999.0
04130 20211210  2.623 -113.43   48.74    -3.2    -6.9    -5.0    -4.9     0.3    11.02 C    -4.5   -13.7    -8.1    76.0    48.3    59.0 -99.000   0.232 -99.000 -99.000 -99.000     0.4     0.7 -9999.0 -9999.0 -9999.0
04130 20211211  2.623 -113.43   48.74     1.5    -3.7    -1.1    -1.2     9.3     9.53 C    -1.2    -4.8    -2.7    96.6    53.1    79.5 -99.000   0.254 -99.000 -99.000 -99.000     0.2     0.5 -9999.0 -9999.0 -9999.0
04130 20211212  2.623 -113.43   48.74     1.2    -7.0    -2.9    -1.8     7.8    10.14 C    -1.3   -16.5    -4.3    94.8    63.5    82.3 -99.000   0.265 -99.000 -99.000 -99.000     0.2     0.5 -9999.0 -9999.0 -9999.0
04130 20211213  2.623 -113.43   48.74     1.0    -8.8    -3.9    -3.6     0.0    10.70 C    -2.5   -15.7    -8.1    90.3    59.5    76.9 -99.000   0.243 -99.000 -99.000 -99.000     0.3     0.6 -9999.0 -9999.0 -9999.0
04130 20211214  2.623 -113.43   48.74    -0.3   -15.4    -7.9   -10.1     0.0    11.20 C    -3.5   -17.6   -11.2    88.1    71.4    81.7 -99.000   0.228 -99.000 -99.000 -99.000     0.4     0.7 -9999.0 -9999.0 -9999.0
04130 20211215  2.623 -113.43   48.74    -4.8   -19.5   -12.2    -9.5     0.0    12.25 C    -8.4   -26.2   -14.5    95.6    53.6    67.3   0.234   0.227 -99.000 -99.000 -99.000     0.5     0.7 -9999.0 -9999.0 -9999.0
04130 20211216  2.623 -113.43   48.74    -3.4   -19.6   -11.5    -8.6     0.2     8.74 C    -4.8   -19.5   -10.6    75.3    50.1    60.7   0.234   0.224 -99.000 -99.000 -99.000     0.4     0.6 -9999.0 -9999.0 -9999.0
04130 20211217  2.623 -113.43   48.74    -6.5   -27.0   -16.7   -15.0     0.0    11.55 C   -10.1   -30.9   -18.2    73.9    30.4    61.1 -99.000   0.235 -99.000 -99.000 -99.000     0.2     0.5 -9999.0 -9999.0 -9999.0
04130 20211218  2.623 -113.43   48.74     1.1    -6.6    -2.8    -2.1     6.3     9.77 C    -0.2   -11.2    -4.3    93.5    25.3    61.2 -99.000 -99.000 -99.000 -99.000 -99.000     0.0     0.4 -9999.0 -9999.0 -9999.0
04130 20211219  2.623 -113.43   48.74     0.8   -17.1    -8.2   -10.8     9.4     8.91 C    -0.3   -27.8   -12.3    95.8    79.0    84.7 -99.000 -99.000 -99.000 -99.000 -99.000     0.0     0.3 -9999.0 -9999.0 -9999.0
04130 20211220  2.623 -113.43   48.74    -1.7   -20.8   -11.3   -10.4     0.0     9.68 C    -4.5   -28.9   -15.0    92.6    57.9    79.8 -99.000 -99.000 -99.000 -99.000 -99.000     0.0     0.3 -9999.0 -9999.0 -9999.0
04130 20211221  2.623 -113.43   48.74     1.8    -5.3    -1.8    -1.1     0.2    12.95 C    -0.8    -9.5    -4.7    71.9    27.0    50.0 -99.000 -99.000 -99.000 -99.000 -99.000     0.0     0.3 -9999.0 -9999.0 -9999.0
04130 20211222  2.623 -113.43   48.74     1.3    -1.1     0.1     0.2     1.0    10.49 C    -0.7    -3.6    -1.5    89.4    61.2    77.8 -99.000 -99.000 -99.000 -99.000 -99.000     0.0     0.2 -9999.0 -9999.0 -9999.0
04130 20211223  2.623 -113.43   48.74     1.6   -14.5    -6.4    -3.1     5.8     8.89 C    -0.7   -14.4    -4.3    91.4    62.2    79.0 -99.000 -99.000 -99.000 -99.000 -99.000     0.0     0.2 -9999.0 -9999.0 -9999.0
04130 20211224  2.623 -113.43   48.74   -14.5   -21.8   -18.1   -17.9     6.6     8.62 C   -14.4   -21.7   -17.8    81.6    74.8    78.1 -99.000 -99.000 -99.000 -99.000 -99.000     0.0     0.2 -9999.0 -9999.0 -9999.0
04130 20211225  2.623 -113.43   48.74   -21.8   -25.1   -23.4   -23.6     4.4     7.18 C   -21.7   -27.3   -23.6    75.5    72.9    73.9 -99.000 -99.000 -99.000 -99.000 -99.000     0.0     0.2 -9999.0 -9999.0 -9999.0
04130 20211226  2.623 -113.43   48.74   -24.9   -29.8   -27.4   -27.9     0.0     7.19 C   -24.1   -38.5   -28.3    73.4    69.9    71.4 -99.000 -99.000 -99.000 -99.000 -99.000     0.0     0.2 -9999.0 -9999.0 -9999.0
04130 20211227  2.623 -113.43   48.74   -11.1   -32.4   -21.8   -20.9     0.5     6.63 C   -14.2   -39.7   -24.2    93.2    69.4    76.1 -99.000 -99.000 -99.000 -99.000 -99.000     0.0     0.2 -9999.0 -9999.0 -9999.0
04130 20211228  2.623 -113.43   48.74   -12.0   -23.4   -17.7   -14.6     0.0     7.40 C   -13.1   -27.6   -16.2    80.3    71.1    75.3 -99.000 -99.000 -99.000 -99.000 -99.000    -0.1     0.2 -9999.0 -9999.0 -9999.0
04130 20211229  2.623 -113.43   48.74   -12.6   -34.0   -23.3   -21.5     0.0    11.38 C   -13.4   -38.4   -24.9    80.0    61.0    68.7 -99.000 -99.000 -99.000 -99.000 -99.000    -0.1     0.2 -9999.0 -9999.0 -9999.0
04130 20211230  2.623 -113.43   48.74   -11.6   -20.6   -16.1   -15.1     0.3     9.48 C   -12.1   -19.5   -14.8    76.0    53.9    67.6 -99.000 -99.000 -99.000 -99.000 -99.000    -0.2     0.1 -9999.0 -9999.0 -9999.0
04130 20211231  2.623 -113.43   48.74   -16.6   -30.3   -23.4   -23.7     0.5     9.54 C   -17.1   -33.5   -24.9    76.8    49.7    68.3 -99.000 -99.000 -99.000 -99.000 -99.000    -0.6    -0.1 -9999.0 -9999.0 -9999.0
