04222 20210101  2.622 -122.61   40.65     9.2     4.8     7.0     7.0     1.8     5.85 C    13.9     2.5     6.6    94.4    49.2    68.2   0.202 -99.000 -99.000 -99.000 -99.000 -9999.0 -9999.0 -9999.0 -9999.0 -9999.0
04222 20210102  2.622 -122.61   40.65     7.9     5.1     6.5     6.5     0.0     1.51 C    10.8     5.9     7.4    94.6    84.0    90.8   0.206   0.251   0.250 -99.000 -99.000     8.1     8.7     9.4 -9999.0    10.3
04222 20210103  2.622 -122.61   40.65     8.7     6.7     7.7     7.5     1.1     0.99 C    10.1     7.2     8.2    95.7    86.6    92.7   0.207   0.255   0.250 -99.000 -99.000     8.7     9.1     9.8 -9999.0    10.4
04222 20210104  2.622 -122.61   40.65    12.2     3.6     7.9     8.4    37.6     3.25 C    13.7     2.2     7.4    93.1    55.4    76.1 -99.000 -99.000 -99.000 -99.000 -99.000 -9999.0 -9999.0 -9999.0 -9999.0 -9999.0
04222 20210105  2.622 -122.61   40.65    12.2     1.2     6.7     6.2     0.0     7.91 C    15.8     0.5     6.1    90.9    42.7    70.1 -99.000 -99.000   0.239 -99.000 -99.000     7.8     8.5     9.6 -9999.0 -9999.0
04222 20210106  2.622 -122.61   40.65     6.3     2.8     4.5     4.3     3.8     1.17 C     8.0     2.4     4.4    95.0    66.3    84.9   0.274   0.290   0.243 -99.000 -99.000 -9999.0 -9999.0 -9999.0 -9999.0 -9999.0
04222 20210107  2.622 -122.61   40.65    10.0     2.4     6.2     5.9     1.5     5.45 C    12.3     0.6     5.2    93.7    50.2    71.4   0.267 -99.000   0.239 -99.000 -99.000     6.6 -9999.0     9.0 -9999.0 -9999.0
04222 20210108  2.622 -122.61   40.65    12.5     2.9     7.7     6.4     6.4     8.77 C    16.0     1.9     7.4    95.0    36.0    78.6 -99.000 -99.000 -99.000 -99.000 -99.000 -9999.0 -9999.0 -9999.0 -9999.0 -9999.0
04222 20210109  2.622 -122.61   40.65    14.6     3.0     8.8     7.7     0.0     8.56 C    15.7     0.6     5.9    78.8    26.3    52.0 -99.000 -99.000 -99.000 -99.000 -99.000 -9999.0 -9999.0 -9999.0 -9999.0 -9999.0
04222 20210110  2.622 -122.61   40.65    10.4     2.3     6.3     6.4     0.2     5.04 C    15.9     1.9     6.9    90.8    53.4    75.0   0.251   0.276   0.234 -99.000 -99.000 -9999.0 -9999.0 -9999.0 -9999.0 -9999.0
04222 20210111  2.622 -122.61   40.65    13.1     5.0     9.0     8.4     0.0     8.06 C    17.8     2.8     7.9    84.5    49.4    68.3 -99.000 -99.000 -99.000 -99.000 -99.000 -9999.0 -9999.0 -9999.0 -9999.0 -9999.0
04222 20210112  2.622 -122.61   40.65     9.9     5.9     7.9     7.2     6.8     0.56 C     8.9     6.6     7.6    95.2    79.4    90.7   0.274   0.289   0.234 -99.000 -99.000     8.5     9.2     9.9 -9999.0    10.0
04222 20210113  2.622 -122.61   40.65    11.6     8.1     9.9    10.0     5.2     2.50 C    13.9     7.3     9.9    95.5    72.1    88.8   0.297   0.308   0.264 -99.000 -99.000     9.6 -9999.0 -9999.0 -9999.0 -9999.0
04222 20210114  2.622 -122.61   40.65    20.2     8.3    14.3    13.7     0.0     9.52 C    20.0     5.1    10.1    85.4    28.4    51.5 -99.000 -99.000 -99.000 -99.000 -99.000 -9999.0 -9999.0 -9999.0 -9999.0 -9999.0
04222 20210115  2.622 -122.61   40.65    16.6     8.8    12.7    12.7     0.0     4.38 C    15.8     5.6     9.3    70.1    37.8    53.7 -99.000 -99.000 -99.000 -99.000 -99.000 -9999.0 -9999.0 -9999.0 -9999.0 -9999.0
04222 20210116  2.622 -122.61   40.65    21.5    11.0    16.3    15.2     0.0     8.83 C    21.3     6.2    10.9    60.7    25.3    42.7 -99.000 -99.000 -99.000 -99.000 -99.000 -9999.0 -9999.0 -9999.0 -9999.0 -9999.0
04222 20210117  2.622 -122.61   40.65    23.6    13.2    18.4    17.0     0.0     9.90 C    22.7     6.9    12.1    50.8     9.7    33.9 -99.000 -99.000 -99.000 -99.000 -99.000 -9999.0 -9999.0 -9999.0 -9999.0 -9999.0
04222 20210118  2.622 -122.61   40.65    19.6     4.6    12.1    12.0     0.0    10.29 C    21.1     2.1     8.5    51.3     6.8    26.2 -99.000 -99.000 -99.000 -99.000 -99.000 -9999.0 -9999.0 -9999.0 -9999.0 -9999.0
04222 20210119  2.622 -122.61   40.65    15.7     4.2    10.0    10.6     0.0    10.47 C    18.3     0.6     6.6    43.2     9.7    21.3 -99.000 -99.000 -99.000 -99.000 -99.000 -9999.0 -9999.0 -9999.0 -9999.0 -9999.0
04222 20210120  2.622 -122.61   40.65    17.0     1.3     9.2     7.6     0.0    10.48 C    20.8    -1.0     6.4    56.4    14.3    40.5 -99.000   0.240   0.210 -99.000 -99.000     9.1     9.7    10.7 -9999.0    11.1
04222 20210121  2.622 -122.61   40.65    12.0     2.6     7.3     7.2     0.0     5.60 C    15.2     1.8     6.6    73.7    33.9    51.1   0.213   0.236   0.206 -99.000 -99.000     8.5     9.5    10.4 -9999.0    10.8
04222 20210122  2.622 -122.61   40.65    10.2     2.6     6.4     6.4     0.0     6.22 C    19.2     2.1     7.4    82.7    46.8    65.9   0.211   0.234   0.202 -99.000 -99.000     8.8     9.7    10.4 -9999.0    10.7
04222 20210123  2.622 -122.61   40.65    14.5     0.5     7.5     6.6     0.0    10.54 C    19.2     0.7     6.3    90.2    30.6    59.0 -99.000 -99.000 -99.000 -99.000 -99.000 -9999.0 -9999.0 -9999.0 -9999.0 -9999.0
04222 20210124  2.622 -122.61   40.65     6.2     2.6     4.4     4.3     1.6     2.85 C     9.9     0.1     4.2    91.9    45.8    63.1   0.205   0.227   0.197 -99.000 -99.000     6.9     8.0     9.8 -9999.0    10.4
04222 20210125  2.622 -122.61   40.65     9.6     2.3     5.9     4.9     0.0    10.91 C    16.3    -1.2     4.6    54.5    31.1    44.9   0.207   0.229   0.195 -99.000 -99.000     6.6     7.8     9.3 -9999.0    10.2
04222 20210126  2.622 -122.61   40.65     2.7    -1.8     0.4     0.5     7.1     2.56 C     5.5    -2.1     0.2    95.4    53.0    75.3   0.204   0.225   0.194 -99.000 -99.000     4.4     5.9     8.6 -9999.0     9.9
04222 20210127  2.622 -122.61   40.65     5.4     0.0     2.7     2.7    29.5     1.77 C     0.4    -0.2     0.1    95.3    74.9    90.1 -99.000 -99.000 -99.000 -99.000 -99.000 -9999.0 -9999.0 -9999.0 -9999.0 -9999.0
04222 20210128  2.622 -122.61   40.65     4.8     1.2     3.0     2.8    12.4     4.42 C     1.5    -0.1     0.4    95.7    89.3    93.7 -99.000 -99.000 -99.000 -99.000 -99.000 -9999.0 -9999.0 -9999.0 -9999.0 -9999.0
04222 20210129  2.622 -122.61   40.65     6.9     0.7     3.8     3.5     1.2     7.04 C    12.6    -1.0     4.7    95.6    62.8    85.4 -99.000 -99.000 -99.000 -99.000 -99.000 -9999.0 -9999.0 -9999.0 -9999.0 -9999.0
04222 20210130  2.622 -122.61   40.65     8.7     2.6     5.6     5.6     1.4     6.24 C    15.3     3.7     6.9    95.1    63.0    81.2   0.287   0.296   0.255 -99.000 -99.000     6.2     6.6     7.0 -9999.0     7.7
04222 20210131  2.622 -122.61   40.65     9.2     4.4     6.8     6.8    12.0     3.16 C    10.9     5.3     7.1    91.8    66.4    81.9 -99.000 -99.000 -99.000 -99.000 -99.000 -9999.0 -9999.0 -9999.0 -9999.0 -9999.0
04222 20210201  2.622 -122.61   40.65    10.8     3.8     7.3     7.5    12.6     5.32 C    15.5     3.7     7.8    93.2    64.4    84.3 -99.000 -99.000 -99.000 -99.000 -99.000 -9999.0 -9999.0 -9999.0 -9999.0 -9999.0
04222 20210202  2.622 -122.61   40.65    12.4     5.3     8.9     8.9     1.1    10.60 C    19.1     2.1     8.9    94.2    42.4    63.1 -99.000 -99.000 -99.000 -99.000 -99.000 -9999.0 -9999.0 -9999.0 -9999.0 -9999.0
04222 20210203  2.622 -122.61   40.65     9.5     1.6     5.6     4.8     1.2     7.31 C    17.6     1.1     6.1    89.5    53.0    73.0   0.267 -99.000   0.247 -99.000 -99.000     7.8     8.7     9.4 -9999.0 -9999.0
04222 20210204  2.622 -122.61   40.65    15.4     1.1     8.2     6.9     0.0    12.10 C    20.1    -0.9     6.5    73.4    21.0    50.1 -99.000 -99.000   0.238 -99.000 -99.000     8.0     8.3     9.0 -9999.0     9.1
04222 20210205  2.622 -122.61   40.65    19.4     5.3    12.3    12.1     0.0    12.66 C    21.8     2.4     9.0    64.4    18.5    42.1 -99.000   0.278   0.235 -99.000 -99.000     9.8     9.5     9.4 -9999.0     9.1
04222 20210206  2.622 -122.61   40.65    21.1     6.7    13.9    12.8     0.0    12.88 C    23.4     3.1     9.7    57.5    18.1    38.6   0.243   0.270   0.231 -99.000 -99.000    10.6    10.5    10.0 -9999.0     9.4
04222 20210207  2.622 -122.61   40.65    21.1     6.3    13.7    13.2     0.0    13.17 C    23.3     2.6     9.8    50.0     9.9    29.9 -99.000 -99.000   0.225 -99.000 -99.000    11.1 -9999.0 -9999.0 -9999.0 -9999.0
04222 20210208  2.622 -122.61   40.65    13.9     3.0     8.4     9.0     0.0     8.42 C    18.9     1.6     8.5    62.7    23.5    44.2 -99.000 -99.000 -99.000 -99.000 -99.000 -9999.0 -9999.0 -9999.0 -9999.0 -9999.0
04222 20210209  2.622 -122.61   40.65    14.8     4.1     9.4     9.4     0.0     9.25 C    21.4     2.9     9.7    74.4    34.0    56.3 -99.000 -99.000 -99.000 -99.000 -99.000 -9999.0 -9999.0 -9999.0 -9999.0 -9999.0
04222 20210210  2.622 -122.61   40.65    16.9     5.0    11.0    10.4     0.0    12.92 C    24.1     2.8    10.5    76.4    37.3    55.3 -99.000 -99.000   0.213 -99.000 -99.000    11.6 -9999.0    11.0 -9999.0    10.2
04222 20210211  2.622 -122.61   40.65     9.1     5.9     7.5     7.5    16.6     1.50 C    10.2     5.0     7.7    95.3    62.3    83.3   0.255   0.270   0.231 -99.000 -99.000     9.4    10.4    11.1 -9999.0    10.3
04222 20210212  2.622 -122.61   40.65    13.0     4.7     8.8     9.4     0.0     8.40 C    20.2     2.4     9.2    83.7    48.0    64.0 -99.000 -99.000 -99.000 -99.000 -99.000 -9999.0 -9999.0 -9999.0 -9999.0 -9999.0
04222 20210213  2.622 -122.61   40.65    13.0     6.6     9.8     9.1     8.3    13.28 C    20.5     3.9     9.5    92.2    38.5    59.4 -99.000 -99.000 -99.000 -99.000 -99.000 -9999.0 -9999.0 -9999.0 -9999.0 -9999.0
04222 20210214  2.622 -122.61   40.65     7.2     5.1     6.2     6.2     2.2     4.78 C    14.1     3.3     7.2    92.4    52.2    68.7   0.270   0.288   0.246 -99.000 -99.000     8.8     9.6    10.7 -9999.0    10.4
04222 20210215  2.622 -122.61   40.65    10.4     4.5     7.5     7.4     9.5     5.47 C    15.4     4.0     8.3    95.3    49.1    79.5 -99.000 -99.000 -99.000 -99.000 -99.000 -9999.0 -9999.0 -9999.0 -9999.0 -9999.0
04222 20210216  2.622 -122.61   40.65    14.5     3.0     8.7     8.9     0.0    13.79 C    23.6     1.5     9.1    75.2    31.6    50.0 -99.000 -99.000 -99.000 -99.000 -99.000 -9999.0 -9999.0 -9999.0 -9999.0 -9999.0
04222 20210217  2.622 -122.61   40.65    12.6     0.5     6.6     7.0     0.0    14.33 C    21.6    -0.2     8.7    77.9    25.4    50.9 -99.000 -99.000 -99.000 -99.000 -99.000    10.2    10.5    10.6 -9999.0    10.2
04222 20210218  2.622 -122.61   40.65     8.5     2.5     5.5     4.5    11.1     1.61 C     8.1     2.4     5.4    92.3    38.6    74.4   0.281   0.298   0.248 -99.000 -99.000     7.8     9.0    10.4 -9999.0    10.2
04222 20210219  2.622 -122.61   40.65     7.8     2.8     5.3     5.3     2.4     5.78 C    16.2     4.4     7.6    93.6    74.7    87.7   0.292   0.307   0.268 -99.000 -99.000     8.4 -9999.0 -9999.0 -9999.0 -9999.0
04222 20210220  2.622 -122.61   40.65    13.1     1.9     7.5     7.5     1.7    15.13 C    21.6     1.7     9.1    90.3    35.4    61.1 -99.000 -99.000   0.259 -99.000 -99.000 -9999.0 -9999.0 -9999.0 -9999.0 -9999.0
04222 20210221  2.622 -122.61   40.65    17.4     4.6    11.0     9.9     0.0    14.93 C    23.0     2.2     9.9    70.7    30.8    50.0   0.266   0.288   0.246 -99.000 -99.000    10.9    10.7    10.5 -9999.0     9.9
04222 20210222  2.622 -122.61   40.65    20.5     5.5    13.0    13.2     0.0    15.45 C    24.6     3.3    11.5    70.1    21.5    43.7 -99.000 -99.000 -99.000 -99.000 -99.000 -9999.0 -9999.0 -9999.0 -9999.0 -9999.0
04222 20210223  2.622 -122.61   40.65    20.3     7.3    13.8    13.3     0.0    16.07 C    26.0     4.6    11.9    62.4    10.8    34.2   0.238   0.269   0.232 -99.000 -99.000    13.3    12.8    11.9 -9999.0    10.5
04222 20210224  2.622 -122.61   40.65    14.5     2.5     8.5     8.0     0.0    16.31 C    24.2     0.5     9.1    55.4    17.4    35.2 -99.000 -99.000 -99.000 -99.000 -99.000 -9999.0 -9999.0 -9999.0 -9999.0 -9999.0
04222 20210225  2.622 -122.61   40.65    19.9     1.7    10.8    11.3     0.0    15.36 C    24.4     0.2     9.4    50.6    13.9    27.5 -99.000 -99.000   0.219 -99.000 -99.000 -9999.0 -9999.0 -9999.0 -9999.0 -9999.0
04222 20210226  2.622 -122.61   40.65    15.0     5.2    10.1     9.9     0.0    16.27 C    22.9     2.7     9.2    51.3    26.4    36.2 -99.000 -99.000 -99.000 -99.000 -99.000 -9999.0 -9999.0 -9999.0 -9999.0 -9999.0
04222 20210227  2.622 -122.61   40.65    15.8    -0.4     7.7     8.0     0.0    16.25 C    24.7    -0.8     9.1    71.2    13.9    39.7 -99.000 -99.000 -99.000 -99.000 -99.000 -9999.0 -9999.0 -9999.0 -9999.0 -9999.0
04222 20210228  2.622 -122.61   40.65    20.0     2.8    11.4    10.1     0.0    16.45 C    28.9     0.8    11.0    63.6    16.3    39.3 -99.000 -99.000   0.209 -99.000 -99.000 -9999.0 -9999.0    11.8 -9999.0 -9999.0
04222 20210301  2.622 -122.61   40.65    15.8     1.3     8.6     8.2     0.0    16.52 C    25.3     0.9    10.4    77.3    24.4    50.8 -99.000 -99.000 -99.000 -99.000 -99.000    12.1    12.4    12.1 -9999.0    10.9
04222 20210302  2.622 -122.61   40.65    19.4     3.8    11.6    10.6     0.0    16.72 C    30.3     1.8    11.5    61.7     8.1    35.5   0.188   0.224   0.202 -99.000 -99.000    13.0    13.0    12.3 -9999.0    11.0
04222 20210303  2.622 -122.61   40.65    20.8     5.4    13.1    12.5     0.0    16.61 C    31.7     2.8    12.4    53.7     7.9    25.0   0.183   0.221   0.200 -99.000 -99.000    13.6    13.5    12.6 -9999.0    11.1
04222 20210304  2.622 -122.61   40.65    13.7     1.6     7.6     8.7     0.0    16.25 C    26.3     1.9    11.1    77.5    32.7    53.8 -99.000 -99.000 -99.000 -99.000 -99.000 -9999.0 -9999.0 -9999.0 -9999.0 -9999.0
04222 20210305  2.622 -122.61   40.65    16.3     3.9    10.1    11.1     6.2    17.11 C    28.8     3.1    13.4    77.7    32.8    49.5 -99.000 -99.000 -99.000 -99.000 -99.000 -9999.0 -9999.0 -9999.0 -9999.0 -9999.0
04222 20210306  2.622 -122.61   40.65    11.5     4.9     8.2     8.0     1.9    15.91 C    26.1     3.7    11.6    79.5    47.7    60.2 -99.000 -99.000 -99.000 -99.000 -99.000 -9999.0 -9999.0 -9999.0 -9999.0 -9999.0
04222 20210307  2.622 -122.61   40.65    15.6     2.5     9.0     9.7     0.0    16.68 C    28.1     2.3    12.3    72.3    24.3    40.2 -99.000 -99.000 -99.000 -99.000 -99.000 -9999.0 -9999.0 -9999.0 -9999.0 -9999.0
04222 20210308  2.622 -122.61   40.65     8.5     3.6     6.1     6.5     0.8     6.38 C    15.5     4.3     8.5    90.2    48.8    70.4   0.194   0.221   0.192 -99.000 -99.000    11.2    12.6    13.0 -9999.0    11.7
04222 20210309  2.622 -122.61   40.65     5.7     1.2     3.4     4.0    27.6     4.15 C    11.2     3.0     6.2    93.5    81.4    87.6   0.248   0.269   0.232 -99.000 -99.000     8.7 -9999.0 -9999.0 -9999.0 -9999.0
04222 20210310  2.622 -122.61   40.65     7.2     1.0     4.1     3.6     3.9    10.03 C    17.8     3.5     7.9    95.3    63.5    86.4   0.301   0.313   0.274 -99.000 -99.000     8.8 -9999.0    10.7 -9999.0    11.0
04222 20210311  2.622 -122.61   40.65    15.0     1.2     8.1     7.9     0.0    17.42 C    25.2     1.6    10.3    91.0    24.4    56.0 -99.000 -99.000 -99.000 -99.000 -99.000    11.8    11.5    11.2 -9999.0    10.7
04222 20210312  2.622 -122.61   40.65    18.7     2.3    10.5    10.2     0.0    19.23 C    27.6     1.4    11.6    72.6    13.7    42.3   0.251   0.281   0.240 -99.000 -99.000    12.7    12.3    11.8 -9999.0    10.8
04222 20210313  2.622 -122.61   40.65    17.2     5.3    11.3    11.2     0.0    19.08 C    26.5     2.8    12.0    73.8    25.9    42.3   0.235 -99.000   0.233 -99.000 -99.000 -9999.0 -9999.0 -9999.0 -9999.0 -9999.0
04222 20210314  2.622 -122.61   40.65     6.4     3.5     4.9     4.8    16.9     3.15 C    10.2     4.1     6.4    90.9    64.9    80.5 -99.000 -99.000 -99.000 -99.000 -99.000 -9999.0 -9999.0 -9999.0 -9999.0 -9999.0
04222 20210315  2.622 -122.61   40.65    11.6     2.6     7.1     6.3     0.0    14.45 C    23.0     2.6     8.5    78.7    34.0    52.0   0.283   0.301   0.268 -99.000 -99.000 -9999.0 -9999.0 -9999.0 -9999.0 -9999.0
04222 20210316  2.622 -122.61   40.65    12.8     2.5     7.6     6.7     0.0    19.94 C    25.2     0.1     9.6    77.2    28.9    47.0 -99.000 -99.000 -99.000 -99.000 -99.000 -9999.0 -9999.0 -9999.0 -9999.0 -9999.0
04222 20210317  2.622 -122.61   40.65    12.7     3.1     7.9     7.6     0.0     8.48 C    21.6     3.5     9.4    79.7    46.2    64.2 -99.000 -99.000 -99.000 -99.000 -99.000 -9999.0 -9999.0 -9999.0 -9999.0 -9999.0
04222 20210318  2.622 -122.61   40.65     9.5     6.0     7.7     7.4    12.0     5.88 C    15.3     6.8     9.1    95.4    62.8    86.1   0.285   0.304   0.250 -99.000 -99.000 -9999.0 -9999.0 -9999.0 -9999.0 -9999.0
04222 20210319  2.622 -122.61   40.65    12.5     4.9     8.7     8.2     2.0    13.60 C    26.3     4.7    11.2    93.5    44.5    69.3 -99.000 -99.000 -99.000 -99.000 -99.000 -9999.0 -9999.0 -9999.0 -9999.0 -9999.0
04222 20210320  2.622 -122.61   40.65    15.0     4.7     9.9     8.9     0.0    21.18 C    29.0     2.3    11.7    60.9    29.3    47.5 -99.000 -99.000 -99.000 -99.000 -99.000 -9999.0 -9999.0 -9999.0 -9999.0 -9999.0
04222 20210321  2.622 -122.61   40.65    18.2     4.2    11.2    10.7     0.0    20.33 C    27.9     2.6    12.3    65.3    16.7    42.7 -99.000 -99.000 -99.000 -99.000 -99.000 -9999.0 -9999.0 -9999.0 -9999.0 -9999.0
04222 20210322  2.622 -122.61   40.65    16.8     7.9    12.3    11.2     0.0    17.60 C    28.4     5.1    12.3    50.7    28.1    40.8 -99.000 -99.000 -99.000 -99.000 -99.000 -9999.0 -9999.0 -9999.0 -9999.0 -9999.0
04222 20210323  2.622 -122.61   40.65    16.4     1.0     8.7     9.2     0.0    21.21 C    28.2     0.9    11.8    71.3    16.6    39.5 -99.000 -99.000 -99.000 -99.000 -99.000 -9999.0 -9999.0 -9999.0 -9999.0 -9999.0
04222 20210324  2.622 -122.61   40.65    20.2     3.3    11.8    11.3     0.0    17.07 C    27.7     2.3    12.0    59.3    19.7    39.7   0.209 -99.000 -99.000 -99.000 -99.000 -9999.0 -9999.0 -9999.0 -9999.0 -9999.0
04222 20210325  2.622 -122.61   40.65    16.6     6.7    11.7    11.4     0.0    20.01 C    30.6     4.2    13.0    56.1    18.6    37.2 -99.000 -99.000 -99.000 -99.000 -99.000 -9999.0 -9999.0 -9999.0 -9999.0 -9999.0
04222 20210326  2.622 -122.61   40.65    20.9     2.5    11.7    11.8     0.0    21.70 C    33.9     2.0    14.4    64.7    15.8    36.6 -99.000 -99.000 -99.000 -99.000 -99.000    15.1 -9999.0    13.9 -9999.0 -9999.0
04222 20210327  2.622 -122.61   40.65    24.0     7.6    15.8    15.5     0.0    21.71 C    36.1     4.9    17.2    64.5    17.5    36.3 -99.000 -99.000   0.204 -99.000 -99.000 -9999.0 -9999.0 -9999.0 -9999.0 -9999.0
04222 20210328  2.622 -122.61   40.65    21.5     6.1    13.8    14.8     0.0    21.32 C    35.4     5.5    17.7    75.0    19.1    43.3 -99.000 -99.000 -99.000 -99.000 -99.000 -9999.0 -9999.0 -9999.0 -9999.0 -9999.0
04222 20210329  2.622 -122.61   40.65    17.9     5.8    11.8    12.4     0.0    22.13 C    35.5     6.4    16.7    45.3    10.3    26.8 -99.000 -99.000 -99.000 -99.000 -99.000 -9999.0 -9999.0 -9999.0 -9999.0 -9999.0
04222 20210330  2.622 -122.61   40.65    21.1     2.6    11.9    12.3     0.0    22.21 C    38.6     2.7    16.7    54.8    11.3    28.4 -99.000 -99.000   0.194 -99.000 -99.000 -9999.0 -9999.0 -9999.0 -9999.0 -9999.0
04222 20210331  2.622 -122.61   40.65    23.8     5.7    14.8    14.7     0.0    22.44 C    40.1     4.6    18.6    51.7     9.1    29.1   0.157   0.195   0.191   0.130 -99.000    19.0    18.4    16.3    16.2    13.5
04222 20210401  2.622 -122.61   40.65    23.3     6.1    14.7    15.0     0.0    21.69 C    38.9     5.7    19.2    58.7    17.2    37.9 -99.000 -99.000   0.185 -99.000 -99.000    19.9    19.4    16.7 -9999.0    13.7
04222 20210402  2.622 -122.61   40.65    22.2     7.6    14.9    15.1     0.0    19.96 C    36.4     6.5    18.9    55.2    14.1    34.5 -99.000 -99.000 -99.000 -99.000 -99.000    19.3 -9999.0 -9999.0 -9999.0 -9999.0
04222 20210403  2.622 -122.61   40.65    21.1     5.2    13.1    13.8     0.0    16.58 C    36.0     5.4    17.3    66.4    20.1    42.3 -99.000 -99.000 -99.000 -99.000 -99.000 -9999.0 -9999.0 -9999.0 -9999.0 -9999.0
04222 20210404  2.622 -122.61   40.65    19.5     4.3    11.9    12.5     0.0    21.78 C    40.3     5.2    19.6    86.4    31.4    57.5 -99.000 -99.000 -99.000 -99.000 -99.000 -9999.0 -9999.0 -9999.0 -9999.0 -9999.0
04222 20210405  2.622 -122.61   40.65    19.3     9.2    14.3    13.8     0.0    21.35 C    41.0    10.0    20.2    78.0    38.3    59.2 -99.000 -99.000 -99.000 -99.000 -99.000 -9999.0 -9999.0 -9999.0 -9999.0 -9999.0
04222 20210406  2.622 -122.61   40.65    22.0     7.0    14.5    14.5     0.0    22.54 C    43.8     7.0    21.4    82.2    24.2    52.0 -99.000 -99.000 -99.000 -99.000 -99.000 -9999.0 -9999.0 -9999.0 -9999.0 -9999.0
04222 20210407  2.622 -122.61   40.65    20.2     7.4    13.8    14.3     0.0    23.09 C    43.3     8.1    21.2    82.9    20.6    49.5 -99.000 -99.000 -99.000 -99.000 -99.000 -9999.0 -9999.0 -9999.0 -9999.0 -9999.0
04222 20210408  2.622 -122.61   40.65    23.6     7.2    15.4    14.8     0.0    23.21 C    46.1     6.6    21.4    49.5    15.3    31.2 -99.000 -99.000 -99.000 -99.000 -99.000 -9999.0 -9999.0 -9999.0 -9999.0 -9999.0
04222 20210409  2.622 -122.61   40.65    21.6     9.6    15.6    16.0     0.0    23.39 C    45.4     8.5    22.5    53.9    19.3    35.8 -99.000 -99.000 -99.000 -99.000 -99.000 -9999.0 -9999.0 -9999.0 -9999.0 -9999.0
04222 20210410  2.622 -122.61   40.65    24.7     8.9    16.8    16.6     0.0    24.14 C    47.6     7.8    22.9    40.4    12.1    24.3 -99.000 -99.000 -99.000 -99.000 -99.000 -9999.0 -9999.0 -9999.0 -9999.0 -9999.0
04222 20210411  2.622 -122.61   40.65    26.0     9.9    17.9    16.9     0.0    24.25 C    49.5     8.4    24.0    48.1     8.2    28.2 -99.000 -99.000 -99.000 -99.000 -99.000    24.8    23.4    20.3 -9999.0 -9999.0
04222 20210412  2.622 -122.61   40.65    25.8     6.0    15.9    16.5     0.0    24.51 C    50.6     5.8    23.8    53.0     7.7    24.5 -99.000 -99.000 -99.000 -99.000 -99.000 -9999.0 -9999.0 -9999.0 -9999.0 -9999.0
04222 20210413  2.622 -122.61   40.65    22.1     7.4    14.8    16.1     0.0    22.43 C    49.1     7.8    23.0    49.8     8.1    20.6 -99.000 -99.000 -99.000 -99.000 -99.000 -9999.0 -9999.0 -9999.0 -9999.0 -9999.0
04222 20210414  2.622 -122.61   40.65    20.4     5.3    12.8    13.8     0.0    23.39 C    48.5     6.1    22.4    57.3    14.3    29.8 -99.000 -99.000   0.138 -99.000 -99.000 -9999.0 -9999.0 -9999.0 -9999.0 -9999.0
04222 20210415  2.622 -122.61   40.65    20.2     4.5    12.4    13.1     0.0    23.77 C    46.9     5.7    22.2    66.1    26.1    43.3 -99.000 -99.000 -99.000 -99.000 -99.000 -9999.0 -9999.0 -9999.0 -9999.0 -9999.0
04222 20210416  2.622 -122.61   40.65    25.7     9.6    17.7    17.1     0.0    24.47 C    52.0     9.2    25.3    54.6    14.9    33.0   0.095 -99.000 -99.000 -99.000 -99.000 -9999.0 -9999.0 -9999.0 -9999.0 -9999.0
04222 20210417  2.622 -122.61   40.65    26.7     8.8    17.8    17.5     0.0    25.29 C    52.9     7.9    25.6    48.9     8.0    25.5 -99.000 -99.000 -99.000 -99.000 -99.000    26.5 -9999.0    21.6 -9999.0 -9999.0
04222 20210418  2.622 -122.61   40.65    30.2    10.6    20.4    21.0     0.0    25.19 C    55.8     9.2    28.1    39.1     8.1    20.8 -99.000 -99.000 -99.000 -99.000 -99.000    28.5    26.3    22.1 -9999.0 -9999.0
04222 20210419  2.622 -122.61   40.65    29.2    13.5    21.3    22.0     0.0    24.82 C    57.5    12.5    29.2    40.2    10.5    20.8 -99.000 -99.000 -99.000 -99.000 -99.000 -9999.0 -9999.0 -9999.0 -9999.0 -9999.0
04222 20210420  2.622 -122.61   40.65    23.6    11.5    17.5    17.0     0.0    19.26 C    51.8    11.7    24.2    57.9    23.8    35.1 -99.000 -99.000 -99.000 -99.000 -99.000 -9999.0 -9999.0 -9999.0 -9999.0 -9999.0
04222 20210421  2.622 -122.61   40.65    25.7     7.5    16.6    17.3     0.0    25.59 C    53.7     7.8    25.8    64.6     8.2    30.0   0.088 -99.000   0.126 -99.000 -99.000 -9999.0 -9999.0 -9999.0 -9999.0 -9999.0
04222 20210422  2.622 -122.61   40.65    24.6     9.7    17.1    18.0     0.0    24.99 C    52.9     9.7    26.8    53.9    20.1    31.9 -99.000 -99.000 -99.000 -99.000 -99.000 -9999.0 -9999.0 -9999.0 -9999.0 -9999.0
04222 20210423  2.622 -122.61   40.65    21.9     7.6    14.7    15.8     0.0    21.99 C    49.9     8.3    24.7    69.2    28.8    44.7 -99.000 -99.000 -99.000 -99.000 -99.000 -9999.0 -9999.0 -9999.0 -9999.0 -9999.0
04222 20210424  2.622 -122.61   40.65    16.4    10.0    13.2    12.3     3.0    13.46 C    32.8    10.4    16.8    74.2    31.9    52.4 -99.000 -99.000 -99.000 -99.000 -99.000 -9999.0 -9999.0 -9999.0 -9999.0 -9999.0
04222 20210425  2.622 -122.61   40.65    10.8     3.8     7.3     7.7     9.6     7.77 C    27.8     5.5    11.6    89.5    41.4    73.6   0.126   0.112   0.120 -99.000 -99.000    16.5    19.4    20.6 -9999.0    18.9
04222 20210426  2.622 -122.61   40.65    15.7     2.9     9.3     9.3     0.0    25.33 C    40.0     3.5    17.0    86.4    36.0    58.5 -99.000 -99.000 -99.000 -99.000 -99.000 -9999.0 -9999.0 -9999.0 -9999.0 -9999.0
04222 20210427  2.622 -122.61   40.65    23.1     6.0    14.5    14.5     0.0    27.08 C    47.1     6.2    22.2    74.0    17.1    40.9 -99.000 -99.000   0.117 -99.000 -99.000 -9999.0 -9999.0    19.7 -9999.0 -9999.0
04222 20210428  2.622 -122.61   40.65    27.7     9.8    18.7    18.7     0.0    26.94 C    51.2     9.3    26.2    49.0    11.5    29.5 -99.000 -99.000   0.119 -99.000 -99.000    25.4 -9999.0 -9999.0 -9999.0 -9999.0
04222 20210429  2.622 -122.61   40.65    28.8    14.4    21.6    21.5     0.0    25.62 C    51.8    13.1    28.6    59.0    18.7    33.1   0.152 -99.000 -99.000 -99.000 -99.000 -9999.0 -9999.0 -9999.0 -9999.0 -9999.0
04222 20210430  2.622 -122.61   40.65    28.1    13.2    20.7    21.3     0.0    23.53 C    51.5    13.5    28.6    61.3    14.2    34.2 -99.000 -99.000 -99.000 -99.000 -99.000 -9999.0 -9999.0 -9999.0 -9999.0 -9999.0
04222 20210501  2.622 -122.61   40.65    27.0    15.4    21.2    20.7     0.0    26.79 C    55.2    15.1    29.6    46.2    20.0    33.4 -99.000 -99.000 -99.000 -99.000 -99.000 -9999.0 -9999.0 -9999.0 -9999.0 -9999.0
04222 20210502  2.622 -122.61   40.65    25.3    12.6    18.9    18.8     0.0    26.97 C    54.2    12.5    28.7    51.1    12.8    34.4 -99.000 -99.000 -99.000 -99.000 -99.000 -9999.0 -9999.0 -9999.0 -9999.0 -9999.0
04222 20210503  2.622 -122.61   40.65    28.3    10.5    19.4    20.2     0.0    26.91 C    55.8    11.3    29.7    56.9    13.8    30.9 -99.000 -99.000   0.124 -99.000 -99.000    30.1    29.1    24.7 -9999.0    20.0
04222 20210504  2.622 -122.61   40.65    29.3    15.2    22.3    21.5     0.0    27.01 C    58.0    14.6    31.4    48.5    15.1    32.2 -99.000 -99.000 -99.000 -99.000 -99.000 -9999.0 -9999.0 -9999.0 -9999.0 -9999.0
04222 20210505  2.622 -122.61   40.65    30.3    12.2    21.3    22.4     0.0    26.90 C    57.5    13.2    31.6    48.9    13.8    28.3 -99.000 -99.000 -99.000 -99.000 -99.000 -9999.0 -9999.0 -9999.0 -9999.0 -9999.0
04222 20210506  2.622 -122.61   40.65    27.0    12.0    19.5    19.7     0.0    23.56 C    56.8    13.5    29.4    66.5    14.3    37.5 -99.000 -99.000 -99.000 -99.000 -99.000 -9999.0 -9999.0 -9999.0 -9999.0 -9999.0
04222 20210507  2.622 -122.61   40.65    24.1    10.7    17.4    17.4     0.0    27.98 C    54.8    11.1    27.9    44.8     6.8    25.5 -99.000 -99.000 -99.000 -99.000 -99.000 -9999.0 -9999.0 -9999.0 -9999.0 -9999.0
04222 20210508  2.622 -122.61   40.65    26.8     7.5    17.2    18.4     0.0    27.24 C    55.1     9.3    28.9    53.0    13.7    25.9 -99.000 -99.000 -99.000 -99.000 -99.000 -9999.0 -9999.0 -9999.0 -9999.0 -9999.0
04222 20210509  2.622 -122.61   40.65    26.4    12.9    19.6    20.2     0.0    27.35 C    57.0    13.3    30.2    44.0    11.0    25.0 -99.000 -99.000 -99.000 -99.000 -99.000 -9999.0 -9999.0 -9999.0 -9999.0 -9999.0
04222 20210510  2.622 -122.61   40.65    27.6     9.2    18.4    19.4     0.0    28.07 C    58.9    10.9    30.5    59.0    12.7    29.1 -99.000 -99.000 -99.000 -99.000 -99.000 -9999.0 -9999.0 -9999.0 -9999.0 -9999.0
04222 20210511  2.622 -122.61   40.65    31.2    13.1    22.2    22.1     0.0    28.15 C    59.5    12.9    32.1    38.1     5.5    21.5 -99.000 -99.000 -99.000 -99.000 -99.000    32.1    30.5    26.6 -9999.0 -9999.0
04222 20210512  2.622 -122.61   40.65    31.1    13.8    22.4    22.9     0.0    27.51 C    59.2    14.2    32.9    44.5    12.3    27.2 -99.000 -99.000 -99.000 -99.000 -99.000 -9999.0 -9999.0 -9999.0 -9999.0 -9999.0
04222 20210513  2.622 -122.61   40.65    31.8    14.3    23.0    23.4     0.0    27.54 C    60.9    14.9    33.7    45.0    13.9    27.1 -99.000 -99.000 -99.000 -99.000 -99.000 -9999.0 -9999.0 -9999.0 -9999.0 -9999.0
04222 20210514  2.622 -122.61   40.65    30.6    15.1    22.9    23.1     0.3    22.94 C    62.3    15.9    31.7    50.5    16.4    29.9 -99.000 -99.000 -99.000 -99.000 -99.000 -9999.0 -9999.0 -9999.0 -9999.0 -9999.0
04222 20210515  2.622 -122.61   40.65    28.9    13.4    21.2    20.6     0.0    20.65 C    58.1    14.6    29.2    74.1    19.9    43.5 -99.000 -99.000 -99.000 -99.000 -99.000 -9999.0 -9999.0 -9999.0 -9999.0 -9999.0
04222 20210516  2.622 -122.61   40.65    30.6    13.1    21.8    22.3     0.0    27.93 C    60.5    13.5    33.0    62.2    16.8    39.7 -99.000 -99.000 -99.000 -99.000 -99.000 -9999.0 -9999.0 -9999.0 -9999.0 -9999.0
04222 20210517  2.622 -122.61   40.65    27.8    11.4    19.6    20.4     0.0    26.96 C    55.8    14.1    31.3    82.8    14.8    44.5 -99.000 -99.000 -99.000 -99.000 -99.000 -9999.0 -9999.0 -9999.0 -9999.0 -9999.0
04222 20210518  2.622 -122.61   40.65    27.5    14.6    21.1    20.5     0.0    28.59 C    59.0    14.6    31.8    34.9    10.9    22.6 -99.000 -99.000 -99.000 -99.000 -99.000 -9999.0 -9999.0 -9999.0 -9999.0 -9999.0
04222 20210519  2.622 -122.61   40.65    21.7     9.0    15.3    14.3     0.0    29.04 C    55.5    10.4    26.5    39.1     9.5    25.7 -99.000 -99.000 -99.000 -99.000 -99.000 -9999.0 -9999.0 -9999.0 -9999.0 -9999.0
04222 20210520  2.622 -122.61   40.65    17.2     7.2    12.2    12.3     0.0    26.53 C    52.4     7.7    24.0    47.3    12.6    29.3 -99.000 -99.000 -99.000 -99.000 -99.000 -9999.0 -9999.0 -9999.0 -9999.0 -9999.0
04222 20210521  2.622 -122.61   40.65    21.9     8.2    15.1    14.7     0.0    28.81 C    58.6     8.4    26.9    51.3    12.9    30.2 -99.000 -99.000 -99.000 -99.000 -99.000 -9999.0 -9999.0 -9999.0 -9999.0 -9999.0
04222 20210522  2.622 -122.61   40.65    22.8    10.6    16.7    17.3     0.0    18.61 C    52.8    11.4    26.2    41.6    21.4    31.3 -99.000 -99.000 -99.000 -99.000 -99.000 -9999.0 -9999.0 -9999.0 -9999.0 -9999.0
04222 20210523  2.622 -122.61   40.65    24.3    12.0    18.1    18.3     0.0    28.40 C    55.2    12.4    29.9    47.1    16.7    30.4 -99.000 -99.000 -99.000 -99.000 -99.000 -9999.0 -9999.0 -9999.0 -9999.0 -9999.0
04222 20210524  2.622 -122.61   40.65    28.4    11.4    19.9    19.6     0.0    24.12 C    58.9    11.6    29.4    47.4    17.2    32.0 -99.000 -99.000 -99.000 -99.000 -99.000 -9999.0 -9999.0 -9999.0 -9999.0 -9999.0
04222 20210525  2.622 -122.61   40.65    26.9    14.1    20.5    20.1     0.0    29.31 C    59.2    13.3    31.8    51.9    13.0    32.3 -99.000 -99.000 -99.000 -99.000 -99.000 -9999.0 -9999.0 -9999.0 -9999.0 -9999.0
04222 20210526  2.622 -122.61   40.65    29.2    13.5    21.4    22.0     0.0    29.24 C    60.7    13.8    33.2    50.4    11.1    27.5 -99.000 -99.000 -99.000 -99.000 -99.000 -9999.0 -9999.0 -9999.0 -9999.0 -9999.0
04222 20210527  2.622 -122.61   40.65    28.7    11.9    20.3    21.5     0.0    27.60 C    60.4    12.9    32.3    43.8    14.1    28.1 -99.000 -99.000 -99.000 -99.000 -99.000 -9999.0 -9999.0 -9999.0 -9999.0 -9999.0
04222 20210528  2.622 -122.61   40.65    31.9    15.7    23.8    23.0     0.0    29.18 C    62.1    15.8    34.5    58.3     6.8    30.9 -99.000 -99.000 -99.000 -99.000 -99.000 -9999.0 -9999.0 -9999.0 -9999.0 -9999.0
04222 20210529  2.622 -122.61   40.65    35.5    16.4    26.0    26.4     0.0    29.10 C    65.8    16.0    36.8    34.3     5.5    17.7 -99.000 -99.000   0.117 -99.000 -99.000    34.9 -9999.0    29.1 -9999.0    24.2
04222 20210530  2.622 -122.61   40.65    37.7    18.4    28.0    28.8     0.0    28.95 C    67.4    17.9    38.7    29.4     4.9    15.9 -99.000 -99.000 -99.000 -99.000 -99.000 -9999.0 -9999.0 -9999.0 -9999.0 -9999.0
04222 20210531  2.622 -122.61   40.65    39.2    18.4    28.8    30.2     0.0    28.85 C    67.1    19.5    40.3    38.2     7.4    18.7   0.085   0.124   0.120 -99.000 -99.000    37.0    36.5    30.9 -9999.0    25.2
04222 20210601  2.622 -122.61   40.65    38.4    21.3    29.8    30.3     0.0    28.18 C    66.6    21.6    40.5    38.3    10.6    22.5   0.086   0.123   0.133 -99.000 -99.000    37.8    37.4    31.6 -9999.0    25.7
04222 20210602  2.622 -122.61   40.65    37.0    19.8    28.4    28.4     0.0    28.44 C    64.9    20.7    39.1    44.9    11.5    27.6 -99.000 -99.000 -99.000 -99.000 -99.000 -9999.0 -9999.0 -9999.0 -9999.0 -9999.0
04222 20210603  2.622 -122.61   40.65    38.2    23.1    30.7    30.1     0.0    28.77 C    66.9    22.3    39.7    35.5     6.4    18.7 -99.000 -99.000 -99.000 -99.000 -99.000 -9999.0 -9999.0    32.4 -9999.0 -9999.0
04222 20210604  2.622 -122.61   40.65    36.8    21.6    29.2    28.5     0.0    28.81 C    66.1    21.3    39.3    33.0    11.5    21.2 -99.000 -99.000 -99.000 -99.000 -99.000 -9999.0 -9999.0 -9999.0 -9999.0 -9999.0
04222 20210605  2.622 -122.61   40.65    33.7    20.1    26.9    26.0     0.0    29.37 C    63.5    19.8    36.3    22.1     2.8    12.4 -99.000 -99.000 -99.000 -99.000 -99.000 -9999.0 -9999.0 -9999.0 -9999.0 -9999.0
04222 20210606  2.622 -122.61   40.65    28.9    16.1    22.5    21.9     0.0    29.46 C    58.5    16.4    32.4    35.6     8.6    22.2 -99.000 -99.000 -99.000 -99.000 -99.000 -9999.0 -9999.0 -9999.0 -9999.0 -9999.0
04222 20210607  2.622 -122.61   40.65    26.9    12.9    19.9    18.5     0.0    30.03 C    62.4    13.2    31.0    35.5     6.4    24.8 -99.000 -99.000 -99.000 -99.000 -99.000    35.0 -9999.0    31.4 -9999.0 -9999.0
04222 20210608  2.622 -122.61   40.65    19.6    10.9    15.3    14.3     2.2    17.38 C    50.9    12.6    24.2    78.5    27.4    46.5 -99.000 -99.000 -99.000 -99.000 -99.000 -9999.0 -9999.0 -9999.0 -9999.0 -9999.0
04222 20210609  2.622 -122.61   40.65    22.0     9.2    15.6    14.2     0.0    22.35 C    53.9    10.1    23.1    81.8    19.0    48.7   0.068   0.102   0.127 -99.000 -99.000 -9999.0 -9999.0 -9999.0 -9999.0 -9999.0
04222 20210610  2.622 -122.61   40.65    21.5     6.4    13.9    15.3     0.0    28.16 C    54.2     7.9    28.1    76.9    18.4    39.5 -99.000 -99.000 -99.000 -99.000 -99.000 -9999.0 -9999.0 -9999.0 -9999.0 -9999.0
04222 20210611  2.622 -122.61   40.65    23.6    13.5    18.5    17.7     0.0    16.29 C    48.1    16.3    26.5    68.3    15.4    39.9 -99.000 -99.000 -99.000 -99.000 -99.000 -9999.0 -9999.0 -9999.0 -9999.0 -9999.0
04222 20210612  2.622 -122.61   40.65    28.2    14.2    21.2    21.6     0.0    21.39 C    59.8    15.3    31.1    70.4    26.4    44.8 -99.000 -99.000 -99.000 -99.000 -99.000    32.2    31.1    28.2 -9999.0    25.2
04222 20210613  2.622 -122.61   40.65    31.1    15.0    23.0    23.8     0.0    26.02 C    63.3    16.6    34.5    73.9    23.2    43.4 -99.000 -99.000 -99.000 -99.000 -99.000 -9999.0 -9999.0 -9999.0 -9999.0 -9999.0
04222 20210614  2.622 -122.61   40.65    26.2    16.9    21.6    20.2     0.8    16.28 C    56.2    15.1    27.2    80.8    37.5    57.1 -99.000 -99.000 -99.000 -99.000 -99.000 -9999.0 -9999.0 -9999.0 -9999.0 -9999.0
04222 20210615  2.622 -122.61   40.65    29.0    14.6    21.8    21.5     0.0    30.22 C    60.1    12.7    32.1    51.6     9.3    28.7 -99.000 -99.000 -99.000 -99.000 -99.000 -9999.0 -9999.0 -9999.0 -9999.0 -9999.0
04222 20210616  2.622 -122.61   40.65    37.2    17.8    27.5    27.3     0.0    30.37 C    64.6    16.3    36.9    40.3     4.4    20.5 -99.000 -99.000 -99.000 -99.000 -99.000 -9999.0 -9999.0 -9999.0 -9999.0 -9999.0
04222 20210617  2.622 -122.61   40.65    40.0    22.0    31.0    30.9     0.0    30.08 C    69.3    20.4    40.6    34.7     4.4    20.2 -99.000 -99.000 -99.000 -99.000 -99.000    39.7    36.5    30.8 -9999.0    26.0
04222 20210618  2.622 -122.61   40.65    39.7    24.7    32.2    32.3     0.0    29.34 C    68.5    23.1    42.0    33.3     7.7    20.1   0.079   0.113   0.129 -99.000 -99.000    40.9    37.9    32.0 -9999.0    26.6
04222 20210619  2.622 -122.61   40.65    39.9    21.3    30.6    31.3     0.0    29.08 C    68.5    22.2    41.6    42.8     4.5    19.5 -99.000 -99.000   0.129 -99.000 -99.000    41.6    38.8    33.1 -9999.0    27.2
04222 20210620  2.622 -122.61   40.65    39.1    18.9    29.0    29.1     0.0    28.96 C    65.1    20.0    39.4    36.0     6.4    20.4 -99.000 -99.000 -99.000 -99.000 -99.000 -9999.0 -9999.0 -9999.0 -9999.0 -9999.0
04222 20210621  2.622 -122.61   40.65    36.0    18.5    27.2    27.4     0.0    27.73 C    64.5    20.0    38.2    48.1     8.5    26.9 -99.000 -99.000 -99.000 -99.000 -99.000    40.7    38.4    33.5 -9999.0 -9999.0
04222 20210622  2.622 -122.61   40.65    33.2    16.8    25.0    25.2     0.0    29.01 C    61.2    18.4    37.1    50.5    12.3    32.2 -99.000 -99.000 -99.000 -99.000 -99.000 -9999.0 -9999.0 -9999.0 -9999.0 -9999.0
04222 20210623  2.622 -122.61   40.65    33.4    15.7    24.6    24.8     0.0    29.08 C    63.2    17.9    37.2    66.3    14.8    36.7 -99.000 -99.000 -99.000 -99.000 -99.000 -9999.0 -9999.0 -9999.0 -9999.0 -9999.0
04222 20210624  2.622 -122.61   40.65    35.2    15.9    25.5    26.0     0.0    27.93 C    65.4    17.7    38.0    60.2    10.9    35.3 -99.000 -99.000 -99.000 -99.000 -99.000 -9999.0 -9999.0 -9999.0 -9999.0 -9999.0
04222 20210625  2.622 -122.61   40.65    38.3    19.1    28.7    29.4     0.0    28.86 C    67.1    20.8    40.6    51.0     7.7    28.6 -99.000 -99.000 -99.000 -99.000 -99.000    42.1    39.3    33.7 -9999.0    28.4
04222 20210626  2.622 -122.61   40.65    42.8    19.8    31.3    32.3     0.0    28.94 C    71.0    21.6    42.8    51.6     6.8    22.7 -99.000 -99.000 -99.000 -99.000 -99.000 -9999.0 -9999.0 -9999.0 -9999.0 -9999.0
04222 20210627  2.622 -122.61   40.65    42.3    23.1    32.7    32.5     0.0    28.41 C    69.2    23.8    43.2    44.7     9.3    23.9   0.080   0.110   0.130 -99.000 -99.000    43.5    40.9    35.0 -9999.0    29.1
04222 20210628  2.622 -122.61   40.65    38.8    21.8    30.3    30.2     0.0    28.60 C    65.9    23.9    41.6    56.5    12.9    34.3 -99.000 -99.000 -99.000 -99.000 -99.000    43.0    41.1    35.6 -9999.0    29.5
04222 20210629  2.622 -122.61   40.65    40.2    21.6    30.9    31.4     0.0    28.82 C    68.6    22.5    42.0    45.2    12.3    25.1 -99.000 -99.000 -99.000 -99.000 -99.000 -9999.0 -9999.0 -9999.0 -9999.0 -9999.0
04222 20210630  2.622 -122.61   40.65    38.3    24.8    31.5    31.5     0.0    28.30 C    66.4    24.8    42.0    41.5    14.3    24.5   0.078   0.108   0.157 -99.000 -99.000    43.2    41.2    35.9 -9999.0    30.1
04222 20210701  2.622 -122.61   40.65    35.6    20.0    27.8    28.4     0.0    28.63 C    64.6    22.5    40.3    60.2    18.0    36.5 -99.000 -99.000 -99.000 -99.000 -99.000 -9999.0 -9999.0 -9999.0 -9999.0 -9999.0
04222 20210702  2.622 -122.61   40.65    37.9    19.8    28.9    28.8     0.0    28.42 C    64.2    21.7    40.1    59.1    10.8    32.7 -99.000 -99.000 -99.000 -99.000 -99.000 -9999.0 -9999.0 -9999.0 -9999.0 -9999.0
04222 20210703  2.622 -122.61   40.65    38.0    18.5    28.3    29.1     0.0    28.84 C    66.7    20.5    40.3    49.7    11.1    29.0   0.078 -99.000 -99.000 -99.000 -99.000 -9999.0 -9999.0 -9999.0 -9999.0 -9999.0
04222 20210704  2.622 -122.61   40.65    36.5    19.7    28.1    28.8     0.0    27.90 C    64.6    21.8    40.0    54.6    15.1    30.7 -99.000 -99.000 -99.000 -99.000 -99.000 -9999.0 -9999.0 -9999.0 -9999.0 -9999.0
04222 20210705  2.622 -122.61   40.65    37.9    19.1    28.5    28.8     0.0    28.25 C    64.9    21.1    40.0    51.9    12.2    28.7 -99.000 -99.000 -99.000 -99.000 -99.000 -9999.0 -9999.0 -9999.0 -9999.0 -9999.0
04222 20210706  2.622 -122.61   40.65    36.3    18.3    27.3    28.7     0.0    28.34 C    64.1    20.3    39.3    50.8     7.9    25.6 -99.000 -99.000 -99.000 -99.000 -99.000 -9999.0 -9999.0 -9999.0 -9999.0 -9999.0
04222 20210707  2.622 -122.61   40.65    38.2    19.7    28.9    29.9     0.0    29.40 C    68.4    19.8    40.4    24.2     6.1    14.8 -99.000 -99.000 -99.000 -99.000 -99.000 -9999.0 -9999.0 -9999.0 -9999.0 -9999.0
04222 20210708  2.622 -122.61   40.65    38.4    19.6    29.0    29.8     0.0    28.81 C    67.1    20.6    40.5    32.7     5.9    18.5 -99.000 -99.000 -99.000 -99.000 -99.000 -9999.0 -9999.0 -9999.0 -9999.0 -9999.0
04222 20210709  2.622 -122.61   40.65    41.6    22.1    31.9    33.1     0.0    28.79 C    68.6    22.1    42.6    22.7     4.3    11.4   0.076   0.105   0.153 -99.000 -99.000    43.4    41.4    36.3 -9999.0    30.8
04222 20210710  2.622 -122.61   40.65    43.4    25.9    34.6    35.5     0.0    28.27 C    70.3    26.0    44.4    16.1     5.5     9.9   0.077   0.106   0.154 -99.000 -99.000    44.7    42.4    36.9 -9999.0    31.1
04222 20210711  2.622 -122.61   40.65    42.1    25.8    34.0    34.3     0.0    28.21 C    69.3    26.0    43.9    26.9     7.1    14.2   0.077   0.105   0.154 -99.000 -99.000    45.0    42.9    37.4 -9999.0    31.4
04222 20210712  2.622 -122.61   40.65    39.5    21.7    30.6    30.8     0.0    28.80 C    67.7    22.7    41.5    33.6     6.8    19.8 -99.000   0.105   0.153 -99.000 -99.000    44.0    42.5    37.6 -9999.0    31.6
04222 20210713  2.622 -122.61   40.65    39.3    19.8    29.5    29.5     0.0    26.99 C    66.8    20.6    39.2    32.6     7.2    19.7 -99.000 -99.000 -99.000 -99.000 -99.000 -9999.0 -9999.0 -9999.0 -9999.0 -9999.0
04222 20210714  2.622 -122.61   40.65    35.8    17.0    26.4    27.1     0.0    28.16 C    63.8    19.1    38.0    45.4     8.5    24.9 -99.000 -99.000 -99.000 -99.000 -99.000 -9999.0 -9999.0 -9999.0 -9999.0 -9999.0
04222 20210715  2.622 -122.61   40.65    33.3    15.8    24.6    25.6     0.0    27.87 C    62.0    18.6    37.2    54.7    16.5    31.7 -99.000 -99.000 -99.000 -99.000 -99.000 -9999.0 -9999.0 -9999.0 -9999.0 -9999.0
04222 20210716  2.622 -122.61   40.65    34.8    17.0    25.9    26.8     0.0    27.62 C    63.1    19.4    38.1    58.2    14.0    30.7 -99.000 -99.000 -99.000 -99.000 -99.000 -9999.0 -9999.0 -9999.0 -9999.0 -9999.0
04222 20210717  2.622 -122.61   40.65    35.6    20.9    28.3    28.8     0.0    27.94 C    64.0    20.7    38.8    33.1    10.0    20.3 -99.000 -99.000 -99.000 -99.000 -99.000    40.5    40.1    36.2 -9999.0    31.4
04222 20210718  2.622 -122.61   40.65    38.5    19.2    28.8    29.4     0.0    28.51 C    66.2    20.2    39.8    40.5     5.6    19.8 -99.000 -99.000 -99.000 -99.000 -99.000 -9999.0 -9999.0 -9999.0 -9999.0 -9999.0
04222 20210719  2.622 -122.61   40.65    36.2    19.0    27.6    28.8     0.0    25.18 C    65.1    20.1    38.3    41.3     8.1    22.3 -99.000 -99.000 -99.000 -99.000 -99.000 -9999.0 -9999.0 -9999.0 -9999.0 -9999.0
04222 20210720  2.622 -122.61   40.65    35.4    22.9    29.2    29.2     0.0    28.31 C    63.7    22.4    39.6    32.0     9.2    20.3 -99.000 -99.000   0.148 -99.000 -99.000    42.0    40.6    36.5 -9999.0    31.5
04222 20210721  2.622 -122.61   40.65    35.2    19.9    27.5    28.1     0.0    28.19 C    65.1    20.2    38.7    34.2     9.3    20.2 -99.000 -99.000 -99.000 -99.000 -99.000    42.1    40.6    36.3 -9999.0    31.4
04222 20210722  2.622 -122.61   40.65    36.9    21.2    29.0    29.2     0.0    28.19 C    65.6    21.0    39.3    31.2     5.7    17.6 -99.000 -99.000 -99.000 -99.000 -99.000    41.8    40.5    36.2 -9999.0    31.5
04222 20210723  2.622 -122.61   40.65    38.0    19.7    28.9    29.3     0.0    21.81 C    57.3    20.6    35.9    29.7     3.7    15.6 -99.000 -99.000 -99.000 -99.000 -99.000    39.8    39.5    36.2 -9999.0    31.6
04222 20210724  2.622 -122.61   40.65    36.6    18.3    27.5    27.9     0.0    18.32 C    55.1    18.9    33.3    38.4    10.3    20.6 -99.000 -99.000 -99.000 -99.000 -99.000 -9999.0 -9999.0 -9999.0 -9999.0 -9999.0
04222 20210725  2.622 -122.61   40.65    37.9    20.1    29.0    28.9     0.0    22.91 C    63.2    20.2    37.1    39.5    12.2    25.3 -99.000 -99.000 -99.000 -99.000 -99.000    40.0    38.3    35.0 -9999.0 -9999.0
04222 20210726  2.622 -122.61   40.65    36.3    20.6    28.4    28.0     0.0    21.64 C    64.4    22.0    37.0    48.0    12.7    28.5 -99.000 -99.000 -99.000 -99.000 -99.000    40.4    39.1    35.3 -9999.0    31.1
04222 20210727  2.622 -122.61   40.65    26.4    19.8    23.1    22.9     0.0     5.94 C    37.2    20.5    26.1    50.9    14.4    32.8 -99.000 -99.000 -99.000 -99.000 -99.000    32.5    34.7    34.5 -9999.0    31.1
04222 20210728  2.622 -122.61   40.65    38.0    19.3    28.7    29.2     0.0    26.83 C    64.9    18.2    38.0    55.6     9.0    27.5 -99.000 -99.000 -99.000 -99.000 -99.000 -9999.0 -9999.0 -9999.0 -9999.0 -9999.0
04222 20210729  2.622 -122.61   40.65    40.0    23.4    31.7    32.8     0.0    24.21 C    66.2    23.7    40.6    31.5    11.5    19.4 -99.000   0.098   0.143 -99.000 -99.000 -9999.0    38.8    34.5 -9999.0    30.5
04222 20210730  2.622 -122.61   40.65    39.4    25.1    32.2    32.3     0.0    21.96 C    63.4    24.9    40.1    31.8    13.9    23.0 -99.000   0.099   0.144 -99.000 -99.000 -9999.0    39.9    35.4 -9999.0    30.8
04222 20210731  2.622 -122.61   40.65    37.4    24.4    30.9    31.2     0.0    23.91 C    63.7    25.5    40.2    41.7    15.6    27.2 -99.000   0.099   0.145 -99.000 -99.000 -9999.0    40.4    35.9 -9999.0    31.1
04222 20210801  2.622 -122.61   40.65    38.5    19.5    29.0    29.0     0.0    26.31 C    64.5    21.3    39.2    56.7     7.5    27.2 -99.000 -99.000 -99.000 -99.000 -99.000 -9999.0    40.4    36.1 -9999.0 -9999.0
04222 20210802  2.622 -122.61   40.65    35.4    17.5    26.4    26.6     0.0    25.72 C    63.1    19.1    36.5    45.5     9.0    24.9 -99.000 -99.000 -99.000 -99.000 -99.000 -9999.0 -9999.0 -9999.0 -9999.0 -9999.0
04222 20210803  2.622 -122.61   40.65    37.8    18.5    28.1    27.4     0.0    23.24 C    63.7    18.5    35.4    29.9     3.7    16.3 -99.000 -99.000 -99.000 -99.000 -99.000 -9999.0 -9999.0 -9999.0 -9999.0 -9999.0
04222 20210804  2.622 -122.61   40.65    37.5    18.8    28.1    28.7     0.0    25.47 C    62.2    18.5    36.9    31.1     4.6    15.4 -99.000 -99.000 -99.000 -99.000 -99.000 -9999.0    38.7    35.2 -9999.0 -9999.0
04222 20210805  2.622 -122.61   40.65    28.9    15.9    22.4    23.4     0.0    16.18 C    46.3    17.2    29.5    44.3    12.3    27.2 -99.000 -99.000 -99.000 -99.000 -99.000 -9999.0 -9999.0 -9999.0 -9999.0 -9999.0
04222 20210806  2.622 -122.61   40.65    35.8    20.3    28.0    28.3     0.0    18.55 C    53.2    19.9    33.1    44.6     7.3    25.6 -99.000 -99.000 -99.000 -99.000 -99.000 -9999.0    35.6    33.7 -9999.0    30.9
04222 20210807  2.622 -122.61   40.65    33.3    21.2    27.2    27.5     0.0    14.61 C    48.2    20.6    31.5    47.7    15.7    28.6 -99.000   0.093   0.139 -99.000 -99.000 -9999.0    35.5    33.6 -9999.0    30.6
04222 20210808  2.622 -122.61   40.65    33.0    20.1    26.5    26.3     0.0    13.74 C    45.8    20.5    29.9    52.8    15.3    33.4 -99.000 -99.000 -99.000 -99.000 -99.000 -9999.0    34.2    33.0 -9999.0    30.4
04222 20210809  2.622 -122.61   40.65    36.6    18.7    27.6    27.3     0.0    23.65 C    61.0    18.0    35.3    41.5     8.9    24.3 -99.000 -99.000 -99.000 -99.000 -99.000 -9999.0 -9999.0 -9999.0 -9999.0 -9999.0
04222 20210810  2.622 -122.61   40.65    38.3    19.0    28.7    28.2     0.0    20.17 C    57.8    18.9    34.6    38.0    10.6    24.4 -99.000 -99.000 -99.000 -99.000 -99.000 -9999.0 -9999.0 -9999.0 -9999.0 -9999.0
04222 20210811  2.622 -122.61   40.65    38.9    20.5    29.7    30.4     0.0    19.41 C    57.5    20.3    36.0    41.8    10.8    23.7 -99.000 -99.000 -99.000 -99.000 -99.000 -9999.0    36.9    33.5 -9999.0    30.1
04222 20210812  2.622 -122.61   40.65    39.9    21.3    30.6    30.0     0.0    13.51 C    52.8    21.6    33.3    40.4    10.2    25.0 -99.000 -99.000   0.138 -99.000 -99.000 -9999.0    36.1    33.7 -9999.0    30.2
04222 20210813  2.622 -122.61   40.65    33.1    20.2    26.6    26.2     0.0     7.77 C    40.1    21.0    28.5    46.4    20.7    35.6 -99.000 -99.000 -99.000 -99.000 -99.000 -9999.0    33.8    32.9 -9999.0    30.2
04222 20210814  2.622 -122.61   40.65    38.4    23.2    30.8    30.7     0.0    14.52 C    50.5    22.1    33.8    42.6    14.8    27.8 -99.000   0.091   0.136 -99.000 -99.000 -9999.0    34.2    32.3 -9999.0    30.0
04222 20210815  2.622 -122.61   40.65    41.7    24.2    33.0    33.4     0.0    13.57 C    55.1    23.4    34.6    48.4     7.2    22.8 -99.000   0.093   0.136 -99.000 -99.000 -9999.0    35.1    32.7 -9999.0    29.8
04222 20210816  2.622 -122.61   40.65    37.8    26.8    32.3    31.1     0.0    13.52 C    51.1    24.8    33.3    51.3    11.9    23.6 -99.000   0.093   0.137 -99.000 -99.000 -9999.0    35.1    32.9 -9999.0    30.1
04222 20210817  2.622 -122.61   40.65    32.9    22.1    27.5    26.7     0.0    13.88 C    46.6    18.2    29.4    35.2     6.1    21.3 -99.000 -99.000 -99.000 -99.000 -99.000 -9999.0    33.9    32.5 -9999.0    30.1
04222 20210818  2.622 -122.61   40.65    30.5    13.6    22.0    23.1     0.0    21.23 C    52.0    13.5    29.2    34.8    12.8    22.6 -99.000 -99.000 -99.000 -99.000 -99.000 -9999.0 -9999.0 -9999.0 -9999.0 -9999.0
04222 20210819  2.622 -122.61   40.65    33.5    15.9    24.7    24.6     0.0    20.80 C    57.5    15.8    32.1    48.3    14.0    28.9 -99.000 -99.000 -99.000 -99.000 -99.000 -9999.0 -9999.0 -9999.0 -9999.0 -9999.0
04222 20210820  2.622 -122.61   40.65    32.8    18.8    25.8    25.5     0.0    17.42 C    53.3    18.8    31.4    55.3    18.1    33.3 -99.000 -99.000 -99.000 -99.000 -99.000 -9999.0 -9999.0 -9999.0 -9999.0 -9999.0
04222 20210821  2.622 -122.61   40.65    27.2    15.2    21.2    20.8     0.0    15.56 C    46.4    16.7    27.1    69.7    29.8    48.3 -99.000 -99.000 -99.000 -99.000 -99.000 -9999.0 -9999.0 -9999.0 -9999.0 -9999.0
04222 20210822  2.622 -122.61   40.65    30.6    14.3    22.4    22.3     0.0    19.37 C    52.5    14.5    29.2    62.6    18.5    38.8 -99.000 -99.000 -99.000 -99.000 -99.000 -9999.0 -9999.0 -9999.0 -9999.0 -9999.0
04222 20210823  2.622 -122.61   40.65    30.4    14.1    22.2    22.4     0.0    21.85 C    55.1    15.1    30.7    64.2    16.7    36.1 -99.000 -99.000 -99.000 -99.000 -99.000 -9999.0 -9999.0 -9999.0 -9999.0 -9999.0
04222 20210824  2.622 -122.61   40.65    30.2    13.4    21.8    22.0     0.0    21.07 C    54.0    14.9    30.1    59.2    14.2    32.1 -99.000 -99.000 -99.000 -99.000 -99.000 -9999.0 -9999.0 -9999.0 -9999.0 -9999.0
04222 20210825  2.622 -122.61   40.65    31.6    12.6    22.1    22.6     0.0    22.15 C    55.7    13.6    30.8    44.9    10.1    25.4 -99.000 -99.000 -99.000 -99.000 -99.000 -9999.0 -9999.0 -9999.0 -9999.0 -9999.0
04222 20210826  2.622 -122.61   40.65    34.0    19.7    26.9    26.5     0.0    17.39 C    52.5    18.0    30.8    25.5     8.4    18.0 -99.000 -99.000 -99.000 -99.000 -99.000 -9999.0    33.2    31.2 -9999.0    28.6
04222 20210827  2.622 -122.61   40.65    37.5    17.7    27.6    28.1     0.0    23.26 C    61.4    17.5    35.0    40.3     5.8    18.8 -99.000 -99.000 -99.000 -99.000 -99.000 -9999.0    34.8    31.5 -9999.0    28.6
04222 20210828  2.622 -122.61   40.65    37.4    17.5    27.5    27.5     0.0    19.25 C    56.1    17.3    32.8    30.0     6.6    16.6 -99.000 -99.000 -99.000 -99.000 -99.000 -9999.0 -9999.0 -9999.0 -9999.0 -9999.0
04222 20210829  2.622 -122.61   40.65    35.8    19.3    27.6    26.9     0.0    16.92 C    53.3    18.2    31.1    29.0    10.7    20.3 -99.000 -99.000 -99.000 -99.000 -99.000 -9999.0    34.1    31.8 -9999.0    29.0
04222 20210830  2.622 -122.61   40.65    35.6    19.4    27.5    28.2     0.0    15.64 C    51.2    17.6    30.6    30.5     4.1    15.6 -99.000 -99.000 -99.000 -99.000 -99.000 -9999.0    33.3    31.6 -9999.0    29.0
04222 20210831  2.622 -122.61   40.65    33.9    19.6    26.7    26.1     0.0    14.49 C    48.5    18.7    28.8    27.8     5.6    17.8 -99.000 -99.000 -99.000 -99.000 -99.000 -9999.0 -9999.0 -9999.0 -9999.0 -9999.0
04222 20210901  2.622 -122.61   40.65    29.7    14.8    22.2    22.2     0.0    19.87 C    52.7    14.8    29.1    52.6    16.5    28.9 -99.000 -99.000 -99.000 -99.000 -99.000 -9999.0 -9999.0 -9999.0 -9999.0 -9999.0
04222 20210902  2.622 -122.61   40.65    29.5    12.0    20.7    20.8     0.0    20.20 C    51.5    13.3    28.6    71.8    12.6    37.6 -99.000 -99.000 -99.000 -99.000 -99.000 -9999.0 -9999.0 -9999.0 -9999.0 -9999.0
04222 20210903  2.622 -122.61   40.65    32.9    14.2    23.5    22.5     0.0    18.65 C    51.8    13.6    28.0    39.1     6.5    22.0 -99.000 -99.000 -99.000 -99.000 -99.000 -9999.0 -9999.0 -9999.0 -9999.0 -9999.0
04222 20210904  2.622 -122.61   40.65    34.0    13.9    23.9    23.6     0.0    19.74 C    53.4    12.4    29.1    32.0     6.3    18.1 -99.000 -99.000 -99.000 -99.000 -99.000 -9999.0 -9999.0 -9999.0 -9999.0 -9999.0
04222 20210905  2.622 -122.61   40.65    35.4    16.6    26.0    25.1     0.0    20.91 C    56.6    14.8    30.7    25.9     3.9    15.7 -99.000 -99.000 -99.000 -99.000 -99.000 -9999.0 -9999.0 -9999.0 -9999.0 -9999.0
04222 20210906  2.622 -122.61   40.65    36.3    16.6    26.5    26.2     0.0    20.65 C    58.4    15.1    31.7    24.7     4.9    14.2 -99.000 -99.000 -99.000 -99.000 -99.000 -9999.0 -9999.0 -9999.0 -9999.0 -9999.0
04222 20210907  2.622 -122.61   40.65    38.5    19.0    28.7    28.9     0.0    20.97 C    61.3    17.7    34.9    24.8     3.5    14.5 -99.000 -99.000 -99.000 -99.000 -99.000 -9999.0 -9999.0 -9999.0 -9999.0 -9999.0
04222 20210908  2.622 -122.61   40.65    36.7    23.6    30.2    29.6     0.0    12.79 C    51.6    23.1    32.5    27.5    10.0    18.8 -99.000   0.091   0.133 -99.000 -99.000 -9999.0    34.3    31.6 -9999.0    28.4
04222 20210909  2.622 -122.61   40.65    35.1    21.3    28.2    28.3     1.3    13.44 C    55.9    20.0    32.2    66.3    16.2    26.3 -99.000 -99.000 -99.000 -99.000 -99.000 -9999.0 -9999.0 -9999.0 -9999.0 -9999.0
04222 20210910  2.622 -122.61   40.65    28.6    17.2    22.9    22.6     7.9    17.53 C    43.2    19.6    27.6    91.8    36.7    62.9 -99.000 -99.000 -99.000 -99.000 -99.000 -9999.0 -9999.0 -9999.0 -9999.0 -9999.0
04222 20210911  2.622 -122.61   40.65    32.2    19.0    25.6    25.0     0.0    19.34 C    49.5    16.9    28.9    62.0    12.1    35.0 -99.000 -99.000 -99.000 -99.000 -99.000 -9999.0 -9999.0 -9999.0 -9999.0 -9999.0
04222 20210912  2.622 -122.61   40.65    33.0    18.6    25.8    26.1     0.0    15.99 C    46.4    17.4    28.3    48.2    14.5    28.1 -99.000 -99.000 -99.000 -99.000 -99.000 -9999.0 -9999.0 -9999.0 -9999.0 -9999.0
04222 20210913  2.622 -122.61   40.65    35.2    19.4    27.3    26.1     0.0    17.82 C    51.1    17.6    29.5    37.3    11.5    24.3 -99.000 -99.000 -99.000 -99.000 -99.000 -9999.0 -9999.0 -9999.0 -9999.0 -9999.0
04222 20210914  2.622 -122.61   40.65    37.6    17.3    27.5    27.0     0.0    19.15 C    54.9    15.8    30.7    36.8     6.2    20.0 -99.000 -99.000 -99.000 -99.000 -99.000 -9999.0 -9999.0 -9999.0 -9999.0 -9999.0
04222 20210915  2.622 -122.61   40.65    32.7    17.0    24.9    24.2     0.0    15.80 C    47.3    16.4    28.1    49.4    15.6    29.5 -99.000 -99.000 -99.000 -99.000 -99.000 -9999.0 -9999.0 -9999.0 -9999.0 -9999.0
04222 20210916  2.622 -122.61   40.65    31.7    14.5    23.1    22.8     0.0    19.22 C    52.7    14.8    29.0    63.8     8.1    33.9 -99.000 -99.000 -99.000 -99.000 -99.000 -9999.0 -9999.0 -9999.0 -9999.0 -9999.0
04222 20210917  2.622 -122.61   40.65    30.0    12.2    21.1    21.4     0.0    19.52 C    50.6    12.7    27.6    53.3    14.2    33.6 -99.000 -99.000 -99.000 -99.000 -99.000 -9999.0 -9999.0 -9999.0 -9999.0 -9999.0
04222 20210918  2.622 -122.61   40.65    19.5    13.6    16.6    15.1     7.5     4.75 C    26.6    14.2    18.5    93.7    45.1    76.0 -99.000 -99.000 -99.000 -99.000 -99.000 -9999.0 -9999.0 -9999.0 -9999.0 -9999.0
04222 20210919  2.622 -122.61   40.65    24.1    11.4    17.8    16.7     0.0    19.22 C    42.3    12.4    22.4    93.1    27.6    60.1 -99.000 -99.000 -99.000 -99.000 -99.000 -9999.0 -9999.0 -9999.0 -9999.0 -9999.0
04222 20210920  2.622 -122.61   40.65    31.0    10.5    20.7    21.4     0.0    20.53 C    46.7     9.8    24.6    62.0     6.9    26.1 -99.000 -99.000 -99.000 -99.000 -99.000 -9999.0 -9999.0 -9999.0 -9999.0 -9999.0
04222 20210921  2.622 -122.61   40.65    32.3    13.6    23.0    22.6     0.0    19.70 C    49.0    12.1    26.8    46.6     7.8    26.5 -99.000 -99.000 -99.000 -99.000 -99.000 -9999.0 -9999.0 -9999.0 -9999.0 -9999.0
04222 20210922  2.622 -122.61   40.65    31.2    15.2    23.2    23.7     0.0    17.34 C    48.5    14.5    27.3    45.9    13.5    27.3 -99.000 -99.000 -99.000 -99.000 -99.000 -9999.0 -9999.0 -9999.0 -9999.0 -9999.0
04222 20210923  2.622 -122.61   40.65    34.7    15.1    24.9    24.0     0.0    18.31 C    50.8    14.4    28.0    48.2     6.8    24.8 -99.000 -99.000 -99.000 -99.000 -99.000 -9999.0 -9999.0 -9999.0 -9999.0 -9999.0
04222 20210924  2.622 -122.61   40.65    34.6    16.3    25.5    24.5     0.0    18.78 C    53.0    14.6    28.9    38.8     7.5    23.3 -99.000 -99.000 -99.000 -99.000 -99.000 -9999.0 -9999.0 -9999.0 -9999.0 -9999.0
04222 20210925  2.622 -122.61   40.65    30.2    14.2    22.2    21.8     0.0    18.14 C    49.1    14.3    27.1    50.5    14.4    31.9 -99.000 -99.000 -99.000 -99.000 -99.000 -9999.0 -9999.0 -9999.0 -9999.0 -9999.0
04222 20210926  2.622 -122.61   40.65    27.0    11.0    19.0    19.2     0.0    18.38 C    48.4    12.0    25.6    73.0    18.4    41.8 -99.000 -99.000 -99.000 -99.000 -99.000 -9999.0 -9999.0 -9999.0 -9999.0 -9999.0
04222 20210927  2.622 -122.61   40.65    21.3     9.6    15.4    15.1     2.7     9.61 C    40.6     9.6    19.1    80.7    36.2    56.6 -99.000 -99.000 -99.000 -99.000 -99.000 -9999.0 -9999.0 -9999.0 -9999.0 -9999.0
04222 20210928  2.622 -122.61   40.65    22.6     7.5    15.0    15.1     0.0    18.41 C    41.6     7.0    19.8    71.8    20.4    41.9 -99.000 -99.000 -99.000 -99.000 -99.000 -9999.0 -9999.0 -9999.0 -9999.0 -9999.0
04222 20210929  2.622 -122.61   40.65    28.3    12.5    20.4    19.0     0.0    18.38 C    46.8    10.3    23.3    51.0     8.1    29.9   0.080   0.110 -99.000 -99.000 -99.000    22.3    25.5    24.4 -9999.0    24.8
04222 20210930  2.622 -122.61   40.65    32.4    11.6    22.0    21.7     0.0    18.28 C    50.1    10.8    25.8    47.0     5.0    23.5   0.081   0.113 -99.000 -99.000 -99.000    23.4    26.6    24.5 -9999.0    24.5
04222 20211001  2.622 -122.61   40.65    31.0    15.1    23.0    22.1     0.0    17.74 C    49.4    13.5    26.5    38.8    10.9    25.7   0.082   0.115 -99.000 -99.000 -99.000    24.6    27.9    25.2 -9999.0    24.4
04222 20211002  2.622 -122.61   40.65    33.6    14.9    24.2    22.9     0.0    17.54 C    51.0    13.3    27.0    43.3     5.7    24.6   0.083   0.117 -99.000 -99.000 -99.000    25.0    28.3    25.7 -9999.0    24.7
04222 20211003  2.622 -122.61   40.65    31.3    13.8    22.6    21.5     0.0    17.11 C    49.6    12.9    26.2    46.7    11.8    29.3   0.083   0.117 -99.000 -99.000 -99.000    24.9    28.3    25.5 -9999.0    24.7
04222 20211004  2.622 -122.61   40.65    29.0    12.5    20.7    20.0     0.0    16.88 C    46.9    12.0    24.7    52.9    14.2    32.5 -99.000   0.117 -99.000 -99.000 -99.000    24.8 -9999.0    25.7 -9999.0    24.8
04222 20211005  2.622 -122.61   40.65    25.3    11.1    18.2    18.8     0.0    14.57 C    43.0    11.6    22.8    46.1    11.9    28.8 -99.000   0.115 -99.000 -99.000 -99.000    23.4    26.9    25.2 -9999.0    24.7
04222 20211006  2.622 -122.61   40.65    21.8    11.7    16.7    17.5     0.0    16.22 C    44.9    12.9    24.0    64.1    26.0    43.7   0.082   0.115 -99.000 -99.000 -99.000    23.7    27.3    24.9 -9999.0    24.6
04222 20211007  2.622 -122.61   40.65    20.8     7.3    14.0    14.4     0.0    12.81 C    39.2     8.6    19.3    69.2    12.7    39.0   0.081   0.112 -99.000 -99.000 -99.000    22.1    25.6    24.6 -9999.0    24.4
04222 20211008  2.622 -122.61   40.65    17.5     4.3    10.9    12.2     0.0    14.62 C    37.9     4.6    18.1    54.0    35.2    43.8   0.079   0.110 -99.000 -99.000 -99.000    20.5    23.9    23.9 -9999.0    24.1
04222 20211009  2.622 -122.61   40.65    24.3     7.0    15.6    15.7     0.0    16.31 C    44.5     7.2    21.3    76.6    16.6    42.5   0.079   0.110 -99.000 -99.000 -99.000    21.0    24.6    23.5 -9999.0    23.7
04222 20211010  2.622 -122.61   40.65    26.3    12.2    19.2    17.9     0.0    15.84 C    44.1    10.5    21.2    42.9    13.8    31.2   0.080   0.111 -99.000 -99.000 -99.000    21.5    25.0    23.4 -9999.0    23.5
04222 20211011  2.622 -122.61   40.65    17.4     8.9    13.1    12.6     0.0    16.52 C    38.1     6.5    16.8    41.6    11.4    23.9   0.078   0.108 -99.000 -99.000 -99.000    19.9    23.5    23.3 -9999.0    23.4
04222 20211012  2.622 -122.61   40.65    20.3     2.5    11.4    12.0     0.0    16.04 C    41.1     2.3    17.5    53.3     6.0    25.0   0.075   0.106 -99.000 -99.000 -99.000    18.5    22.2    22.2 -9999.0    23.0
04222 20211013  2.622 -122.61   40.65    19.0    10.7    14.9    14.3     0.0    12.24 C    38.6    10.2    18.9    51.1    19.9    35.0   0.076   0.107 -99.000 -99.000 -99.000    19.2    22.8    22.0 -9999.0    22.7
04222 20211014  2.622 -122.61   40.65    23.2     6.2    14.7    14.7     0.0    15.67 C    41.7     6.0    19.1    54.8    15.9    34.1   0.076   0.106 -99.000 -99.000 -99.000    19.1    22.8    21.7 -9999.0    22.5
04222 20211015  2.622 -122.61   40.65    24.1    10.3    17.2    16.0     0.0    15.41 C    42.6     8.2    19.9    38.3    11.9    25.9   0.077   0.107 -99.000 -99.000 -99.000    19.6    23.2    21.7 -9999.0    22.3
04222 20211016  2.622 -122.61   40.65    26.2    10.0    18.1    16.9     0.0    15.29 C    43.1     8.0    20.3    38.2    11.1    25.0   0.077   0.107 -99.000 -99.000 -99.000    19.9    23.6    22.5 -9999.0    22.1
04222 20211017  2.622 -122.61   40.65    18.7     6.5    12.6    11.5     0.3     6.86 C    31.7     6.6    13.7    70.4    20.5    45.3   0.075   0.104 -99.000 -99.000 -99.000    18.5    21.5    21.7 -9999.0    22.1
04222 20211018  2.622 -122.61   40.65    12.7     6.1     9.4     9.5     0.0    11.51 C    34.1     6.1    15.6    88.4    53.4    66.8   0.073   0.103 -99.000 -99.000 -99.000    17.5    20.6    20.9 -9999.0    21.8
04222 20211019  2.622 -122.61   40.65    14.0     3.3     8.6     9.1    16.1     8.71 C    27.4     4.1    12.9    87.3    42.4    67.1 -99.000 -99.000 -99.000 -99.000 -99.000 -9999.0 -9999.0 -9999.0 -9999.0 -9999.0
04222 20211020  2.622 -122.61   40.65    11.4     8.3     9.9     9.9     7.5     2.22 C    15.5     7.5    11.0    94.8    80.4    90.0 -99.000 -99.000 -99.000 -99.000 -99.000 -9999.0 -9999.0 -9999.0 -9999.0 -9999.0
04222 20211021  2.622 -122.61   40.65    16.3    11.3    13.8    13.7    36.2     3.26 C    18.0    12.2    14.5    94.7    85.8    90.3 -99.000 -99.000 -99.000 -99.000 -99.000 -9999.0 -9999.0 -9999.0 -9999.0 -9999.0
04222 20211022  2.622 -122.61   40.65    16.2    10.7    13.5    13.0    29.4     7.59 C    21.4     9.7    14.4    90.7    43.7    70.2 -99.000 -99.000 -99.000 -99.000 -99.000 -9999.0 -9999.0 -9999.0 -9999.0 -9999.0
04222 20211023  2.622 -122.61   40.65    12.2     9.1    10.7    10.1    14.5     2.53 C    15.1    10.2    11.6    93.1    56.8    86.9 -99.000 -99.000 -99.000 -99.000 -99.000 -9999.0 -9999.0 -9999.0 -9999.0 -9999.0
04222 20211024  2.622 -122.61   40.65    12.9     9.9    11.4    11.3    63.6     2.31 C    14.5     9.9    11.5    91.9    58.9    85.7 -99.000 -99.000 -99.000 -99.000 -99.000 -9999.0 -9999.0 -9999.0 -9999.0 -9999.0
04222 20211025  2.622 -122.61   40.65    16.2     7.7    12.0    11.3     0.0    11.58 C    24.4     7.0    12.9    89.7    39.0    61.2   0.283   0.301 -99.000 -99.000 -99.000    13.7    15.4    15.9 -9999.0    17.3
04222 20211026  2.622 -122.61   40.65    11.0     7.9     9.4     9.6     3.5     2.98 C    13.9     9.3    11.4    93.5    74.8    87.4   0.275   0.293 -99.000 -99.000 -99.000    13.6    14.8    16.3 -9999.0    17.5
04222 20211027  2.622 -122.61   40.65    15.9    10.5    13.2    12.8     3.3     4.40 C    19.2    11.2    13.5    94.3    71.1    84.4   0.296   0.309 -99.000 -99.000 -99.000    14.5    15.5    16.4 -9999.0    17.3
04222 20211028  2.622 -122.61   40.65    25.9    12.9    19.4    17.0     0.0    12.92 C    28.3    10.0    15.9    79.5    34.0    62.9   0.275   0.294 -99.000 -99.000 -99.000    15.5    16.9    16.8 -9999.0    17.3
04222 20211029  2.622 -122.61   40.65    20.6    11.0    15.8    15.3     0.0    10.15 C    27.3     9.5    15.6    89.2    51.7    70.6   0.264   0.284 -99.000 -99.000 -99.000    16.1    17.6    17.3 -9999.0    17.6
04222 20211030  2.622 -122.61   40.65    17.5    10.9    14.2    13.6     2.9     4.93 C    23.9    10.3    14.1    88.8    66.4    79.7   0.265   0.279 -99.000 -99.000 -99.000    15.8    16.9    17.5 -9999.0    17.7
04222 20211031  2.622 -122.61   40.65    15.5     7.2    11.3    10.7     0.0     5.04 C    21.1     7.6    12.1    92.6    56.0    79.8   0.274   0.286 -99.000 -99.000 -99.000    14.7    15.7    17.1 -9999.0    17.7
04222 20211101  2.622 -122.61   40.65    12.5    11.0    11.8    11.8    35.1     2.86 C    15.7    11.6    12.7    94.4    78.0    88.9 -99.000 -99.000 -99.000 -99.000 -99.000 -9999.0 -9999.0 -9999.0 -9999.0 -9999.0
04222 20211102  2.622 -122.61   40.65    17.4     9.4    13.4    12.8     1.1    10.33 C    25.1     9.1    14.6    94.5    50.6    78.6 -99.000 -99.000 -99.000 -99.000 -99.000 -9999.0 -9999.0 -9999.0 -9999.0 -9999.0
04222 20211103  2.622 -122.61   40.65    17.7     8.5    13.1    12.9     3.5     7.40 C    21.4     7.6    13.0    91.1    55.9    74.0   0.275   0.293 -99.000 -99.000 -99.000    14.2    15.5    16.2 -9999.0    16.9
04222 20211104  2.622 -122.61   40.65    16.3     8.8    12.5    13.3     0.9     4.85 C    21.8     8.7    13.7    91.5    51.9    77.5   0.295   0.309 -99.000 -99.000 -99.000    15.0    16.1    16.5 -9999.0    16.9
04222 20211105  2.622 -122.61   40.65    13.0     7.3    10.1     9.9     3.1     2.91 C    14.5     7.1    10.3    92.6    52.6    77.2   0.279   0.296 -99.000 -99.000 -99.000    13.5    14.2    16.2 -9999.0    16.8
04222 20211106  2.622 -122.61   40.65    14.4     7.2    10.8     9.4     0.5     6.42 C    18.9     4.4     9.5    93.1    40.4    67.4   0.279   0.298 -99.000 -99.000 -99.000    12.9    13.6    15.6 -9999.0    16.6
04222 20211107  2.622 -122.61   40.65    13.7     4.5     9.1     8.2     0.0    11.76 C    20.3     2.6     8.2    69.1    25.8    52.4   0.268   0.286 -99.000 -99.000 -99.000    11.4    12.7    15.0 -9999.0    16.2
04222 20211108  2.622 -122.61   40.65    11.7     2.8     7.2     7.5    19.6     5.80 C    15.9     1.8     7.5    86.7    38.8    59.9   0.271   0.292 -99.000 -99.000 -99.000    10.6    11.6    14.2 -9999.0    15.8
04222 20211109  2.622 -122.61   40.65    11.0     6.7     8.8     9.2    13.6     2.45 C    13.3     6.2    10.2    92.6    73.6    85.6 -99.000 -99.000 -99.000 -99.000 -99.000 -9999.0 -9999.0 -9999.0 -9999.0 -9999.0
04222 20211110  2.622 -122.61   40.65    14.4     8.9    11.7    11.3     0.0     4.74 C    19.9     8.9    11.6    82.8    54.4    70.1   0.279   0.301 -99.000 -99.000 -99.000    12.2    13.0    13.8 -9999.0    14.7
04222 20211111  2.622 -122.61   40.65    22.0    11.0    16.5    15.5     0.0    10.70 C    24.1     8.5    13.6    74.8    44.9    61.0   0.269   0.291 -99.000 -99.000 -99.000    13.2    14.4    14.3 -9999.0    14.8
04222 20211112  2.622 -122.61   40.65    23.5    11.5    17.5    16.6     0.0    10.83 C    25.3     7.8    13.9    67.2    31.3    49.5   0.261   0.282 -99.000 -99.000 -99.000    13.8    15.2    14.9 -9999.0    15.1
04222 20211113  2.622 -122.61   40.65    24.0    13.4    18.7    18.1     0.0    10.37 C    25.1     8.9    14.1    53.7    27.5    42.9   0.254   0.273 -99.000 -99.000 -99.000    14.3    15.7    15.2 -9999.0    15.4
04222 20211114  2.622 -122.61   40.65    19.9    12.1    16.0    15.6     0.0     9.38 C    25.0     9.6    14.3    77.4    42.9    58.4   0.248   0.265 -99.000 -99.000 -99.000    14.7    16.1    15.7 -9999.0    15.6
04222 20211115  2.622 -122.61   40.65    14.5     8.7    11.6    11.6     0.2     5.03 C    18.7     8.2    11.9    94.2    66.9    80.4   0.243   0.257 -99.000 -99.000 -99.000    13.9    15.0    15.6 -9999.0    15.7
04222 20211116  2.622 -122.61   40.65    18.9     6.6    12.7    12.4     0.0    10.24 C    22.5     3.8    10.8    94.2    11.1    47.1   0.239   0.254 -99.000 -99.000 -99.000    13.1    14.7    15.4 -9999.0    15.7
04222 20211117  2.622 -122.61   40.65    18.0     3.7    10.8     9.6     0.0    10.29 C    22.1     1.5     8.5    68.4    17.0    42.1   0.232   0.247 -99.000 -99.000 -99.000    11.3    13.0    14.6 -9999.0    15.5
04222 20211118  2.622 -122.61   40.65    11.1     5.0     8.0     7.9     3.3     1.87 C    11.6     4.7     8.1    93.3    54.3    75.2   0.230   0.242 -99.000 -99.000 -99.000    10.9    11.9    14.0 -9999.0    15.1
04222 20211119  2.622 -122.61   40.65    13.4     7.7    10.5     9.7     0.3     7.16 C    21.8     5.6    10.9    93.5    69.9    85.1   0.242   0.253 -99.000 -99.000 -99.000    11.9    13.1    13.9 -9999.0    14.8
04222 20211120  2.622 -122.61   40.65    19.8     6.2    13.0    10.4     0.0    10.32 C    20.6     3.1     8.4    79.3    11.1    49.3   0.239   0.251 -99.000 -99.000 -99.000    10.7    12.4    13.7 -9999.0    14.7
04222 20211121  2.622 -122.61   40.65    19.1     3.2    11.2     9.9     0.0    10.11 C    22.0     0.8     8.0    60.7    16.6    42.0   0.234   0.246 -99.000 -99.000 -99.000    10.0    11.8    13.2 -9999.0    14.3
04222 20211122  2.622 -122.61   40.65 -9999.0 -9999.0 -9999.0 -9999.0     0.0 -9999.00 U -9999.0 -9999.0 -9999.0 -9999.0 -9999.0 -9999.0 -99.000 -99.000 -99.000 -99.000 -99.000 -9999.0 -9999.0 -9999.0 -9999.0 -9999.0
04222 20211123  2.622 -122.61   40.65    16.5     3.3     9.9     9.2     0.0    10.33 C    20.4     1.4     8.3    76.4    22.7    50.8   0.150   0.151   0.110   0.144   0.101    10.5    11.7    12.4    13.0    13.5
04222 20211124  2.622 -122.61   40.65    18.9     1.3    10.1     8.8     0.0    10.38 C    19.0    -0.4     6.3    65.6    13.1    39.4   0.147   0.151   0.111   0.145   0.105     9.1    10.5    11.5    12.2    12.9
04222 20211125  2.622 -122.61   40.65    14.4     5.3     9.8     9.6     0.0     8.49 C    18.3     1.5     7.4    61.0    23.5    38.0   0.145   0.150   0.111   0.145   0.105     9.9    10.8    11.6    12.1    12.7
04222 20211126  2.622 -122.61   40.65    20.8     7.0    13.9    14.1     0.0     9.07 C    22.3     3.1    10.2    54.2    17.1    34.9   0.143   0.148   0.111   0.144   0.106    11.6    11.9    12.3    12.6    12.9
04222 20211127  2.622 -122.61   40.65    22.8    10.3    16.6    16.7     0.0     8.68 C    24.2     7.3    13.1    65.1    37.3    50.1   0.141   0.147   0.110   0.143   0.105    14.1    13.9    13.8    13.7    13.8
04222 20211128  2.622 -122.61   40.65    18.9     7.6    13.2    13.6     0.0     9.46 C    24.0     6.8    12.5    88.6    45.3    66.7   0.139   0.145   0.109   0.142   0.104    14.1    14.4    14.5    14.4    14.5
04222 20211129  2.622 -122.61   40.65    22.6    10.5    16.6    15.8     0.0     9.95 C    24.0     6.4    12.2    70.5    23.1    43.7   0.137   0.144   0.108   0.140   0.104    14.0    14.3    14.5    14.5    14.7
04222 20211130  2.622 -122.61   40.65    23.3    11.7    17.5    15.8     0.0     8.51 C    21.6     6.7    11.0    44.8    14.8    30.9   0.134   0.143   0.106   0.139   0.103    13.6    14.2    14.5    14.5    14.7
04222 20211201  2.622 -122.61   40.65    26.4     9.7    18.0    14.9     0.0     9.48 C    25.7     5.4    11.5    48.6    13.4    37.9   0.131   0.142   0.106   0.137   0.102    13.5    14.1    14.3    14.4    14.6
04222 20211202  2.622 -122.61   40.65    21.6     7.2    14.4    13.0     0.0     9.39 C    24.9     4.4    10.8    63.2    23.5    48.1   0.129   0.140   0.104   0.136   0.102    13.0    13.8    14.2    14.3    14.6
04222 20211203  2.622 -122.61   40.65    18.6     5.6    12.1    12.8     0.0     9.42 C    23.1     4.7    10.9    84.2    36.2    54.3   0.126   0.139   0.103   0.134   0.100    13.2    13.9    14.3    14.4    14.6
04222 20211204  2.622 -122.61   40.65    18.2     4.6    11.4    10.9     0.0     9.41 C    22.8     3.4     9.6    86.4    37.6    60.3   0.123   0.137   0.101   0.133   0.099    11.9    13.0    13.6    13.9    14.3
04222 20211205  2.622 -122.61   40.65    21.6     9.0    15.3    14.6     0.0     9.31 C    22.4     4.3    10.7    53.7    23.0    36.4   0.121   0.136   0.101   0.132   0.099    12.6    13.2    13.6    13.8    14.1
04222 20211206  2.622 -122.61   40.65    14.2     6.5    10.3     8.6     4.9     0.77 C     9.9     7.4     8.5    93.7    37.0    77.1   0.121   0.135   0.100   0.131   0.098    10.9    12.3    13.1    13.6    14.0
04222 20211207  2.622 -122.61   40.65    18.5     7.4    12.9    11.5     0.0     8.98 C    21.1     5.7    10.8    94.2    41.7    70.5   0.138   0.136   0.100   0.131   0.097    11.5    12.2    12.7    13.1    13.5
04222 20211208  2.622 -122.61   40.65     9.5     7.7     8.6     8.5     0.5     1.72 C    12.4     8.9    10.0    94.3    81.6    90.0   0.135   0.137   0.100   0.131   0.097    10.9    11.9    12.6    13.1    13.5
04222 20211209  2.622 -122.61   40.65    12.3     3.1     7.7     8.4     0.0     9.21 C    17.6     1.0     7.2    91.9    27.8    48.5   0.134   0.137   0.101   0.130   0.097     9.4    11.0    11.9    12.5    13.1
04222 20211210  2.622 -122.61   40.65    12.0    -0.5     5.7     4.8     0.0     9.11 C    16.5    -1.6     4.4    74.7    24.6    53.2   0.130   0.136   0.100   0.130   0.096     7.1     9.0    10.4    11.3    12.0
04222 20211211  2.622 -122.61   40.65     6.9    -0.6     3.1     3.0    11.5     2.36 C     8.3    -0.9     3.6    93.5    48.9    73.0   0.152   0.136   0.104   0.137   0.100     5.8     7.8     9.3    10.3    11.2
04222 20211212  2.622 -122.61   40.65     6.5     3.5     5.0     5.5    10.6     2.55 C     8.8     3.4     6.0    93.3    80.1    87.4   0.267   0.241   0.227   0.302   0.190     6.5     7.5     8.7     9.5    10.2
04222 20211213  2.622 -122.61   40.65     7.8     3.1     5.5     6.2    53.3     0.88 C     7.8     3.1     6.0    92.9    58.2    79.1   0.328   0.387   0.403   0.380   0.445     6.8     7.9     8.7     8.9     9.4
04222 20211214  2.622 -122.61   40.65     7.7    -0.1     3.8     3.7     0.0     8.90 C    13.2    -0.2     3.9    82.8    40.3    63.5   0.257   0.288   0.336   0.340   0.380     5.4     6.9     8.1     8.7     9.4
04222 20211215  2.622 -122.61   40.65     2.6     0.0     1.3     1.1    39.0     0.48 C     3.5    -0.1     1.6    93.8    75.9    89.1   0.326   0.361   0.361   0.375   0.396     3.1     4.7     6.3     6.5     8.7
04222 20211216  2.622 -122.61   40.65     3.9     0.6     2.3     2.3     0.2     1.77 C     7.3     1.0     3.8    93.3    75.0    91.0   0.273   0.325   0.383   0.344   0.413     4.3     5.2     6.3     6.6     7.8
04222 20211217  2.622 -122.61   40.65     8.6     2.0     5.3     4.3     0.0     9.13 C    11.6    -0.7     3.0    77.1    45.5    65.4   0.255   0.269   0.275   0.325   0.342     4.5     5.5     6.6     7.2     7.8
04222 20211218  2.622 -122.61   40.65    10.5     0.2     5.4     4.7     0.0     8.49 C    14.9    -1.0     5.1    83.4    42.6    68.7   0.245   0.257   0.256   0.304   0.295     5.8     6.2     7.0     7.5     8.0
04222 20211219  2.622 -122.61   40.65     4.0     0.4     2.2     2.3     0.0     2.02 C     8.4     0.8     3.9    94.8    80.3    90.0   0.239   0.250   0.246   0.289   0.280     5.0     6.2     7.2     7.9     8.4
04222 20211220  2.622 -122.61   40.65     7.1     1.9     4.5     3.7     0.0     3.22 C    10.9     0.5     4.7    89.1    68.9    82.3   0.237   0.246   0.241   0.275   0.272     5.6     6.4     7.2     7.8     8.3
04222 20211221  2.622 -122.61   40.65     8.1     0.6     4.3     3.9     5.4     2.84 C    10.7    -0.9     3.5    91.4    47.2    75.7   0.242   0.245   0.238   0.268   0.267     4.5     5.5     6.6     7.4     8.0
04222 20211222  2.622 -122.61   40.65     5.4     3.6     4.5     4.7     6.8     1.79 C     7.7     4.3     5.5    94.0    85.8    90.9   0.266   0.266   0.254   0.296   0.298     6.0     6.6     7.2     7.8     8.2
04222 20211223  2.622 -122.61   40.65     8.8     4.4     6.6     6.0     3.9     3.79 C    14.1     5.0     7.3    93.9    79.4    90.0   0.263   0.274   0.314   0.335   0.362     7.4     7.6     8.0     8.3     8.6
04222 20211224  2.622 -122.61   40.65     8.4     3.7     6.1     6.1     0.3     4.85 C    12.5     1.0     5.2    93.9    46.8    65.0   0.251   0.258   0.253   0.298   0.299     6.2     7.1     7.8     8.4     8.8
04222 20211225  2.622 -122.61   40.65     8.1     1.9     5.0     4.0     9.6     5.72 C    13.2     0.1     4.5    92.4    48.1    73.4   0.268   0.277   0.312   0.336   0.378     5.4     6.5     7.4     7.9     8.5
04222 20211226  2.622 -122.61   40.65     4.4     0.6     2.5     2.8     0.9     2.88 C     6.4    -1.2     2.3    89.0    46.7    72.2   0.253   0.259   0.253   0.300   0.304     3.5     4.8     6.1     6.9     7.7
04222 20211227  2.622 -122.61   40.65     6.0     1.8     3.9     3.5     0.4     8.26 C    11.1    -0.6     3.1    88.3    39.0    58.4   0.250   0.256   0.248   0.287   0.285     4.3     5.4     6.3     7.0     7.6
04222 20211228  2.622 -122.61   40.65     2.2    -0.1     1.1     0.8     1.4     2.27 C     6.3     0.1     2.5    92.5    52.8    83.0   0.244   0.250   0.243   0.278   0.277     3.3     4.5     5.6     6.5     7.1
04222 20211229  2.622 -122.61   40.65     6.1    -0.4     2.8     1.4     2.9     5.79 C    14.3    -1.1     2.9    94.0    70.1    87.2   0.258   0.258   0.247   0.286   0.280     4.0     5.0     5.8     6.6     7.1
04222 20211230  2.622 -122.61   40.65     6.6    -0.4     3.1     3.1     0.0     7.45 C    11.5    -1.3     3.2    83.4    55.9    71.1   0.247   0.253   0.244   0.282   0.279     4.1     4.9     5.8     6.4     7.0
04222 20211231  2.622 -122.61   40.65    10.3    -0.1     5.1     4.3     0.0     9.59 C    14.4    -1.4     3.3    78.4    36.0    60.1   0.240   0.249   0.240   0.277   0.274     4.7     5.5     6.2     6.8     7.3
