03728 20020815  1.001  -79.36   33.15 -9999.0 -9999.0 -9999.0 -9999.0 -9999.0 -9999.00 U -9999.0 -9999.0 -9999.0 -9999.0 -9999.0 -9999.0 -99.000 -99.000 -99.000 -99.000 -99.000 -9999.0 -9999.0 -9999.0 -9999.0 -9999.0
03728 20020816  1.001  -79.36   33.15    31.7    23.6    27.7    27.2     0.4    23.49 R -9999.0 -9999.0    31.2 -9999.0 -9999.0 -9999.0 -99.000 -99.000 -99.000 -99.000 -99.000 -9999.0 -9999.0 -9999.0 -9999.0 -9999.0
03728 20020817  1.001  -79.36   33.15    31.6    23.1    27.4    26.7     0.6    17.69 R -9999.0 -9999.0    30.0 -9999.0 -9999.0 -9999.0 -99.000 -99.000 -99.000 -99.000 -99.000 -9999.0 -9999.0 -9999.0 -9999.0 -9999.0
03728 20020818  1.001  -79.36   33.15    33.2    24.8    29.0    28.4 -9999.0    20.95 R -9999.0 -9999.0    32.7 -9999.0 -9999.0 -9999.0 -99.000 -99.000 -99.000 -99.000 -99.000 -9999.0 -9999.0 -9999.0 -9999.0 -9999.0
03728 20020819  1.001  -79.36   33.15    33.7    21.9    27.8    27.5     0.2    20.10 R -9999.0 -9999.0    31.6 -9999.0 -9999.0 -9999.0 -99.000 -99.000 -99.000 -99.000 -99.000 -9999.0 -9999.0 -9999.0 -9999.0 -9999.0
03728 20020820  1.001  -79.36   33.15    33.2    22.0    27.6    27.0     0.2    19.41 R -9999.0 -9999.0    31.0 -9999.0 -9999.0 -9999.0 -99.000 -99.000 -99.000 -99.000 -99.000 -9999.0 -9999.0 -9999.0 -9999.0 -9999.0
03728 20020821  1.001  -79.36   33.15    32.5    24.1    28.3    27.1     0.0    16.69 R -9999.0 -9999.0    30.7 -9999.0 -9999.0 -9999.0 -99.000 -99.000 -99.000 -99.000 -99.000 -9999.0 -9999.0 -9999.0 -9999.0 -9999.0
03728 20020822  1.001  -79.36   33.15    31.4    23.1    27.3    27.1     0.0    21.39 R -9999.0 -9999.0    31.5 -9999.0 -9999.0 -9999.0 -99.000 -99.000 -99.000 -99.000 -99.000 -9999.0 -9999.0 -9999.0 -9999.0 -9999.0
03728 20020823  1.001  -79.36   33.15    34.5    23.4    29.0    28.4     0.0    22.94 R -9999.0 -9999.0    33.0 -9999.0 -9999.0 -9999.0 -99.000 -99.000 -99.000 -99.000 -99.000 -9999.0 -9999.0 -9999.0 -9999.0 -9999.0
03728 20020824  1.001  -79.36   33.15    35.7    23.2    29.5    29.2    18.1    23.12 R -9999.0 -9999.0    34.2 -9999.0 -9999.0 -9999.0 -99.000 -99.000 -99.000 -99.000 -99.000 -9999.0 -9999.0 -9999.0 -9999.0 -9999.0
03728 20020825  1.001  -79.36   33.15    31.5    21.7    26.6    25.2    11.2    18.12 R -9999.0 -9999.0    28.8 -9999.0 -9999.0 -9999.0 -99.000 -99.000 -99.000 -99.000 -99.000 -9999.0 -9999.0 -9999.0 -9999.0 -9999.0
03728 20020826  1.001  -79.36   33.15    27.3    21.7    24.5    23.9    22.0    10.09 R -9999.0 -9999.0    26.2 -9999.0 -9999.0 -9999.0 -99.000 -99.000 -99.000 -99.000 -99.000 -9999.0 -9999.0 -9999.0 -9999.0 -9999.0
03728 20020827  1.001  -79.36   33.15    27.8    22.0    24.9    24.6    18.2     7.87 R -9999.0 -9999.0    26.0 -9999.0 -9999.0 -9999.0 -99.000 -99.000 -99.000 -99.000 -99.000 -9999.0 -9999.0 -9999.0 -9999.0 -9999.0
03728 20020828  1.001  -79.36   33.15    26.3    21.7    24.0    23.8    62.7     4.14 R -9999.0 -9999.0    24.6 -9999.0 -9999.0 -9999.0 -99.000 -99.000 -99.000 -99.000 -99.000 -9999.0 -9999.0 -9999.0 -9999.0 -9999.0
03728 20020829  1.001  -79.36   33.15    26.1    22.4    24.3    23.6    11.1     6.27 R -9999.0 -9999.0    25.0 -9999.0 -9999.0 -9999.0 -99.000 -99.000 -99.000 -99.000 -99.000 -9999.0 -9999.0 -9999.0 -9999.0 -9999.0
03728 20020830  1.001  -79.36   33.15    24.6    21.9    23.3    23.2    57.9     2.69 R -9999.0 -9999.0    23.8 -9999.0 -9999.0 -9999.0 -99.000 -99.000 -99.000 -99.000 -99.000 -9999.0 -9999.0 -9999.0 -9999.0 -9999.0
03728 20020831  1.001  -79.36   33.15    28.4    22.6    25.5    24.1    10.9     8.39 R -9999.0 -9999.0    25.5 -9999.0 -9999.0 -9999.0 -99.000 -99.000 -99.000 -99.000 -99.000 -9999.0 -9999.0 -9999.0 -9999.0 -9999.0
03728 20020901  1.001  -79.36   33.15    28.3    22.9    25.6    24.5     1.3     7.90 R -9999.0 -9999.0    26.0 -9999.0 -9999.0 -9999.0 -99.000 -99.000 -99.000 -99.000 -99.000 -9999.0 -9999.0 -9999.0 -9999.0 -9999.0
03728 20020902  1.001  -79.36   33.15    28.1    22.6    25.4    24.2    37.8    11.43 R -9999.0 -9999.0    25.7 -9999.0 -9999.0 -9999.0 -99.000 -99.000 -99.000 -99.000 -99.000 -9999.0 -9999.0 -9999.0 -9999.0 -9999.0
03728 20020903  1.001  -79.36   33.15    29.7    22.6    26.2    25.4     0.6    22.34 R -9999.0 -9999.0    27.7 -9999.0 -9999.0 -9999.0 -99.000 -99.000 -99.000 -99.000 -99.000 -9999.0 -9999.0 -9999.0 -9999.0 -9999.0
03728 20020904  1.001  -79.36   33.15    30.4    22.2    26.3    25.9     0.0    24.77 R -9999.0 -9999.0    28.5 -9999.0 -9999.0 -9999.0 -99.000 -99.000 -99.000 -99.000 -99.000 -9999.0 -9999.0 -9999.0 -9999.0 -9999.0
03728 20020905  1.001  -79.36   33.15    30.4    22.1    26.3    26.0     0.0    17.44 R -9999.0 -9999.0    28.1 -9999.0 -9999.0 -9999.0 -99.000 -99.000 -99.000 -99.000 -99.000 -9999.0 -9999.0 -9999.0 -9999.0 -9999.0
03728 20020906  1.001  -79.36   33.15    29.1    22.3    25.7    25.5     0.0    16.02 R -9999.0 -9999.0    26.8 -9999.0 -9999.0 -9999.0 -99.000 -99.000 -99.000 -99.000 -99.000 -9999.0 -9999.0 -9999.0 -9999.0 -9999.0
03728 20020907  1.001  -79.36   33.15    28.3    20.6    24.5    24.9     0.0    24.33 R -9999.0 -9999.0    27.3 -9999.0 -9999.0 -9999.0 -99.000 -99.000 -99.000 -99.000 -99.000 -9999.0 -9999.0 -9999.0 -9999.0 -9999.0
03728 20020908  1.001  -79.36   33.15    28.5    20.9    24.7    24.2     0.5    10.88 R -9999.0 -9999.0    25.4 -9999.0 -9999.0 -9999.0 -99.000 -99.000 -99.000 -99.000 -99.000 -9999.0 -9999.0 -9999.0 -9999.0 -9999.0
03728 20020909  1.001  -79.36   33.15    28.6    21.1    24.9    24.6     0.0    17.72 R -9999.0 -9999.0    26.4 -9999.0 -9999.0 -9999.0 -99.000 -99.000 -99.000 -99.000 -99.000 -9999.0 -9999.0 -9999.0 -9999.0 -9999.0
03728 20020910  1.001  -79.36   33.15    30.7    21.7    26.2    25.7     0.0    19.96 R -9999.0 -9999.0    27.7 -9999.0 -9999.0 -9999.0 -99.000 -99.000 -99.000 -99.000 -99.000 -9999.0 -9999.0 -9999.0 -9999.0 -9999.0
03728 20020911  1.001  -79.36   33.15    33.3    22.1    27.7    26.6     0.3    20.35 R -9999.0 -9999.0    27.8 -9999.0 -9999.0 -9999.0 -99.000 -99.000 -99.000 -99.000 -99.000 -9999.0 -9999.0 -9999.0 -9999.0 -9999.0
03728 20020912  1.001  -79.36   33.15    28.0    22.2    25.1    25.4     0.0    14.08 R -9999.0 -9999.0    26.8 -9999.0 -9999.0 -9999.0 -99.000 -99.000 -99.000 -99.000 -99.000 -9999.0 -9999.0 -9999.0 -9999.0 -9999.0
03728 20020913  1.001  -79.36   33.15    29.0    23.6    26.3    26.1     0.0    14.74 R -9999.0 -9999.0    27.7 -9999.0 -9999.0 -9999.0 -99.000 -99.000 -99.000 -99.000 -99.000 -9999.0 -9999.0 -9999.0 -9999.0 -9999.0
03728 20020914  1.001  -79.36   33.15    29.7    22.9    26.3    25.6     3.0    10.62 R -9999.0 -9999.0    26.6 -9999.0 -9999.0 -9999.0 -99.000 -99.000 -99.000 -99.000 -99.000 -9999.0 -9999.0 -9999.0 -9999.0 -9999.0
03728 20020915  1.001  -79.36   33.15    29.5    22.8    26.2    25.7    16.4    11.29 R -9999.0 -9999.0    26.3 -9999.0 -9999.0 -9999.0 -99.000 -99.000 -99.000 -99.000 -99.000 -9999.0 -9999.0 -9999.0 -9999.0 -9999.0
03728 20020916  1.001  -79.36   33.15    29.2    22.9    26.1    25.7    11.8    12.86 R -9999.0 -9999.0    26.9 -9999.0 -9999.0 -9999.0 -99.000 -99.000 -99.000 -99.000 -99.000 -9999.0 -9999.0 -9999.0 -9999.0 -9999.0
03728 20020917  1.001  -79.36   33.15    29.3    22.3    25.8    24.9     0.0    14.29 R -9999.0 -9999.0    26.1 -9999.0 -9999.0 -9999.0 -99.000 -99.000 -99.000 -99.000 -99.000 -9999.0 -9999.0 -9999.0 -9999.0 -9999.0
03728 20020918  1.001  -79.36   33.15    29.3    21.7    25.5    25.1     0.4    11.86 R -9999.0 -9999.0    26.3 -9999.0 -9999.0 -9999.0 -99.000 -99.000 -99.000 -99.000 -99.000 -9999.0 -9999.0 -9999.0 -9999.0 -9999.0
03728 20020919  1.001  -79.36   33.15    29.0    23.3    26.2    25.6     0.0    13.99 R -9999.0 -9999.0    26.4 -9999.0 -9999.0 -9999.0 -99.000 -99.000 -99.000 -99.000 -99.000 -9999.0 -9999.0 -9999.0 -9999.0 -9999.0
03728 20020920  1.001  -79.36   33.15    28.6    22.4    25.5    25.4     0.0    16.52 R -9999.0 -9999.0    26.0 -9999.0 -9999.0 -9999.0 -99.000 -99.000 -99.000 -99.000 -99.000 -9999.0 -9999.0 -9999.0 -9999.0 -9999.0
03728 20020921  1.001  -79.36   33.15    28.9    20.7    24.8    24.7     0.0    22.33 R -9999.0 -9999.0    26.3 -9999.0 -9999.0 -9999.0 -99.000 -99.000 -99.000 -99.000 -99.000 -9999.0 -9999.0 -9999.0 -9999.0 -9999.0
03728 20020922  1.001  -79.36   33.15    29.4    20.0    24.7    24.5     0.0    18.77 R -9999.0 -9999.0    25.9 -9999.0 -9999.0 -9999.0 -99.000 -99.000 -99.000 -99.000 -99.000 -9999.0 -9999.0 -9999.0 -9999.0 -9999.0
03728 20020923  1.001  -79.36   33.15    29.4    22.4    25.9    24.6     0.0    16.68 R -9999.0 -9999.0    26.5 -9999.0 -9999.0 -9999.0 -99.000 -99.000 -99.000 -99.000 -99.000 -9999.0 -9999.0 -9999.0 -9999.0 -9999.0
03728 20020924  1.001  -79.36   33.15    26.4    22.1    24.3    23.6     1.2     8.73 R -9999.0 -9999.0    25.0 -9999.0 -9999.0 -9999.0 -99.000 -99.000 -99.000 -99.000 -99.000 -9999.0 -9999.0 -9999.0 -9999.0 -9999.0
03728 20020925  1.001  -79.36   33.15    26.1    22.5    24.3    24.2    56.8     4.56 R -9999.0 -9999.0    24.8 -9999.0 -9999.0 -9999.0 -99.000 -99.000 -99.000 -99.000 -99.000 -9999.0 -9999.0 -9999.0 -9999.0 -9999.0
03728 20020926  1.001  -79.36   33.15    29.5    22.7    26.1    26.4     4.1    16.09 R -9999.0 -9999.0    27.3 -9999.0 -9999.0 -9999.0 -99.000 -99.000 -99.000 -99.000 -99.000 -9999.0 -9999.0 -9999.0 -9999.0 -9999.0
03728 20020927  1.001  -79.36   33.15    29.7    26.7    28.2    27.8     0.0    15.23 R -9999.0 -9999.0    28.2 -9999.0 -9999.0 -9999.0 -99.000 -99.000 -99.000 -99.000 -99.000 -9999.0 -9999.0 -9999.0 -9999.0 -9999.0
03728 20020928  1.001  -79.36   33.15    29.9    22.4    26.2    26.0     0.4    13.99 R -9999.0 -9999.0    27.0 -9999.0 -9999.0 -9999.0 -99.000 -99.000 -99.000 -99.000 -99.000 -9999.0 -9999.0 -9999.0 -9999.0 -9999.0
03728 20020929  1.001  -79.36   33.15    25.9    21.7    23.8    24.2     0.2     7.22 R -9999.0 -9999.0    24.9 -9999.0 -9999.0 -9999.0 -99.000 -99.000 -99.000 -99.000 -99.000 -9999.0 -9999.0 -9999.0 -9999.0 -9999.0
03728 20020930  1.001  -79.36   33.15    27.5    20.3    23.9    23.2     0.0    11.19 R -9999.0 -9999.0    24.4 -9999.0 -9999.0 -9999.0 -99.000 -99.000 -99.000 -99.000 -99.000 -9999.0 -9999.0 -9999.0 -9999.0 -9999.0
03728 20021001  1.001  -79.36   33.15    28.0    20.9    24.5    23.6     2.3    14.73 R -9999.0 -9999.0    24.3 -9999.0 -9999.0 -9999.0 -99.000 -99.000 -99.000 -99.000 -99.000 -9999.0 -9999.0 -9999.0 -9999.0 -9999.0
03728 20021002  1.001  -79.36   33.15    28.6    20.0    24.3    23.7     0.2    19.51 R -9999.0 -9999.0    24.7 -9999.0 -9999.0 -9999.0 -99.000 -99.000 -99.000 -99.000 -99.000 -9999.0 -9999.0 -9999.0 -9999.0 -9999.0
03728 20021003  1.001  -79.36   33.15    30.2    20.0    25.1    24.3     0.0    16.66 R -9999.0 -9999.0    25.2 -9999.0 -9999.0 -9999.0 -99.000 -99.000 -99.000 -99.000 -99.000 -9999.0 -9999.0 -9999.0 -9999.0 -9999.0
03728 20021004  1.001  -79.36   33.15    29.5    21.0    25.3    24.6     0.0    18.19 R -9999.0 -9999.0    25.8 -9999.0 -9999.0 -9999.0 -99.000 -99.000 -99.000 -99.000 -99.000 -9999.0 -9999.0 -9999.0 -9999.0 -9999.0
03728 20021005  1.001  -79.36   33.15    31.4    21.6    26.5    26.0     0.0    17.18 R -9999.0 -9999.0    26.9 -9999.0 -9999.0 -9999.0 -99.000 -99.000 -99.000 -99.000 -99.000 -9999.0 -9999.0 -9999.0 -9999.0 -9999.0
03728 20021006  1.001  -79.36   33.15    28.4    22.7    25.6    25.4     0.0    12.18 R -9999.0 -9999.0    26.2 -9999.0 -9999.0 -9999.0 -99.000 -99.000 -99.000 -99.000 -99.000 -9999.0 -9999.0 -9999.0 -9999.0 -9999.0
03728 20021007  1.001  -79.36   33.15    29.9    22.0    26.0    24.2     1.5    14.05 R -9999.0 -9999.0    26.0 -9999.0 -9999.0 -9999.0 -99.000 -99.000 -99.000 -99.000 -99.000 -9999.0 -9999.0 -9999.0 -9999.0 -9999.0
03728 20021008  1.001  -79.36   33.15    25.0    19.5    22.3    22.1     7.0     6.53 R -9999.0 -9999.0    23.2 -9999.0 -9999.0 -9999.0 -99.000 -99.000 -99.000 -99.000 -99.000 -9999.0 -9999.0 -9999.0 -9999.0 -9999.0
03728 20021009  1.001  -79.36   33.15    24.9    19.0    22.0    21.9     0.0     8.33 R -9999.0 -9999.0    23.1 -9999.0 -9999.0 -9999.0 -99.000 -99.000 -99.000 -99.000 -99.000 -9999.0 -9999.0 -9999.0 -9999.0 -9999.0
03728 20021010  1.001  -79.36   33.15    28.6    20.5    24.6    23.9    16.4    10.40 R -9999.0 -9999.0    24.8 -9999.0 -9999.0 -9999.0 -99.000 -99.000 -99.000 -99.000 -99.000 -9999.0 -9999.0 -9999.0 -9999.0 -9999.0
03728 20021011  1.001  -79.36   33.15    26.3    21.4    23.9    24.2    35.4     4.35 R -9999.0 -9999.0    24.3 -9999.0 -9999.0 -9999.0 -99.000 -99.000 -99.000 -99.000 -99.000 -9999.0 -9999.0 -9999.0 -9999.0 -9999.0
03728 20021012  1.001  -79.36   33.15    28.1    19.3    23.7    22.7     0.9    16.85 R -9999.0 -9999.0    23.8 -9999.0 -9999.0 -9999.0 -99.000 -99.000 -99.000 -99.000 -99.000 -9999.0 -9999.0 -9999.0 -9999.0 -9999.0
03728 20021013  1.001  -79.36   33.15    27.6    20.2    23.9    23.0    12.5    11.55 R -9999.0 -9999.0    23.9 -9999.0 -9999.0 -9999.0 -99.000 -99.000 -99.000 -99.000 -99.000 -9999.0 -9999.0 -9999.0 -9999.0 -9999.0
03728 20021014  1.001  -79.36   33.15    21.3    17.4    19.4    19.2     0.5     2.50 R -9999.0 -9999.0    20.1 -9999.0 -9999.0 -9999.0 -99.000 -99.000 -99.000 -99.000 -99.000 -9999.0 -9999.0 -9999.0 -9999.0 -9999.0
03728 20021015  1.001  -79.36   33.15    19.2    15.1    17.2    17.3    50.8     2.17 R -9999.0 -9999.0    18.1 -9999.0 -9999.0 -9999.0 -99.000 -99.000 -99.000 -99.000 -99.000 -9999.0 -9999.0 -9999.0 -9999.0 -9999.0
03728 20021016  1.001  -79.36   33.15    19.0    13.9    16.5    16.7     0.3     5.83 R -9999.0 -9999.0    17.4 -9999.0 -9999.0 -9999.0 -99.000 -99.000 -99.000 -99.000 -99.000 -9999.0 -9999.0 -9999.0 -9999.0 -9999.0
03728 20021017  1.001  -79.36   33.15    23.3    13.0    18.2    17.3     0.9    16.34 R -9999.0 -9999.0    17.6 -9999.0 -9999.0 -9999.0 -99.000 -99.000 -99.000 -99.000 -99.000 -9999.0 -9999.0 -9999.0 -9999.0 -9999.0
03728 20021018  1.001  -79.36   33.15    20.0    10.5    15.3    14.4     1.2    19.09 R -9999.0 -9999.0    15.4 -9999.0 -9999.0 -9999.0 -99.000 -99.000 -99.000 -99.000 -99.000 -9999.0 -9999.0 -9999.0 -9999.0 -9999.0
03728 20021019  1.001  -79.36   33.15    22.7     9.7    16.2    16.1     1.4    15.67 R -9999.0 -9999.0    17.2 -9999.0 -9999.0 -9999.0 -99.000 -99.000 -99.000 -99.000 -99.000 -9999.0 -9999.0 -9999.0 -9999.0 -9999.0
03728 20021020  1.001  -79.36   33.15    25.8    16.1    21.0    19.9     0.8    15.10 R -9999.0 -9999.0    20.5 -9999.0 -9999.0 -9999.0 -99.000 -99.000 -99.000 -99.000 -99.000 -9999.0 -9999.0 -9999.0 -9999.0 -9999.0
03728 20021021  1.001  -79.36   33.15    24.0    17.6    20.8    19.6     3.1     5.78 R -9999.0 -9999.0    20.2 -9999.0 -9999.0 -9999.0 -99.000 -99.000 -99.000 -99.000 -99.000 -9999.0 -9999.0 -9999.0 -9999.0 -9999.0
03728 20021022  1.001  -79.36   33.15    19.5    15.0    17.3    16.2     3.3     2.80 R -9999.0 -9999.0    17.4 -9999.0 -9999.0 -9999.0 -99.000 -99.000 -99.000 -99.000 -99.000 -9999.0 -9999.0 -9999.0 -9999.0 -9999.0
03728 20021023  1.001  -79.36   33.15    20.5    15.0    17.8    17.0     0.3    10.28 R -9999.0 -9999.0    18.4 -9999.0 -9999.0 -9999.0 -99.000 -99.000 -99.000 -99.000 -99.000 -9999.0 -9999.0 -9999.0 -9999.0 -9999.0
03728 20021024  1.001  -79.36   33.15    20.2    16.6    18.4    17.9     3.5     2.65 R -9999.0 -9999.0    18.4 -9999.0 -9999.0 -9999.0 -99.000 -99.000 -99.000 -99.000 -99.000 -9999.0 -9999.0 -9999.0 -9999.0 -9999.0
03728 20021025  1.001  -79.36   33.15    20.9    16.0    18.5    18.3     0.3     4.32 R -9999.0 -9999.0    18.8 -9999.0 -9999.0 -9999.0 -99.000 -99.000 -99.000 -99.000 -99.000 -9999.0 -9999.0 -9999.0 -9999.0 -9999.0
03728 20021026  1.001  -79.36   33.15    21.5    16.4    19.0    18.3     0.7     9.21 R -9999.0 -9999.0    19.7 -9999.0 -9999.0 -9999.0 -99.000 -99.000 -99.000 -99.000 -99.000 -9999.0 -9999.0 -9999.0 -9999.0 -9999.0
03728 20021027  1.001  -79.36   33.15    24.6    15.9    20.3    20.1     1.3    15.67 R -9999.0 -9999.0    21.3 -9999.0 -9999.0 -9999.0 -99.000 -99.000 -99.000 -99.000 -99.000 -9999.0 -9999.0 -9999.0 -9999.0 -9999.0
03728 20021028  1.001  -79.36   33.15    26.4    19.5    23.0    22.3     1.8    10.44 R -9999.0 -9999.0    22.9 -9999.0 -9999.0 -9999.0 -99.000 -99.000 -99.000 -99.000 -99.000 -9999.0 -9999.0 -9999.0 -9999.0 -9999.0
03728 20021029  1.001  -79.36   33.15    25.0    20.5    22.8    21.9     2.0     3.54 R -9999.0 -9999.0    22.5 -9999.0 -9999.0 -9999.0 -99.000 -99.000 -99.000 -99.000 -99.000 -9999.0 -9999.0 -9999.0 -9999.0 -9999.0
03728 20021030  1.001  -79.36   33.15    23.2    13.4    18.3    19.8     1.6     7.45 R -9999.0 -9999.0    20.7 -9999.0 -9999.0 -9999.0 -99.000 -99.000 -99.000 -99.000 -99.000 -9999.0 -9999.0 -9999.0 -9999.0 -9999.0
03728 20021031  1.001  -79.36   33.15    17.7     9.7    13.7    12.9     0.0    15.09 R -9999.0 -9999.0    14.9 -9999.0 -9999.0 -9999.0 -99.000 -99.000 -99.000 -99.000 -99.000 -9999.0 -9999.0 -9999.0 -9999.0 -9999.0
03728 20021101  1.001  -79.36   33.15    16.5     7.7    12.1    12.0     0.5    16.29 R -9999.0 -9999.0    13.2 -9999.0 -9999.0 -9999.0 -99.000 -99.000 -99.000 -99.000 -99.000 -9999.0 -9999.0 -9999.0 -9999.0 -9999.0
03728 20021102  1.001  -79.36   33.15    17.2     6.8    12.0    10.7     1.5    16.68 R -9999.0 -9999.0    11.8 -9999.0 -9999.0 -9999.0 -99.000 -99.000 -99.000 -99.000 -99.000 -9999.0 -9999.0 -9999.0 -9999.0 -9999.0
03728 20021103  1.001  -79.36   33.15    16.6     7.4    12.0    11.9     0.5     9.38 R -9999.0 -9999.0    13.2 -9999.0 -9999.0 -9999.0 -99.000 -99.000 -99.000 -99.000 -99.000 -9999.0 -9999.0 -9999.0 -9999.0 -9999.0
03728 20021104  1.001  -79.36   33.15    14.4    11.3    12.9    13.1     2.2     1.33 R -9999.0 -9999.0    14.1 -9999.0 -9999.0 -9999.0 -99.000 -99.000 -99.000 -99.000 -99.000 -9999.0 -9999.0 -9999.0 -9999.0 -9999.0
03728 20021105  1.001  -79.36   33.15    22.5    12.8    17.7    17.0    12.1     1.77 R -9999.0 -9999.0    17.2 -9999.0 -9999.0 -9999.0 -99.000 -99.000 -99.000 -99.000 -99.000 -9999.0 -9999.0 -9999.0 -9999.0 -9999.0
03728 20021106  1.001  -79.36   33.15    23.1     9.4    16.3    18.3    18.2     8.46 R -9999.0 -9999.0    17.9 -9999.0 -9999.0 -9999.0 -99.000 -99.000 -99.000 -99.000 -99.000 -9999.0 -9999.0 -9999.0 -9999.0 -9999.0
03728 20021107  1.001  -79.36   33.15    15.8     5.3    10.6     9.5     0.3    16.09 R -9999.0 -9999.0    10.5 -9999.0 -9999.0 -9999.0 -99.000 -99.000 -99.000 -99.000 -99.000 -9999.0 -9999.0 -9999.0 -9999.0 -9999.0
03728 20021108  1.001  -79.36   33.15    18.7     5.7    12.2    11.5     0.3    16.02 R -9999.0 -9999.0    11.8 -9999.0 -9999.0 -9999.0 -99.000 -99.000 -99.000 -99.000 -99.000 -9999.0 -9999.0 -9999.0 -9999.0 -9999.0
03728 20021109  1.001  -79.36   33.15    23.3     9.7    16.5    16.6     0.6    12.03 R -9999.0 -9999.0    16.6 -9999.0 -9999.0 -9999.0 -99.000 -99.000 -99.000 -99.000 -99.000 -9999.0 -9999.0 -9999.0 -9999.0 -9999.0
03728 20021110  1.001  -79.36   33.15    24.2    16.3    20.3    20.0     9.3     6.10 R -9999.0 -9999.0    19.5 -9999.0 -9999.0 -9999.0 -99.000 -99.000 -99.000 -99.000 -99.000 -9999.0 -9999.0 -9999.0 -9999.0 -9999.0
03728 20021111  1.001  -79.36   33.15    26.5    18.2    22.4    21.8     2.7    10.01 R -9999.0 -9999.0    21.9 -9999.0 -9999.0 -9999.0 -99.000 -99.000 -99.000 -99.000 -99.000 -9999.0 -9999.0 -9999.0 -9999.0 -9999.0
03728 20021112  1.001  -79.36   33.15    24.0    15.5    19.8    20.1    20.4     3.91 R -9999.0 -9999.0    20.2 -9999.0 -9999.0 -9999.0 -99.000 -99.000 -99.000 -99.000 -99.000 -9999.0 -9999.0 -9999.0 -9999.0 -9999.0
03728 20021113  1.001  -79.36   33.15    16.5     6.4    11.5    12.0    12.2     9.48 R -9999.0 -9999.0    12.8 -9999.0 -9999.0 -9999.0 -99.000 -99.000 -99.000 -99.000 -99.000 -9999.0 -9999.0 -9999.0 -9999.0 -9999.0
03728 20021114  1.001  -79.36   33.15    16.3     4.7    10.5     9.4     0.8    15.43 R -9999.0 -9999.0    10.0 -9999.0 -9999.0 -9999.0 -99.000 -99.000 -99.000 -99.000 -99.000 -9999.0 -9999.0 -9999.0 -9999.0 -9999.0
03728 20021115  1.001  -79.36   33.15    21.5     7.4    14.5    14.1     0.9     6.43 R -9999.0 -9999.0    13.7 -9999.0 -9999.0 -9999.0 -99.000 -99.000 -99.000 -99.000 -99.000 -9999.0 -9999.0 -9999.0 -9999.0 -9999.0
03728 20021116  1.001  -79.36   33.15    21.5    16.7    19.1    18.2    13.0     1.92 R -9999.0 -9999.0    17.9 -9999.0 -9999.0 -9999.0 -99.000 -99.000 -99.000 -99.000 -99.000 -9999.0 -9999.0 -9999.0 -9999.0 -9999.0
03728 20021117  1.001  -79.36   33.15    17.9     5.9    11.9    12.5     9.7     1.03 R -9999.0 -9999.0    13.1 -9999.0 -9999.0 -9999.0 -99.000 -99.000 -99.000 -99.000 -99.000 -9999.0 -9999.0 -9999.0 -9999.0 -9999.0
03728 20021118  1.001  -79.36   33.15    13.1     2.6     7.9     6.8     1.6    15.10 R -9999.0 -9999.0     8.1 -9999.0 -9999.0 -9999.0 -99.000 -99.000 -99.000 -99.000 -99.000 -9999.0 -9999.0 -9999.0 -9999.0 -9999.0
03728 20021119  1.001  -79.36   33.15    16.1     3.1     9.6     9.2     1.2    14.33 R -9999.0 -9999.0    10.0 -9999.0 -9999.0 -9999.0 -99.000 -99.000 -99.000 -99.000 -99.000 -9999.0 -9999.0 -9999.0 -9999.0 -9999.0
03728 20021120  1.001  -79.36   33.15    17.4     7.4    12.4    12.5     1.0     9.01 R -9999.0 -9999.0    13.1 -9999.0 -9999.0 -9999.0 -99.000 -99.000 -99.000 -99.000 -99.000 -9999.0 -9999.0 -9999.0 -9999.0 -9999.0
03728 20021121  1.001  -79.36   33.15    18.7    12.9    15.8    15.1     0.2     4.89 R -9999.0 -9999.0    15.3 -9999.0 -9999.0 -9999.0 -99.000 -99.000 -99.000 -99.000 -99.000 -9999.0 -9999.0 -9999.0 -9999.0 -9999.0
03728 20021122  1.001  -79.36   33.15    16.5     4.9    10.7    12.1     1.1    13.78 R -9999.0 -9999.0    12.3 -9999.0 -9999.0 -9999.0 -99.000 -99.000 -99.000 -99.000 -99.000 -9999.0 -9999.0 -9999.0 -9999.0 -9999.0
03728 20021123  1.001  -79.36   33.15    13.7     0.9     7.3     6.3     1.0    14.57 R -9999.0 -9999.0     6.8 -9999.0 -9999.0 -9999.0 -99.000 -99.000 -99.000 -99.000 -99.000 -9999.0 -9999.0 -9999.0 -9999.0 -9999.0
03728 20021124  1.001  -79.36   33.15    16.3     3.1     9.7     9.5     0.9    14.02 R -9999.0 -9999.0     9.1 -9999.0 -9999.0 -9999.0 -99.000 -99.000 -99.000 -99.000 -99.000 -9999.0 -9999.0 -9999.0 -9999.0 -9999.0
03728 20021125  1.001  -79.36   33.15    20.4     5.9    13.2    11.8     0.7    12.23 R -9999.0 -9999.0    11.4 -9999.0 -9999.0 -9999.0 -99.000 -99.000 -99.000 -99.000 -99.000 -9999.0 -9999.0 -9999.0 -9999.0 -9999.0
03728 20021126  1.001  -79.36   33.15    19.8     8.3    14.1    13.1     0.9    12.56 R -9999.0 -9999.0    13.2 -9999.0 -9999.0 -9999.0 -99.000 -99.000 -99.000 -99.000 -99.000 -9999.0 -9999.0 -9999.0 -9999.0 -9999.0
03728 20021127  1.001  -79.36   33.15    17.3     6.3    11.8    11.5     0.7    12.61 R -9999.0 -9999.0    11.7 -9999.0 -9999.0 -9999.0 -99.000 -99.000 -99.000 -99.000 -99.000 -9999.0 -9999.0 -9999.0 -9999.0 -9999.0
03728 20021128  1.001  -79.36   33.15    10.0     0.0     5.0     4.5     1.1    12.49 R -9999.0 -9999.0     5.4 -9999.0 -9999.0 -9999.0 -99.000 -99.000 -99.000 -99.000 -99.000 -9999.0 -9999.0 -9999.0 -9999.0 -9999.0
03728 20021129  1.001  -79.36   33.15    12.3    -1.6     5.4     6.1     0.6    13.97 R -9999.0 -9999.0     6.4 -9999.0 -9999.0 -9999.0 -99.000 -99.000 -99.000 -99.000 -99.000 -9999.0 -9999.0 -9999.0 -9999.0 -9999.0
03728 20021130  1.001  -79.36   33.15    18.2     8.5    13.4    12.4     0.2     9.96 R -9999.0 -9999.0    11.7 -9999.0 -9999.0 -9999.0 -99.000 -99.000 -99.000 -99.000 -99.000 -9999.0 -9999.0 -9999.0 -9999.0 -9999.0
03728 20021201  1.001  -79.36   33.15    11.2    -0.3     5.5     6.0     1.1    13.98 R -9999.0 -9999.0     5.9 -9999.0 -9999.0 -9999.0 -99.000 -99.000 -99.000 -99.000 -99.000 -9999.0 -9999.0 -9999.0 -9999.0 -9999.0
03728 20021202  1.001  -79.36   33.15    13.6    -0.7     6.5     6.3     1.2    12.76 R -9999.0 -9999.0     6.2 -9999.0 -9999.0 -9999.0 -99.000 -99.000 -99.000 -99.000 -99.000 -9999.0 -9999.0 -9999.0 -9999.0 -9999.0
03728 20021203  1.001  -79.36   33.15    15.4     4.7    10.1     9.7     1.4    12.83 R -9999.0 -9999.0     9.1 -9999.0 -9999.0 -9999.0 -99.000 -99.000 -99.000 -99.000 -99.000 -9999.0 -9999.0 -9999.0 -9999.0 -9999.0
03728 20021204  1.001  -79.36   33.15     9.1     1.4     5.3     4.1     0.6     0.77 R -9999.0 -9999.0     4.9 -9999.0 -9999.0 -9999.0 -99.000 -99.000 -99.000 -99.000 -99.000 -9999.0 -9999.0 -9999.0 -9999.0 -9999.0
03728 20021205  1.001  -79.36   33.15     6.4     2.0     4.2     4.3     2.4     1.71 R -9999.0 -9999.0     5.9 -9999.0 -9999.0 -9999.0 -99.000 -99.000 -99.000 -99.000 -99.000 -9999.0 -9999.0 -9999.0 -9999.0 -9999.0
03728 20021206  1.001  -79.36   33.15    10.2     0.3     5.3     4.7     0.7    12.17 R -9999.0 -9999.0     6.1 -9999.0 -9999.0 -9999.0 -99.000 -99.000 -99.000 -99.000 -99.000 -9999.0 -9999.0 -9999.0 -9999.0 -9999.0
03728 20021207  1.001  -79.36   33.15    11.4    -1.9     4.8     3.2     1.2    13.86 R -9999.0 -9999.0     3.4 -9999.0 -9999.0 -9999.0 -99.000 -99.000 -99.000 -99.000 -99.000 -9999.0 -9999.0 -9999.0 -9999.0 -9999.0
03728 20021208  1.001  -79.36   33.15    12.6    -0.7     6.0     5.1     1.2     8.56 R -9999.0 -9999.0     4.9 -9999.0 -9999.0 -9999.0 -99.000 -99.000 -99.000 -99.000 -99.000 -9999.0 -9999.0 -9999.0 -9999.0 -9999.0
03728 20021209  1.001  -79.36   33.15    10.0     4.5     7.3     7.4     0.3     3.50 R -9999.0 -9999.0     7.6 -9999.0 -9999.0 -9999.0 -99.000 -99.000 -99.000 -99.000 -99.000 -9999.0 -9999.0 -9999.0 -9999.0 -9999.0
03728 20021210  1.001  -79.36   33.15    10.7     3.9     7.3     6.6    31.5     1.62 R -9999.0 -9999.0     7.4 -9999.0 -9999.0 -9999.0 -99.000 -99.000 -99.000 -99.000 -99.000 -9999.0 -9999.0 -9999.0 -9999.0 -9999.0
03728 20021211  1.001  -79.36   33.15    10.8     6.2     8.5     9.0     2.4     2.60 R -9999.0 -9999.0     9.6 -9999.0 -9999.0 -9999.0 -99.000 -99.000 -99.000 -99.000 -99.000 -9999.0 -9999.0 -9999.0 -9999.0 -9999.0
03728 20021212  1.001  -79.36   33.15    12.6     4.8     8.7     9.0     0.7     7.14 R -9999.0 -9999.0     9.5 -9999.0 -9999.0 -9999.0 -99.000 -99.000 -99.000 -99.000 -99.000 -9999.0 -9999.0 -9999.0 -9999.0 -9999.0
03728 20021213  1.001  -79.36   33.15    19.0     7.6    13.3    14.0    33.8     0.99 R -9999.0 -9999.0    13.6 -9999.0 -9999.0 -9999.0 -99.000 -99.000 -99.000 -99.000 -99.000 -9999.0 -9999.0 -9999.0 -9999.0 -9999.0
03728 20021214  1.001  -79.36   33.15    12.2     5.7     9.0     9.0     1.0    11.16 R -9999.0 -9999.0     8.8 -9999.0 -9999.0 -9999.0 -99.000 -99.000 -99.000 -99.000 -99.000 -9999.0 -9999.0 -9999.0 -9999.0 -9999.0
03728 20021215  1.001  -79.36   33.15    13.8     0.8     7.3     6.4     0.6    13.10 R -9999.0 -9999.0     6.7 -9999.0 -9999.0 -9999.0 -99.000 -99.000 -99.000 -99.000 -99.000 -9999.0 -9999.0 -9999.0 -9999.0 -9999.0
03728 20021216  1.001  -79.36   33.15    17.7     3.4    10.6     9.2     1.1    12.68 R -9999.0 -9999.0     8.5 -9999.0 -9999.0 -9999.0 -99.000 -99.000 -99.000 -99.000 -99.000 -9999.0 -9999.0 -9999.0 -9999.0 -9999.0
03728 20021217  1.001  -79.36   33.15    12.8     5.7     9.3     9.6     0.6    11.10 R -9999.0 -9999.0     9.4 -9999.0 -9999.0 -9999.0 -99.000 -99.000 -99.000 -99.000 -99.000 -9999.0 -9999.0 -9999.0 -9999.0 -9999.0
03728 20021218  1.001  -79.36   33.15    12.2     7.8    10.0    10.1     0.3     4.70 R -9999.0 -9999.0    10.6 -9999.0 -9999.0 -9999.0 -99.000 -99.000 -99.000 -99.000 -99.000 -9999.0 -9999.0 -9999.0 -9999.0 -9999.0
03728 20021219  1.001  -79.36   33.15    18.2    11.7    15.0    14.9    13.0     1.55 R -9999.0 -9999.0    14.8 -9999.0 -9999.0 -9999.0 -99.000 -99.000 -99.000 -99.000 -99.000 -9999.0 -9999.0 -9999.0 -9999.0 -9999.0
03728 20021220  1.001  -79.36   33.15    19.0     8.6    13.8    15.9     3.1     9.30 R -9999.0 -9999.0    14.8 -9999.0 -9999.0 -9999.0 -99.000 -99.000 -99.000 -99.000 -99.000 -9999.0 -9999.0 -9999.0 -9999.0 -9999.0
03728 20021221  1.001  -79.36   33.15    15.4     5.0    10.2     8.7     1.0    13.64 R -9999.0 -9999.0     7.7 -9999.0 -9999.0 -9999.0 -99.000 -99.000 -99.000 -99.000 -99.000 -9999.0 -9999.0 -9999.0 -9999.0 -9999.0
03728 20021222  1.001  -79.36   33.15    16.4     4.4    10.4    10.7     0.8    12.25 R -9999.0 -9999.0    10.0 -9999.0 -9999.0 -9999.0 -99.000 -99.000 -99.000 -99.000 -99.000 -9999.0 -9999.0 -9999.0 -9999.0 -9999.0
03728 20021223  1.001  -79.36   33.15    16.9     6.2    11.6    10.3     0.8    12.60 R -9999.0 -9999.0     9.6 -9999.0 -9999.0 -9999.0 -99.000 -99.000 -99.000 -99.000 -99.000 -9999.0 -9999.0 -9999.0 -9999.0 -9999.0
03728 20021224  1.001  -79.36   33.15    15.3     6.2    10.8    11.7    32.5     0.44 R -9999.0 -9999.0    11.4 -9999.0 -9999.0 -9999.0 -99.000 -99.000 -99.000 -99.000 -99.000 -9999.0 -9999.0 -9999.0 -9999.0 -9999.0
03728 20021225  1.001  -79.36   33.15    16.9     3.2    10.1    10.2     2.4    11.91 R -9999.0 -9999.0    10.5 -9999.0 -9999.0 -9999.0 -99.000 -99.000 -99.000 -99.000 -99.000 -9999.0 -9999.0 -9999.0 -9999.0 -9999.0
03728 20021226  1.001  -79.36   33.15     9.2    -0.7     4.3     4.0     1.2     9.56 R -9999.0 -9999.0     4.6 -9999.0 -9999.0 -9999.0 -99.000 -99.000 -99.000 -99.000 -99.000 -9999.0 -9999.0 -9999.0 -9999.0 -9999.0
03728 20021227  1.001  -79.36   33.15    10.8    -0.6     5.1     4.2     0.9    11.03 R -9999.0 -9999.0     4.4 -9999.0 -9999.0 -9999.0 -99.000 -99.000 -99.000 -99.000 -99.000 -9999.0 -9999.0 -9999.0 -9999.0 -9999.0
03728 20021228  1.001  -79.36   33.15    11.9     0.5     6.2     5.3     1.6    13.11 R -9999.0 -9999.0     5.1 -9999.0 -9999.0 -9999.0 -99.000 -99.000 -99.000 -99.000 -99.000 -9999.0 -9999.0 -9999.0 -9999.0 -9999.0
03728 20021229  1.001  -79.36   33.15    18.5     4.6    11.6     9.6     0.8    12.90 R -9999.0 -9999.0     8.8 -9999.0 -9999.0 -9999.0 -99.000 -99.000 -99.000 -99.000 -99.000 -9999.0 -9999.0 -9999.0 -9999.0 -9999.0
03728 20021230  1.001  -79.36   33.15    18.6     3.4    11.0     9.6     0.9    11.59 R -9999.0 -9999.0     8.7 -9999.0 -9999.0 -9999.0 -99.000 -99.000 -99.000 -99.000 -99.000 -9999.0 -9999.0 -9999.0 -9999.0 -9999.0
03728 20021231  1.001  -79.36   33.15    19.2     8.5    13.9    13.6     6.5     4.32 R -9999.0 -9999.0    13.1 -9999.0 -9999.0 -9999.0 -99.000 -99.000 -99.000 -99.000 -99.000 -9999.0 -9999.0 -9999.0 -9999.0 -9999.0
