54795 20020101  1.001  -70.95   43.11 -9999.0 -9999.0 -9999.0 -9999.0 -9999.0     6.03 R -9999.0 -9999.0    -7.0 -9999.0 -9999.0 -9999.0 -99.000 -99.000 -99.000 -99.000 -99.000 -9999.0 -9999.0 -9999.0 -9999.0 -9999.0
54795 20020102  1.001  -70.95   43.11     2.2    -7.6    -2.7    -3.3 -9999.0     7.63 R -9999.0 -9999.0    -5.3 -9999.0 -9999.0 -9999.0 -99.000 -99.000 -99.000 -99.000 -99.000 -9999.0 -9999.0 -9999.0 -9999.0 -9999.0
54795 20020103  1.001  -70.95   43.11     3.0    -7.9    -2.4    -2.9 -9999.0     7.65 R -9999.0 -9999.0    -5.1 -9999.0 -9999.0 -9999.0 -99.000 -99.000 -99.000 -99.000 -99.000 -9999.0 -9999.0 -9999.0 -9999.0 -9999.0
54795 20020104  1.001  -70.95   43.11    -1.5    -8.3    -4.9    -4.9 -9999.0     7.02 R -9999.0 -9999.0    -6.1 -9999.0 -9999.0 -9999.0 -99.000 -99.000 -99.000 -99.000 -99.000 -9999.0 -9999.0 -9999.0 -9999.0 -9999.0
54795 20020105  1.001  -70.95   43.11     4.0    -6.5    -1.2    -0.4 -9999.0     5.55 R -9999.0 -9999.0    -1.9 -9999.0 -9999.0 -9999.0 -99.000 -99.000 -99.000 -99.000 -99.000 -9999.0 -9999.0 -9999.0 -9999.0 -9999.0
54795 20020106  1.001  -70.95   43.11     4.9    -1.4     1.8     1.5 -9999.0     3.15 R -9999.0 -9999.0     0.1 -9999.0 -9999.0 -9999.0 -99.000 -99.000 -99.000 -99.000 -99.000 -9999.0 -9999.0 -9999.0 -9999.0 -9999.0
54795 20020107  1.001  -70.95   43.11     1.9    -3.9    -1.0     0.0 -9999.0     0.88 R -9999.0 -9999.0    -0.7 -9999.0 -9999.0 -9999.0 -99.000 -99.000 -99.000 -99.000 -99.000 -9999.0 -9999.0 -9999.0 -9999.0 -9999.0
54795 20020108  1.001  -70.95   43.11    -0.3    -8.7    -4.5    -4.1 -9999.0     8.21 R -9999.0 -9999.0    -7.8 -9999.0 -9999.0 -9999.0 -99.000 -99.000 -99.000 -99.000 -99.000 -9999.0 -9999.0 -9999.0 -9999.0 -9999.0
54795 20020109  1.001  -70.95   43.11     0.6    -6.7    -3.0    -1.9 -9999.0     2.86 R -9999.0 -9999.0    -3.0 -9999.0 -9999.0 -9999.0 -99.000 -99.000 -99.000 -99.000 -99.000 -9999.0 -9999.0 -9999.0 -9999.0 -9999.0
54795 20020110  1.001  -70.95   43.11     9.3    -5.3     2.0     3.1 -9999.0     5.05 R -9999.0 -9999.0    -1.4 -9999.0 -9999.0 -9999.0 -99.000 -99.000 -99.000 -99.000 -99.000 -9999.0 -9999.0 -9999.0 -9999.0 -9999.0
54795 20020111  1.001  -70.95   43.11     4.8    -1.0     1.9     2.0 -9999.0     1.66 R -9999.0 -9999.0    -0.2 -9999.0 -9999.0 -9999.0 -99.000 -99.000 -99.000 -99.000 -99.000 -9999.0 -9999.0 -9999.0 -9999.0 -9999.0
54795 20020112  1.001  -70.95   43.11     4.6    -1.8     1.4     1.4 -9999.0     3.99 R -9999.0 -9999.0    -1.0 -9999.0 -9999.0 -9999.0 -99.000 -99.000 -99.000 -99.000 -99.000 -9999.0 -9999.0 -9999.0 -9999.0 -9999.0
54795 20020113  1.001  -70.95   43.11     1.8    -2.2    -0.2     0.0 -9999.0     0.50 R -9999.0 -9999.0    -0.9 -9999.0 -9999.0 -9999.0 -99.000 -99.000 -99.000 -99.000 -99.000 -9999.0 -9999.0 -9999.0 -9999.0 -9999.0
54795 20020114  1.001  -70.95   43.11     0.9    -3.4    -1.2    -1.6 -9999.0     6.81 R -9999.0 -9999.0    -3.6 -9999.0 -9999.0 -9999.0 -99.000 -99.000 -99.000 -99.000 -99.000 -9999.0 -9999.0 -9999.0 -9999.0 -9999.0
54795 20020115  1.001  -70.95   43.11    -1.5    -4.6    -3.0    -2.8 -9999.0     1.29 R -9999.0 -9999.0    -3.0 -9999.0 -9999.0 -9999.0 -99.000 -99.000 -99.000 -99.000 -99.000 -9999.0 -9999.0 -9999.0 -9999.0 -9999.0
54795 20020116  1.001  -70.95   43.11     1.8    -4.8    -1.5    -1.4 -9999.0     6.24 R -9999.0 -9999.0    -4.5 -9999.0 -9999.0 -9999.0 -99.000 -99.000 -99.000 -99.000 -99.000 -9999.0 -9999.0 -9999.0 -9999.0 -9999.0
54795 20020117  1.001  -70.95   43.11     3.0    -6.2    -1.6    -1.9 -9999.0     2.56 R -9999.0 -9999.0    -5.3 -9999.0 -9999.0 -9999.0 -99.000 -99.000 -99.000 -99.000 -99.000 -9999.0 -9999.0 -9999.0 -9999.0 -9999.0
54795 20020118  1.001  -70.95   43.11     1.8    -5.9    -2.0    -2.0 -9999.0     7.46 R -9999.0 -9999.0    -7.6 -9999.0 -9999.0 -9999.0 -99.000 -99.000 -99.000 -99.000 -99.000 -9999.0 -9999.0 -9999.0 -9999.0 -9999.0
54795 20020119  1.001  -70.95   43.11 -9999.0 -9999.0 -9999.0 -9999.0 -9999.0     4.79 R -9999.0 -9999.0    -8.2 -9999.0 -9999.0 -9999.0 -99.000 -99.000 -99.000 -99.000 -99.000 -9999.0 -9999.0 -9999.0 -9999.0 -9999.0
54795 20020120  1.001  -70.95   43.11 -9999.0 -9999.0 -9999.0 -9999.0 -9999.0     9.09 R -9999.0 -9999.0    -9.8 -9999.0 -9999.0 -9999.0 -99.000 -99.000 -99.000 -99.000 -99.000 -9999.0 -9999.0 -9999.0 -9999.0 -9999.0
54795 20020121  1.001  -70.95   43.11 -9999.0 -9999.0 -9999.0 -9999.0 -9999.0     2.17 R -9999.0 -9999.0    -6.7 -9999.0 -9999.0 -9999.0 -99.000 -99.000 -99.000 -99.000 -99.000 -9999.0 -9999.0 -9999.0 -9999.0 -9999.0
54795 20020122  1.001  -70.95   43.11     5.0    -7.1    -1.0    -1.0 -9999.0     7.39 R -9999.0 -9999.0    -6.9 -9999.0 -9999.0 -9999.0 -99.000 -99.000 -99.000 -99.000 -99.000 -9999.0 -9999.0 -9999.0 -9999.0 -9999.0
54795 20020123  1.001  -70.95   43.11    11.2    -7.4     1.9     2.6 -9999.0     9.15 R -9999.0 -9999.0    -3.2 -9999.0 -9999.0 -9999.0 -99.000 -99.000 -99.000 -99.000 -99.000 -9999.0 -9999.0 -9999.0 -9999.0 -9999.0
54795 20020124  1.001  -70.95   43.11     5.8     0.0     2.9     3.1 -9999.0     1.40 R -9999.0 -9999.0     0.4 -9999.0 -9999.0 -9999.0 -99.000 -99.000 -99.000 -99.000 -99.000 -9999.0 -9999.0 -9999.0 -9999.0 -9999.0
54795 20020125  1.001  -70.95   43.11     4.3    -1.5     1.4     1.5 -9999.0     9.32 R -9999.0 -9999.0    -0.4 -9999.0 -9999.0 -9999.0 -99.000 -99.000 -99.000 -99.000 -99.000 -9999.0 -9999.0 -9999.0 -9999.0 -9999.0
54795 20020126  1.001  -70.95   43.11    10.4    -2.9     3.8     3.3 -9999.0     9.01 R -9999.0 -9999.0    -0.2 -9999.0 -9999.0 -9999.0 -99.000 -99.000 -99.000 -99.000 -99.000 -9999.0 -9999.0 -9999.0 -9999.0 -9999.0
54795 20020127  1.001  -70.95   43.11     9.3    -3.8     2.8     1.6 -9999.0     9.32 R -9999.0 -9999.0     0.7 -9999.0 -9999.0 -9999.0 -99.000 -99.000 -99.000 -99.000 -99.000 -9999.0 -9999.0 -9999.0 -9999.0 -9999.0
54795 20020128  1.001  -70.95   43.11     7.8    -2.7     2.6     1.1 -9999.0     5.27 R -9999.0 -9999.0     1.2 -9999.0 -9999.0 -9999.0 -99.000 -99.000 -99.000 -99.000 -99.000 -9999.0 -9999.0 -9999.0 -9999.0 -9999.0
54795 20020129  1.001  -70.95   43.11    10.9    -2.9     4.0     2.2 -9999.0     3.11 R -9999.0 -9999.0     0.6 -9999.0 -9999.0 -9999.0 -99.000 -99.000 -99.000 -99.000 -99.000 -9999.0 -9999.0 -9999.0 -9999.0 -9999.0
54795 20020130  1.001  -70.95   43.11     2.3    -0.9     0.7     0.3 -9999.0     0.87 R -9999.0 -9999.0     0.6 -9999.0 -9999.0 -9999.0 -99.000 -99.000 -99.000 -99.000 -99.000 -9999.0 -9999.0 -9999.0 -9999.0 -9999.0
54795 20020131  1.001  -70.95   43.11    -0.9    -5.8    -3.3    -4.1 -9999.0     1.34 R -9999.0 -9999.0    -2.5 -9999.0 -9999.0 -9999.0 -99.000 -99.000 -99.000 -99.000 -99.000 -9999.0 -9999.0 -9999.0 -9999.0 -9999.0
54795 20020201  1.001  -70.95   43.11 -9999.0 -9999.0 -9999.0 -9999.0 -9999.0 -9999.00 U -9999.0 -9999.0 -9999.0 -9999.0 -9999.0 -9999.0 -99.000 -99.000 -99.000 -99.000 -99.000 -9999.0 -9999.0 -9999.0 -9999.0 -9999.0
54795 20020202  1.001  -70.95   43.11 -9999.0 -9999.0 -9999.0 -9999.0 -9999.0 -9999.00 U -9999.0 -9999.0 -9999.0 -9999.0 -9999.0 -9999.0 -99.000 -99.000 -99.000 -99.000 -99.000 -9999.0 -9999.0 -9999.0 -9999.0 -9999.0
54795 20020203  1.001  -70.95   43.11 -9999.0 -9999.0 -9999.0 -9999.0 -9999.0 -9999.00 U -9999.0 -9999.0 -9999.0 -9999.0 -9999.0 -9999.0 -99.000 -99.000 -99.000 -99.000 -99.000 -9999.0 -9999.0 -9999.0 -9999.0 -9999.0
54795 20020204  1.001  -70.95   43.11 -9999.0 -9999.0 -9999.0 -9999.0 -9999.0    11.65 R -9999.0 -9999.0    -6.5 -9999.0 -9999.0 -9999.0 -99.000 -99.000 -99.000 -99.000 -99.000 -9999.0 -9999.0 -9999.0 -9999.0 -9999.0
54795 20020205  1.001  -70.95   43.11 -9999.0 -9999.0 -9999.0 -9999.0 -9999.0    10.51 R -9999.0 -9999.0    -9.9 -9999.0 -9999.0 -9999.0 -99.000 -99.000 -99.000 -99.000 -99.000 -9999.0 -9999.0 -9999.0 -9999.0 -9999.0
54795 20020206  1.001  -70.95   43.11 -9999.0 -9999.0 -9999.0 -9999.0 -9999.0    11.82 R -9999.0 -9999.0    -9.7 -9999.0 -9999.0 -9999.0 -99.000 -99.000 -99.000 -99.000 -99.000 -9999.0 -9999.0 -9999.0 -9999.0 -9999.0
54795 20020207  1.001  -70.95   43.11 -9999.0 -9999.0 -9999.0 -9999.0 -9999.0     6.68 R -9999.0 -9999.0    -6.5 -9999.0 -9999.0 -9999.0 -99.000 -99.000 -99.000 -99.000 -99.000 -9999.0 -9999.0 -9999.0 -9999.0 -9999.0
54795 20020208  1.001  -70.95   43.11     5.8    -8.6    -1.4    -0.8 -9999.0    10.52 R -9999.0 -9999.0    -4.3 -9999.0 -9999.0 -9999.0 -99.000 -99.000 -99.000 -99.000 -99.000 -9999.0 -9999.0 -9999.0 -9999.0 -9999.0
54795 20020209  1.001  -70.95   43.11     1.6    -8.3    -3.3    -3.2 -9999.0    12.55 R -9999.0 -9999.0    -6.9 -9999.0 -9999.0 -9999.0 -99.000 -99.000 -99.000 -99.000 -99.000 -9999.0 -9999.0 -9999.0 -9999.0 -9999.0
54795 20020210  1.001  -70.95   43.11 -9999.0 -9999.0 -9999.0 -9999.0 -9999.0     4.20 R -9999.0 -9999.0    -4.7 -9999.0 -9999.0 -9999.0 -99.000 -99.000 -99.000 -99.000 -99.000 -9999.0 -9999.0 -9999.0 -9999.0 -9999.0
54795 20020211  1.001  -70.95   43.11 -9999.0 -9999.0 -9999.0 -9999.0 -9999.0     6.48 R -9999.0 -9999.0    -3.6 -9999.0 -9999.0 -9999.0 -99.000 -99.000 -99.000 -99.000 -99.000 -9999.0 -9999.0 -9999.0 -9999.0 -9999.0
54795 20020212  1.001  -70.95   43.11 -9999.0 -9999.0 -9999.0 -9999.0 -9999.0     9.36 R -9999.0 -9999.0    -6.3 -9999.0 -9999.0 -9999.0 -99.000 -99.000 -99.000 -99.000 -99.000 -9999.0 -9999.0 -9999.0 -9999.0 -9999.0
54795 20020213  1.001  -70.95   43.11 -9999.0 -9999.0 -9999.0 -9999.0 -9999.0    11.59 R -9999.0 -9999.0    -6.5 -9999.0 -9999.0 -9999.0 -99.000 -99.000 -99.000 -99.000 -99.000 -9999.0 -9999.0 -9999.0 -9999.0 -9999.0
54795 20020214  1.001  -70.95   43.11 -9999.0 -9999.0 -9999.0 -9999.0 -9999.0    12.87 R -9999.0 -9999.0    -7.9 -9999.0 -9999.0 -9999.0 -99.000 -99.000 -99.000 -99.000 -99.000 -9999.0 -9999.0 -9999.0 -9999.0 -9999.0
54795 20020215  1.001  -70.95   43.11     8.7    -4.0     2.4     2.3 -9999.0     6.28 R -9999.0 -9999.0    -2.5 -9999.0 -9999.0 -9999.0 -99.000 -99.000 -99.000 -99.000 -99.000 -9999.0 -9999.0 -9999.0 -9999.0 -9999.0
54795 20020216  1.001  -70.95   43.11 -9999.0 -9999.0 -9999.0 -9999.0 -9999.0 -9999.00 U -9999.0 -9999.0 -9999.0 -9999.0 -9999.0 -9999.0 -99.000 -99.000 -99.000 -99.000 -99.000 -9999.0 -9999.0 -9999.0 -9999.0 -9999.0
54795 20020217  1.001  -70.95   43.11     2.2    -1.6     0.3     0.6 -9999.0     2.79 R -9999.0 -9999.0    -0.3 -9999.0 -9999.0 -9999.0 -99.000 -99.000 -99.000 -99.000 -99.000 -9999.0 -9999.0 -9999.0 -9999.0 -9999.0
54795 20020218 -9.000  -70.95   43.11 -9999.0 -9999.0 -9999.0 -9999.0 -9999.0 -9999.00 U -9999.0 -9999.0 -9999.0 -9999.0 -9999.0 -9999.0 -99.000 -99.000 -99.000 -99.000 -99.000 -9999.0 -9999.0 -9999.0 -9999.0 -9999.0
54795 20020219 -9.000  -70.95   43.11 -9999.0 -9999.0 -9999.0 -9999.0 -9999.0 -9999.00 U -9999.0 -9999.0 -9999.0 -9999.0 -9999.0 -9999.0 -99.000 -99.000 -99.000 -99.000 -99.000 -9999.0 -9999.0 -9999.0 -9999.0 -9999.0
54795 20020220 -9.000  -70.95   43.11 -9999.0 -9999.0 -9999.0 -9999.0 -9999.0 -9999.00 U -9999.0 -9999.0 -9999.0 -9999.0 -9999.0 -9999.0 -99.000 -99.000 -99.000 -99.000 -99.000 -9999.0 -9999.0 -9999.0 -9999.0 -9999.0
54795 20020221 -9.000  -70.95   43.11 -9999.0 -9999.0 -9999.0 -9999.0 -9999.0 -9999.00 U -9999.0 -9999.0 -9999.0 -9999.0 -9999.0 -9999.0 -99.000 -99.000 -99.000 -99.000 -99.000 -9999.0 -9999.0 -9999.0 -9999.0 -9999.0
54795 20020222 -9.000  -70.95   43.11 -9999.0 -9999.0 -9999.0 -9999.0 -9999.0 -9999.00 U -9999.0 -9999.0 -9999.0 -9999.0 -9999.0 -9999.0 -99.000 -99.000 -99.000 -99.000 -99.000 -9999.0 -9999.0 -9999.0 -9999.0 -9999.0
54795 20020223 -9.000  -70.95   43.11 -9999.0 -9999.0 -9999.0 -9999.0 -9999.0 -9999.00 U -9999.0 -9999.0 -9999.0 -9999.0 -9999.0 -9999.0 -99.000 -99.000 -99.000 -99.000 -99.000 -9999.0 -9999.0 -9999.0 -9999.0 -9999.0
54795 20020224 -9.000  -70.95   43.11 -9999.0 -9999.0 -9999.0 -9999.0 -9999.0 -9999.00 U -9999.0 -9999.0 -9999.0 -9999.0 -9999.0 -9999.0 -99.000 -99.000 -99.000 -99.000 -99.000 -9999.0 -9999.0 -9999.0 -9999.0 -9999.0
54795 20020225 -9.000  -70.95   43.11 -9999.0 -9999.0 -9999.0 -9999.0 -9999.0 -9999.00 U -9999.0 -9999.0 -9999.0 -9999.0 -9999.0 -9999.0 -99.000 -99.000 -99.000 -99.000 -99.000 -9999.0 -9999.0 -9999.0 -9999.0 -9999.0
54795 20020226 -9.000  -70.95   43.11 -9999.0 -9999.0 -9999.0 -9999.0 -9999.0 -9999.00 U -9999.0 -9999.0 -9999.0 -9999.0 -9999.0 -9999.0 -99.000 -99.000 -99.000 -99.000 -99.000 -9999.0 -9999.0 -9999.0 -9999.0 -9999.0
54795 20020227 -9.000  -70.95   43.11 -9999.0 -9999.0 -9999.0 -9999.0 -9999.0 -9999.00 U -9999.0 -9999.0 -9999.0 -9999.0 -9999.0 -9999.0 -99.000 -99.000 -99.000 -99.000 -99.000 -9999.0 -9999.0 -9999.0 -9999.0 -9999.0
54795 20020228 -9.000  -70.95   43.11 -9999.0 -9999.0 -9999.0 -9999.0 -9999.0 -9999.00 U -9999.0 -9999.0 -9999.0 -9999.0 -9999.0 -9999.0 -99.000 -99.000 -99.000 -99.000 -99.000 -9999.0 -9999.0 -9999.0 -9999.0 -9999.0
54795 20020301  1.001  -70.95   43.11 -9999.0 -9999.0 -9999.0 -9999.0 -9999.0 -9999.00 U -9999.0 -9999.0 -9999.0 -9999.0 -9999.0 -9999.0 -99.000 -99.000 -99.000 -99.000 -99.000 -9999.0 -9999.0 -9999.0 -9999.0 -9999.0
54795 20020302  1.001  -70.95   43.11     5.6    -8.3    -1.3     0.7 -9999.0    11.76 R -9999.0 -9999.0     1.1 -9999.0 -9999.0 -9999.0 -99.000 -99.000 -99.000 -99.000 -99.000 -9999.0 -9999.0 -9999.0 -9999.0 -9999.0
54795 20020303  1.001  -70.95   43.11 -9999.0 -9999.0 -9999.0 -9999.0 -9999.0 -9999.00 U -9999.0 -9999.0 -9999.0 -9999.0 -9999.0 -9999.0 -99.000 -99.000 -99.000 -99.000 -99.000 -9999.0 -9999.0 -9999.0 -9999.0 -9999.0
54795 20020304  1.001  -70.95   43.11 -9999.0 -9999.0 -9999.0 -9999.0 -9999.0 -9999.00 U -9999.0 -9999.0 -9999.0 -9999.0 -9999.0 -9999.0 -99.000 -99.000 -99.000 -99.000 -99.000 -9999.0 -9999.0 -9999.0 -9999.0 -9999.0
54795 20020305  1.001  -70.95   43.11    -0.9    -8.7    -4.8    -5.1 -9999.0    11.47 R -9999.0 -9999.0    -3.0 -9999.0 -9999.0 -9999.0 -99.000 -99.000 -99.000 -99.000 -99.000 -9999.0 -9999.0 -9999.0 -9999.0 -9999.0
54795 20020306  1.001  -70.95   43.11 -9999.0 -9999.0 -9999.0 -9999.0 -9999.0     6.21 R -9999.0 -9999.0    -2.3 -9999.0 -9999.0 -9999.0 -99.000 -99.000 -99.000 -99.000 -99.000 -9999.0 -9999.0 -9999.0 -9999.0 -9999.0
54795 20020307  1.001  -70.95   43.11     5.5    -5.3     0.1    -0.2 -9999.0     6.81 R -9999.0 -9999.0     0.0 -9999.0 -9999.0 -9999.0 -99.000 -99.000 -99.000 -99.000 -99.000 -9999.0 -9999.0 -9999.0 -9999.0 -9999.0
54795 20020308  1.001  -70.95   43.11     4.7    -1.2     1.8     2.2 -9999.0     3.12 R -9999.0 -9999.0     2.0 -9999.0 -9999.0 -9999.0 -99.000 -99.000 -99.000 -99.000 -99.000 -9999.0 -9999.0 -9999.0 -9999.0 -9999.0
54795 20020309  1.001  -70.95   43.11    15.8     1.8     8.8     6.4 -9999.0     8.21 R -9999.0 -9999.0     7.5 -9999.0 -9999.0 -9999.0 -99.000 -99.000 -99.000 -99.000 -99.000 -9999.0 -9999.0 -9999.0 -9999.0 -9999.0
54795 20020310  1.001  -70.95   43.11    16.5    -2.7     6.9     5.4 -9999.0     8.17 R -9999.0 -9999.0     6.0 -9999.0 -9999.0 -9999.0 -99.000 -99.000 -99.000 -99.000 -99.000 -9999.0 -9999.0 -9999.0 -9999.0 -9999.0
54795 20020311  1.001  -70.95   43.11     2.6    -5.3    -1.3    -1.5 -9999.0    11.55 R -9999.0 -9999.0    -0.6 -9999.0 -9999.0 -9999.0 -99.000 -99.000 -99.000 -99.000 -99.000 -9999.0 -9999.0 -9999.0 -9999.0 -9999.0
54795 20020312  1.001  -70.95   43.11     7.6    -5.1     1.3     0.6 -9999.0     5.67 R -9999.0 -9999.0     0.4 -9999.0 -9999.0 -9999.0 -99.000 -99.000 -99.000 -99.000 -99.000 -9999.0 -9999.0 -9999.0 -9999.0 -9999.0
54795 20020313  1.001  -70.95   43.11     7.6    -6.0     0.8     2.0 -9999.0     7.96 R -9999.0 -9999.0     3.0 -9999.0 -9999.0 -9999.0 -99.000 -99.000 -99.000 -99.000 -99.000 -9999.0 -9999.0 -9999.0 -9999.0 -9999.0
54795 20020314  1.001  -70.95   43.11    14.1    -0.7     6.7     7.0 -9999.0    11.41 R -9999.0 -9999.0     6.2 -9999.0 -9999.0 -9999.0 -99.000 -99.000 -99.000 -99.000 -99.000 -9999.0 -9999.0 -9999.0 -9999.0 -9999.0
54795 20020315  1.001  -70.95   43.11     4.1    -2.4     0.9     1.7 -9999.0     2.41 R -9999.0 -9999.0     1.7 -9999.0 -9999.0 -9999.0 -99.000 -99.000 -99.000 -99.000 -99.000 -9999.0 -9999.0 -9999.0 -9999.0 -9999.0
54795 20020316  1.001  -70.95   43.11 -9999.0 -9999.0 -9999.0 -9999.0 -9999.0 -9999.00 U -9999.0 -9999.0 -9999.0 -9999.0 -9999.0 -9999.0 -99.000 -99.000 -99.000 -99.000 -99.000 -9999.0 -9999.0 -9999.0 -9999.0 -9999.0
54795 20020317 -9.000  -70.95   43.11 -9999.0 -9999.0 -9999.0 -9999.0 -9999.0 -9999.00 U -9999.0 -9999.0 -9999.0 -9999.0 -9999.0 -9999.0 -99.000 -99.000 -99.000 -99.000 -99.000 -9999.0 -9999.0 -9999.0 -9999.0 -9999.0
54795 20020318  1.001  -70.95   43.11 -9999.0 -9999.0 -9999.0 -9999.0 -9999.0 -9999.00 U -9999.0 -9999.0 -9999.0 -9999.0 -9999.0 -9999.0 -99.000 -99.000 -99.000 -99.000 -99.000 -9999.0 -9999.0 -9999.0 -9999.0 -9999.0
54795 20020319  1.001  -70.95   43.11     1.4    -1.8    -0.2    -0.3 -9999.0     4.31 R -9999.0 -9999.0    -0.5 -9999.0 -9999.0 -9999.0 -99.000 -99.000 -99.000 -99.000 -99.000 -9999.0 -9999.0 -9999.0 -9999.0 -9999.0
54795 20020320  1.001  -70.95   43.11     2.9    -1.8     0.6     0.2 -9999.0     4.12 R -9999.0 -9999.0    -0.4 -9999.0 -9999.0 -9999.0 -99.000 -99.000 -99.000 -99.000 -99.000 -9999.0 -9999.0 -9999.0 -9999.0 -9999.0
54795 20020321  1.001  -70.95   43.11     7.6    -2.8     2.4     2.4 -9999.0    11.14 R -9999.0 -9999.0    -1.2 -9999.0 -9999.0 -9999.0 -99.000 -99.000 -99.000 -99.000 -99.000 -9999.0 -9999.0 -9999.0 -9999.0 -9999.0
54795 20020322  1.001  -70.95   43.11 -9999.0 -9999.0 -9999.0 -9999.0 -9999.0     9.14 R -9999.0 -9999.0    -7.2 -9999.0 -9999.0 -9999.0 -99.000 -99.000 -99.000 -99.000 -99.000 -9999.0 -9999.0 -9999.0 -9999.0 -9999.0
54795 20020323  1.001  -70.95   43.11     3.2    -7.1    -1.9    -1.5 -9999.0    10.54 R -9999.0 -9999.0    -4.1 -9999.0 -9999.0 -9999.0 -99.000 -99.000 -99.000 -99.000 -99.000 -9999.0 -9999.0 -9999.0 -9999.0 -9999.0
54795 20020324  1.001  -70.95   43.11     5.7    -2.2     1.8     2.1 -9999.0     9.27 R -9999.0 -9999.0    -0.2 -9999.0 -9999.0 -9999.0 -99.000 -99.000 -99.000 -99.000 -99.000 -9999.0 -9999.0 -9999.0 -9999.0 -9999.0
54795 20020325  1.001  -70.95   43.11     4.0    -4.3    -0.1     0.0 -9999.0    11.17 R -9999.0 -9999.0     0.0 -9999.0 -9999.0 -9999.0 -99.000 -99.000 -99.000 -99.000 -99.000 -9999.0 -9999.0 -9999.0 -9999.0 -9999.0
54795 20020326  1.001  -70.95   43.11     3.2    -1.1     1.1     1.0 -9999.0     3.52 R -9999.0 -9999.0     0.8 -9999.0 -9999.0 -9999.0 -99.000 -99.000 -99.000 -99.000 -99.000 -9999.0 -9999.0 -9999.0 -9999.0 -9999.0
54795 20020327  1.001  -70.95   43.11     9.0     0.7     4.9     3.5 -9999.0     6.27 R -9999.0 -9999.0     4.1 -9999.0 -9999.0 -9999.0 -99.000 -99.000 -99.000 -99.000 -99.000 -9999.0 -9999.0 -9999.0 -9999.0 -9999.0
54795 20020328  1.001  -70.95   43.11    10.8    -2.8     4.0     4.2 -9999.0     9.83 R -9999.0 -9999.0     5.0 -9999.0 -9999.0 -9999.0 -99.000 -99.000 -99.000 -99.000 -99.000 -9999.0 -9999.0 -9999.0 -9999.0 -9999.0
54795 20020329  1.001  -70.95   43.11    11.3    -5.2     3.1     4.5 -9999.0    11.53 R -9999.0 -9999.0     5.3 -9999.0 -9999.0 -9999.0 -99.000 -99.000 -99.000 -99.000 -99.000 -9999.0 -9999.0 -9999.0 -9999.0 -9999.0
54795 20020330  1.001  -70.95   43.11    16.2     3.4     9.8     9.4 -9999.0     6.79 R -9999.0 -9999.0     7.7 -9999.0 -9999.0 -9999.0 -99.000 -99.000 -99.000 -99.000 -99.000 -9999.0 -9999.0 -9999.0 -9999.0 -9999.0
54795 20020331  1.001  -70.95   43.11    17.4     1.8     9.6     8.4 -9999.0     7.22 R -9999.0 -9999.0     8.9 -9999.0 -9999.0 -9999.0 -99.000 -99.000 -99.000 -99.000 -99.000 -9999.0 -9999.0 -9999.0 -9999.0 -9999.0
54795 20020401  1.001  -70.95   43.11    11.8     4.7     8.3     6.9 -9999.0     6.18 R -9999.0 -9999.0     6.9 -9999.0 -9999.0 -9999.0 -99.000 -99.000 -99.000 -99.000 -99.000 -9999.0 -9999.0 -9999.0 -9999.0 -9999.0
54795 20020402  1.001  -70.95   43.11    13.9     2.2     8.1     8.0 -9999.0     8.86 R -9999.0 -9999.0     8.0 -9999.0 -9999.0 -9999.0 -99.000 -99.000 -99.000 -99.000 -99.000 -9999.0 -9999.0 -9999.0 -9999.0 -9999.0
54795 20020403  1.001  -70.95   43.11    21.4     2.1    11.8     9.6 -9999.0     6.29 R -9999.0 -9999.0    10.4 -9999.0 -9999.0 -9999.0 -99.000 -99.000 -99.000 -99.000 -99.000 -9999.0 -9999.0 -9999.0 -9999.0 -9999.0
54795 20020404  1.001  -70.95   43.11     8.0    -1.8     3.1     2.9 -9999.0    10.31 R -9999.0 -9999.0     3.8 -9999.0 -9999.0 -9999.0 -99.000 -99.000 -99.000 -99.000 -99.000 -9999.0 -9999.0 -9999.0 -9999.0 -9999.0
54795 20020405  1.001  -70.95   43.11     4.5    -5.9    -0.7     0.3 -9999.0    11.82 R -9999.0 -9999.0     2.6 -9999.0 -9999.0 -9999.0 -99.000 -99.000 -99.000 -99.000 -99.000 -9999.0 -9999.0 -9999.0 -9999.0 -9999.0
54795 20020406  1.001  -70.95   43.11     6.4    -2.5     2.0     1.7 -9999.0    10.09 R -9999.0 -9999.0     3.2 -9999.0 -9999.0 -9999.0 -99.000 -99.000 -99.000 -99.000 -99.000 -9999.0 -9999.0 -9999.0 -9999.0 -9999.0
54795 20020407  1.001  -70.95   43.11     7.4    -6.2     0.6     0.7 -9999.0     9.61 R -9999.0 -9999.0     3.6 -9999.0 -9999.0 -9999.0 -99.000 -99.000 -99.000 -99.000 -99.000 -9999.0 -9999.0 -9999.0 -9999.0 -9999.0
54795 20020408  1.001  -70.95   43.11    11.7    -0.5     5.6     7.4 -9999.0     9.43 R -9999.0 -9999.0     7.8 -9999.0 -9999.0 -9999.0 -99.000 -99.000 -99.000 -99.000 -99.000 -9999.0 -9999.0 -9999.0 -9999.0 -9999.0
54795 20020409  1.001  -70.95   43.11    24.0     6.4    15.2    15.5 -9999.0     6.78 R -9999.0 -9999.0    16.1 -9999.0 -9999.0 -9999.0 -99.000 -99.000 -99.000 -99.000 -99.000 -9999.0 -9999.0 -9999.0 -9999.0 -9999.0
54795 20020410  1.001  -70.95   43.11    16.5     3.9    10.2    11.6 -9999.0     8.42 R -9999.0 -9999.0    13.9 -9999.0 -9999.0 -9999.0 -99.000 -99.000 -99.000 -99.000 -99.000 -9999.0 -9999.0 -9999.0 -9999.0 -9999.0
54795 20020411  1.001  -70.95   43.11    10.1    -1.7     4.2     4.7 -9999.0    11.00 R -9999.0 -9999.0     9.1 -9999.0 -9999.0 -9999.0 -99.000 -99.000 -99.000 -99.000 -99.000 -9999.0 -9999.0 -9999.0 -9999.0 -9999.0
54795 20020412  1.001  -70.95   43.11    18.2    -2.3     8.0     9.1 -9999.0     8.85 R -9999.0 -9999.0    13.3 -9999.0 -9999.0 -9999.0 -99.000 -99.000 -99.000 -99.000 -99.000 -9999.0 -9999.0 -9999.0 -9999.0 -9999.0
54795 20020413  1.001  -70.95   43.11    23.6    14.0    18.8    18.6 -9999.0     9.25 R -9999.0 -9999.0    19.1 -9999.0 -9999.0 -9999.0 -99.000 -99.000 -99.000 -99.000 -99.000 -9999.0 -9999.0 -9999.0 -9999.0 -9999.0
54795 20020414  1.001  -70.95   43.11    20.4     8.7    14.6    14.9 -9999.0     9.27 R -9999.0 -9999.0    17.4 -9999.0 -9999.0 -9999.0 -99.000 -99.000 -99.000 -99.000 -99.000 -9999.0 -9999.0 -9999.0 -9999.0 -9999.0
54795 20020415  1.001  -70.95   43.11    16.5     6.6    11.6     8.8 -9999.0     8.50 R -9999.0 -9999.0    11.2 -9999.0 -9999.0 -9999.0 -99.000 -99.000 -99.000 -99.000 -99.000 -9999.0 -9999.0 -9999.0 -9999.0 -9999.0
54795 20020416  1.001  -70.95   43.11    26.9     6.9    16.9    13.7 -9999.0     7.12 R -9999.0 -9999.0    16.3 -9999.0 -9999.0 -9999.0 -99.000 -99.000 -99.000 -99.000 -99.000 -9999.0 -9999.0 -9999.0 -9999.0 -9999.0
54795 20020417  1.001  -70.95   43.11    33.4    10.8    22.1    19.3 -9999.0     9.93 R -9999.0 -9999.0    20.1 -9999.0 -9999.0 -9999.0 -99.000 -99.000 -99.000 -99.000 -99.000 -9999.0 -9999.0 -9999.0 -9999.0 -9999.0
54795 20020418  1.001  -70.95   43.11    17.9     6.3    12.1    10.7 -9999.0     6.81 R -9999.0 -9999.0    16.8 -9999.0 -9999.0 -9999.0 -99.000 -99.000 -99.000 -99.000 -99.000 -9999.0 -9999.0 -9999.0 -9999.0 -9999.0
54795 20020419  1.001  -70.95   43.11    14.8     6.0    10.4     9.4 -9999.0     5.45 R -9999.0 -9999.0    11.4 -9999.0 -9999.0 -9999.0 -99.000 -99.000 -99.000 -99.000 -99.000 -9999.0 -9999.0 -9999.0 -9999.0 -9999.0
54795 20020420  1.001  -70.95   43.11    16.1     4.5    10.3    11.2 -9999.0    11.63 R -9999.0 -9999.0    10.6 -9999.0 -9999.0 -9999.0 -99.000 -99.000 -99.000 -99.000 -99.000 -9999.0 -9999.0 -9999.0 -9999.0 -9999.0
54795 20020421  1.001  -70.95   43.11     9.6    -1.8     3.9     5.3 -9999.0    12.26 R -9999.0 -9999.0     8.0 -9999.0 -9999.0 -9999.0 -99.000 -99.000 -99.000 -99.000 -99.000 -9999.0 -9999.0 -9999.0 -9999.0 -9999.0
54795 20020422  1.001  -70.95   43.11     3.9    -3.4     0.3     0.8 -9999.0     4.63 R -9999.0 -9999.0     2.5 -9999.0 -9999.0 -9999.0 -99.000 -99.000 -99.000 -99.000 -99.000 -9999.0 -9999.0 -9999.0 -9999.0 -9999.0
54795 20020423  1.001  -70.95   43.11     7.5    -0.5     3.5     3.6 -9999.0     9.23 R -9999.0 -9999.0     4.9 -9999.0 -9999.0 -9999.0 -99.000 -99.000 -99.000 -99.000 -99.000 -9999.0 -9999.0 -9999.0 -9999.0 -9999.0
54795 20020424  1.001  -70.95   43.11    11.2    -3.3     4.0     4.3 -9999.0    11.02 R -9999.0 -9999.0     7.5 -9999.0 -9999.0 -9999.0 -99.000 -99.000 -99.000 -99.000 -99.000 -9999.0 -9999.0 -9999.0 -9999.0 -9999.0
54795 20020425  1.001  -70.95   43.11    12.8    -3.4     4.7     3.8 -9999.0     9.27 R -9999.0 -9999.0     6.6 -9999.0 -9999.0 -9999.0 -99.000 -99.000 -99.000 -99.000 -99.000 -9999.0 -9999.0 -9999.0 -9999.0 -9999.0
54795 20020426  1.001  -70.95   43.11     9.6    -1.1     4.3     4.2 -9999.0    10.23 R -9999.0 -9999.0     5.3 -9999.0 -9999.0 -9999.0 -99.000 -99.000 -99.000 -99.000 -99.000 -9999.0 -9999.0 -9999.0 -9999.0 -9999.0
54795 20020427  1.001  -70.95   43.11    13.3    -1.8     5.8     5.8 -9999.0     9.28 R -9999.0 -9999.0     7.7 -9999.0 -9999.0 -9999.0 -99.000 -99.000 -99.000 -99.000 -99.000 -9999.0 -9999.0 -9999.0 -9999.0 -9999.0
54795 20020428  1.001  -70.95   43.11     7.2     1.1     4.2     3.9 -9999.0     1.90 R -9999.0 -9999.0     4.5 -9999.0 -9999.0 -9999.0 -99.000 -99.000 -99.000 -99.000 -99.000 -9999.0 -9999.0 -9999.0 -9999.0 -9999.0
54795 20020429  1.001  -70.95   43.11     4.2     0.9     2.6     2.3 -9999.0     5.72 R -9999.0 -9999.0     4.6 -9999.0 -9999.0 -9999.0 -99.000 -99.000 -99.000 -99.000 -99.000 -9999.0 -9999.0 -9999.0 -9999.0 -9999.0
54795 20020430  1.001  -70.95   43.11    11.0     0.2     5.6     6.0 -9999.0    10.34 R -9999.0 -9999.0     8.3 -9999.0 -9999.0 -9999.0 -99.000 -99.000 -99.000 -99.000 -99.000 -9999.0 -9999.0 -9999.0 -9999.0 -9999.0
54795 20020501  1.001  -70.95   43.11    13.3     0.0     6.7     7.0 -9999.0    12.22 R -9999.0 -9999.0     7.8 -9999.0 -9999.0 -9999.0 -99.000 -99.000 -99.000 -99.000 -99.000 -9999.0 -9999.0 -9999.0 -9999.0 -9999.0
54795 20020502  1.001  -70.95   43.11     6.7     0.7     3.7     4.8 -9999.0     1.57 R -9999.0 -9999.0     5.6 -9999.0 -9999.0 -9999.0 -99.000 -99.000 -99.000 -99.000 -99.000 -9999.0 -9999.0 -9999.0 -9999.0 -9999.0
54795 20020503  1.001  -70.95   43.11    12.4     5.1     8.8     8.3 -9999.0     8.62 R -9999.0 -9999.0     8.4 -9999.0 -9999.0 -9999.0 -99.000 -99.000 -99.000 -99.000 -99.000 -9999.0 -9999.0 -9999.0 -9999.0 -9999.0
54795 20020504  1.001  -70.95   43.11    18.5     3.1    10.8    10.8 -9999.0     9.10 R -9999.0 -9999.0    10.8 -9999.0 -9999.0 -9999.0 -99.000 -99.000 -99.000 -99.000 -99.000 -9999.0 -9999.0 -9999.0 -9999.0 -9999.0
54795 20020505  1.001  -70.95   43.11    20.7     0.2    10.5    11.4 -9999.0     9.66 R -9999.0 -9999.0    13.7 -9999.0 -9999.0 -9999.0 -99.000 -99.000 -99.000 -99.000 -99.000 -9999.0 -9999.0 -9999.0 -9999.0 -9999.0
54795 20020506  1.001  -70.95   43.11    26.4     2.7    14.6    16.8 -9999.0     9.40 R -9999.0 -9999.0    18.8 -9999.0 -9999.0 -9999.0 -99.000 -99.000 -99.000 -99.000 -99.000 -9999.0 -9999.0 -9999.0 -9999.0 -9999.0
54795 20020507  1.001  -70.95   43.11    24.8    13.7    19.3    18.8 -9999.0     9.46 R -9999.0 -9999.0    20.4 -9999.0 -9999.0 -9999.0 -99.000 -99.000 -99.000 -99.000 -99.000 -9999.0 -9999.0 -9999.0 -9999.0 -9999.0
54795 20020508  1.001  -70.95   43.11    18.2     7.3    12.8    12.6 -9999.0    10.38 R -9999.0 -9999.0    17.5 -9999.0 -9999.0 -9999.0 -99.000 -99.000 -99.000 -99.000 -99.000 -9999.0 -9999.0 -9999.0 -9999.0 -9999.0
54795 20020509  1.001  -70.95   43.11    11.6     6.7     9.2     9.1 -9999.0     5.11 R -9999.0 -9999.0    11.4 -9999.0 -9999.0 -9999.0 -99.000 -99.000 -99.000 -99.000 -99.000 -9999.0 -9999.0 -9999.0 -9999.0 -9999.0
54795 20020510  1.001  -70.95   43.11    22.5     6.8    14.7    15.4 -9999.0     8.58 R -9999.0 -9999.0    17.2 -9999.0 -9999.0 -9999.0 -99.000 -99.000 -99.000 -99.000 -99.000 -9999.0 -9999.0 -9999.0 -9999.0 -9999.0
54795 20020511  1.001  -70.95   43.11    17.2     5.4    11.3    11.6 -9999.0     8.79 R -9999.0 -9999.0    15.3 -9999.0 -9999.0 -9999.0 -99.000 -99.000 -99.000 -99.000 -99.000 -9999.0 -9999.0 -9999.0 -9999.0 -9999.0
54795 20020512  1.001  -70.95   43.11    12.0     5.7     8.9     7.7 -9999.0     4.65 R -9999.0 -9999.0     9.7 -9999.0 -9999.0 -9999.0 -99.000 -99.000 -99.000 -99.000 -99.000 -9999.0 -9999.0 -9999.0 -9999.0 -9999.0
54795 20020513  1.001  -70.95   43.11     7.1     5.0     6.1     6.1 -9999.0     1.43 R -9999.0 -9999.0     7.1 -9999.0 -9999.0 -9999.0 -99.000 -99.000 -99.000 -99.000 -99.000 -9999.0 -9999.0 -9999.0 -9999.0 -9999.0
54795 20020514  1.001  -70.95   43.11    14.2     4.3     9.3     7.9 -9999.0     9.66 R -9999.0 -9999.0     9.7 -9999.0 -9999.0 -9999.0 -99.000 -99.000 -99.000 -99.000 -99.000 -9999.0 -9999.0 -9999.0 -9999.0 -9999.0
54795 20020515  1.001  -70.95   43.11    12.8     2.2     7.5     7.5 -9999.0    10.59 R -9999.0 -9999.0     8.3 -9999.0 -9999.0 -9999.0 -99.000 -99.000 -99.000 -99.000 -99.000 -9999.0 -9999.0 -9999.0 -9999.0 -9999.0
54795 20020516  1.001  -70.95   43.11    25.4     1.7    13.6    15.5 -9999.0    12.38 R -9999.0 -9999.0    14.4 -9999.0 -9999.0 -9999.0 -99.000 -99.000 -99.000 -99.000 -99.000 -9999.0 -9999.0 -9999.0 -9999.0 -9999.0
54795 20020517  1.001  -70.95   43.11    19.8    10.1    15.0    16.3 -9999.0    10.25 R -9999.0 -9999.0    16.6 -9999.0 -9999.0 -9999.0 -99.000 -99.000 -99.000 -99.000 -99.000 -9999.0 -9999.0 -9999.0 -9999.0 -9999.0
54795 20020518  1.001  -70.95   43.11    10.2     0.1     5.2     4.8 -9999.0     5.14 R -9999.0 -9999.0     6.3 -9999.0 -9999.0 -9999.0 -99.000 -99.000 -99.000 -99.000 -99.000 -9999.0 -9999.0 -9999.0 -9999.0 -9999.0
54795 20020519  1.001  -70.95   43.11    13.3    -0.7     6.3     6.7 -9999.0    10.69 R -9999.0 -9999.0     9.1 -9999.0 -9999.0 -9999.0 -99.000 -99.000 -99.000 -99.000 -99.000 -9999.0 -9999.0 -9999.0 -9999.0 -9999.0
54795 20020520  1.001  -70.95   43.11    12.9    -2.2     5.4     6.2 -9999.0    10.55 R -9999.0 -9999.0    10.2 -9999.0 -9999.0 -9999.0 -99.000 -99.000 -99.000 -99.000 -99.000 -9999.0 -9999.0 -9999.0 -9999.0 -9999.0
54795 20020521  1.001  -70.95   43.11    15.3    -0.3     7.5     8.7 -9999.0     9.58 R -9999.0 -9999.0    12.2 -9999.0 -9999.0 -9999.0 -99.000 -99.000 -99.000 -99.000 -99.000 -9999.0 -9999.0 -9999.0 -9999.0 -9999.0
54795 20020522  1.001  -70.95   43.11    20.3    -0.2    10.1    11.4 -9999.0     8.88 R -9999.0 -9999.0    15.8 -9999.0 -9999.0 -9999.0 -99.000 -99.000 -99.000 -99.000 -99.000 -9999.0 -9999.0 -9999.0 -9999.0 -9999.0
54795 20020523  1.001  -70.95   43.11    24.9     3.7    14.3    16.1 -9999.0     8.78 R -9999.0 -9999.0    19.5 -9999.0 -9999.0 -9999.0 -99.000 -99.000 -99.000 -99.000 -99.000 -9999.0 -9999.0 -9999.0 -9999.0 -9999.0
54795 20020524  1.001  -70.95   43.11    28.1     5.6    16.9    18.9 -9999.0     6.95 R -9999.0 -9999.0    22.2 -9999.0 -9999.0 -9999.0 -99.000 -99.000 -99.000 -99.000 -99.000 -9999.0 -9999.0 -9999.0 -9999.0 -9999.0
54795 20020525  1.001  -70.95   43.11    15.8     3.4     9.6    10.6 -9999.0     8.81 R -9999.0 -9999.0    17.9 -9999.0 -9999.0 -9999.0 -99.000 -99.000 -99.000 -99.000 -99.000 -9999.0 -9999.0 -9999.0 -9999.0 -9999.0
54795 20020526  1.001  -70.95   43.11    20.0     3.9    12.0    13.4 -9999.0    10.73 R -9999.0 -9999.0    17.4 -9999.0 -9999.0 -9999.0 -99.000 -99.000 -99.000 -99.000 -99.000 -9999.0 -9999.0 -9999.0 -9999.0 -9999.0
54795 20020527  1.001  -70.95   43.11    23.2     8.2    15.7    16.0 -9999.0    11.85 R -9999.0 -9999.0    21.4 -9999.0 -9999.0 -9999.0 -99.000 -99.000 -99.000 -99.000 -99.000 -9999.0 -9999.0 -9999.0 -9999.0 -9999.0
54795 20020528  1.001  -70.95   43.11    21.1    12.7    16.9    15.9 -9999.0    10.14 R -9999.0 -9999.0    19.1 -9999.0 -9999.0 -9999.0 -99.000 -99.000 -99.000 -99.000 -99.000 -9999.0 -9999.0 -9999.0 -9999.0 -9999.0
54795 20020529  1.001  -70.95   43.11    21.6    12.2    16.9    16.2 -9999.0     9.10 R -9999.0 -9999.0    21.1 -9999.0 -9999.0 -9999.0 -99.000 -99.000 -99.000 -99.000 -99.000 -9999.0 -9999.0 -9999.0 -9999.0 -9999.0
54795 20020530  1.001  -70.95   43.11    27.0    12.4    19.7    20.4 -9999.0    11.11 R -9999.0 -9999.0    24.1 -9999.0 -9999.0 -9999.0 -99.000 -99.000 -99.000 -99.000 -99.000 -9999.0 -9999.0 -9999.0 -9999.0 -9999.0
54795 20020531  1.001  -70.95   43.11    27.2    14.8    21.0    20.2 -9999.0     6.41 R -9999.0 -9999.0    24.2 -9999.0 -9999.0 -9999.0 -99.000 -99.000 -99.000 -99.000 -99.000 -9999.0 -9999.0 -9999.0 -9999.0 -9999.0
54795 20020601  1.001  -70.95   43.11    28.0    12.6    20.3    20.7 -9999.0     9.74 R -9999.0 -9999.0    20.8 -9999.0 -9999.0 -9999.0 -99.000 -99.000 -99.000 -99.000 -99.000 -9999.0 -9999.0 -9999.0 -9999.0 -9999.0
54795 20020602  1.001  -70.95   43.11    20.9     6.8    13.9    15.1 -9999.0     8.82 R -9999.0 -9999.0    15.8 -9999.0 -9999.0 -9999.0 -99.000 -99.000 -99.000 -99.000 -99.000 -9999.0 -9999.0 -9999.0 -9999.0 -9999.0
54795 20020603  1.001  -70.95   43.11    18.5     3.9    11.2    11.9 -9999.0     9.16 R -9999.0 -9999.0    16.1 -9999.0 -9999.0 -9999.0 -99.000 -99.000 -99.000 -99.000 -99.000 -9999.0 -9999.0 -9999.0 -9999.0 -9999.0
54795 20020604  1.001  -70.95   43.11    17.4     0.8     9.1    11.4 -9999.0     9.03 R -9999.0 -9999.0    18.0 -9999.0 -9999.0 -9999.0 -99.000 -99.000 -99.000 -99.000 -99.000 -9999.0 -9999.0 -9999.0 -9999.0 -9999.0
54795 20020605  1.001  -70.95   43.11    22.5    12.4    17.5    18.0 -9999.0     8.39 R -9999.0 -9999.0    19.0 -9999.0 -9999.0 -9999.0 -99.000 -99.000 -99.000 -99.000 -99.000 -9999.0 -9999.0 -9999.0 -9999.0 -9999.0
54795 20020606  1.001  -70.95   43.11    20.2    12.1    16.2    15.9 -9999.0     3.51 R -9999.0 -9999.0    17.0 -9999.0 -9999.0 -9999.0 -99.000 -99.000 -99.000 -99.000 -99.000 -9999.0 -9999.0 -9999.0 -9999.0 -9999.0
54795 20020607  1.001  -70.95   43.11    14.8     3.8     9.3    11.0 -9999.0     9.64 R -9999.0 -9999.0    13.6 -9999.0 -9999.0 -9999.0 -99.000 -99.000 -99.000 -99.000 -99.000 -9999.0 -9999.0 -9999.0 -9999.0 -9999.0
54795 20020608  1.001  -70.95   43.11    20.2     1.8    11.0    12.1 -9999.0     9.21 R -9999.0 -9999.0    15.7 -9999.0 -9999.0 -9999.0 -99.000 -99.000 -99.000 -99.000 -99.000 -9999.0 -9999.0 -9999.0 -9999.0 -9999.0
54795 20020609  1.001  -70.95   43.11    27.4     8.9    18.2    18.1 -9999.0     7.87 R -9999.0 -9999.0    19.5 -9999.0 -9999.0 -9999.0 -99.000 -99.000 -99.000 -99.000 -99.000 -9999.0 -9999.0 -9999.0 -9999.0 -9999.0
54795 20020610  1.001  -70.95   43.11    22.9    12.3    17.6    17.6 -9999.0    11.09 R -9999.0 -9999.0    20.8 -9999.0 -9999.0 -9999.0 -99.000 -99.000 -99.000 -99.000 -99.000 -9999.0 -9999.0 -9999.0 -9999.0 -9999.0
54795 20020611  1.002  -70.95   43.11    23.8    11.3    17.6    15.7 -9999.0    12.19 R -9999.0 -9999.0    18.8 -9999.0 -9999.0 -9999.0 -99.000 -99.000 -99.000 -99.000 -99.000 -9999.0 -9999.0 -9999.0 -9999.0 -9999.0
54795 20020612  1.002  -70.95   43.11    11.3     9.5    10.4    10.2 -9999.0     2.10 R -9999.0 -9999.0    11.8 -9999.0 -9999.0 -9999.0 -99.000 -99.000 -99.000 -99.000 -99.000 -9999.0 -9999.0 -9999.0 -9999.0 -9999.0
54795 20020613  1.002  -70.95   43.11    20.3     9.4    14.9    14.2 -9999.0    19.83 R -9999.0 -9999.0    17.0 -9999.0 -9999.0 -9999.0 -99.000 -99.000 -99.000 -99.000 -99.000 -9999.0 -9999.0 -9999.0 -9999.0 -9999.0
54795 20020614  1.002  -70.95   43.11    19.0     8.3    13.7    12.9 -9999.0    14.82 R -9999.0 -9999.0    15.8 -9999.0 -9999.0 -9999.0 -99.000 -99.000 -99.000 -99.000 -99.000 -9999.0 -9999.0 -9999.0 -9999.0 -9999.0
54795 20020615  1.002  -70.95   43.11    11.3     8.5     9.9     9.8 -9999.0     3.30 R -9999.0 -9999.0    11.0 -9999.0 -9999.0 -9999.0 -99.000 -99.000 -99.000 -99.000 -99.000 -9999.0 -9999.0 -9999.0 -9999.0 -9999.0
54795 20020616  1.002  -70.95   43.11    12.4     8.4    10.4    10.4 -9999.0     6.55 R -9999.0 -9999.0    12.2 -9999.0 -9999.0 -9999.0 -99.000 -99.000 -99.000 -99.000 -99.000 -9999.0 -9999.0 -9999.0 -9999.0 -9999.0
54795 20020617  1.002  -70.95   43.11    22.3    10.9    16.6    15.3 -9999.0    18.85 R -9999.0 -9999.0    17.4 -9999.0 -9999.0 -9999.0 -99.000 -99.000 -99.000 -99.000 -99.000 -9999.0 -9999.0 -9999.0 -9999.0 -9999.0
54795 20020618  1.002  -70.95   43.11    23.3    10.0    16.7    16.5 -9999.0    23.34 R -9999.0 -9999.0    18.1 -9999.0 -9999.0 -9999.0 -99.000 -99.000 -99.000 -99.000 -99.000 -9999.0 -9999.0 -9999.0 -9999.0 -9999.0
54795 20020619  1.002  -70.95   43.11    23.1     8.5    15.8    16.4 -9999.0    26.81 R -9999.0 -9999.0    19.3 -9999.0 -9999.0 -9999.0 -99.000 -99.000 -99.000 -99.000 -99.000 -9999.0 -9999.0 -9999.0 -9999.0 -9999.0
54795 20020620  1.002  -70.95   43.11    24.4     8.4    16.4    17.4 -9999.0    28.42 R -9999.0 -9999.0    20.8 -9999.0 -9999.0 -9999.0 -99.000 -99.000 -99.000 -99.000 -99.000 -9999.0 -9999.0 -9999.0 -9999.0 -9999.0
54795 20020621  1.002  -70.95   43.11    29.1     9.6    19.4    21.2 -9999.0    27.38 R -9999.0 -9999.0    23.8 -9999.0 -9999.0 -9999.0 -99.000 -99.000 -99.000 -99.000 -99.000 -9999.0 -9999.0 -9999.0 -9999.0 -9999.0
54795 20020622  1.002  -70.95   43.11    22.4    16.5    19.5    18.4 -9999.0     3.48 R -9999.0 -9999.0    19.0 -9999.0 -9999.0 -9999.0 -99.000 -99.000 -99.000 -99.000 -99.000 -9999.0 -9999.0 -9999.0 -9999.0 -9999.0
54795 20020623  1.002  -70.95   43.11    21.5    15.6    18.6    18.0 -9999.0     6.39 R -9999.0 -9999.0    18.9 -9999.0 -9999.0 -9999.0 -99.000 -99.000 -99.000 -99.000 -99.000 -9999.0 -9999.0 -9999.0 -9999.0 -9999.0
54795 20020624  1.002  -70.95   43.11    26.6    10.2    18.4    20.6 -9999.0    30.15 R -9999.0 -9999.0    20.7 -9999.0 -9999.0 -9999.0 -99.000 -99.000 -99.000 -99.000 -99.000 -9999.0 -9999.0 -9999.0 -9999.0 -9999.0
54795 20020625  1.002  -70.95   43.11    26.7     7.4    17.1    18.5 -9999.0    23.74 R -9999.0 -9999.0    19.7 -9999.0 -9999.0 -9999.0 -99.000 -99.000 -99.000 -99.000 -99.000 -9999.0 -9999.0 -9999.0 -9999.0 -9999.0
54795 20020626  1.002  -70.95   43.11    32.1    14.4    23.3    24.6 -9999.0    23.83 R -9999.0 -9999.0    25.1 -9999.0 -9999.0 -9999.0 -99.000 -99.000 -99.000 -99.000 -99.000 -9999.0 -9999.0 -9999.0 -9999.0 -9999.0
54795 20020627  1.002  -70.95   43.11    31.1    19.7    25.4    25.1 -9999.0    21.77 R -9999.0 -9999.0    26.1 -9999.0 -9999.0 -9999.0 -99.000 -99.000 -99.000 -99.000 -99.000 -9999.0 -9999.0 -9999.0 -9999.0 -9999.0
54795 20020628  1.002  -70.95   43.11    27.4    16.7    22.1    21.2 -9999.0    17.80 R -9999.0 -9999.0    22.7 -9999.0 -9999.0 -9999.0 -99.000 -99.000 -99.000 -99.000 -99.000 -9999.0 -9999.0 -9999.0 -9999.0 -9999.0
54795 20020629  1.002  -70.95   43.11    27.0    13.3    20.2    20.2 -9999.0    28.32 R -9999.0 -9999.0    21.9 -9999.0 -9999.0 -9999.0 -99.000 -99.000 -99.000 -99.000 -99.000 -9999.0 -9999.0 -9999.0 -9999.0 -9999.0
54795 20020630  1.002  -70.95   43.11    27.5    12.6    20.1    20.7 -9999.0    23.72 R -9999.0 -9999.0    22.7 -9999.0 -9999.0 -9999.0 -99.000 -99.000 -99.000 -99.000 -99.000 -9999.0 -9999.0 -9999.0 -9999.0 -9999.0
54795 20020701  1.002  -70.95   43.11    30.9    18.5    24.7    24.2 -9999.0    21.07 R -9999.0 -9999.0    25.1 -9999.0 -9999.0 -9999.0 -99.000 -99.000 -99.000 -99.000 -99.000 -9999.0 -9999.0 -9999.0 -9999.0 -9999.0
54795 20020702  1.002  -70.95   43.11    32.7    19.6    26.2    25.7 -9999.0    18.17 R -9999.0 -9999.0    26.6 -9999.0 -9999.0 -9999.0 -99.000 -99.000 -99.000 -99.000 -99.000 -9999.0 -9999.0 -9999.0 -9999.0 -9999.0
54795 20020703  1.002  -70.95   43.11    34.5    22.4    28.5    28.0 -9999.0    25.75 R -9999.0 -9999.0    29.8 -9999.0 -9999.0 -9999.0 -99.000 -99.000 -99.000 -99.000 -99.000 -9999.0 -9999.0 -9999.0 -9999.0 -9999.0
54795 20020704  1.002  -70.95   43.11    34.2    21.6    27.9    28.1 -9999.0    27.15 R -9999.0 -9999.0    30.1 -9999.0 -9999.0 -9999.0 -99.000 -99.000 -99.000 -99.000 -99.000 -9999.0 -9999.0 -9999.0 -9999.0 -9999.0
54795 20020705  1.002  -70.95   43.11    24.9    16.7    20.8    21.7 -9999.0    27.13 R -9999.0 -9999.0    24.1 -9999.0 -9999.0 -9999.0 -99.000 -99.000 -99.000 -99.000 -99.000 -9999.0 -9999.0 -9999.0 -9999.0 -9999.0
54795 20020706  1.002  -70.95   43.11    24.9    14.0    19.5    19.1 -9999.0    16.23 R -9999.0 -9999.0    20.7 -9999.0 -9999.0 -9999.0 -99.000 -99.000 -99.000 -99.000 -99.000 -9999.0 -9999.0 -9999.0 -9999.0 -9999.0
54795 20020707  1.002  -70.95   43.11    25.6    13.3    19.5    18.9 -9999.0    19.10 R -9999.0 -9999.0    20.7 -9999.0 -9999.0 -9999.0 -99.000 -99.000 -99.000 -99.000 -99.000 -9999.0 -9999.0 -9999.0 -9999.0 -9999.0
54795 20020708  1.002  -70.95   43.11    31.1    11.6    21.4    22.1 -9999.0    24.41 R -9999.0 -9999.0    24.8 -9999.0 -9999.0 -9999.0 -99.000 -99.000 -99.000 -99.000 -99.000 -9999.0 -9999.0 -9999.0 -9999.0 -9999.0
54795 20020709  1.002  -70.95   43.11    31.3    18.7    25.0    23.9 -9999.0    20.59 R -9999.0 -9999.0    26.6 -9999.0 -9999.0 -9999.0 -99.000 -99.000 -99.000 -99.000 -99.000 -9999.0 -9999.0 -9999.0 -9999.0 -9999.0
54795 20020710  1.002  -70.95   43.11    23.4     9.3    16.4    18.6 -9999.0    29.10 R -9999.0 -9999.0    21.8 -9999.0 -9999.0 -9999.0 -99.000 -99.000 -99.000 -99.000 -99.000 -9999.0 -9999.0 -9999.0 -9999.0 -9999.0
54795 20020711  1.002  -70.95   43.11    21.3     6.5    13.9    15.1 -9999.0    26.62 R -9999.0 -9999.0    18.0 -9999.0 -9999.0 -9999.0 -99.000 -99.000 -99.000 -99.000 -99.000 -9999.0 -9999.0 -9999.0 -9999.0 -9999.0
54795 20020712  1.002  -70.95   43.11    26.1     6.8    16.5    17.6 -9999.0    27.46 R -9999.0 -9999.0    21.3 -9999.0 -9999.0 -9999.0 -99.000 -99.000 -99.000 -99.000 -99.000 -9999.0 -9999.0 -9999.0 -9999.0 -9999.0
54795 20020713  1.002  -70.95   43.11    29.6    10.4    20.0    21.2 -9999.0    27.98 R -9999.0 -9999.0    24.5 -9999.0 -9999.0 -9999.0 -99.000 -99.000 -99.000 -99.000 -99.000 -9999.0 -9999.0 -9999.0 -9999.0 -9999.0
54795 20020714  1.002  -70.95   43.11    29.9    14.2    22.1    22.5 -9999.0    26.21 R -9999.0 -9999.0    25.9 -9999.0 -9999.0 -9999.0 -99.000 -99.000 -99.000 -99.000 -99.000 -9999.0 -9999.0 -9999.0 -9999.0 -9999.0
54795 20020715  1.002  -70.95   43.11    28.8    15.6    22.2    21.4 -9999.0    16.56 R -9999.0 -9999.0    23.4 -9999.0 -9999.0 -9999.0 -99.000 -99.000 -99.000 -99.000 -99.000 -9999.0 -9999.0 -9999.0 -9999.0 -9999.0
54795 20020716  1.002  -70.95   43.11    24.1    11.5    17.8    18.1 -9999.0    19.83 R -9999.0 -9999.0    20.0 -9999.0 -9999.0 -9999.0 -99.000 -99.000 -99.000 -99.000 -99.000 -9999.0 -9999.0 -9999.0 -9999.0 -9999.0
54795 20020717  1.002  -70.95   43.11    26.3     8.9    17.6    18.3 -9999.0    22.66 R -9999.0 -9999.0    21.7 -9999.0 -9999.0 -9999.0 -99.000 -99.000 -99.000 -99.000 -99.000 -9999.0 -9999.0 -9999.0 -9999.0 -9999.0
54795 20020718  1.002  -70.95   43.11    29.3    16.8    23.1    23.1 -9999.0    14.40 R -9999.0 -9999.0    24.9 -9999.0 -9999.0 -9999.0 -99.000 -99.000 -99.000 -99.000 -99.000 -9999.0 -9999.0 -9999.0 -9999.0 -9999.0
54795 20020719  1.002  -70.95   43.11    22.6    16.7    19.7    18.2 -9999.0     6.35 R -9999.0 -9999.0    19.3 -9999.0 -9999.0 -9999.0 -99.000 -99.000 -99.000 -99.000 -99.000 -9999.0 -9999.0 -9999.0 -9999.0 -9999.0
54795 20020720  1.002  -70.95   43.11    24.1    14.2    19.2    18.6 -9999.0    16.68 R -9999.0 -9999.0    19.9 -9999.0 -9999.0 -9999.0 -99.000 -99.000 -99.000 -99.000 -99.000 -9999.0 -9999.0 -9999.0 -9999.0 -9999.0
54795 20020721  1.002  -70.95   43.11    28.2    14.2    21.2    21.2 -9999.0    23.72 R -9999.0 -9999.0    23.1 -9999.0 -9999.0 -9999.0 -99.000 -99.000 -99.000 -99.000 -99.000 -9999.0 -9999.0 -9999.0 -9999.0 -9999.0
54795 20020722  1.002  -70.95   43.11    31.6    16.6    24.1    25.1 -9999.0    24.01 R -9999.0 -9999.0    27.2 -9999.0 -9999.0 -9999.0 -99.000 -99.000 -99.000 -99.000 -99.000 -9999.0 -9999.0 -9999.0 -9999.0 -9999.0
54795 20020723  1.002  -70.95   43.11    33.7    18.9    26.3    24.5 -9999.0    17.46 R -9999.0 -9999.0    26.7 -9999.0 -9999.0 -9999.0 -99.000 -99.000 -99.000 -99.000 -99.000 -9999.0 -9999.0 -9999.0 -9999.0 -9999.0
54795 20020724  1.002  -70.95   43.11    21.4     9.3    15.4    16.5 -9999.0    27.14 R -9999.0 -9999.0    19.0 -9999.0 -9999.0 -9999.0 -99.000 -99.000 -99.000 -99.000 -99.000 -9999.0 -9999.0 -9999.0 -9999.0 -9999.0
54795 20020725  1.002  -70.95   43.11    22.8     8.2    15.5    15.8 -9999.0    27.72 R -9999.0 -9999.0    18.4 -9999.0 -9999.0 -9999.0 -99.000 -99.000 -99.000 -99.000 -99.000 -9999.0 -9999.0 -9999.0 -9999.0 -9999.0
54795 20020726  1.002  -70.95   43.11    21.4     7.5    14.5    14.8 -9999.0    24.36 R -9999.0 -9999.0    17.8 -9999.0 -9999.0 -9999.0 -99.000 -99.000 -99.000 -99.000 -99.000 -9999.0 -9999.0 -9999.0 -9999.0 -9999.0
54795 20020727  1.002  -70.95   43.11    21.8    12.7    17.3    17.6 -9999.0     8.37 R -9999.0 -9999.0    19.0 -9999.0 -9999.0 -9999.0 -99.000 -99.000 -99.000 -99.000 -99.000 -9999.0 -9999.0 -9999.0 -9999.0 -9999.0
54795 20020728  1.002  -70.95   43.11    23.7    14.8    19.3    19.3 -9999.0     9.61 R -9999.0 -9999.0    20.8 -9999.0 -9999.0 -9999.0 -99.000 -99.000 -99.000 -99.000 -99.000 -9999.0 -9999.0 -9999.0 -9999.0 -9999.0
54795 20020729  1.002  -70.95   43.11    31.6    19.7    25.7    25.1 -9999.0    21.56 R -9999.0 -9999.0    26.7 -9999.0 -9999.0 -9999.0 -99.000 -99.000 -99.000 -99.000 -99.000 -9999.0 -9999.0 -9999.0 -9999.0 -9999.0
54795 20020730  1.002  -70.95   43.11    32.6    17.5    25.1    24.0 -9999.0    16.98 R -9999.0 -9999.0    25.0 -9999.0 -9999.0 -9999.0 -99.000 -99.000 -99.000 -99.000 -99.000 -9999.0 -9999.0 -9999.0 -9999.0 -9999.0
54795 20020731  1.002  -70.95   43.11    32.7    15.6    24.2    24.4 -9999.0    25.47 R -9999.0 -9999.0    26.9 -9999.0 -9999.0 -9999.0 -99.000 -99.000 -99.000 -99.000 -99.000 -9999.0 -9999.0 -9999.0 -9999.0 -9999.0
54795 20020801  1.002  -70.95   43.11    31.5    15.3    23.4    22.3 -9999.0    25.18 R -9999.0 -9999.0    26.4 -9999.0 -9999.0 -9999.0 -99.000 -99.000 -99.000 -99.000 -99.000 -9999.0 -9999.0 -9999.0 -9999.0 -9999.0
54795 20020802  1.002  -70.95   43.11    26.5    16.6    21.6    21.2 -9999.0    15.58 R -9999.0 -9999.0    23.8 -9999.0 -9999.0 -9999.0 -99.000 -99.000 -99.000 -99.000 -99.000 -9999.0 -9999.0 -9999.0 -9999.0 -9999.0
54795 20020803  1.002  -70.95   43.11    33.6    16.9    25.3    24.4 -9999.0    26.00 R -9999.0 -9999.0    28.2 -9999.0 -9999.0 -9999.0 -99.000 -99.000 -99.000 -99.000 -99.000 -9999.0 -9999.0 -9999.0 -9999.0 -9999.0
54795 20020804  1.002  -70.95   43.11    33.0    15.5    24.3    24.7 -9999.0    24.58 R -9999.0 -9999.0    28.5 -9999.0 -9999.0 -9999.0 -99.000 -99.000 -99.000 -99.000 -99.000 -9999.0 -9999.0 -9999.0 -9999.0 -9999.0
54795 20020805  1.002  -70.95   43.11    33.4    20.5    27.0    26.7 -9999.0    21.01 R -9999.0 -9999.0    30.0 -9999.0 -9999.0 -9999.0 -99.000 -99.000 -99.000 -99.000 -99.000 -9999.0 -9999.0 -9999.0 -9999.0 -9999.0
54795 20020806  1.002  -70.95   43.11    22.7    15.0    18.9    19.7 -9999.0    23.11 R -9999.0 -9999.0    23.5 -9999.0 -9999.0 -9999.0 -99.000 -99.000 -99.000 -99.000 -99.000 -9999.0 -9999.0 -9999.0 -9999.0 -9999.0
54795 20020807  1.002  -70.95   43.11    26.1    13.9    20.0    19.4 -9999.0    25.08 R -9999.0 -9999.0    23.1 -9999.0 -9999.0 -9999.0 -99.000 -99.000 -99.000 -99.000 -99.000 -9999.0 -9999.0 -9999.0 -9999.0 -9999.0
54795 20020808  1.002  -70.95   43.11    26.7    11.0    18.9    18.6 -9999.0    22.24 R -9999.0 -9999.0    22.5 -9999.0 -9999.0 -9999.0 -99.000 -99.000 -99.000 -99.000 -99.000 -9999.0 -9999.0 -9999.0 -9999.0 -9999.0
54795 20020809  1.002  -70.95   43.11    28.2     8.4    18.3    18.2 -9999.0    25.19 R -9999.0 -9999.0    22.7 -9999.0 -9999.0 -9999.0 -99.000 -99.000 -99.000 -99.000 -99.000 -9999.0 -9999.0 -9999.0 -9999.0 -9999.0
54795 20020810  1.002  -70.95   43.11    30.3    10.2    20.3    20.4 -9999.0    18.93 R -9999.0 -9999.0    23.6 -9999.0 -9999.0 -9999.0 -99.000 -99.000 -99.000 -99.000 -99.000 -9999.0 -9999.0 -9999.0 -9999.0 -9999.0
54795 20020811  1.002  -70.95   43.11    33.9    13.9    23.9    23.9 -9999.0    24.59 R -9999.0 -9999.0    27.8 -9999.0 -9999.0 -9999.0 -99.000 -99.000 -99.000 -99.000 -99.000 -9999.0 -9999.0 -9999.0 -9999.0 -9999.0
54795 20020812  1.002  -70.95   43.11    35.7    15.1    25.4    25.1 -9999.0    22.18 R -9999.0 -9999.0    28.9 -9999.0 -9999.0 -9999.0 -99.000 -99.000 -99.000 -99.000 -99.000 -9999.0 -9999.0 -9999.0 -9999.0 -9999.0
54795 20020813  1.002  -70.95   43.11    36.3    16.4    26.4    25.6 -9999.0    20.06 R -9999.0 -9999.0    29.4 -9999.0 -9999.0 -9999.0 -99.000 -99.000 -99.000 -99.000 -99.000 -9999.0 -9999.0 -9999.0 -9999.0 -9999.0
54795 20020814  1.002  -70.95   43.11    36.8    19.1    28.0    27.8 -9999.0    21.68 R -9999.0 -9999.0    31.5 -9999.0 -9999.0 -9999.0 -99.000 -99.000 -99.000 -99.000 -99.000 -9999.0 -9999.0 -9999.0 -9999.0 -9999.0
54795 20020815  1.002  -70.95   43.11    34.9    19.2    27.1    27.9 -9999.0    21.57 R -9999.0 -9999.0    31.2 -9999.0 -9999.0 -9999.0 -99.000 -99.000 -99.000 -99.000 -99.000 -9999.0 -9999.0 -9999.0 -9999.0 -9999.0
54795 20020816  1.002  -70.95   43.11    34.7    22.1    28.4    27.0 -9999.0    17.07 R -9999.0 -9999.0    30.1 -9999.0 -9999.0 -9999.0 -99.000 -99.000 -99.000 -99.000 -99.000 -9999.0 -9999.0 -9999.0 -9999.0 -9999.0
54795 20020817  1.002  -70.95   43.11    33.2    15.8    24.5    25.2 -9999.0    23.99 R -9999.0 -9999.0    28.6 -9999.0 -9999.0 -9999.0 -99.000 -99.000 -99.000 -99.000 -99.000 -9999.0 -9999.0 -9999.0 -9999.0 -9999.0
54795 20020818  1.002  -70.95   43.11    34.8    14.7    24.8    25.2 -9999.0    18.47 R -9999.0 -9999.0    28.7 -9999.0 -9999.0 -9999.0 -99.000 -99.000 -99.000 -99.000 -99.000 -9999.0 -9999.0 -9999.0 -9999.0 -9999.0
54795 20020819  1.002  -70.95   43.11    32.0    15.0    23.5    23.7 -9999.0    23.59 R -9999.0 -9999.0    28.2 -9999.0 -9999.0 -9999.0 -99.000 -99.000 -99.000 -99.000 -99.000 -9999.0 -9999.0 -9999.0 -9999.0 -9999.0
54795 20020820  1.002  -70.95   43.11    27.2    13.6    20.4    20.0 -9999.0    11.59 R -9999.0 -9999.0    22.5 -9999.0 -9999.0 -9999.0 -99.000 -99.000 -99.000 -99.000 -99.000 -9999.0 -9999.0 -9999.0 -9999.0 -9999.0
54795 20020821  1.002  -70.95   43.11    27.3     9.5    18.4    18.2 -9999.0    24.56 R -9999.0 -9999.0    22.9 -9999.0 -9999.0 -9999.0 -99.000 -99.000 -99.000 -99.000 -99.000 -9999.0 -9999.0 -9999.0 -9999.0 -9999.0
54795 20020822  1.002  -70.95   43.11    29.3     8.9    19.1    19.8 -9999.0    16.28 R -9999.0 -9999.0    23.0 -9999.0 -9999.0 -9999.0 -99.000 -99.000 -99.000 -99.000 -99.000 -9999.0 -9999.0 -9999.0 -9999.0 -9999.0
54795 20020823  1.002  -70.95   43.11    24.5     9.5    17.0    18.1 -9999.0    19.40 R -9999.0 -9999.0    20.7 -9999.0 -9999.0 -9999.0 -99.000 -99.000 -99.000 -99.000 -99.000 -9999.0 -9999.0 -9999.0 -9999.0 -9999.0
54795 20020824  1.002  -70.95   43.11    19.7     9.6    14.7    14.1 -9999.0     6.62 R -9999.0 -9999.0    15.4 -9999.0 -9999.0 -9999.0 -99.000 -99.000 -99.000 -99.000 -99.000 -9999.0 -9999.0 -9999.0 -9999.0 -9999.0
54795 20020825  1.002  -70.95   43.11    27.1    13.0    20.1    18.5 -9999.0    22.84 R -9999.0 -9999.0    20.7 -9999.0 -9999.0 -9999.0 -99.000 -99.000 -99.000 -99.000 -99.000 -9999.0 -9999.0 -9999.0 -9999.0 -9999.0
54795 20020826  1.002  -70.95   43.11    29.0    10.4    19.7    19.7 -9999.0    22.93 R -9999.0 -9999.0    21.9 -9999.0 -9999.0 -9999.0 -99.000 -99.000 -99.000 -99.000 -99.000 -9999.0 -9999.0 -9999.0 -9999.0 -9999.0
54795 20020827  1.002  -70.95   43.11    28.7    11.8    20.3    19.5 -9999.0    22.47 R -9999.0 -9999.0    22.5 -9999.0 -9999.0 -9999.0 -99.000 -99.000 -99.000 -99.000 -99.000 -9999.0 -9999.0 -9999.0 -9999.0 -9999.0
54795 20020828  1.002  -70.95   43.11    22.6    11.2    16.9    16.6 -9999.0    17.53 R -9999.0 -9999.0    20.0 -9999.0 -9999.0 -9999.0 -99.000 -99.000 -99.000 -99.000 -99.000 -9999.0 -9999.0 -9999.0 -9999.0 -9999.0
54795 20020829  1.002  -70.95   43.11    18.9    10.8    14.9    14.5 -9999.0     5.97 R -9999.0 -9999.0    16.3 -9999.0 -9999.0 -9999.0 -99.000 -99.000 -99.000 -99.000 -99.000 -9999.0 -9999.0 -9999.0 -9999.0 -9999.0
54795 20020830  1.002  -70.95   43.11    25.9    13.5    19.7    17.7 -9999.0    18.24 R -9999.0 -9999.0    19.7 -9999.0 -9999.0 -9999.0 -99.000 -99.000 -99.000 -99.000 -99.000 -9999.0 -9999.0 -9999.0 -9999.0 -9999.0
54795 20020831  1.002  -70.95   43.11    19.5     5.1    12.3    14.9 -9999.0    21.97 R -9999.0 -9999.0    17.7 -9999.0 -9999.0 -9999.0 -99.000 -99.000 -99.000 -99.000 -99.000 -9999.0 -9999.0 -9999.0 -9999.0 -9999.0
54795 20020901  1.002  -70.95   43.11    18.9     3.7    11.3    12.1 -9999.0    13.83 R -9999.0 -9999.0    14.3 -9999.0 -9999.0 -9999.0 -99.000 -99.000 -99.000 -99.000 -99.000 -9999.0 -9999.0 -9999.0 -9999.0 -9999.0
54795 20020902  1.002  -70.95   43.11    18.7    12.2    15.5    15.8 -9999.0     5.24 R -9999.0 -9999.0    16.8 -9999.0 -9999.0 -9999.0 -99.000 -99.000 -99.000 -99.000 -99.000 -9999.0 -9999.0 -9999.0 -9999.0 -9999.0
54795 20020903  1.002  -70.95   43.11    21.5    16.8    19.2    18.9 -9999.0     6.56 R -9999.0 -9999.0    20.0 -9999.0 -9999.0 -9999.0 -99.000 -99.000 -99.000 -99.000 -99.000 -9999.0 -9999.0 -9999.0 -9999.0 -9999.0
54795 20020904  1.002  -70.95   43.11    27.8    14.6    21.2    20.5 -9999.0    12.97 R -9999.0 -9999.0    21.8 -9999.0 -9999.0 -9999.0 -99.000 -99.000 -99.000 -99.000 -99.000 -9999.0 -9999.0 -9999.0 -9999.0 -9999.0
54795 20020905  1.002  -70.95   43.11    22.1     8.6    15.4    17.5 -9999.0    21.99 R -9999.0 -9999.0    18.4 -9999.0 -9999.0 -9999.0 -99.000 -99.000 -99.000 -99.000 -99.000 -9999.0 -9999.0 -9999.0 -9999.0 -9999.0
54795 20020906  1.002  -70.95   43.11    25.5     6.6    16.1    15.9 -9999.0    22.42 R -9999.0 -9999.0    17.1 -9999.0 -9999.0 -9999.0 -99.000 -99.000 -99.000 -99.000 -99.000 -9999.0 -9999.0 -9999.0 -9999.0 -9999.0
54795 20020907  1.002  -70.95   43.11    27.8     6.6    17.2    17.3 -9999.0    20.80 R -9999.0 -9999.0    19.1 -9999.0 -9999.0 -9999.0 -99.000 -99.000 -99.000 -99.000 -99.000 -9999.0 -9999.0 -9999.0 -9999.0 -9999.0
54795 20020908  1.002  -70.95   43.11    32.3     9.9    21.1    22.0 -9999.0    20.87 R -9999.0 -9999.0    23.1 -9999.0 -9999.0 -9999.0 -99.000 -99.000 -99.000 -99.000 -99.000 -9999.0 -9999.0 -9999.0 -9999.0 -9999.0
54795 20020909  1.002  -70.95   43.11    34.6    15.2    24.9    24.8 -9999.0    19.49 R -9999.0 -9999.0    26.1 -9999.0 -9999.0 -9999.0 -99.000 -99.000 -99.000 -99.000 -99.000 -9999.0 -9999.0 -9999.0 -9999.0 -9999.0
54795 20020910  1.002  -70.95   43.11    33.6    16.0    24.8    25.0 -9999.0    18.10 R -9999.0 -9999.0    26.3 -9999.0 -9999.0 -9999.0 -99.000 -99.000 -99.000 -99.000 -99.000 -9999.0 -9999.0 -9999.0 -9999.0 -9999.0
54795 20020911  1.002  -70.95   43.11    26.2    12.7    19.5    19.2 -9999.0    13.34 R -9999.0 -9999.0    21.0 -9999.0 -9999.0 -9999.0 -99.000 -99.000 -99.000 -99.000 -99.000 -9999.0 -9999.0 -9999.0 -9999.0 -9999.0
54795 20020912  1.002  -70.95   43.11    19.7     4.0    11.9    13.0 -9999.0    21.44 R -9999.0 -9999.0    16.0 -9999.0 -9999.0 -9999.0 -99.000 -99.000 -99.000 -99.000 -99.000 -9999.0 -9999.0 -9999.0 -9999.0 -9999.0
54795 20020913  1.002  -70.95   43.11    27.6     3.5    15.6    17.2 -9999.0    19.47 R -9999.0 -9999.0    19.8 -9999.0 -9999.0 -9999.0 -99.000 -99.000 -99.000 -99.000 -99.000 -9999.0 -9999.0 -9999.0 -9999.0 -9999.0
54795 20020914  1.002  -70.95   43.11    23.7    11.1    17.4    17.3 -9999.0    18.01 R -9999.0 -9999.0    21.2 -9999.0 -9999.0 -9999.0 -99.000 -99.000 -99.000 -99.000 -99.000 -9999.0 -9999.0 -9999.0 -9999.0 -9999.0
54795 20020915  1.002  -70.95   43.11    26.7    14.8    20.8    22.0 -9999.0     8.15 R -9999.0 -9999.0    23.0 -9999.0 -9999.0 -9999.0 -99.000 -99.000 -99.000 -99.000 -99.000 -9999.0 -9999.0 -9999.0 -9999.0 -9999.0
54795 20020916  1.002  -70.95   43.11    22.1    15.2    18.7    18.4 -9999.0     8.11 R -9999.0 -9999.0    20.1 -9999.0 -9999.0 -9999.0 -99.000 -99.000 -99.000 -99.000 -99.000 -9999.0 -9999.0 -9999.0 -9999.0 -9999.0
54795 20020917  1.002  -70.95   43.11    23.9    11.0    17.5    16.7 -9999.0    18.17 R -9999.0 -9999.0    18.8 -9999.0 -9999.0 -9999.0 -99.000 -99.000 -99.000 -99.000 -99.000 -9999.0 -9999.0 -9999.0 -9999.0 -9999.0
54795 20020918  1.002  -70.95   43.11    21.5     7.2    14.4    14.0 -9999.0    19.04 R -9999.0 -9999.0    16.1 -9999.0 -9999.0 -9999.0 -99.000 -99.000 -99.000 -99.000 -99.000 -9999.0 -9999.0 -9999.0 -9999.0 -9999.0
54795 20020919  1.002  -70.95   43.11    26.0     7.5    16.8    16.5 -9999.0    17.79 R -9999.0 -9999.0    17.8 -9999.0 -9999.0 -9999.0 -99.000 -99.000 -99.000 -99.000 -99.000 -9999.0 -9999.0 -9999.0 -9999.0 -9999.0
54795 20020920  1.002  -70.95   43.11    26.7    11.7    19.2    19.6 -9999.0    13.87 R -9999.0 -9999.0    20.1 -9999.0 -9999.0 -9999.0 -99.000 -99.000 -99.000 -99.000 -99.000 -9999.0 -9999.0 -9999.0 -9999.0 -9999.0
54795 20020921  1.002  -70.95   43.11    28.5    16.5    22.5    22.5 -9999.0    15.77 R -9999.0 -9999.0    23.5 -9999.0 -9999.0 -9999.0 -99.000 -99.000 -99.000 -99.000 -99.000 -9999.0 -9999.0 -9999.0 -9999.0 -9999.0
54795 20020922  1.002  -70.95   43.11    29.1    17.6    23.4    22.3 -9999.0    14.11 R -9999.0 -9999.0    23.7 -9999.0 -9999.0 -9999.0 -99.000 -99.000 -99.000 -99.000 -99.000 -9999.0 -9999.0 -9999.0 -9999.0 -9999.0
54795 20020923  1.002  -70.95   43.11    24.4    14.5    19.5    20.3 -9999.0     8.94 R -9999.0 -9999.0    21.3 -9999.0 -9999.0 -9999.0 -99.000 -99.000 -99.000 -99.000 -99.000 -9999.0 -9999.0 -9999.0 -9999.0 -9999.0
54795 20020924  1.002  -70.95   43.11    19.5     9.5    14.5    14.7 -9999.0     8.35 R -9999.0 -9999.0    16.0 -9999.0 -9999.0 -9999.0 -99.000 -99.000 -99.000 -99.000 -99.000 -9999.0 -9999.0 -9999.0 -9999.0 -9999.0
54795 20020925  1.002  -70.95   43.11    21.7     6.0    13.9    13.0 -9999.0    15.37 R -9999.0 -9999.0    14.9 -9999.0 -9999.0 -9999.0 -99.000 -99.000 -99.000 -99.000 -99.000 -9999.0 -9999.0 -9999.0 -9999.0 -9999.0
54795 20020926  1.002  -70.95   43.11    17.2     7.9    12.6    13.1 -9999.0     5.82 R -9999.0 -9999.0    14.0 -9999.0 -9999.0 -9999.0 -99.000 -99.000 -99.000 -99.000 -99.000 -9999.0 -9999.0 -9999.0 -9999.0 -9999.0
54795 20020927  1.002  -70.95   43.11    15.9    12.2    14.1    13.9 -9999.0     2.23 R -9999.0 -9999.0    14.6 -9999.0 -9999.0 -9999.0 -99.000 -99.000 -99.000 -99.000 -99.000 -9999.0 -9999.0 -9999.0 -9999.0 -9999.0
54795 20020928  1.002  -70.95   43.11    20.3     6.1    13.2    15.8 -9999.0    17.44 R -9999.0 -9999.0    16.4 -9999.0 -9999.0 -9999.0 -99.000 -99.000 -99.000 -99.000 -99.000 -9999.0 -9999.0 -9999.0 -9999.0 -9999.0
54795 20020929  1.002  -70.95   43.11    17.5     2.2     9.9     9.5 -9999.0    17.67 R -9999.0 -9999.0    11.3 -9999.0 -9999.0 -9999.0 -99.000 -99.000 -99.000 -99.000 -99.000 -9999.0 -9999.0 -9999.0 -9999.0 -9999.0
54795 20020930  1.002  -70.95   43.11    20.5     4.4    12.5    12.7 -9999.0     7.81 R -9999.0 -9999.0    12.8 -9999.0 -9999.0 -9999.0 -99.000 -99.000 -99.000 -99.000 -99.000 -9999.0 -9999.0 -9999.0 -9999.0 -9999.0
54795 20021001  1.002  -70.95   43.11    26.4    10.3    18.4    18.9 -9999.0    15.89 R -9999.0 -9999.0    18.5 -9999.0 -9999.0 -9999.0 -99.000 -99.000 -99.000 -99.000 -99.000 -9999.0 -9999.0 -9999.0 -9999.0 -9999.0
54795 20021002  1.002  -70.95   43.11    27.1    18.3    22.7    21.6 -9999.0    11.20 R -9999.0 -9999.0    21.1 -9999.0 -9999.0 -9999.0 -99.000 -99.000 -99.000 -99.000 -99.000 -9999.0 -9999.0 -9999.0 -9999.0 -9999.0
54795 20021003  1.002  -70.95   43.11    21.6     8.1    14.9    15.8 -9999.0     2.56 R -9999.0 -9999.0    15.9 -9999.0 -9999.0 -9999.0 -99.000 -99.000 -99.000 -99.000 -99.000 -9999.0 -9999.0 -9999.0 -9999.0 -9999.0
54795 20021004  1.002  -70.95   43.11    16.5     4.1    10.3    10.8 -9999.0     3.14 R -9999.0 -9999.0    11.5 -9999.0 -9999.0 -9999.0 -99.000 -99.000 -99.000 -99.000 -99.000 -9999.0 -9999.0 -9999.0 -9999.0 -9999.0
54795 20021005  1.002  -70.95   43.11    25.4    10.3    17.9    19.7 -9999.0    13.81 R -9999.0 -9999.0    19.0 -9999.0 -9999.0 -9999.0 -99.000 -99.000 -99.000 -99.000 -99.000 -9999.0 -9999.0 -9999.0 -9999.0 -9999.0
54795 20021006  1.002  -70.95   43.11    15.5     1.5     8.5     9.0 -9999.0    16.70 R -9999.0 -9999.0    10.2 -9999.0 -9999.0 -9999.0 -99.000 -99.000 -99.000 -99.000 -99.000 -9999.0 -9999.0 -9999.0 -9999.0 -9999.0
54795 20021007  1.002  -70.95   43.11    18.6     0.8     9.7     9.8 -9999.0     4.64 R -9999.0 -9999.0    10.0 -9999.0 -9999.0 -9999.0 -99.000 -99.000 -99.000 -99.000 -99.000 -9999.0 -9999.0 -9999.0 -9999.0 -9999.0
54795 20021008  1.002  -70.95   43.11    13.2     0.0     6.6     6.9 -9999.0    16.48 R -9999.0 -9999.0     7.6 -9999.0 -9999.0 -9999.0 -99.000 -99.000 -99.000 -99.000 -99.000 -9999.0 -9999.0 -9999.0 -9999.0 -9999.0
54795 20021009  1.002  -70.95   43.11    12.6    -1.4     5.6     5.9 -9999.0    11.87 R -9999.0 -9999.0     7.3 -9999.0 -9999.0 -9999.0 -99.000 -99.000 -99.000 -99.000 -99.000 -9999.0 -9999.0 -9999.0 -9999.0 -9999.0
54795 20021010  1.002  -70.95   43.11    14.2     7.1    10.7    10.6 -9999.0     5.18 R -9999.0 -9999.0    11.5 -9999.0 -9999.0 -9999.0 -99.000 -99.000 -99.000 -99.000 -99.000 -9999.0 -9999.0 -9999.0 -9999.0 -9999.0
54795 20021011  1.002  -70.95   43.11    15.1     8.5    11.8    12.2 -9999.0     4.97 R -9999.0 -9999.0    12.8 -9999.0 -9999.0 -9999.0 -99.000 -99.000 -99.000 -99.000 -99.000 -9999.0 -9999.0 -9999.0 -9999.0 -9999.0
54795 20021012  1.002  -70.95   43.11    13.3    11.3    12.3    12.3 -9999.0     3.03 R -9999.0 -9999.0    12.8 -9999.0 -9999.0 -9999.0 -99.000 -99.000 -99.000 -99.000 -99.000 -9999.0 -9999.0 -9999.0 -9999.0 -9999.0
54795 20021013  1.002  -70.95   43.11    12.9    10.8    11.9    11.9 -9999.0     2.41 R -9999.0 -9999.0    12.5 -9999.0 -9999.0 -9999.0 -99.000 -99.000 -99.000 -99.000 -99.000 -9999.0 -9999.0 -9999.0 -9999.0 -9999.0
54795 20021014  1.002  -70.95   43.11    12.1    -2.6     4.8     6.6 -9999.0    15.68 R -9999.0 -9999.0     7.5 -9999.0 -9999.0 -9999.0 -99.000 -99.000 -99.000 -99.000 -99.000 -9999.0 -9999.0 -9999.0 -9999.0 -9999.0
54795 20021015  1.002  -70.95   43.11    10.0    -4.9     2.6     2.8 -9999.0    14.00 R -9999.0 -9999.0     4.6 -9999.0 -9999.0 -9999.0 -99.000 -99.000 -99.000 -99.000 -99.000 -9999.0 -9999.0 -9999.0 -9999.0 -9999.0
54795 20021016  1.002  -70.95   43.11    16.0     1.9     9.0     8.5 -9999.0     1.02 R -9999.0 -9999.0     8.7 -9999.0 -9999.0 -9999.0 -99.000 -99.000 -99.000 -99.000 -99.000 -9999.0 -9999.0 -9999.0 -9999.0 -9999.0
54795 20021017  1.002  -70.95   43.11    14.6     5.7    10.2     9.7 -9999.0    14.55 R -9999.0 -9999.0    10.2 -9999.0 -9999.0 -9999.0 -99.000 -99.000 -99.000 -99.000 -99.000 -9999.0 -9999.0 -9999.0 -9999.0 -9999.0
54795 20021018  1.002  -70.95   43.11    11.4    -1.9     4.8     6.5 -9999.0    14.31 R -9999.0 -9999.0     7.1 -9999.0 -9999.0 -9999.0 -99.000 -99.000 -99.000 -99.000 -99.000 -9999.0 -9999.0 -9999.0 -9999.0 -9999.0
54795 20021019  1.002  -70.95   43.11    15.1    -2.8     6.2     7.7 -9999.0     5.80 R -9999.0 -9999.0     7.2 -9999.0 -9999.0 -9999.0 -99.000 -99.000 -99.000 -99.000 -99.000 -9999.0 -9999.0 -9999.0 -9999.0 -9999.0
54795 20021020  1.002  -70.95   43.11    13.2    -1.6     5.8     7.4 -9999.0    10.55 R -9999.0 -9999.0     6.5 -9999.0 -9999.0 -9999.0 -99.000 -99.000 -99.000 -99.000 -99.000 -9999.0 -9999.0 -9999.0 -9999.0 -9999.0
54795 20021021  1.002  -70.95   43.11    10.2    -3.8     3.2     2.3 -9999.0    11.81 R -9999.0 -9999.0     2.4 -9999.0 -9999.0 -9999.0 -99.000 -99.000 -99.000 -99.000 -99.000 -9999.0 -9999.0 -9999.0 -9999.0 -9999.0
54795 20021022  1.002  -70.95   43.11     9.9    -6.4     1.8     0.8 -9999.0    12.46 R -9999.0 -9999.0     1.7 -9999.0 -9999.0 -9999.0 -99.000 -99.000 -99.000 -99.000 -99.000 -9999.0 -9999.0 -9999.0 -9999.0 -9999.0
54795 20021023  1.002  -70.95   43.11     7.2    -4.0     1.6     1.2 -9999.0     7.10 R -9999.0 -9999.0     2.0 -9999.0 -9999.0 -9999.0 -99.000 -99.000 -99.000 -99.000 -99.000 -9999.0 -9999.0 -9999.0 -9999.0 -9999.0
54795 20021024  1.002  -70.95   43.11     9.1    -6.6     1.3     0.6 -9999.0    12.09 R -9999.0 -9999.0     1.8 -9999.0 -9999.0 -9999.0 -99.000 -99.000 -99.000 -99.000 -99.000 -9999.0 -9999.0 -9999.0 -9999.0 -9999.0
54795 20021025  1.002  -70.95   43.11     9.2    -6.3     1.5     0.5 -9999.0    13.26 R -9999.0 -9999.0     1.8 -9999.0 -9999.0 -9999.0 -99.000 -99.000 -99.000 -99.000 -99.000 -9999.0 -9999.0 -9999.0 -9999.0 -9999.0
54795 20021026  1.002  -70.95   43.11    10.0    -1.5     4.3     5.9 -9999.0     0.97 R -9999.0 -9999.0     6.4 -9999.0 -9999.0 -9999.0 -99.000 -99.000 -99.000 -99.000 -99.000 -9999.0 -9999.0 -9999.0 -9999.0 -9999.0
54795 20021027  1.002  -70.95   43.11    12.0     2.0     7.0     6.9 -9999.0    12.09 R -9999.0 -9999.0     6.9 -9999.0 -9999.0 -9999.0 -99.000 -99.000 -99.000 -99.000 -99.000 -9999.0 -9999.0 -9999.0 -9999.0 -9999.0
54795 20021028  1.002  -70.95   43.11     9.6    -3.1     3.3     4.1 -9999.0    11.88 R -9999.0 -9999.0     4.4 -9999.0 -9999.0 -9999.0 -99.000 -99.000 -99.000 -99.000 -99.000 -9999.0 -9999.0 -9999.0 -9999.0 -9999.0
54795 20021029  1.002  -70.95   43.11     6.6    -6.0     0.3     1.0 -9999.0    11.69 R -9999.0 -9999.0     2.0 -9999.0 -9999.0 -9999.0 -99.000 -99.000 -99.000 -99.000 -99.000 -9999.0 -9999.0 -9999.0 -9999.0 -9999.0
54795 20021030  1.002  -70.95   43.11     6.3    -3.6     1.4     0.8 -9999.0     8.71 R -9999.0 -9999.0     2.1 -9999.0 -9999.0 -9999.0 -99.000 -99.000 -99.000 -99.000 -99.000 -9999.0 -9999.0 -9999.0 -9999.0 -9999.0
54795 20021031  1.002  -70.95   43.11     8.3    -7.5     0.4     0.4 -9999.0    11.77 R -9999.0 -9999.0     1.4 -9999.0 -9999.0 -9999.0 -99.000 -99.000 -99.000 -99.000 -99.000 -9999.0 -9999.0 -9999.0 -9999.0 -9999.0
54795 20021101  1.002  -70.95   43.11     8.5    -1.1     3.7     4.4 -9999.0     5.28 R -9999.0 -9999.0     4.1 -9999.0 -9999.0 -9999.0 -99.000 -99.000 -99.000 -99.000 -99.000 -9999.0 -9999.0 -9999.0 -9999.0 -9999.0
54795 20021102  1.002  -70.95   43.11     0.9    -7.0    -3.0    -2.9 -9999.0    10.99 R -9999.0 -9999.0    -1.8 -9999.0 -9999.0 -9999.0 -99.000 -99.000 -99.000 -99.000 -99.000 -9999.0 -9999.0 -9999.0 -9999.0 -9999.0
54795 20021103  1.002  -70.95   43.11     4.1   -10.4    -3.1    -3.7 -9999.0    11.87 R -9999.0 -9999.0    -2.3 -9999.0 -9999.0 -9999.0 -99.000 -99.000 -99.000 -99.000 -99.000 -9999.0 -9999.0 -9999.0 -9999.0 -9999.0
54795 20021104  1.003  -70.95   43.11 -9999.0 -9999.0 -9999.0 -9999.0 -9999.0 -9999.00 U -9999.0 -9999.0 -9999.0 -9999.0 -9999.0 -9999.0 -99.000 -99.000 -99.000 -99.000 -99.000 -9999.0 -9999.0 -9999.0 -9999.0 -9999.0
54795 20021105  1.003  -70.95   43.11 -9999.0 -9999.0 -9999.0 -9999.0 -9999.0 -9999.00 U -9999.0 -9999.0 -9999.0 -9999.0 -9999.0 -9999.0 -99.000 -99.000 -99.000 -99.000 -99.000 -9999.0 -9999.0 -9999.0 -9999.0 -9999.0
54795 20021106  1.003  -70.95   43.11     8.4     1.6     5.0     4.1     3.2     0.67 R -9999.0 -9999.0     4.0 -9999.0 -9999.0 -9999.0 -99.000 -99.000 -99.000 -99.000 -99.000 -9999.0 -9999.0 -9999.0 -9999.0 -9999.0
54795 20021107  1.003  -70.95   43.11     5.1    -5.6    -0.2     0.6     0.0    11.52 R -9999.0 -9999.0    -0.1 -9999.0 -9999.0 -9999.0 -99.000 -99.000 -99.000 -99.000 -99.000 -9999.0 -9999.0 -9999.0 -9999.0 -9999.0
54795 20021108  1.003  -70.95   43.11    13.4    -6.0     3.7     4.2     0.0    10.12 R -9999.0 -9999.0     3.1 -9999.0 -9999.0 -9999.0 -99.000 -99.000 -99.000 -99.000 -99.000 -9999.0 -9999.0 -9999.0 -9999.0 -9999.0
54795 20021109  1.003  -70.95   43.11    15.4     0.1     7.8     8.4     0.0     5.65 R -9999.0 -9999.0     6.9 -9999.0 -9999.0 -9999.0 -99.000 -99.000 -99.000 -99.000 -99.000 -9999.0 -9999.0 -9999.0 -9999.0 -9999.0
54795 20021110  1.003  -70.95   43.11    20.3     3.7    12.0    14.0 -9999.0     5.75 R -9999.0 -9999.0    12.4 -9999.0 -9999.0 -9999.0 -99.000 -99.000 -99.000 -99.000 -99.000 -9999.0 -9999.0 -9999.0 -9999.0 -9999.0
54795 20021111  1.003  -70.95   43.11    20.9    12.4    16.7    17.7     3.1     1.21 R -9999.0 -9999.0    16.2 -9999.0 -9999.0 -9999.0 -99.000 -99.000 -99.000 -99.000 -99.000 -9999.0 -9999.0 -9999.0 -9999.0 -9999.0
54795 20021112  1.003  -70.95   43.11    12.6     6.3     9.5     9.3    16.6     1.62 R -9999.0 -9999.0     9.0 -9999.0 -9999.0 -9999.0 -99.000 -99.000 -99.000 -99.000 -99.000 -9999.0 -9999.0 -9999.0 -9999.0 -9999.0
54795 20021113  1.003  -70.95   43.11     7.6     5.4     6.5     6.9    10.1     0.77 R -9999.0 -9999.0     7.1 -9999.0 -9999.0 -9999.0 -99.000 -99.000 -99.000 -99.000 -99.000 -9999.0 -9999.0 -9999.0 -9999.0 -9999.0
54795 20021114  1.003  -70.95   43.11     9.8    -1.1     4.4     3.8     0.3     9.62 R -9999.0 -9999.0     4.2 -9999.0 -9999.0 -9999.0 -99.000 -99.000 -99.000 -99.000 -99.000 -9999.0 -9999.0 -9999.0 -9999.0 -9999.0
54795 20021115  1.003  -70.95   43.11    15.7     1.5     8.6     8.3     0.0     7.99 R -9999.0 -9999.0     7.2 -9999.0 -9999.0 -9999.0 -99.000 -99.000 -99.000 -99.000 -99.000 -9999.0 -9999.0 -9999.0 -9999.0 -9999.0
54795 20021116  1.003  -70.95   43.11     7.0    -3.1     2.0     0.1     5.0     0.37 R -9999.0 -9999.0     0.9 -9999.0 -9999.0 -9999.0 -99.000 -99.000 -99.000 -99.000 -99.000 -9999.0 -9999.0 -9999.0 -9999.0 -9999.0
54795 20021117  1.003  -70.95   43.11     1.0    -3.0    -1.0     0.2    28.9     0.81 R -9999.0 -9999.0    -0.1 -9999.0 -9999.0 -9999.0 -99.000 -99.000 -99.000 -99.000 -99.000 -9999.0 -9999.0 -9999.0 -9999.0 -9999.0
54795 20021118  1.003  -70.95   43.11     3.8    -0.6     1.6     1.6     7.8     3.63 R -9999.0 -9999.0     0.3 -9999.0 -9999.0 -9999.0 -99.000 -99.000 -99.000 -99.000 -99.000 -9999.0 -9999.0 -9999.0 -9999.0 -9999.0
54795 20021119  1.003  -70.95   43.11     1.6    -4.2    -1.3    -0.4     0.0     2.52 R -9999.0 -9999.0    -0.7 -9999.0 -9999.0 -9999.0 -99.000 -99.000 -99.000 -99.000 -99.000 -9999.0 -9999.0 -9999.0 -9999.0 -9999.0
54795 20021120  1.003  -70.95   43.11     8.3    -2.4     3.0     1.5     0.0     8.94 R -9999.0 -9999.0     1.5 -9999.0 -9999.0 -9999.0 -99.000 -99.000 -99.000 -99.000 -99.000 -9999.0 -9999.0 -9999.0 -9999.0 -9999.0
54795 20021121  1.003  -70.95   43.11     4.4    -3.2     0.6     2.0     0.3     1.39 R -9999.0 -9999.0     2.5 -9999.0 -9999.0 -9999.0 -99.000 -99.000 -99.000 -99.000 -99.000 -9999.0 -9999.0 -9999.0 -9999.0 -9999.0
54795 20021122  1.003  -70.95   43.11     7.0     4.0     5.5     5.6     5.6     0.60 R -9999.0 -9999.0     5.8 -9999.0 -9999.0 -9999.0 -99.000 -99.000 -99.000 -99.000 -99.000 -9999.0 -9999.0 -9999.0 -9999.0 -9999.0
54795 20021123  1.003  -70.95   43.11     6.3    -1.4     2.5     3.1     1.6     3.81 R -9999.0 -9999.0     2.7 -9999.0 -9999.0 -9999.0 -99.000 -99.000 -99.000 -99.000 -99.000 -9999.0 -9999.0 -9999.0 -9999.0 -9999.0
54795 20021124  1.003  -70.95   43.11     8.6    -1.9     3.4     3.6     0.0     6.79 R -9999.0 -9999.0     1.5 -9999.0 -9999.0 -9999.0 -99.000 -99.000 -99.000 -99.000 -99.000 -9999.0 -9999.0 -9999.0 -9999.0 -9999.0
54795 20021125  1.003  -70.95   43.11     6.9    -2.6     2.2     2.4     2.0     4.46 R -9999.0 -9999.0     1.9 -9999.0 -9999.0 -9999.0 -99.000 -99.000 -99.000 -99.000 -99.000 -9999.0 -9999.0 -9999.0 -9999.0 -9999.0
54795 20021126  1.003  -70.95   43.11     6.5    -2.4     2.1     1.8     0.0     6.71 R -9999.0 -9999.0     1.6 -9999.0 -9999.0 -9999.0 -99.000 -99.000 -99.000 -99.000 -99.000 -9999.0 -9999.0 -9999.0 -9999.0 -9999.0
54795 20021127  1.003  -70.95   43.11     0.1    -6.9    -3.4    -2.6     5.0     2.44 R -9999.0 -9999.0    -4.4 -9999.0 -9999.0 -9999.0 -99.000 -99.000 -99.000 -99.000 -99.000 -9999.0 -9999.0 -9999.0 -9999.0 -9999.0
54795 20021128  1.003  -70.95   43.11    -2.5   -10.8    -6.6    -6.1     0.0     8.85 R -9999.0 -9999.0   -11.4 -9999.0 -9999.0 -9999.0 -99.000 -99.000 -99.000 -99.000 -99.000 -9999.0 -9999.0 -9999.0 -9999.0 -9999.0
54795 20021129  1.003  -70.95   43.11     0.2   -12.0    -5.9    -4.4     0.2     2.98 R -9999.0 -9999.0    -6.7 -9999.0 -9999.0 -9999.0 -99.000 -99.000 -99.000 -99.000 -99.000 -9999.0 -9999.0 -9999.0 -9999.0 -9999.0
54795 20021130  1.003  -70.95   43.11     6.1    -4.3     0.9     0.6     0.3     3.93 R -9999.0 -9999.0    -2.8 -9999.0 -9999.0 -9999.0 -99.000 -99.000 -99.000 -99.000 -99.000 -9999.0 -9999.0 -9999.0 -9999.0 -9999.0
54795 20021201  1.003  -70.95   43.11     1.6    -6.5    -2.4    -1.5     0.0     7.29 R -9999.0 -9999.0    -4.9 -9999.0 -9999.0 -9999.0 -99.000 -99.000 -99.000 -99.000 -99.000 -9999.0 -9999.0 -9999.0 -9999.0 -9999.0
54795 20021202  1.003  -70.95   43.11     1.3   -10.2    -4.4    -3.6     0.5     6.00 R -9999.0 -9999.0    -5.4 -9999.0 -9999.0 -9999.0 -99.000 -99.000 -99.000 -99.000 -99.000 -9999.0 -9999.0 -9999.0 -9999.0 -9999.0
54795 20021203  1.003  -70.95   43.11    -2.8   -10.6    -6.7    -7.7     0.4     8.33 R -9999.0 -9999.0    -9.8 -9999.0 -9999.0 -9999.0 -99.000 -99.000 -99.000 -99.000 -99.000 -9999.0 -9999.0 -9999.0 -9999.0 -9999.0
54795 20021204  1.003  -70.95   43.11    -3.4   -12.0    -7.7    -7.5     0.0     8.32 R -9999.0 -9999.0   -11.0 -9999.0 -9999.0 -9999.0 -99.000 -99.000 -99.000 -99.000 -99.000 -9999.0 -9999.0 -9999.0 -9999.0 -9999.0
54795 20021205  1.003  -70.95   43.11    -4.1   -11.9    -8.0    -6.6     1.6     0.93 R -9999.0 -9999.0    -7.0 -9999.0 -9999.0 -9999.0 -99.000 -99.000 -99.000 -99.000 -99.000 -9999.0 -9999.0 -9999.0 -9999.0 -9999.0
54795 20021206  1.003  -70.95   43.11    -1.5   -12.7    -7.1    -5.6     1.3     1.97 R -9999.0 -9999.0    -8.6 -9999.0 -9999.0 -9999.0 -99.000 -99.000 -99.000 -99.000 -99.000 -9999.0 -9999.0 -9999.0 -9999.0 -9999.0
54795 20021207  1.003  -70.95   43.11     2.2   -16.2    -7.0    -5.8     0.3     6.98 R -9999.0 -9999.0   -10.9 -9999.0 -9999.0 -9999.0 -99.000 -99.000 -99.000 -99.000 -99.000 -9999.0 -9999.0 -9999.0 -9999.0 -9999.0
54795 20021208  1.003  -70.95   43.11     4.9    -7.5    -1.3    -0.8     0.0     6.61 R -9999.0 -9999.0    -5.6 -9999.0 -9999.0 -9999.0 -99.000 -99.000 -99.000 -99.000 -99.000 -9999.0 -9999.0 -9999.0 -9999.0 -9999.0
54795 20021209  1.003  -70.95   43.11    -7.3   -15.7   -11.5   -12.0     0.0     7.99 R -9999.0 -9999.0   -14.8 -9999.0 -9999.0 -9999.0 -99.000 -99.000 -99.000 -99.000 -99.000 -9999.0 -9999.0 -9999.0 -9999.0 -9999.0
54795 20021210  1.003  -70.95   43.11     0.9   -17.5    -8.3    -8.2     0.0     6.42 R -9999.0 -9999.0   -11.5 -9999.0 -9999.0 -9999.0 -99.000 -99.000 -99.000 -99.000 -99.000 -9999.0 -9999.0 -9999.0 -9999.0 -9999.0
54795 20021211  1.003  -70.95   43.11     2.5   -11.1    -4.3    -2.6     0.0     2.80 R -9999.0 -9999.0    -4.4 -9999.0 -9999.0 -9999.0 -99.000 -99.000 -99.000 -99.000 -99.000 -9999.0 -9999.0 -9999.0 -9999.0 -9999.0
54795 20021212  1.003  -70.95   43.11     3.6    -2.1     0.8     1.4    11.3     1.85 R -9999.0 -9999.0     0.0 -9999.0 -9999.0 -9999.0 -99.000 -99.000 -99.000 -99.000 -99.000 -9999.0 -9999.0 -9999.0 -9999.0 -9999.0
54795 20021213  1.003  -70.95   43.11     6.9    -4.8     1.1     0.3     0.3     6.53 R -9999.0 -9999.0    -1.0 -9999.0 -9999.0 -9999.0 -99.000 -99.000 -99.000 -99.000 -99.000 -9999.0 -9999.0 -9999.0 -9999.0 -9999.0
54795 20021214  1.003  -70.95   43.11     6.3     0.2     3.3     4.4    50.9     0.36 R -9999.0 -9999.0     2.9 -9999.0 -9999.0 -9999.0 -99.000 -99.000 -99.000 -99.000 -99.000 -9999.0 -9999.0 -9999.0 -9999.0 -9999.0
54795 20021215  1.003  -70.95   43.11     5.8    -1.2     2.3     2.8     0.0     7.01 R -9999.0 -9999.0     1.3 -9999.0 -9999.0 -9999.0 -99.000 -99.000 -99.000 -99.000 -99.000 -9999.0 -9999.0 -9999.0 -9999.0 -9999.0
54795 20021216  1.003  -70.95   43.11     1.0    -3.5    -1.2    -0.8     1.2     2.94 R -9999.0 -9999.0    -2.0 -9999.0 -9999.0 -9999.0 -99.000 -99.000 -99.000 -99.000 -99.000 -9999.0 -9999.0 -9999.0 -9999.0 -9999.0
54795 20021217  1.003  -70.95   43.11    -1.1   -10.6    -5.8    -5.4     0.0     7.66 R -9999.0 -9999.0    -7.1 -9999.0 -9999.0 -9999.0 -99.000 -99.000 -99.000 -99.000 -99.000 -9999.0 -9999.0 -9999.0 -9999.0 -9999.0
54795 20021218  1.003  -70.95   43.11     5.3   -13.3    -4.0    -5.6     0.3     7.67 R -9999.0 -9999.0    -6.3 -9999.0 -9999.0 -9999.0 -99.000 -99.000 -99.000 -99.000 -99.000 -9999.0 -9999.0 -9999.0 -9999.0 -9999.0
54795 20021219  1.003  -70.95   43.11     6.3   -11.5    -2.6    -2.9     0.3     6.47 R -9999.0 -9999.0    -3.0 -9999.0 -9999.0 -9999.0 -99.000 -99.000 -99.000 -99.000 -99.000 -9999.0 -9999.0 -9999.0 -9999.0 -9999.0
54795 20021220  1.003  -70.95   43.11    12.5    -1.2     5.7     3.9    22.1     0.17 R -9999.0 -9999.0     2.8 -9999.0 -9999.0 -9999.0 -99.000 -99.000 -99.000 -99.000 -99.000 -9999.0 -9999.0 -9999.0 -9999.0 -9999.0
54795 20021221  1.003  -70.95   43.11     6.2    -0.3     3.0     2.6     0.0     4.81 R -9999.0 -9999.0     0.4 -9999.0 -9999.0 -9999.0 -99.000 -99.000 -99.000 -99.000 -99.000 -9999.0 -9999.0 -9999.0 -9999.0 -9999.0
54795 20021222  1.003  -70.95   43.11     8.5    -1.2     3.7     3.3     0.0     4.89 R -9999.0 -9999.0     0.7 -9999.0 -9999.0 -9999.0 -99.000 -99.000 -99.000 -99.000 -99.000 -9999.0 -9999.0 -9999.0 -9999.0 -9999.0
54795 20021223  1.003  -70.95   43.11     4.5     0.4     2.5     2.7     0.0     2.26 R -9999.0 -9999.0     0.4 -9999.0 -9999.0 -9999.0 -99.000 -99.000 -99.000 -99.000 -99.000 -9999.0 -9999.0 -9999.0 -9999.0 -9999.0
54795 20021224  1.003  -70.95   43.11     2.4    -6.7    -2.1    -0.8     0.0     7.37 R -9999.0 -9999.0    -1.7 -9999.0 -9999.0 -9999.0 -99.000 -99.000 -99.000 -99.000 -99.000 -9999.0 -9999.0 -9999.0 -9999.0 -9999.0
54795 20021225  1.003  -70.95   43.11    -1.1    -6.4    -3.7    -3.0    15.8     0.50 R -9999.0 -9999.0    -2.7 -9999.0 -9999.0 -9999.0 -99.000 -99.000 -99.000 -99.000 -99.000 -9999.0 -9999.0 -9999.0 -9999.0 -9999.0
54795 20021226  1.003  -70.95   43.11     0.0    -5.1    -2.5    -2.3     1.2     7.21 R -9999.0 -9999.0    -5.4 -9999.0 -9999.0 -9999.0 -99.000 -99.000 -99.000 -99.000 -99.000 -9999.0 -9999.0 -9999.0 -9999.0 -9999.0
54795 20021227  1.003  -70.95   43.11     1.1   -12.0    -5.4    -5.0     0.0     7.70 R -9999.0 -9999.0   -11.6 -9999.0 -9999.0 -9999.0 -99.000 -99.000 -99.000 -99.000 -99.000 -9999.0 -9999.0 -9999.0 -9999.0 -9999.0
54795 20021228  1.003  -70.95   43.11     1.5   -13.5    -6.0    -6.8     0.0     6.57 R -9999.0 -9999.0   -11.4 -9999.0 -9999.0 -9999.0 -99.000 -99.000 -99.000 -99.000 -99.000 -9999.0 -9999.0 -9999.0 -9999.0 -9999.0
54795 20021229  1.003  -70.95   43.11     2.8    -8.2    -2.7    -2.3     0.0     5.73 R -9999.0 -9999.0    -7.6 -9999.0 -9999.0 -9999.0 -99.000 -99.000 -99.000 -99.000 -99.000 -9999.0 -9999.0 -9999.0 -9999.0 -9999.0
54795 20021230  1.003  -70.95   43.11    -1.4    -8.8    -5.1    -4.7     0.0     7.06 R -9999.0 -9999.0    -9.5 -9999.0 -9999.0 -9999.0 -99.000 -99.000 -99.000 -99.000 -99.000 -9999.0 -9999.0 -9999.0 -9999.0 -9999.0
54795 20021231  1.003  -70.95   43.11     0.8    -5.0    -2.1    -1.9     0.7     0.56 R -9999.0 -9999.0    -1.6 -9999.0 -9999.0 -9999.0 -99.000 -99.000 -99.000 -99.000 -99.000 -9999.0 -9999.0 -9999.0 -9999.0 -9999.0
