13301 20220101  2.622  -93.15   39.87    -0.8   -13.7    -7.3    -9.1    11.3     1.57 C    -0.4   -12.9    -8.0    87.8    77.5    82.8   0.318   0.297   0.331   0.347 -99.000     2.1     3.0     4.8     6.4     8.9
13301 20220102  2.622  -93.15   39.87   -12.0   -19.2   -15.6   -15.3     0.0    10.26 C   -10.3   -22.9   -17.5    77.2    46.7    62.7   0.328   0.295   0.330   0.347 -99.000     0.9     2.0     4.1     6.1     8.8
13301 20220103  2.622  -93.15   39.87    -1.3   -17.8    -9.6    -8.0     0.0    10.06 C    -2.9   -21.8   -11.3    80.4    62.7    72.4   0.333   0.309   0.330   0.346 -99.000     0.1     1.2     3.5     5.7     8.6
13301 20220104  2.622  -93.15   39.87     5.9    -4.0     0.9     0.9     0.0     7.70 C     0.4    -9.6    -3.5    76.1    48.7    62.7   0.341   0.311   0.328   0.345 -99.000     0.3     1.0     3.1     5.2     8.4
13301 20220105  2.622  -93.15   39.87    -3.1   -12.4    -7.7    -9.6     0.0     8.94 C    -5.0   -13.6    -9.6    66.2    47.0    55.3   0.379   0.317   0.328   0.345 -99.000    -0.1     0.8     2.9     4.9     8.2
13301 20220106  2.622  -93.15   39.87   -10.6   -16.2   -13.4   -13.7     0.0     8.18 C    -6.1   -16.8   -12.6    67.7    55.9    61.7   0.364   0.299   0.329   0.345 -99.000    -1.2     0.2     2.5     4.7     8.0
13301 20220107  2.622  -93.15   39.87    -6.8   -16.6   -11.7   -11.0     0.0     7.27 C    -2.0   -16.4    -9.2    68.5    47.7    56.4   0.352   0.292   0.328   0.344 -99.000    -1.6    -0.4     2.0     4.3     7.8
13301 20220108  2.622  -93.15   39.87     2.6    -7.5    -2.5    -1.7     0.8     1.73 C     0.6    -9.7    -2.7    96.1    57.9    80.8 -99.000   0.289   0.328   0.343 -99.000    -1.0    -0.4     1.8     3.9     7.5
13301 20220109  2.622  -93.15   39.87     1.2    -9.0    -3.9    -5.4     0.0    10.41 C     0.3   -10.6    -5.2    95.1    35.5    58.4 -99.000   0.286   0.326   0.343 -99.000    -0.8    -0.2     1.7     3.7     7.3
13301 20220110  2.622  -93.15   39.87    -0.2    -9.5    -4.9    -5.5     0.0    10.13 C     3.5   -10.6    -5.5    69.4    41.5    58.4 -99.000 -99.000   0.327   0.343 -99.000    -1.6    -0.6     1.5     3.5     7.1
13301 20220111  2.622  -93.15   39.87    12.0    -8.7     1.6     1.7     0.0    10.18 C     8.4    -8.9    -1.3    71.6    33.2    54.3 -99.000 -99.000   0.326   0.346 -99.000    -1.1    -0.6     1.4     3.3     6.9
13301 20220112  2.622  -93.15   39.87    11.3    -1.0     5.2     4.3     0.0     7.07 C    12.1    -5.7     0.3    77.6    40.1    58.8 -99.000 -99.000   0.339   0.354 -99.000    -0.1    -0.1     1.4     3.2     6.7
13301 20220113  2.622  -93.15   39.87    11.9    -0.2     5.9     5.4     0.0     9.56 C    12.5    -4.0     1.8    82.9    44.6    62.7 -99.000   0.281   0.348   0.351 -99.000     0.0     0.0     1.4     3.2     6.6
13301 20220114  2.622  -93.15   39.87     4.0    -0.5     1.8     1.8     2.1     1.88 C     4.3    -2.5     1.0    94.9    77.5    87.6   0.373   0.289   0.347   0.350 -99.000     0.1     0.1     1.4     3.2     6.4
13301 20220115  2.622  -93.15   39.87     1.9    -7.9    -3.0    -4.7    16.2     4.41 C     1.3    -9.4    -4.9    94.4    81.4    87.1   0.418   0.344   0.387   0.356 -99.000     0.1     0.1     1.5     3.2     6.3
13301 20220116  2.622  -93.15   39.87     0.0   -12.8    -6.4    -6.9     0.0     7.08 C    -1.4   -20.0    -8.0    93.4    81.1    86.9   0.406   0.339   0.393   0.355 -99.000     0.2     0.3     1.6     3.2     6.2
13301 20220117  2.622  -93.15   39.87     0.9    -4.4    -1.7    -0.9     0.0     8.19 C     0.0   -13.4    -3.2    86.5    70.9    79.9   0.405   0.338   0.391   0.352 -99.000     0.3     0.5     1.8     3.3     6.2
13301 20220118  2.622  -93.15   39.87     6.1    -2.0     2.0     2.5     0.0     9.41 C     7.8    -7.9    -1.1    84.6    61.5    75.6   0.416   0.327   0.401   0.355 -99.000     0.4     0.7     1.9     3.4     6.1
13301 20220119  2.622  -93.15   39.87     3.2   -14.7    -5.7    -7.3     0.0     5.35 C     0.2   -13.9    -6.2    78.4    52.6    62.9   0.399   0.308   0.408   0.359 -99.000     0.2     0.8     1.9     3.5     6.1
13301 20220120  2.622  -93.15   39.87   -11.1   -18.3   -14.7   -15.2     0.0    11.87 C    -0.8   -18.3   -12.1    70.8    48.8    62.0 -99.000   0.324   0.398   0.356 -99.000    -1.3     0.3     1.8     3.5     6.1
13301 20220121  2.622  -93.15   39.87    -7.4   -21.0   -14.2   -13.7     0.0    11.82 C     1.6   -20.0   -11.2    81.2    47.2    66.4 -99.000 -99.000   0.393   0.354 -99.000    -2.1    -0.6     1.5     3.3     6.0
13301 20220122  2.622  -93.15   39.87     4.3    -8.8    -2.3    -1.7     0.0    11.32 C     8.1   -11.0    -1.9    64.7    46.8    54.7 -99.000 -99.000   0.389   0.352 -99.000    -1.3    -0.6     1.2     3.1     6.0
13301 20220123  2.622  -93.15   39.87     4.9    -6.4    -0.8    -2.2     0.0    10.19 C    10.9    -5.6    -0.6    70.2    46.6    61.1 -99.000 -99.000   0.384   0.351 -99.000    -0.5    -0.3     1.1     2.9     5.9
13301 20220124  2.622  -93.15   39.87     5.9   -11.5    -2.8    -0.4     0.0     5.96 C    12.8   -11.6    -0.6    72.2    59.8    67.0 -99.000 -99.000   0.382   0.350 -99.000    -0.4    -0.2     1.1     2.8     5.8
13301 20220125  2.622  -93.15   39.87    -8.0   -15.8   -11.9   -12.3     0.0    11.71 C     3.8   -18.7   -10.0    69.4    37.5    56.9 -99.000 -99.000   0.380   0.349 -99.000    -2.1    -0.7     1.1     2.8     5.7
13301 20220126  2.622  -93.15   39.87    -2.0   -18.7   -10.4    -9.6     0.0    12.29 C     3.7   -20.3    -8.8    78.3    36.9    55.8 -99.000 -99.000   0.376   0.349 -99.000    -2.6    -1.3     0.9     2.7     5.6
13301 20220127  2.622  -93.15   39.87     2.7    -3.8    -0.6    -0.6     0.0     6.09 C     7.8   -10.5    -1.7    80.7    42.0    61.5 -99.000 -99.000   0.375   0.349 -99.000    -1.1    -0.8     0.8     2.6     5.5
13301 20220128  2.622  -93.15   39.87    -1.9   -13.9    -7.9    -8.5     0.0    12.68 C     5.3   -15.2    -7.7    79.1    30.7    56.3 -99.000 -99.000   0.374   0.348 -99.000    -1.8    -0.9     0.8     2.5     5.4
13301 20220129  2.622  -93.15   39.87     5.6   -10.6    -2.5    -2.0     0.0    12.35 C    14.0   -13.8    -3.4    60.1    41.8    51.7 -99.000 -99.000   0.372   0.348 -99.000    -1.8    -1.2     0.6     2.4     5.3
13301 20220130  2.622  -93.15   39.87     1.7    -5.8    -2.1    -2.7     0.0    10.83 C    11.4    -9.0    -2.4    75.9    52.3    64.2 -99.000 -99.000   0.372   0.347 -99.000    -1.0    -0.7     0.6     2.3     5.2
13301 20220131  2.622  -93.15   39.87    12.9    -4.2     4.4     4.4     0.0    11.11 C    17.4    -5.7     3.5    73.1    31.7    52.8 -99.000 -99.000   0.371   0.347 -99.000    -0.6    -0.6     0.6     2.3     5.1
13301 20220201  2.622  -93.15   39.87     8.9    -6.3     1.3     3.7     1.0     2.48 C    11.9    -5.8     2.0    81.3    53.6    64.5 -99.000 -99.000   0.369   0.346 -99.000    -0.2    -0.4     0.6     2.2     5.1
13301 20220202  2.622  -93.15   39.87    -6.3   -11.6    -8.9    -9.2     2.6     6.80 C    -5.8   -13.3    -9.5    82.0    50.4    62.2 -99.000 -99.000   0.369   0.346 -99.000    -0.4    -0.3     0.7     2.2     5.0
13301 20220203  2.622  -93.15   39.87    -6.4   -14.3   -10.3   -11.4     0.0     8.04 C    -5.7   -19.4   -12.6    65.7    55.5    59.9 -99.000 -99.000   0.369   0.346 -99.000    -1.3    -0.6     0.7     2.2     5.0
13301 20220204  2.622  -93.15   39.87    -1.2   -17.3    -9.2    -9.4     0.0    12.09 C    -1.0   -24.8   -12.5    80.6    35.2    57.5 -99.000 -99.000   0.368   0.346 -99.000    -1.7    -1.0     0.7     2.2     4.9
13301 20220205  2.622  -93.15   39.87     2.0   -14.2    -6.1    -5.6     0.0    13.50 C     1.0   -18.7    -8.3    77.0    51.2    60.4 -99.000 -99.000   0.368   0.345 -99.000    -1.6    -1.1     0.6     2.2     4.9
13301 20220206  2.622  -93.15   39.87     8.5    -4.3     2.1     0.4     0.0    12.73 C    11.7    -9.1    -1.0    88.1    45.5    66.1 -99.000 -99.000   0.367   0.345 -99.000    -0.9    -0.8     0.6     2.2     4.8
13301 20220207  2.622  -93.15   39.87     6.5    -7.5    -0.5    -1.2     0.0     7.83 C     9.8   -10.7    -2.3    94.4    54.3    77.7 -99.000 -99.000   0.366   0.345 -99.000    -0.5    -0.5     0.6     2.1     4.8
13301 20220208  2.622  -93.15   39.87    13.9    -1.0     6.4     5.2     0.0    11.24 C    17.2    -6.0     1.3    82.7    32.1    59.4 -99.000 -99.000   0.365   0.345 -99.000    -0.2    -0.3     0.6     2.1     4.7
13301 20220209  2.622  -93.15   39.87    10.8     0.1     5.4     4.6     0.0    10.18 C    14.7    -8.0     0.8    59.7    35.6    49.0 -99.000 -99.000   0.365   0.345 -99.000    -0.1    -0.3     0.6     2.1     4.7
13301 20220210  2.622  -93.15   39.87     7.1    -4.8     1.1     1.6     0.0    13.00 C    13.0   -10.1     0.3    81.3    33.2    61.0 -99.000 -99.000   0.365   0.344 -99.000    -0.2    -0.2     0.7     2.1     4.6
13301 20220211  2.622  -93.15   39.87    10.0    -7.7     1.2     3.4     4.9     8.06 C    13.4    -8.3     2.4    92.4    49.9    70.1 -99.000 -99.000   0.367   0.344 -99.000     0.4    -0.2     0.7     2.2     4.6
13301 20220212  2.622  -93.15   39.87    -4.7   -12.9    -8.8    -8.6     0.0    14.74 C     6.1   -12.2    -6.2    69.3    38.7    56.8 -99.000 -99.000   0.379   0.344 -99.000    -0.6    -0.1     0.8     2.2     4.6
13301 20220213  2.622  -93.15   39.87    -3.4    -9.1    -6.3    -6.1     0.0    14.25 C     6.2   -11.1    -4.9    67.8    34.5    53.2 -99.000 -99.000   0.377   0.344 -99.000    -0.8    -0.2     0.9     2.2     4.5
13301 20220214  2.622  -93.15   39.87     5.8    -8.1    -1.1    -1.2     0.0    15.07 C    15.8   -11.3    -0.9    69.8    37.1    54.8 -99.000 -99.000   0.376   0.344 -99.000    -0.6    -0.4     0.9     2.2     4.5
13301 20220215  2.622  -93.15   39.87    16.7    -3.4     6.6     6.4     0.0    12.39 C    17.5    -5.5     4.4    78.8    28.5    53.8 -99.000 -99.000   0.375   0.344 -99.000    -0.1    -0.2     0.9     2.2     4.5
13301 20220216  2.622  -93.15   39.87    17.5    -0.1     8.7    10.0     6.5     1.87 C    20.0    -0.2     8.0    89.1    51.1    71.1   0.302 -99.000   0.384   0.343 -99.000     1.2     0.0     1.0     2.2     4.5
13301 20220217  2.622  -93.15   39.87     0.0   -14.7    -7.4    -7.0     6.8     3.53 C    -0.1   -23.8    -9.5    87.0    45.4    68.1   0.393   0.351   0.410   0.344 -99.000     0.2     0.2     1.2     2.3     4.5
13301 20220218  2.622  -93.15   39.87     1.8   -17.7    -8.0    -5.6     0.0    15.89 C    -1.7   -23.6   -10.3    75.5    38.1    56.3   0.376   0.340   0.405   0.345 -99.000     0.1     0.2     1.1     2.4     4.5
13301 20220219  2.622  -93.15   39.87     1.4    -9.6    -4.1    -5.2     0.0    16.12 C    -1.6   -16.8    -8.0    57.3    31.0    47.9   0.374   0.337   0.401   0.344 -99.000     0.1     0.2     1.1     2.5     4.5
13301 20220220  2.622  -93.15   39.87    13.5    -2.9     5.3     6.7     0.0    15.28 C    14.8    -7.5     2.0    67.4    40.8    55.3   0.387   0.344   0.413   0.351 -99.000     0.5     0.4     1.2     2.5     4.5
13301 20220221  2.622  -93.15   39.87    18.2     3.7    10.9    10.6     0.0    12.56 C    21.9    -1.6     7.4    78.0    55.7    64.9   0.374   0.321   0.414   0.358 -99.000     2.4     1.4     1.6     2.6     4.5
13301 20220222  2.622  -93.15   39.87     8.3   -11.8    -1.7    -3.1     0.0     4.20 C     5.5   -10.8    -1.7    92.3    63.5    75.2   0.355   0.313   0.410   0.357 -99.000     1.6     2.0     2.3     3.2     4.6
13301 20220223  2.622  -93.15   39.87    -6.9   -15.0   -11.0   -11.0     0.0     9.85 C     2.7   -13.4    -7.8    73.0    50.1    63.4   0.353   0.291   0.400   0.355 -99.000    -0.2     0.7     1.9     3.4     4.7
13301 20220224  2.622  -93.15   39.87    -5.7    -9.6    -7.7    -7.4     1.1     2.58 C    -3.1   -12.4    -6.0    89.8    70.2    81.7   0.339   0.315   0.394   0.354 -99.000    -0.4     0.3     1.6     3.1     4.8
13301 20220225  2.622  -93.15   39.87    -4.8   -13.3    -9.1    -9.0     0.0    13.71 C     7.2   -15.2    -7.9    84.4    63.8    76.4   0.332   0.311   0.385   0.352 -99.000    -0.3     0.2     1.4     2.9     4.8
13301 20220226  2.622  -93.15   39.87     3.2   -11.9    -4.3    -4.0     0.0    15.92 C    13.4   -13.0    -3.5    89.8    39.9    67.7 -99.000 -99.000   0.380   0.350 -99.000    -0.4     0.1     1.3     2.7     4.8
13301 20220227  2.622  -93.15   39.87     9.9    -6.3     1.8     2.2     0.0    17.18 C    18.1   -11.2    -0.3    82.2    24.4    49.6 -99.000 -99.000   0.377   0.350 -99.000     0.0     0.1     1.2     2.6     4.7
13301 20220228  2.622  -93.15   39.87    16.5    -1.8     7.4     6.6     0.0    15.09 C    23.5    -7.8     2.6    60.6    18.0    40.2 -99.000 -99.000   0.376   0.349 -99.000     0.5     0.1     1.2     2.5     4.6
13301 20220301  2.622  -93.15   39.87    21.4     1.0    11.2    10.7     0.0    16.35 C    27.0    -5.2     6.4    62.8    18.2    38.9   0.332   0.308   0.377   0.348 -99.000     1.6     0.8     1.3     2.5     4.6
13301 20220302  2.622  -93.15   39.87    24.5     2.5    13.5    13.2     0.0    14.43 C    30.2    -2.9    10.3    74.4    19.1    44.9   0.313   0.300   0.384   0.348 -99.000     3.6     2.4     2.0     2.9     4.6
13301 20220303  2.622  -93.15   39.87    10.5     0.2     5.4     4.8     0.0    16.84 C    18.5    -1.3     5.5    82.8    45.6    65.9   0.310   0.313   0.392   0.348 -99.000     4.4     3.8     3.3     3.7     4.6
13301 20220304  2.622  -93.15   39.87    16.7    -1.1     7.8     7.4     0.0    14.04 C    23.1    -2.5     7.6    75.9    37.2    58.7   0.303   0.310   0.389   0.348 -99.000     4.8     4.0     3.9     4.2     4.8
13301 20220305  2.622  -93.15   39.87    19.9     2.6    11.3    14.7     3.4     5.55 C    21.1     1.6    13.0    87.5    48.7    63.6   0.305   0.310   0.390   0.348 -99.000     7.9     6.3     5.1     4.7     5.0
13301 20220306  2.622  -93.15   39.87     5.4    -1.6     1.9     1.2    15.5    13.75 C    20.0    -2.6     3.6    93.3    53.4    71.3   0.314   0.316   0.392   0.348 -99.000     5.7     5.9     5.9     5.4     5.3
13301 20220307  2.622  -93.15   39.87    -0.8    -7.7    -4.3    -2.8     0.4    13.66 C    -0.7   -16.3    -5.8    92.4    56.0    75.9   0.322   0.323   0.394   0.348 -99.000     3.7     4.3     5.3     5.5     5.5
13301 20220308  2.622  -93.15   39.87     3.0   -12.6    -4.8    -3.1     0.0    18.07 C     0.5   -18.2    -7.0    93.4    46.9    71.3   0.331   0.335   0.404   0.348 -99.000     2.6     3.2     4.4     5.2     5.7
13301 20220309  2.622  -93.15   39.87     2.7    -3.4    -0.3    -0.3     0.0    18.19 C     9.7    -7.8    -0.8    83.7    54.5    67.1   0.349   0.354   0.427   0.356 -99.000     2.4     2.8     3.8     4.8     5.8
13301 20220310  2.622  -93.15   39.87    -3.2    -7.8    -5.5    -6.3    22.8     7.05 C    -3.1    -8.0    -5.7    85.9    66.7    78.2   0.338   0.343   0.420   0.360 -99.000     1.5     2.2     3.5     4.5     5.7
13301 20220311  2.622  -93.15   39.87    -1.5   -10.9    -6.2    -6.3     0.0    17.24 C    -2.6   -16.1    -8.9    85.5    35.2    60.1   0.339   0.342   0.418   0.358 -99.000     1.4     1.8     3.0     4.2     5.7
13301 20220312  2.622  -93.15   39.87    -3.0   -15.3    -9.2    -8.8     0.0    19.52 C    -1.2   -20.6    -9.7    68.5    39.4    54.4   0.352   0.334   0.409   0.357 -99.000     0.9     1.4     2.7     3.9     5.6
13301 20220313  2.622  -93.15   39.87    12.6    -3.0     4.8     6.2     0.0    19.40 C    20.0    -7.1     4.0    68.4    38.9    53.9   0.352   0.345   0.417   0.362 -99.000     2.0     1.7     2.5     3.7     5.5
13301 20220314  2.622  -93.15   39.87    17.6     3.9    10.7    10.6     0.0    15.26 C    22.8    -2.9     8.5    80.9    45.2    55.9   0.345   0.351   0.429   0.366 -99.000     4.6     3.5     3.2     3.8     5.4
13301 20220315  2.622  -93.15   39.87    17.5     6.0    11.7    11.3     0.0    18.87 C    28.2     0.3    10.7    88.7    39.4    63.9   0.339   0.344   0.423   0.366 -99.000     7.6     6.0     4.8     4.4     5.3
13301 20220316  2.622  -93.15   39.87    22.0     3.0    12.5    13.2     0.0    18.52 C    27.2    -1.1    10.3    86.3    34.8    62.3   0.333   0.337   0.417   0.364 -99.000     8.1     6.9     5.9     5.3     5.5
13301 20220317  2.622  -93.15   39.87    24.1     7.9    16.0    14.2     0.0    16.15 C    32.0     3.0    13.5    74.7    31.9    56.0   0.327   0.332   0.413   0.364 -99.000     9.6     8.2     6.9     6.0     5.7
13301 20220318  2.622  -93.15   39.87     9.1     3.0     6.1     5.5    10.2     1.77 C     8.0     3.1     5.3    90.2    65.6    84.1   0.346   0.346   0.423   0.366 -99.000     7.4     7.6     7.5     6.7     6.0
13301 20220319  2.622  -93.15   39.87    14.2     1.0     7.6     7.3     0.0    20.73 C    23.0    -1.1     6.8    86.8    29.7    61.2   0.356   0.358   0.440   0.380 -99.000     7.1     6.7     6.9     6.7     6.3
13301 20220320  2.622  -93.15   39.87    22.8     3.4    13.1    13.6     0.0    19.75 C    26.6    -2.5    11.0    66.6    21.1    41.7   0.343   0.347   0.426   0.386 -99.000     8.2     7.3     7.0     6.7     6.5
13301 20220321  2.622  -93.15   39.87    21.7     9.8    15.7    15.1    13.7    10.55 C    23.3     7.0    12.7    91.2    23.3    48.0   0.341   0.343   0.420   0.385 -99.000     9.7     8.7     7.8     7.1     6.7
13301 20220322  2.622  -93.15   39.87    13.9     6.2    10.1    10.7    27.7     3.70 C    21.2     6.4    10.8    95.1    85.8    90.0   0.456   0.497   0.547   0.559 -99.000    10.1     9.3     8.5     7.6     6.8
13301 20220323  2.622  -93.15   39.87     6.2     2.7     4.4     3.6     9.9     1.66 C     6.4     2.8     4.1    92.5    84.0    88.7   0.546   0.530   0.550   0.563 -99.000     7.3     7.9     8.5     7.9     7.1
13301 20220324  2.622  -93.15   39.87     5.2     0.6     2.9     3.0     5.2     5.04 C     9.6     0.4     3.7    95.2    75.7    86.1   0.543   0.532   0.551   0.562 -99.000     5.9     6.2     7.3     7.6     7.3
13301 20220325  2.622  -93.15   39.87    12.1     1.0     6.5     6.7     0.0    21.07 C    18.1    -2.6     5.9    88.3    27.0    56.5   0.495   0.513   0.552   0.564 -99.000     6.4     6.3     6.9     7.2     7.3
13301 20220326  2.622  -93.15   39.87     9.0     0.3     4.6     4.2     0.0    21.64 C    17.1    -3.1     4.2    61.4    25.0    41.4   0.437   0.445   0.549   0.565 -99.000     5.6     5.8     6.7     7.0     7.3
13301 20220327  2.622  -93.15   39.87     6.7    -2.9     1.9     2.2     0.0    17.65 C    21.0    -4.2     5.2    66.4    28.2    47.2   0.400   0.401   0.516   0.564 -99.000     5.8     5.7     6.4     6.9     7.3
13301 20220328  2.622  -93.15   39.87     9.3    -1.0     4.1     4.4     0.0    16.76 C    17.9    -3.0     5.5    54.5    25.1    39.9   0.385   0.385   0.473   0.564 -99.000     6.1     5.9     6.5     6.8     7.3
13301 20220329  2.622  -93.15   39.87    20.4     4.1    12.2    11.8    24.5    16.02 C    24.9     1.9    11.9    93.6    40.1    51.4   0.383   0.381   0.453   0.564 -99.000     7.7     6.7     6.6     6.8     7.3
13301 20220330  2.622  -93.15   39.87    13.2     1.1     7.1     7.1    10.6     2.34 C    12.2     1.5     7.0    95.6    73.2    84.7   0.513   0.509   0.512   0.564 -99.000     8.4     8.4     7.9     7.2     7.3
13301 20220331  2.622  -93.15   39.87     2.6    -2.1     0.3     1.2     0.0     3.57 C     5.0    -5.4     1.3    89.3    63.7    75.2   0.493   0.515   0.517   0.565 -99.000     4.9     5.9     7.1     7.4     7.4
13301 20220401  2.622  -93.15   39.87    10.8    -4.3     3.3     3.7     0.0    22.05 C    21.4    -7.3     5.1    89.9    41.6    65.1   0.460   0.473   0.518   0.566 -99.000     5.9     5.5     6.2     6.9     7.4
13301 20220402  2.622  -93.15   39.87    14.5     5.3     9.9     9.1     0.0    19.84 C    20.0    -1.5     7.8    71.3    35.4    56.6   0.430   0.433   0.519   0.565 -99.000     7.7     7.0     6.8     6.9     7.4
13301 20220403  2.622  -93.15   39.87    17.6     1.8     9.7    10.8     2.4    11.61 C    22.2    -2.5     8.6    93.0    33.5    59.1   0.406   0.403   0.507   0.565 -99.000     7.8     7.3     7.3     7.2     7.4
13301 20220404  2.622  -93.15   39.87    13.8     2.1     8.0     8.0     0.0    21.55 C    23.9     0.5     9.1    97.0    39.9    69.0   0.406   0.405   0.509   0.566 -99.000     9.2     8.4     7.8     7.5     7.5
13301 20220405  2.622  -93.15   39.87    21.6     4.4    13.0    11.6    10.0    10.43 C    25.6     1.5    11.1    90.1    52.0    73.8   0.414   0.420   0.495   0.565 -99.000     9.7     8.9     8.4     7.9     7.6
13301 20220406  2.622  -93.15   39.87    13.6     4.5     9.0     9.2     0.0    13.65 C    17.5     1.8     8.2    86.9    36.5    56.8   0.459   0.486   0.523   0.565 -99.000     9.0     9.0     8.9     8.3     7.7
13301 20220407  2.622  -93.15   39.87     7.2     0.6     3.9     4.7     0.2     9.62 C    11.4    -0.1     4.6    87.7    42.5    61.5   0.420   0.423   0.519   0.565 -99.000     6.7     7.3     8.3     8.3     7.9
13301 20220408  2.622  -93.15   39.87     7.8     0.3     4.0     3.1     0.2     6.23 C     8.6    -4.3     1.8    84.8    46.8    64.7   0.402   0.402   0.499   0.566 -99.000     5.3     6.0     7.4     8.0     8.0
13301 20220409  2.622  -93.15   39.87    14.5    -2.1     6.2     6.6     0.0    24.09 C    25.6    -6.6     7.2    74.0    26.4    48.0   0.392   0.391   0.470   0.566 -99.000     6.9     6.4     6.9     7.5     8.0
13301 20220410  2.622  -93.15   39.87    26.4     7.5    16.9    16.3     0.0    19.75 C    28.1     3.7    13.9    45.4    28.3    37.5   0.381   0.379   0.450   0.566 -99.000     9.4     8.3     7.7     7.6     7.9
13301 20220411  2.622  -93.15   39.87    17.6     6.6    12.1    12.0     0.0    18.00 C    27.3     1.5    11.3    65.4    28.4    46.8   0.369   0.369   0.435   0.566 -99.000    11.1     9.9     8.9     8.1     7.9
13301 20220412  2.622  -93.15   39.87    28.0     7.1    17.6    18.1     0.0    12.54 C    28.0     2.2    16.4    86.3    49.4    67.2   0.360   0.362   0.428   0.566 -99.000    12.0    10.5     9.6     8.7     8.1
13301 20220413  2.622  -93.15   39.87    20.9     1.4    11.1     7.1     5.3     4.87 C    18.5    -2.8     6.4    92.8    56.3    74.8   0.363   0.362   0.426   0.565 -99.000    10.6    10.8    10.6     9.3     8.2
13301 20220414  2.622  -93.15   39.87    14.0    -0.8     6.6     7.1     0.0    25.25 C    19.8    -4.3     6.2    70.7    21.3    41.8   0.361   0.359   0.421   0.565 -99.000     8.2     8.4     9.3     9.3     8.5
13301 20220415  2.622  -93.15   39.87    12.6     1.9     7.2     7.6     0.0    12.86 C    18.7    -2.1     6.1    72.6    37.3    49.5   0.351   0.354   0.416   0.564 -99.000     8.6     8.5     9.0     9.0     8.6
13301 20220416  2.622  -93.15   39.87    11.9     0.5     6.2     6.2     0.0    24.14 C    23.7    -3.3     7.6    62.1    26.7    43.4   0.339   0.347   0.410   0.544 -99.000     8.8     8.4     8.8     8.9     8.7
13301 20220417  2.622  -93.15   39.87     5.2    -0.1     2.5     2.3     9.3     2.64 C     6.4    -1.2     1.8    94.1    45.4    71.1   0.336   0.342   0.407   0.528 -99.000     6.7     7.4     8.6     8.9     8.7
13301 20220418  2.622  -93.15   39.87    11.2    -0.8     5.2     4.5     0.0    25.41 C    17.6    -3.9     4.6    97.0    24.4    60.6   0.377   0.354   0.404   0.501 -99.000     6.6     6.7     7.8     8.5     8.7
13301 20220419  2.622  -93.15   39.87    11.7    -3.6     4.0     5.7     0.0    18.11 C    22.8    -7.5     6.7    79.1    29.9    49.8   0.365   0.355   0.405   0.479 -99.000     7.4     7.2     7.7     8.2     8.6
13301 20220420  2.622  -93.15   39.87    12.8     6.9     9.8     9.7    10.9     1.21 C    12.1     6.3     9.2    95.7    50.7    84.9   0.393   0.380   0.441   0.497 -99.000     8.4     8.0     8.2     8.3     8.6
13301 20220421  2.622  -93.15   39.87    21.7     3.5    12.6    13.9     0.0    20.63 C    28.0     1.2    14.0    97.1    38.6    71.5   0.400   0.393   0.471   0.567 -99.000    11.2     9.8     8.8     8.5     8.6
13301 20220422  2.622  -93.15   39.87    27.3    16.1    21.7    21.9     0.0    11.39 C    27.6    13.0    19.6    85.9    45.7    64.6   0.379   0.376   0.449   0.566 -99.000    14.0    12.2    10.4     9.1     8.6
13301 20220423  2.622  -93.15   39.87    24.2    13.5    18.8    20.1    14.0     7.79 C    24.8    12.9    17.8    88.9    45.0    63.9   0.368   0.367   0.438   0.565 -99.000    14.5    13.3    11.8    10.0     8.8
13301 20220424  2.622  -93.15   39.87    18.5     9.3    13.9    13.7     2.1    22.77 C    23.2     7.4    13.8    90.4    36.5    56.4   0.443   0.470   0.533   0.566 -99.000    13.8    13.1    12.3    10.7     9.1
13301 20220425  2.622  -93.15   39.87    12.6     2.9     7.7     7.7     0.0    19.23 C    20.6    -1.8     8.0    73.3    40.8    55.7   0.402   0.399   0.496   0.566 -99.000    11.4    11.6    12.0    11.0     9.4
13301 20220426  2.622  -93.15   39.87    15.5    -1.3     7.1     8.1     0.0    26.18 C    25.2    -4.4     8.9    88.6    34.0    57.2   0.381   0.379   0.455   0.566 -99.000    11.3    10.9    11.2    10.8     9.6
13301 20220427  2.622  -93.15   39.87    22.9     5.7    14.3    15.6     0.0    24.06 C    26.1     1.9    13.9    67.9    33.0    47.6   0.364   0.366   0.438   0.566 -99.000    12.8    11.9    11.4    10.8     9.8
13301 20220428  2.622  -93.15   39.87    20.1    13.0    16.5    15.7     6.3     8.00 C    25.4    11.3    14.6    84.4    44.7    61.4   0.357   0.358   0.430   0.566 -99.000    13.6    12.8    12.0    11.0     9.9
13301 20220429  2.622  -93.15   39.87    17.7    12.4    15.0    14.7    13.1     5.88 C    19.7    11.3    14.3    90.7    71.9    81.1   0.388   0.373   0.429   0.567 -99.000    13.5    12.8    12.4    11.3    10.0
13301 20220430  2.622  -93.15   39.87    18.4    11.1    14.7    14.2     7.6    10.80 C    21.4     9.9    13.6    94.1    55.5    71.0   0.502   0.507   0.522   0.566 -99.000    13.5    13.1    12.6    11.5    10.2
13301 20220501  2.622  -93.15   39.87    18.2     8.2    13.2    12.4     0.0    20.27 C    23.9     4.2    12.3    77.8    44.6    60.8   0.452   0.459   0.524   0.566 -99.000    12.8    12.5    12.4    11.7    10.3
13301 20220502  2.622  -93.15   39.87    14.3     4.9     9.6    10.4    21.8     9.20 C    18.6     2.3    10.4    93.2    60.9    80.1   0.426   0.420   0.503   0.566 -99.000    12.2    12.0    12.3    11.6    10.5
13301 20220503  2.622  -93.15   39.87    12.2     8.1    10.2     9.8     2.7     5.41 C    14.4     8.8    10.6    94.3    74.9    85.6   0.510   0.512   0.530   0.566 -99.000    11.8    11.7    12.0    11.5    10.5
13301 20220504  2.622  -93.15   39.87    13.4     8.9    11.1    11.3     0.0     6.84 C    17.1     9.1    11.8    89.1    72.6    80.4   0.488   0.516   0.535   0.565 -99.000    12.0    11.6    11.8    11.4    10.6
13301 20220505  2.622  -93.15   39.87    15.4    11.3    13.3    12.5    15.8     6.04 C    18.4    10.8    13.0    93.2    79.3    89.4   0.496   0.515   0.537   0.567 -99.000    12.6    12.0    11.9    11.4    10.6
13301 20220506  2.622  -93.15   39.87    19.5    10.4    14.9    14.1    18.6    17.50 C    27.2     6.2    15.0    93.2    53.5    75.1   0.518   0.517   0.538   0.567 -99.000    13.8    12.7    12.2    11.5    10.7
13301 20220507  2.622  -93.15   39.87    21.8     5.3    13.6    15.2     0.0    26.90 C    27.3     2.5    14.8    95.0    35.3    60.5   0.488   0.496   0.537   0.566 -99.000    14.7    13.5    12.7    11.8    10.7
13301 20220508  2.622  -93.15   39.87    22.3    13.8    18.0    18.5     1.0    10.77 C    24.1    11.8    16.9    75.4    55.3    62.4   0.445   0.439   0.533   0.566 -99.000    14.9    14.0    13.3    12.2    10.8
13301 20220509  2.622  -93.15   39.87    31.5    18.3    24.9    25.3     0.0    25.09 C    30.8    16.2    23.4    76.9    50.7    65.2   0.414   0.405   0.498   0.566 -99.000    18.1    16.0    14.1    12.6    11.0
13301 20220510  2.622  -93.15   39.87    31.1    22.3    26.7    26.0     0.0    18.62 C    31.8    19.9    24.5    86.5    58.9    74.8   0.389   0.384   0.462   0.566 -99.000    20.4    18.2    15.7    13.4    11.2
13301 20220511  2.622  -93.15   39.87    31.0    20.1    25.5    26.1     0.0    23.39 C    34.3    17.3    25.1    94.9    57.2    77.2   0.370   0.373   0.451   0.566 -99.000    21.6    19.5    16.9    14.3    11.5
13301 20220512  2.622  -93.15   39.87    31.7    20.6    26.2    26.1     0.0    26.22 C    33.0    17.7    24.3    89.6    39.1    66.9   0.342   0.358   0.440   0.560 -99.000    22.3    20.4    17.9    15.2    11.9
13301 20220513  2.622  -93.15   39.87    28.0    17.0    22.5    22.5     0.0    20.81 C    32.2    13.1    21.4    76.1    43.6    59.6   0.306   0.338   0.427   0.533 -99.000    21.3    20.0    18.3    15.9    12.4
13301 20220514  2.622  -93.15   39.87    29.6    14.6    22.1    23.2     0.0    26.59 C    36.4    12.7    23.7    90.1    33.0    57.6   0.277   0.315   0.409   0.491 -99.000    21.3    19.8    18.3    16.2    12.8
13301 20220515  2.622  -93.15   39.87    23.1     9.6    16.3    17.0    13.3    11.90 C    29.5     8.9    16.9    91.9    45.6    71.3   0.330   0.311   0.397   0.458 -99.000    19.2    18.8    18.2    16.5    13.1
13301 20220516  2.622  -93.15   39.87    25.4     9.6    17.5    18.7     0.0    28.03 C    29.9     8.5    18.4    92.5    34.1    59.9   0.341   0.314   0.387   0.435 -99.000    18.8    17.9    17.5    16.3    13.4
13301 20220517  2.622  -93.15   39.87    27.7    11.8    19.7    20.5     5.5    21.20 C    32.4    10.6    20.1    89.3    47.4    67.1   0.306   0.301   0.375   0.425 -99.000    19.3    18.3    17.5    16.2    13.6
13301 20220518  2.622  -93.15   39.87    25.9    15.3    20.6    21.5     0.3    19.58 C    29.6    13.6    21.7    92.7    57.4    75.8   0.284   0.291   0.368   0.422 -99.000    20.4    19.2    17.9    16.4    13.7
13301 20220519  2.622  -93.15   39.87    27.4    14.4    20.9    21.8     0.0    21.01 C    29.9    13.0    20.9    94.2    54.8    77.5   0.267   0.281   0.361   0.410 -99.000    20.3    19.1    18.1    16.6    13.9
13301 20220520  2.622  -93.15   39.87    24.3    14.7    19.5    18.8     0.3    10.09 C    24.4    13.4    18.8    90.6    45.7    73.1   0.255   0.271   0.355   0.403 -99.000    19.8    19.1    18.3    16.8    14.0
13301 20220521  2.622  -93.15   39.87    16.8     7.3    12.0    12.7     3.5    15.82 C    22.3     5.4    13.2    87.3    45.0    62.6   0.248   0.265   0.349   0.392 -99.000    17.6    17.5    17.7    16.7    14.2
13301 20220522  2.622  -93.15   39.87    18.8     4.0    11.4    12.2     0.0    28.18 C    25.1     1.6    12.1    80.7    34.8    55.5   0.241   0.256   0.339   0.385 -99.000    16.7    16.4    16.7    16.3    14.3
13301 20220523  2.622  -93.15   39.87    20.2     6.3    13.3    14.2     0.0    22.28 C    26.5     4.9    14.4    89.5    39.0    60.3   0.230   0.245   0.326   0.381 -99.000    16.5    16.1    16.3    16.0    14.3
13301 20220524  2.622  -93.15   39.87    18.7    12.0    15.4    15.0    16.4     5.90 C    18.7    11.5    14.5    94.1    54.6    71.4   0.240   0.241   0.317   0.377 -99.000    16.2    16.0    16.2    15.8    14.3
13301 20220525  2.622  -93.15   39.87    23.1    14.6    18.9    18.7     8.6     9.92 C    24.8    12.6    18.3    95.2    68.4    86.3   0.408   0.352   0.374   0.378 -99.000    17.4    16.6    16.2    15.6    14.3
13301 20220526  2.622  -93.15   39.87    19.4    11.4    15.4    14.5     9.8     6.26 C    22.2     9.7    14.5    93.4    77.5    87.0   0.403   0.380   0.455   0.377 -99.000    16.9    16.6    16.5    15.7    14.2
13301 20220527  2.622  -93.15   39.87    23.5    11.7    17.6    16.8     0.0    26.97 C    26.8    10.6    16.9    81.8    44.6    67.5   0.387   0.372   0.455   0.375 -99.000    17.8    16.9    16.4    15.7    14.2
13301 20220528  2.622  -93.15   39.87    26.0    11.8    18.9    20.3     0.0    22.14 C    26.2     9.6    18.8    89.0    51.3    68.3   0.361   0.351   0.433   0.376 -99.000    18.3    17.4    16.8    15.8    14.2
13301 20220529  2.622  -93.15   39.87    30.6    19.2    24.9    24.4     0.0    16.76 C    29.1    17.6    22.4    80.0    39.5    62.1   0.338   0.334   0.420   0.374 -99.000    19.7    18.5    17.4    16.1    14.3
13301 20220530  2.622  -93.15   39.87    30.2    20.0    25.1    25.0     0.0    23.61 C    30.1    18.3    23.4    77.4    38.2    61.3   0.310   0.313   0.405   0.372 -99.000    20.7    19.4    18.1    16.4    14.4
13301 20220531  2.622  -93.15   39.87    24.2    18.5    21.4    21.3    41.9     5.23 C    26.3    18.2    20.7    95.0    65.0    87.5   0.439   0.438   0.500   0.492 -99.000    20.2    19.4    18.6    16.9    14.6
13301 20220601  2.622  -93.15   39.87    21.9    13.4    17.6    17.9    13.2    17.78 C    25.9    12.2    18.0    90.9    62.1    78.1   0.515   0.508   0.554   0.566 -99.000    20.0    19.3    18.6    17.0    14.8
13301 20220602  2.622  -93.15   39.87    22.7    11.6    17.1    17.3     0.0    28.49 C    26.1    10.4    16.8    93.9    35.8    64.6   0.464   0.469   0.554   0.567 -99.000    19.5    18.9    18.4    17.1    14.9
13301 20220603  2.622  -93.15   39.87    26.8    12.0    19.4    20.2     0.0    27.85 C    29.5     8.8    18.5    77.6    30.0    57.7   0.413   0.398   0.500   0.567 -99.000    19.5    18.7    18.3    17.1    15.0
13301 20220604  2.622  -93.15   39.87    26.7    13.3    20.0    19.7     0.0    22.02 C    29.1    11.5    18.5    86.6    40.9    64.9   0.387   0.373   0.460   0.567 -99.000    20.0    19.2    18.6    17.2    15.1
13301 20220605  2.622  -93.15   39.87    27.8    13.7    20.8    21.4     0.0    21.17 C    28.1    12.5    20.2    88.3    51.4    69.1   0.369   0.359   0.444   0.567 -99.000    20.4    19.5    18.7    17.3    15.2
13301 20220606  2.622  -93.15   39.87    29.0    16.5    22.7    20.9    19.5    18.76 C    32.8    15.0    21.0    96.2    53.2    81.4   0.389   0.375   0.450   0.566 -99.000    21.1    20.1    19.2    17.4    15.3
13301 20220607  2.622  -93.15   39.87    27.3    16.9    22.1    22.0     0.0    22.11 C    29.6    16.1    21.8    96.1    50.9    79.1   0.431   0.412   0.490   0.567 -99.000    22.0    20.8    19.6    17.7    15.4
13301 20220608  2.622  -93.15   39.87    25.0    14.9    20.0    20.3    24.5    22.18 C    28.4    11.2    19.5    92.3    48.7    74.1   0.504   0.500   0.544   0.567 -99.000    21.6    20.9    20.0    18.1    15.6
13301 20220609  2.622  -93.15   39.87    26.5    13.4    19.9    20.7     0.2    24.90 C    31.8    10.1    20.4    94.7    42.9    70.5   0.469   0.470   0.546   0.566 -99.000    21.3    20.5    19.8    18.3    15.7
13301 20220610  2.622  -93.15   39.87    27.5    17.4    22.4    21.9     0.0    24.88 C    33.1    16.5    22.5    89.6    48.3    71.9   0.433   0.411   0.506   0.566 -99.000    22.7    21.5    20.2    18.4    15.9
13301 20220611  2.622  -93.15   39.87    29.8    17.2    23.5    23.4     5.2    20.65 C    34.6    15.6    23.8    94.3    49.2    80.5   0.415   0.393   0.476   0.565 -99.000    23.4    22.2    20.9    18.8    16.1
13301 20220612  2.622  -93.15   39.87    30.3    22.1    26.2    26.0     0.0    12.85 C    31.9    20.0    25.3    90.7    73.0    83.7   0.424   0.394   0.474   0.566 -99.000    24.0    22.7    21.4    19.3    16.3
13301 20220613  2.622  -93.15   39.87    34.6    25.9    30.2    29.1     0.0    16.61 C    36.0    24.6    27.7    88.9    49.5    71.2   0.409   0.386   0.467   0.567 -99.000    24.9    23.5    21.9    19.6    16.5
13301 20220614  2.622  -93.15   39.87    33.1    25.5    29.3    29.1     0.0    27.76 C    34.0    23.4    27.8    74.3    40.5    59.2   0.381   0.372   0.453   0.567 -99.000    25.3    24.0    22.4    20.0    16.7
13301 20220615  2.622  -93.15   39.87    32.1    22.8    27.5    27.5     5.0    21.61 C    33.6    21.1    26.6    92.1    54.0    70.6   0.346   0.352   0.437   0.565 -99.000    25.1    24.0    22.8    20.4    17.0
13301 20220616  2.622  -93.15   39.87    33.5    21.2    27.4    27.9     0.0    26.59 C    37.3    19.3    28.0    95.6    52.9    78.1   0.340   0.339   0.426   0.556 -99.000    26.4    24.8    23.1    20.7    17.2
13301 20220617  2.622  -93.15   39.87    30.0    20.8    25.4    25.9    17.2    21.35 C    34.6    19.6    25.6    89.1    50.9    70.8   0.422   0.407   0.493   0.562 -99.000    25.9    24.9    23.6    21.2    17.5
13301 20220618  2.622  -93.15   39.87    29.5    20.0    24.8    24.8     0.0    26.14 C    33.0    17.3    24.1    86.8    52.5    66.0   0.389   0.380   0.464   0.566 -99.000    25.6    24.7    23.6    21.4    17.8
13301 20220619  2.622  -93.15   39.87    30.1    17.5    23.8    23.9     0.0    28.06 C    31.9    15.1    22.9    77.7    50.0    60.9   0.357   0.362   0.444   0.566 -99.000    24.8    24.1    23.3    21.4    18.0
13301 20220620  2.622  -93.15   39.87    31.3    16.9    24.1    24.8     0.0    28.54 C    33.0    13.9    23.5    79.6    38.8    57.7   0.324   0.340   0.427   0.550 -99.000    24.7    23.9    23.1    21.4    18.1
13301 20220621  2.622  -93.15   39.87    34.0    20.2    27.1    27.3    27.5    26.82 C    35.5    16.9    26.4    92.7    46.8    65.7   0.312   0.330   0.417   0.505 -99.000    25.6    24.4    23.3    21.4    18.3
13301 20220622  2.622  -93.15   39.87    29.0    19.2    24.1    24.0     9.0    25.40 C    33.4    16.8    24.1    92.9    44.7    71.3   0.472   0.468   0.545   0.564 -99.000    25.3    24.5    23.7    21.7    18.4
13301 20220623  2.622  -93.15   39.87    28.9    16.9    22.9    23.6     0.0    21.09 C    33.1    15.5    22.9    94.4    47.2    73.7   0.418   0.401   0.494   0.564 -99.000    24.7    24.0    23.4    21.7    18.5
13301 20220624  2.622  -93.15   39.87    26.3    19.0    22.7    22.7    16.2     9.37 C    27.4    18.8    21.7    92.3    67.2    77.5   0.464   0.453   0.518   0.565 -99.000    23.6    23.3    23.2    21.6    18.7
13301 20220625  2.622  -93.15   39.87    32.4    23.7    28.0    26.9     0.0    20.26 C    35.3    21.7    26.5    86.4    59.7    74.0   0.465   0.466   0.540   0.567 -99.000    24.7    23.6    22.9    21.4    18.7
13301 20220626  2.622  -93.15   39.87    24.4    16.0    20.2    21.4     0.0    25.52 C    28.8    12.6    20.8    89.0    41.1    59.2   0.425   0.403   0.492   0.566 -99.000    24.0    23.6    23.2    21.5    18.8
13301 20220627  2.622  -93.15   39.87    25.2    14.5    19.9    20.4     0.0    28.15 C    30.3    11.8    19.8    86.8    35.9    59.3   0.399   0.384   0.467   0.566 -99.000    23.0    22.5    22.5    21.3    18.8
13301 20220628  2.622  -93.15   39.87    27.4    13.0    20.2    21.4     0.0    28.51 C    30.5    10.3    20.3    94.6    38.7    64.7   0.372   0.370   0.452   0.567 -99.000    22.8    22.4    22.2    21.1    18.8
13301 20220629  2.622  -93.15   39.87    30.6    16.2    23.4    24.1     0.0    28.18 C    33.5    13.5    23.0    82.5    45.4    63.7   0.340   0.352   0.439   0.566 -99.000    23.6    22.8    22.2    21.0    18.8
13301 20220630  2.622  -93.15   39.87    30.6    17.6    24.1    24.8     0.0    28.51 C    31.7    14.3    23.2    83.6    39.4    59.9   0.306   0.328   0.420   0.534 -99.000    23.9    23.2    22.5    21.1    18.8
13301 20220701  2.622  -93.15   39.87    27.9    19.2    23.5    23.7     1.1    16.13 C    32.2    17.0    22.8    86.6    55.1    69.1   0.283   0.309   0.402   0.477 -99.000    23.9    23.3    22.7    21.2    18.8
13301 20220702  2.622  -93.15   39.87    25.4    17.2    21.3    21.0     0.0    12.52 C    28.5    15.9    20.4    91.2    63.5    79.7   0.274   0.299   0.393   0.436 -99.000    22.7    22.4    22.4    21.2    18.9
13301 20220703  2.622  -93.15   39.87    30.5    18.0    24.2    24.8     0.0    23.70 C    33.4    16.5    24.7    90.4    61.5    76.8   0.263   0.287   0.377   0.426 -99.000    23.9    22.8    22.2    21.0    18.9
13301 20220704  2.622  -93.15   39.87    33.4    23.6    28.5    28.5     0.0    25.58 C    34.9    22.8    28.0    90.4    54.5    73.5   0.247   0.270   0.353   0.412 -99.000    25.6    24.3    23.0    21.2    18.9
13301 20220705  2.622  -93.15   39.87    34.3    22.1    28.2    29.1     1.4    26.34 C    35.9    21.4    28.2    89.4    48.4    68.0   0.233   0.253   0.328   0.396 -99.000    26.4    25.1    23.6    21.7    19.0
13301 20220706  2.622  -93.15   39.87    29.2    21.8    25.5    25.1     6.5    11.95 C    31.7    20.9    25.1    94.5    69.3    86.8   0.246   0.242   0.316   0.389 -99.000    25.6    24.8    23.9    22.1    19.1
13301 20220707  2.622  -93.15   39.87    29.2    20.7    25.0    24.5    76.9    16.58 C    32.0    20.4    24.9    94.1    71.6    86.4   0.494   0.460   0.518   0.534 -99.000    24.9    24.2    23.7    22.2    19.3
13301 20220708  2.622  -93.15   39.87    29.7    21.4    25.5    24.7     5.9    15.71 C    34.1    20.7    25.1    94.1    64.2    84.3   0.507   0.486   0.558   0.567 -99.000    25.1    24.3    23.7    22.1    19.4
13301 20220709  2.622  -93.15   39.87    28.2    20.7    24.4    24.0     0.0    26.73 C    32.3    18.1    24.2    90.1    59.6    75.4   0.449   0.437   0.529   0.566 -99.000    25.1    24.3    23.6    22.1    19.5
13301 20220710  2.622  -93.15   39.87    29.1    19.0    24.0    24.4 -9999.0    26.33 C    31.8    17.2    24.1    94.4    60.6    78.2   0.406   0.396   0.479   0.565 -99.000    24.9    24.2    23.6    22.1    19.6
13301 20220711  2.622  -93.15   39.87    31.1    20.6    25.9    25.6     0.0    24.18 C    35.6    17.4    25.1    88.8    57.1    72.0   0.379   0.377   0.455   0.567 -99.000    25.3    24.5    23.8    22.2    19.6
13301 20220712  2.622  -93.15   39.87    28.3    16.0    22.1    23.1 -9999.0    27.94 C    33.7    14.3    22.3    91.2    46.5    68.4   0.349   0.356   0.437   0.567 -99.000    24.5    24.0    23.7    22.2    19.7
13301 20220713  2.622  -93.15   39.87    29.7    16.7    23.2    23.9 -9999.0    27.35 C    32.7    13.9    23.0    95.0    41.0    71.3   0.317   0.333   0.420   0.567 -99.000    24.2    23.6    23.3    22.1    19.8
13301 20220714  2.622  -93.15   39.87    32.0    18.1    25.0    26.1     0.0    25.98 C    33.9    16.0    24.6    89.4    45.2    66.2   0.293   0.310   0.401   0.554 -99.000    24.6    23.9    23.4    22.1    19.8
13301 20220715  2.622  -93.15   39.87    33.1    21.9    27.5    27.0     1.1    21.03 C    33.9    20.0    25.7    82.1    58.3    68.5   0.271   0.292   0.382   0.496 -99.000    25.1    24.2    23.6    22.1    19.8
13301 20220716  2.622  -93.15   39.87    26.3    22.5    24.4    24.2     0.0     7.00 C    28.0    21.8    24.2    94.3    74.4    87.0   0.263   0.283   0.373   0.444 -99.000    24.8    24.3    23.8    22.3    19.9
13301 20220717  2.622  -93.15   39.87    28.4    20.6    24.5    24.0    54.6    18.47 C    32.5    18.2    24.2    94.3    58.2    83.2   0.488   0.473   0.533   0.548 -99.000    24.3    23.7    23.5    22.3    19.9
13301 20220718  2.622  -93.15   39.87    29.6    18.9    24.2    24.7     0.0    25.57 C    34.0    16.5    24.3    95.1    53.3    75.6   0.451   0.450   0.541   0.568 -99.000    24.3    23.7    23.4    22.2    20.0
13301 20220719  2.622  -93.15   39.87    31.7    19.0    25.4    26.1     0.0    26.88 C    33.8    16.4    24.8    89.7    52.2    73.1   0.406   0.394   0.481   0.569 -99.000    24.7    23.9    23.4    22.1    20.0
13301 20220720  2.622  -93.15   39.87    30.1    21.1    25.6    25.8     0.0    27.38 C    32.9    16.7    24.1    92.0    49.2    69.0   0.376   0.370   0.453   0.569 -99.000    24.6    24.1    23.6    22.2    20.0
13301 20220721  2.622  -93.15   39.87    31.4    16.9    24.2    25.4     0.0    26.66 C    33.0    14.9    24.0    95.0    45.2    71.9   0.342   0.348   0.434   0.568 -99.000    24.4    23.8    23.5    22.2    20.0
13301 20220722  2.622  -93.15   39.87    33.0    18.3    25.7    26.4     0.0    25.23 C    34.0    16.8    25.0    83.7    54.9    65.8   0.313   0.325   0.417   0.554 -99.000    24.8    24.1    23.6    22.2    20.1
13301 20220723  2.622  -93.15   39.87    33.5    23.0    28.2    28.4     0.0    25.90 C    34.2    20.7    27.2    83.2    49.2    65.9   0.287   0.303   0.395   0.487 -99.000    25.6    24.7    23.8    22.3    20.1
13301 20220724  2.622  -93.15   39.87    28.9    19.5    24.2    25.7     0.0    11.94 C    31.5    16.3    24.4    92.1    49.9    71.0   0.269   0.286   0.377   0.431 -99.000    24.9    24.5    24.0    22.6    20.2
13301 20220725  2.622  -93.15   39.87    22.0    17.4    19.7    19.7     2.5     5.07 C    23.4    15.0    19.1    91.3    79.4    86.8   0.263   0.280   0.371   0.418 -99.000    22.8    22.9    23.4    22.5    20.3
13301 20220726  2.622  -93.15   39.87    23.9    16.9    20.4    20.6    39.4     7.49 C    26.1    16.6    21.0    94.8    81.8    90.0   0.487   0.469   0.525   0.535 -99.000    21.7    21.7    22.3    22.0    20.3
13301 20220727  2.622  -93.15   39.87    29.1    20.2    24.7    24.1     1.0    20.22 C    33.0    17.0    24.0    94.0    56.5    82.2   0.453   0.450   0.534   0.566 -99.000    23.2    22.5    22.3    21.6    20.2
13301 20220728  2.622  -93.15   39.87    26.9    17.3    22.1    22.1     0.0    17.00 C    30.2    14.0    21.5    94.2    50.8    75.8   0.415   0.400   0.488   0.567 -99.000    23.0    22.6    22.5    21.6    20.1
13301 20220729  2.622  -93.15   39.87    25.5    14.3    19.9    20.5     0.0    21.66 C    28.7    11.4    19.5    92.3    51.5    72.8   0.389   0.379   0.461   0.567 -99.000    22.0    21.8    22.1    21.5    20.0
13301 20220730  2.622  -93.15   39.87    27.2    14.7    20.9    21.8     0.0    23.10 C    30.7    12.0    21.5    94.8    55.5    75.1   0.368   0.364   0.444   0.567 -99.000    22.1    21.7    21.8    21.2    20.0
13301 20220731  2.622  -93.15   39.87    28.2    20.0    24.1    23.8     0.0    17.69 C    32.1    19.8    23.9    94.4    67.0    82.5   0.351   0.352   0.434   0.564 -99.000    23.3    22.6    22.2    21.2    19.9
13301 20220801  2.622  -93.15   39.87    32.7    22.8    27.7    27.3     0.0    23.72 C    35.8    21.7    27.1    92.1    63.6    81.1   0.333   0.338   0.424   0.520 -99.000    24.7    23.6    22.8    21.4    19.9
13301 20220802  2.622  -93.15   39.87    32.5    22.3    27.4    27.8     0.0    24.51 C    34.1    20.9    27.2    92.3    61.3    74.7   0.312   0.319   0.408   0.454 -99.000    25.4    24.4    23.5    21.7    19.9
13301 20220803  2.622  -93.15   39.87    27.2    22.9    25.1    25.1     8.9     5.63 C    28.8    21.1    24.4    94.6    74.6    85.1   0.320   0.310   0.399   0.427 -99.000    24.8    24.3    23.8    22.0    19.9
13301 20220804  2.622  -93.15   39.87    29.9    20.1    25.0    25.2     0.0    25.39 C    33.3    17.1    24.9    94.6    54.7    76.1   0.339   0.307   0.391   0.413 -99.000    24.8    24.1    23.6    22.1    20.0
13301 20220805  2.622  -93.15   39.87    31.5    19.1    25.3    25.7     0.0    25.17 C    34.2    17.1    25.3    92.5    56.0    77.0   0.319   0.296   0.377   0.396 -99.000    24.8    24.0    23.6    22.2    20.1
13301 20220806  2.622  -93.15   39.87    32.3    23.9    28.1    28.1     0.0    20.41 C    33.8    22.9    27.6    89.8    66.1    78.4   0.303   0.286   0.366   0.387 -99.000    25.8    24.8    24.0    22.3    20.2
13301 20220807  2.622  -93.15   39.87    32.6    23.7    28.2    27.8     0.0    20.55 C    34.2    22.5    27.3    88.1    57.3    75.5   0.289   0.277   0.355   0.382 -99.000    26.2    25.3    24.4    22.5    20.3
13301 20220808  2.622  -93.15   39.87    26.7    18.7    22.7    23.9     2.0     9.12 C    28.2    16.7    23.5    89.6    74.1    82.3   0.277   0.269   0.347   0.377 -99.000    25.2    24.9    24.5    22.7    20.4
13301 20220809  2.622  -93.15   39.87    26.9    15.7    21.3    21.2     0.0    25.21 C    32.5    13.8    20.9    91.6    53.2    74.4   0.265   0.261   0.337   0.374 -99.000    23.5    23.4    23.7    22.6    20.5
13301 20220810  2.622  -93.15   39.87    28.3    15.0    21.7    22.1     0.0    25.12 C    33.6    11.6    21.5    93.2    46.6    72.8   0.249   0.250   0.323   0.372 -99.000    22.9    22.8    23.1    22.2    20.5
13301 20220811  2.622  -93.15   39.87    29.8    15.2    22.5    23.1     0.0    24.28 C    38.5    12.5    23.5    94.7    51.9    76.3   0.235   0.240   0.312   0.368 -99.000    23.2    22.7    22.8    21.9    20.5
13301 20220812  2.622  -93.15   39.87    28.6    19.9    24.3    23.6     0.0    21.71 C    38.8    18.4    25.3    92.0    59.1    74.7   0.226   0.234   0.306   0.366 -99.000    24.3    23.5    23.1    21.8    20.4
13301 20220813  2.622  -93.15   39.87    32.4    18.9    25.6    25.3     0.0    20.63 C    38.5    17.5    25.6    90.8    51.1    75.7   0.218   0.227   0.301   0.363 -99.000    24.6    23.8    23.3    21.9    20.4
13301 20220814  2.622  -93.15   39.87    27.9    19.1    23.5    22.7     0.0    19.74 C    44.0    18.3    25.7    88.3    53.5    74.9   0.212   0.221   0.296   0.360 -99.000    24.7    23.9    23.6    22.1    20.4
13301 20220815  2.622  -93.15   39.87    22.7    18.7    20.7    20.3    26.3     7.70 C    30.7    18.2    20.8    92.9    72.2    84.5   0.215   0.222   0.296   0.358 -99.000    23.2    23.1    23.2    22.1    20.4
13301 20220816  2.622  -93.15   39.87    25.0    17.9    21.4    20.5    40.4    16.06 C    30.9    15.4    20.7    94.4    62.1    83.6   0.448   0.450   0.538   0.532 -99.000    22.1    21.8    22.3    21.9    20.4
13301 20220817  2.622  -93.15   39.87    26.8    16.5    21.6    21.4     0.0    23.38 C    40.5    13.4    23.2    93.5    51.0    75.4   0.403   0.397   0.489   0.565 -99.000    22.9    22.3    22.3    21.5    20.4
13301 20220818  2.622  -93.15   39.87    27.1    14.5    20.8    20.9     0.0    23.23 C    43.3    12.2    22.3    94.6    49.2    73.0   0.381   0.377   0.463   0.567 -99.000    22.8    22.4    22.4    21.5    20.3
13301 20220819  2.622  -93.15   39.87    26.9    16.6    21.7    21.6     0.4    16.60 C    36.0    14.2    21.7    87.8    55.8    75.7   0.365   0.366   0.450   0.567 -99.000    22.6    22.3    22.3    21.5    20.3
13301 20220820  2.622  -93.15   39.87    26.8    17.0    21.9    21.8     0.0    20.86 C    38.9    14.0    22.7    90.7    54.2    75.9   0.348   0.356   0.442   0.566 -99.000    22.9    22.4    22.3    21.4    20.2
13301 20220821  2.622  -93.15   39.87    27.3    16.3    21.8    21.4     0.0    21.51 C    40.2    13.4    23.1    92.6    55.8    77.0   0.327   0.344   0.431   0.567 -99.000    22.9    22.3    22.3    21.4    20.2
13301 20220822  2.622  -93.15   39.87    26.9    14.2    20.6    20.6     0.0    19.89 C    35.7    12.1    21.7    95.8    49.6    77.1   0.308   0.331   0.422   0.566 -99.000    22.5    22.1    22.2    21.4    20.2
13301 20220823  2.622  -93.15   39.87    27.6    14.3    20.9    21.3     0.0    21.42 C    38.9    11.5    22.9    93.5    46.4    73.8   0.289   0.318   0.410   0.566 -99.000    22.6    22.1    22.1    21.3    20.2
13301 20220824  2.622  -93.15   39.87    29.1    15.9    22.5    22.8     0.0    22.35 C    40.9    13.9    24.3    93.0    46.2    75.3   0.272   0.304   0.397   0.561 -99.000    23.2    22.4    22.2    21.3    20.1
13301 20220825  2.622  -93.15   39.87    28.1    18.4    23.3    23.3     0.0    18.66 C    40.2    16.1    23.9    93.1    58.9    77.3   0.258   0.292   0.386   0.534 -99.000    23.4    22.7    22.5    21.4    20.1
13301 20220826  2.622  -93.15   39.87    29.2    17.4    23.3    23.3     0.0    20.64 C    41.5    14.8    24.8    94.4    52.0    76.6   0.247   0.280   0.374   0.494 -99.000    23.6    22.9    22.6    21.5    20.1
13301 20220827  2.622  -93.15   39.87    30.8    20.1    25.4    24.8     0.0    18.59 C    37.6    18.6    25.3    83.5    55.8    71.9   0.237   0.269   0.360   0.454 -99.000    24.1    23.3    22.9    21.6    20.2
13301 20220828  2.622  -93.15   39.87    29.6    21.5    25.5    24.6     1.8    16.51 C    33.7    20.3    24.6    90.8    59.7    78.7   0.230   0.260   0.350   0.427 -99.000    24.1    23.4    23.1    21.8    20.2
13301 20220829  2.622  -93.15   39.87    31.5    18.1    24.8    25.4     1.8    19.62 C    44.7    17.0    27.4    91.4    57.1    75.5   0.226   0.252   0.339   0.411 -99.000    24.8    23.9    23.3    21.9    20.3
13301 20220830  2.622  -93.15   39.87    28.2    15.3    21.8    21.7     0.0    23.38 C    36.6    11.7    21.4    95.2    32.2    66.5   0.218   0.241   0.327   0.404 -99.000    23.3    23.1    23.2    22.1    20.3
13301 20220831  2.622  -93.15   39.87    28.4    12.6    20.5    20.9     0.0    22.74 C    41.0     9.5    22.1    91.6    43.5    70.5   0.212   0.229   0.315   0.390 -99.000    22.4    22.1    22.5    21.9    20.4
13301 20220901  2.622  -93.15   39.87    29.7    16.2    22.9    23.1     0.0    18.40 C    36.3    13.9    23.1    89.2    44.3    67.5   0.208   0.220   0.306   0.381 -99.000    22.8    22.3    22.3    21.6    20.4
13301 20220902  2.622  -93.15   39.87    29.7    18.8    24.2    23.7     0.0    21.38 C    35.8    14.8    24.3    91.1    49.5    72.9   0.206   0.211   0.298   0.374 -99.000    23.5    22.8    22.5    21.6    20.3
13301 20220903  2.622  -93.15   39.87    28.5    16.2    22.3    22.3     0.0    16.88 C    40.9    14.1    23.9    94.6    57.4    79.2   0.201   0.202   0.292   0.369 -99.000    23.2    22.6    22.6    21.7    20.3
13301 20220904  2.622  -93.15   39.87    26.3    17.0    21.7    21.4     0.0    14.81 C    35.4    14.3    21.9    93.6    61.7    81.9   0.198   0.197   0.287   0.363 -99.000    23.1    22.6    22.6    21.7    20.3
13301 20220905  2.622  -93.15   39.87    26.6    17.6    22.1    21.2     0.0    11.14 C    36.4    16.4    21.9    93.0    59.6    82.3   0.196   0.191   0.284   0.363 -99.000    22.5    22.1    22.3    21.6    20.3
13301 20220906  2.622  -93.15   39.87    27.5    15.5    21.5    21.2     0.0    17.81 C    39.8    12.8    22.1    95.7    49.8    78.1   0.193   0.187   0.280   0.358 -99.000    22.4    22.0    22.1    21.5    20.3
13301 20220907  2.622  -93.15   39.87    28.5    15.1    21.8    21.4     0.0    19.85 C    40.5    12.3    21.8    93.3    41.6    71.7   0.189   0.182   0.273   0.354 -99.000    22.1    21.6    21.9    21.4    20.3
13301 20220908  2.622  -93.15   39.87    28.4    13.3    20.8    21.0     0.0    20.93 C    38.3    10.9    21.6    94.6    44.8    71.3   0.185   0.176   0.266   0.351 -99.000    21.9    21.4    21.7    21.3    20.2
13301 20220909  2.622  -93.15   39.87    29.2    15.1    22.2    21.9     0.0    21.21 C    39.0    11.9    22.0    90.2    40.4    67.2   0.180   0.172   0.259   0.351 -99.000    22.1    21.5    21.7    21.1    20.2
13301 20220910  2.622  -93.15   39.87    27.2    13.8    20.5    18.0    17.7    14.48 C    38.1    11.1    18.9    93.3    55.0    82.8   0.206   0.186   0.256   0.349 -99.000    21.2    21.0    21.5    21.1    20.1
13301 20220911  2.622  -93.15   39.87    23.0    10.2    16.6    16.7     2.6    20.82 C    29.5     6.8    16.1    93.5    32.5    69.0   0.332   0.287   0.256   0.347 -99.000    19.7    19.9    20.9    20.8    20.1
13301 20220912  2.622  -93.15   39.87    25.1     9.5    17.3    17.1     0.0    21.34 C    31.0     5.6    15.5    92.0    33.0    59.3   0.292   0.255   0.253   0.345 -99.000    18.5    18.8    20.0    20.4    20.0
13301 20220913  2.622  -93.15   39.87    27.5     8.2    17.9    18.5     0.0    20.21 C    35.6     5.0    18.4    91.7    35.9    63.3   0.264   0.232   0.250   0.344 -99.000    18.7    18.5    19.5    19.9    19.8
13301 20220914  2.622  -93.15   39.87 -9999.0 -9999.0 -9999.0 -9999.0 -9999.0 -9999.00 U -9999.0 -9999.0 -9999.0 -9999.0 -9999.0 -9999.0 -99.000 -99.000 -99.000 -99.000 -99.000 -9999.0 -9999.0 -9999.0 -9999.0 -9999.0
13301 20220915  2.622  -93.15   39.87    28.3    15.5    21.9    21.7     0.0    17.71 C    40.4    10.5    21.1    86.2    42.2    65.1   0.227   0.198   0.250   0.339 -99.000    20.5    19.9    20.2    19.8    19.5
13301 20220916  2.622  -93.15   39.87    27.4    16.2    21.8    21.7     0.0    12.08 C    37.5    13.1    21.4    88.7    49.4    69.3   0.215   0.188   0.249   0.338 -99.000    20.6    20.1    20.3    19.9    19.5
13301 20220917  2.622  -93.15   39.87    27.4    18.5    22.9    22.1     7.3     9.53 C    30.6    15.9    21.1    93.1    56.8    72.8   0.249   0.184   0.249   0.336 -99.000    20.7    20.3    20.4    20.0    19.4
13301 20220918  2.622  -93.15   39.87    30.2    18.2    24.2    24.4     0.0    18.55 C    38.3    17.0    24.9    91.1    59.4    74.7   0.258   0.183   0.250   0.335 -99.000    21.8    21.0    20.7    20.0    19.4
13301 20220919  2.622  -93.15   39.87    32.3    19.5    25.9    25.2     0.0    18.28 C    43.2    17.6    26.8    94.4    50.0    76.6   0.233   0.180   0.249   0.334 -99.000    22.8    21.8    21.3    20.3    19.4
13301 20220920  2.622  -93.15   39.87    34.8    19.8    27.3    27.0     0.0    19.47 C    39.9    15.6    25.4    80.2    33.8    58.2   0.215   0.175   0.248   0.332 -99.000    22.8    22.1    21.7    20.6    19.4
13301 20220921  2.622  -93.15   39.87    27.6    14.3    20.9    21.1     0.7     9.12 C    37.7     9.9    19.9    81.7    50.4    67.6   0.202   0.170   0.248   0.330 -99.000    21.8    21.6    21.7    20.8    19.5
13301 20220922  2.622  -93.15   39.87    18.4    11.0    14.7    14.3     0.0     8.99 C    26.0     7.7    13.4    83.4    43.5    64.9   0.196   0.165   0.245   0.328 -99.000    19.0    19.4    20.8    20.6    19.6
13301 20220923  2.622  -93.15   39.87    13.4    10.6    12.0    12.2    10.8     1.79 C    15.4     6.1    11.7    94.1    68.5    84.6   0.256   0.172   0.241   0.328 -99.000    17.4    17.9    19.5    19.9    19.6
13301 20220924  2.622  -93.15   39.87    28.3     7.5    17.9    18.1     0.0    19.60 C    35.0     5.1    17.3    96.6    31.8    69.6   0.286   0.181   0.239   0.325 -99.000    17.7    17.6    18.7    19.3    19.5
13301 20220925  2.622  -93.15   39.87    24.1    12.0    18.1    18.2     0.0    20.02 C    30.9     4.2    15.6    72.3    25.1    48.7   0.258   0.176   0.239   0.324 -99.000    17.9    17.9    18.9    19.0    19.2
13301 20220926  2.622  -93.15   39.87    21.1     7.2    14.1    13.9     0.0    19.85 C    29.6     1.7    11.6    77.5    27.8    53.1   0.234   0.170   0.236   0.322 -99.000    16.1    16.4    18.2    18.7    19.1
13301 20220927  2.622  -93.15   39.87    23.5     4.6    14.1    14.3     0.0    19.19 C    38.1     0.0    13.9    92.6    28.5    58.7   0.217   0.166   0.234   0.318 -99.000    15.9    15.8    17.5    18.2    18.9
13301 20220928  2.622  -93.15   39.87    19.3     3.7    11.5    11.2     0.0    20.12 C    29.6    -1.8    10.0    78.7    29.2    56.1   0.204   0.162   0.232   0.316 -99.000    15.2    15.3    17.2    17.8    18.7
13301 20220929  2.622  -93.15   39.87    20.7     4.8    12.7    12.1     0.0    19.52 C    30.7    -0.1    11.3    88.2    35.1    63.7   0.194   0.158   0.230   0.313 -99.000    14.7    14.8    16.6    17.3    18.4
13301 20220930  2.622  -93.15   39.87    22.7     5.2    14.0    13.7     0.0    19.18 C    32.3    -0.7    12.6    88.2    29.6    61.3   0.186   0.155   0.228   0.311 -99.000    15.0    14.9    16.4    17.0    18.2
13301 20221001  2.622  -93.15   39.87    24.4     7.2    15.8    15.1     0.0    18.73 C    35.7     1.0    13.9    86.4    25.8    57.9   0.180   0.151   0.228   0.307 -99.000    15.2    15.0    16.4    16.8    18.0
13301 20221002  2.622  -93.15   39.87    25.0     8.6    16.8    15.8     0.0    18.50 C    35.9     2.7    14.6    82.7    20.7    55.4   0.174   0.148   0.227   0.305 -99.000    15.5    15.2    16.4    16.7    17.8
13301 20221003  2.622  -93.15   39.87    25.2     9.4    17.3    16.4     0.0    17.88 C    35.5     4.5    16.2    87.5    35.6    60.9   0.170   0.146   0.226   0.303 -99.000    16.0    15.6    16.5    16.7    17.6
13301 20221004  2.622  -93.15   39.87    25.1     7.5    16.3    16.0     0.0    17.02 C    34.0     2.2    14.2    75.7    19.9    48.4   0.166   0.143   0.225   0.299 -99.000    15.8    15.5    16.6    16.7    17.5
13301 20221005  2.622  -93.15   39.87    23.6    10.5    17.0    16.0     0.0     9.55 C    31.3     5.7    14.6    90.6    42.5    59.2   0.164   0.141   0.224   0.298 -99.000    15.9    15.6    16.6    16.7    17.5
13301 20221006  2.622  -93.15   39.87    26.2     8.0    17.1    16.5     0.0    15.98 C    35.5     3.5    15.9    94.4    33.6    67.7   0.163   0.140   0.223   0.296 -99.000    16.1    15.7    16.6    16.7    17.4
13301 20221007  2.622  -93.15   39.87    14.8     3.9     9.3     9.3     0.0    15.15 C    28.2    -3.1     9.1    76.3    37.4    59.4   0.160   0.137   0.221   0.294 -99.000    14.6    14.7    16.5    16.6    17.3
13301 20221008  2.622  -93.15   39.87    16.1    -1.3     7.4     8.1     0.0    18.27 C    27.1    -7.0     5.9    93.7    26.1    59.9   0.157   0.133   0.218   0.293 -99.000    12.5    12.6    15.4    16.0    17.2
13301 20221009  2.622  -93.15   39.87    24.1     3.0    13.6    13.3     0.0    16.98 C    31.8    -2.7    10.3    83.3    26.4    55.8   0.156   0.131   0.216   0.291 -99.000    12.8    12.6    14.8    15.4    17.0
13301 20221010  2.622  -93.15   39.87    26.5     4.6    15.6    16.3     0.0    16.94 C    37.0    -0.3    14.6    88.8    20.2    56.6   0.155   0.131   0.215   0.288 -99.000    14.0    13.5    14.9    15.2    16.8
13301 20221011  2.622  -93.15   39.87    24.6    15.1    19.9    18.6     3.9     7.86 C    25.3    11.9    17.3    92.0    50.4    75.5   0.159   0.131   0.216   0.286 -99.000    15.7    15.2    15.6    15.4    16.6
13301 20221012  2.622  -93.15   39.87    21.2     8.0    14.6    16.2     5.7    16.07 C    25.9     2.9    15.5    91.1    24.4    54.5   0.190   0.144   0.217   0.284 -99.000    15.6    15.5    16.1    15.8    16.6
13301 20221013  2.622  -93.15   39.87    15.7     4.0     9.8     9.8     0.0    15.99 C    22.8    -3.6     8.1    59.9    18.4    40.0   0.189   0.146   0.212   0.282 -99.000    12.5    13.6    15.4    15.8    16.5
13301 20221014  2.622  -93.15   39.87    19.2    -0.4     9.4     8.8     0.2    10.02 C    25.7    -5.6     6.3    79.6    24.2    53.5   0.183   0.143   0.209   0.281 -99.000    10.9    12.0    14.1    15.2    16.5
13301 20221015  2.622  -93.15   39.87    17.8    -1.9     7.9     8.9     0.0    12.66 C    29.1    -6.2     7.4    90.7    27.5    55.9   0.180   0.142   0.207   0.281 -99.000    10.8    11.6    13.4    14.6    16.3
13301 20221016  2.622  -93.15   39.87    16.9     3.5    10.2    10.2     0.0    14.35 C    28.9    -1.2     9.3    75.0    28.8    49.7   0.178   0.141   0.207   0.278 -99.000    11.6    12.0    13.4    14.3    16.0
13301 20221017  2.622  -93.15   39.87     8.1    -2.7     2.7     2.7     0.0    16.66 C    17.7    -7.6     2.2    66.8    19.0    42.4   0.174   0.138   0.206   0.279 -99.000     9.1    10.5    12.9    14.0    15.8
13301 20221018  2.622  -93.15   39.87     7.7    -5.5     1.1     0.6     0.0    16.49 C    19.4   -10.7     0.7    72.0    27.9    48.0   0.171   0.135   0.203   0.277 -99.000     7.4     8.8    11.6    13.3    15.6
13301 20221019  2.622  -93.15   39.87    10.8    -7.6     1.6     2.1     0.0    15.36 C    22.9   -13.3     0.6    77.4    15.7    40.3   0.171   0.133   0.201   0.277 -99.000     6.9     8.1    10.7    12.6    15.3
13301 20221020  2.622  -93.15   39.87    22.9    -0.2    11.3    10.9     0.0    14.94 C    31.9    -5.4     8.5    61.1    20.5    38.7   0.165   0.133   0.201   0.275 -99.000     9.2     9.2    10.7    12.2    14.9
13301 20221021  2.622  -93.15   39.87    28.1     6.1    17.1    17.2     0.0    15.10 C    32.6     0.7    14.6    69.6    16.9    39.6   0.164   0.135   0.203   0.274 -99.000    11.8    11.0    11.6    12.4    14.6
13301 20221022  2.622  -93.15   39.87    30.3    13.2    21.8    21.3     0.0    14.43 C    35.2     8.0    19.5    55.2    19.6    39.7   0.163   0.137   0.205   0.274 -99.000    14.5    13.0    12.9    13.0    14.5
13301 20221023  2.622  -93.15   39.87    29.4    17.3    23.3    22.9     0.0    10.86 C    33.5    13.8    21.6    68.6    36.8    52.3   0.162   0.138   0.208   0.275 -99.000    16.7    15.1    14.4    13.8    14.5
13301 20221024  2.622  -93.15   39.87    22.5     7.2    14.8    16.4    36.2     0.86 C    21.4     8.1    15.6    93.5    55.5    77.4   0.243   0.188   0.265   0.297 -99.000    16.0    15.7    15.6    14.7    14.7
13301 20221025  2.622  -93.15   39.87     8.8     4.3     6.5     7.0     0.0     4.86 C    13.9    -0.2     6.7    92.2    61.3    76.5   0.342   0.246   0.325   0.335 -99.000    11.7    12.9    14.5    14.8    14.9
13301 20221026  2.622  -93.15   39.87    16.2     1.3     8.8     8.9     0.0    14.12 C    24.9    -1.9     8.6    88.1    25.2    56.8   0.319   0.233   0.312   0.326 -99.000    10.5    11.1    13.0    14.0    15.0
13301 20221027  2.622  -93.15   39.87    16.5     3.8    10.1     9.9     0.0    11.47 C    24.7    -0.1     8.9    77.2    31.7    56.2   0.307   0.227   0.308   0.323 -99.000    10.6    11.1    12.6    13.5    14.9
13301 20221028  2.622  -93.15   39.87    17.9     2.7    10.3     9.5     0.0    14.20 C    26.5    -0.3     8.3    88.7    29.4    61.5   0.297   0.222   0.305   0.318 -99.000    10.6    11.0    12.3    13.2    14.7
13301 20221029  2.622  -93.15   39.87    18.8     2.8    10.8    10.5     0.0    11.01 C    27.8    -0.9     9.7    87.0    35.8    62.6   0.289   0.218   0.302   0.317 -99.000    10.6    10.8    12.1    12.9    14.6
13301 20221030  2.622  -93.15   39.87    16.1     9.2    12.7    12.3     0.4     4.35 C    21.1     7.0    12.1    89.7    58.7    72.4   0.284   0.216   0.302   0.314 -99.000    11.9    11.7    12.4    12.9    14.4
13301 20221031  2.622  -93.15   39.87    19.8     4.0    11.9    12.7     0.0    11.68 C    26.2    -0.1    10.6    90.9    29.7    62.4   0.279   0.213   0.300   0.312 -99.000    12.3    12.3    12.9    13.1    14.3
13301 20221101  2.622  -93.15   39.87    23.8     2.0    12.9    13.6     0.0    13.46 C    28.1    -1.2    10.7    84.4    28.2    51.9   0.271   0.208   0.297   0.310 -99.000    11.5    11.6    12.7    13.1    14.3
13301 20221102  2.622  -93.15   39.87    23.2     8.6    15.9    15.9     0.0    12.35 C    27.5     2.4    12.6    66.6    33.4    49.5   0.264   0.205   0.295   0.309 -99.000    12.3    12.1    12.8    13.1    14.2
13301 20221103  2.622  -93.15   39.87    24.3    13.7    19.0    18.8     0.0    10.41 C    27.6    10.2    17.1    74.9    49.3    61.7   0.257   0.203   0.294   0.309 -99.000    14.1    13.2    13.3    13.3    14.2
13301 20221104  2.622  -93.15   39.87    20.3     5.8    13.1    12.8    47.0     0.03 C    19.3     6.2    12.7    94.8    64.4    83.5   0.304   0.249   0.331   0.348 -99.000    13.5    13.6    14.0    13.8    14.2
13301 20221105  2.622  -93.15   39.87    11.3     3.9     7.6     7.2     2.4     8.90 C    13.2     3.5     6.9    95.5    40.7    75.5   0.376   0.329   0.428   0.426 -99.000    10.2    11.1    12.7    13.5    14.3
13301 20221106  2.622  -93.15   39.87    17.7     5.2    11.5    10.2     0.0    12.00 C    24.2     0.0     8.7    82.5    35.5    57.4   0.352   0.311   0.413   0.402 -99.000    10.1    10.5    11.9    12.9    14.3
13301 20221107  2.622  -93.15   39.87    13.7     3.1     8.4     8.4     0.0    10.83 C    18.2    -1.3     6.6    51.3    19.1    35.9   0.340   0.304   0.402   0.381 -99.000     8.9     9.7    11.5    12.6    14.1
13301 20221108  2.622  -93.15   39.87    18.0     5.9    12.0    12.6     0.0     8.08 C    23.1     3.4    12.2    64.2    41.3    50.6   0.333   0.300   0.393   0.370 -99.000    10.0     9.9    11.0    12.1    13.9
13301 20221109  2.622  -93.15   39.87    24.2    12.0    18.1    18.2     0.0     6.19 C    25.5     8.7    15.9    84.6    62.2    72.8   0.330   0.298   0.390   0.365 -99.000    13.0    12.0    12.0    12.2    13.8
13301 20221110  2.622  -93.15   39.87    23.3     2.2    12.8    14.9    14.0     2.62 C    24.5     2.7    14.0    89.6    61.1    77.9   0.332   0.302   0.391   0.367 -99.000    14.0    13.6    13.3    12.9    13.7
13301 20221111  2.622  -93.15   39.87     2.2    -4.4    -1.1    -1.4     3.1    11.61 C     8.0    -5.2    -0.1    90.1    52.0    67.6   0.375   0.352   0.431   0.559 -99.000     7.5     9.4    12.2    13.0    13.7
13301 20221112  2.622  -93.15   39.87    -1.3    -3.8    -2.6    -2.5     0.0     3.14 C     2.8    -2.9    -1.4    66.4    53.7    60.1   0.354   0.334   0.420   0.525 -99.000     4.6     6.6     9.9    11.9    13.7
13301 20221113  2.622  -93.15   39.87     3.3    -6.0    -1.4    -1.3     0.0    12.01 C    13.5    -9.2    -0.1    85.4    43.8    61.0   0.348   0.328   0.413   0.466 -99.000     4.8     6.0     8.6    10.7    13.5
13301 20221114  2.622  -93.15   39.87     4.8    -3.8     0.5     0.6     0.4     3.76 C     8.9    -6.1     0.6    85.3    51.3    65.7   0.344   0.324   0.408   0.431 -99.000     4.4     5.5     7.9    10.1    13.1
13301 20221115  2.622  -93.15   39.87     1.0    -2.1    -0.5    -0.1     4.8     2.39 C     2.9    -3.0    -0.2    96.4    68.2    87.4   0.363   0.330   0.410   0.421 -99.000     4.5     5.6     7.6     9.6    12.7
13301 20221116  2.622  -93.15   39.87    -2.1    -6.5    -4.3    -3.9     0.0     3.46 C     0.4   -10.7    -3.9    80.8    66.4    73.6   0.386   0.336   0.414   0.406 -99.000     2.7     4.3     6.9     9.1    12.4
13301 20221117  2.622  -93.15   39.87     3.2    -8.6    -2.7    -2.9     0.0     6.71 C     9.9   -10.9    -3.4    87.2    45.8    65.3   0.384   0.331   0.411   0.395 -99.000     1.9     3.4     5.9     8.4    12.0
13301 20221118  2.622  -93.15   39.87    -3.5   -10.6    -7.0    -7.1     0.0     9.46 C     6.7   -14.5    -7.5    72.6    44.9    59.3   0.378   0.327   0.407   0.385 -99.000     1.0     2.7     5.3     7.8    11.7
13301 20221119  2.622  -93.15   39.87     0.0   -10.3    -5.2    -5.0     0.0    10.22 C     6.8   -14.0    -6.7    72.6    33.2    53.4   0.370   0.323   0.403   0.379 -99.000     0.4     2.0     4.5     7.3    11.3
13301 20221120  2.622  -93.15   39.87     6.8   -10.2    -1.7    -1.8     0.0    11.30 C    10.3   -13.9    -3.7    74.7    28.4    51.5   0.367   0.320   0.400   0.373 -99.000     0.3     1.6     4.0     6.7    10.9
13301 20221121  2.622  -93.15   39.87    11.6    -3.5     4.0     2.7     0.0    11.23 C    17.3    -8.1    -0.5    69.2    28.0    51.8   0.355   0.318   0.398   0.367 -99.000     0.7     1.7     3.8     6.3    10.5
13301 20221122  2.622  -93.15   39.87    14.3    -4.0     5.1     4.6     0.0    10.45 C    18.1    -8.9     1.0    78.1    37.2    62.4   0.349   0.317   0.396   0.362 -99.000     1.3     2.0     3.9     6.1    10.2
13301 20221123  2.622  -93.15   39.87    13.8     1.3     7.6     7.5     0.0     7.77 C    17.0    -4.0     4.8    93.6    50.4    74.5   0.338   0.317   0.396   0.361 -99.000     3.0     3.0     4.3     6.0     9.9
13301 20221124  2.622  -93.15   39.87    15.1     2.4     8.7     9.2     0.0     6.31 C    22.4    -4.7     8.1    85.6    54.8    73.8   0.325   0.318   0.399   0.358 -99.000     6.1     5.4     5.6     6.4     9.7
13301 20221125  2.622  -93.15   39.87    12.5    -2.5     5.0     4.1     0.0    10.84 C    19.2    -7.0     1.4    92.3    26.1    63.7   0.323   0.318   0.399   0.357 -99.000     4.8     5.2     6.2     7.0     9.6
13301 20221126  2.622  -93.15   39.87    10.7    -2.9     3.9     5.0     0.0     6.18 C    17.3    -8.2     2.8    83.8    47.3    63.7   0.320   0.316   0.397   0.356 -99.000     4.3     4.7     6.0     7.1     9.6
13301 20221127  2.622  -93.15   39.87     7.5     1.4     4.4     4.8    11.5     2.83 C     8.7    -0.9     3.9    90.0    64.8    81.1   0.388   0.361   0.414   0.364 -99.000     5.5     5.6     6.3     7.2     9.6
13301 20221128  2.622  -93.15   39.87    10.5    -4.6     3.0     4.0     0.0    10.59 C    12.4    -7.1     2.0    96.4    46.5    73.2   0.371   0.352   0.417   0.367 -99.000     4.5     5.0     6.2     7.3     9.6
13301 20221129  2.622  -93.15   39.87    17.3    -4.5     6.4     5.9     0.0     5.67 C    19.8    -5.5     4.9    77.4    43.6    68.6   0.364   0.347   0.419   0.365 -99.000     5.6     5.8     6.5     7.3     9.6
13301 20221130  2.622  -93.15   39.87     0.3    -7.8    -3.8    -4.1     0.0    10.57 C     4.6   -12.9    -5.9    67.7    37.2    54.5   0.380   0.338   0.414   0.362 -99.000     2.2     3.9     6.0     7.4     9.6
13301 20221201  2.622  -93.15   39.87     6.9    -9.5    -1.3    -0.4     0.0     6.01 C     8.4   -12.6    -2.0    76.0    34.3    52.3   0.377   0.334   0.410   0.361 -99.000     1.3     2.6     4.8     6.8     9.5
13301 20221202  2.622  -93.15   39.87    14.4    -2.4     6.0     8.1     0.0     6.10 C    16.0    -3.2     6.1    74.1    34.2    57.0   0.348   0.332   0.410   0.359 -99.000     3.5     3.4     4.6     6.3     9.4
13301 20221203  2.622  -93.15   39.87    -0.3    -8.9    -4.6    -4.9     0.0    10.28 C    10.3   -10.3    -4.9    69.3    36.3    55.6   0.370   0.331   0.409   0.355 -99.000     2.1     3.4     5.0     6.4     9.2
13301 20221204  2.622  -93.15   39.87     6.5    -7.2    -0.4    -1.2     0.0     9.34 C    12.1   -11.5    -3.2    76.5    29.4    57.7   0.372   0.328   0.407   0.354 -99.000     1.3     2.5     4.3     6.1     9.1
13301 20221205  2.622  -93.15   39.87     9.4    -2.1     3.6     3.8     0.0     5.80 C    18.6    -6.9     2.9    82.7    59.1    69.8   0.346   0.327   0.406   0.354 -99.000     2.3     2.7     4.1     5.8     8.9
13301 20221206  2.622  -93.15   39.87     7.9    -0.2     3.8     3.3     0.0     2.64 C    11.3    -3.8     2.8    81.5    62.9    70.3   0.323   0.326   0.406   0.353 -99.000     3.5     3.6     4.6     5.8     8.7
13301 20221207  2.622  -93.15   39.87     8.3    -4.7     1.8     2.6     0.0     5.66 C    15.3    -6.6     1.2    96.3    63.5    83.8   0.322   0.326   0.406   0.351 -99.000     3.5     3.9     4.9     6.0     8.6
13301 20221208  2.622  -93.15   39.87     7.8     2.7     5.3     5.5     3.1     2.71 C    11.9     1.5     5.8    94.0    73.3    85.3   0.322   0.326   0.406   0.351 -99.000     5.0     4.7     5.3     6.1     8.6
13301 20221209  2.622  -93.15   39.87     7.3     1.3     4.3     3.2     0.0     1.31 C     6.6     0.1     3.4    95.3    81.0    86.0   0.334   0.326   0.406   0.352 -99.000     4.9     5.1     5.8     6.5     8.6
13301 20221210  2.622  -93.15   39.87     4.2     1.5     2.9     2.7     0.0     1.45 C     7.8     1.4     3.3    90.8    76.0    84.6   0.335   0.326   0.406   0.351 -99.000     4.7     5.0     5.8     6.6     8.6
13301 20221211  2.622  -93.15   39.87     5.0    -2.2     1.4     0.6     0.0     6.15 C    13.3    -6.3     0.9    89.4    64.7    82.0   0.334   0.326   0.405   0.350 -99.000     4.4     4.8     5.8     6.6     8.6
13301 20221212  2.622  -93.15   39.87     3.8    -2.2     0.8     1.3     0.0     3.43 C     7.1    -4.2     1.9    92.5    74.5    83.4   0.331   0.325   0.405   0.351 -99.000     3.7     4.2     5.5     6.6     8.7
13301 20221213  2.622  -93.15   39.87     9.6     3.0     6.3     5.9    28.6     0.35 C     8.8     0.4     5.4    94.1    76.3    89.7   0.397   0.397   0.492   0.477 -99.000     4.8     4.6     5.4     6.4     8.6
13301 20221214  2.622  -93.15   39.87     7.8    -1.1     3.3     2.1     0.0     6.72 C     6.8    -2.9     0.7    96.2    61.6    76.3   0.388   0.389   0.494   0.560 -99.000     4.1     4.7     5.7     6.5     8.5
13301 20221215  2.622  -93.15   39.87     1.1    -2.1    -0.5    -0.7     0.0     1.36 C     0.8    -3.8    -0.8    71.1    57.5    65.4   0.373   0.366   0.474   0.560 -99.000     2.5     3.6     5.2     6.4     8.5
13301 20221216  2.622  -93.15   39.87    -1.6    -6.1    -3.9    -3.1     0.0     3.06 C     0.9    -7.9    -3.2    65.1    49.4    57.5   0.402   0.357   0.456   0.561 -99.000     1.4     2.6     4.4     6.1     8.4
13301 20221217  2.622  -93.15   39.87    -2.9    -8.9    -5.9    -6.0     0.0     4.83 C     0.4   -11.0    -6.1    73.4    51.0    63.6   0.395   0.350   0.445   0.561 -99.000     0.5     1.8     3.7     5.6     8.3
13301 20221218  2.622  -93.15   39.87    -1.2   -12.2    -6.7    -7.0     0.0     9.28 C     7.0   -13.2    -7.0    76.7    43.0    62.5   0.395   0.346   0.440   0.560 -99.000    -0.1     1.2     3.1     5.2     8.1
13301 20221219  2.622  -93.15   39.87     4.6    -6.5    -0.9    -0.3     0.0     2.43 C     9.6    -7.2    -0.8    71.1    52.8    60.2   0.396   0.343   0.436   0.547 -99.000     0.1     0.9     2.7     4.8     7.9
13301 20221220  2.622  -93.15   39.87     0.9    -7.0    -3.0    -4.4     0.0     1.65 C    -0.5    -5.5    -3.3    82.6    51.7    66.3   0.396   0.340   0.433   0.524 -99.000     0.2     1.0     2.6     4.5     7.7
13301 20221221  2.622  -93.15   39.87    -0.7    -8.4    -4.5    -4.3     0.0     3.23 C     3.7    -6.5    -2.8    79.2    54.5    62.8   0.393   0.339   0.430   0.504 -99.000     0.1     0.9     2.5     4.3     7.5
13301 20221222  2.622  -93.15   39.87    -1.3   -22.9   -12.1   -17.8     2.8     4.24 C    -1.4   -25.1   -17.4    84.4    56.4    68.7   0.389   0.356   0.430   0.478 -99.000    -0.5     0.7     2.3     4.1     7.3
13301 20221223  2.622  -93.15   39.87   -15.7   -22.5   -19.1   -19.1     0.0     7.84 C   -15.3   -24.9   -20.3    61.1    54.6    57.5 -99.000   0.359   0.427   0.457 -99.000    -1.2     0.4     2.1     3.9     7.1
13301 20221224  2.622  -93.15   39.87    -8.9   -17.1   -13.0   -13.5     0.0     9.36 C    -8.2   -19.7   -15.4    65.2    46.8    57.6 -99.000 -99.000   0.424   0.440 -99.000    -1.6     0.0     1.8     3.7     7.0
13301 20221225  2.622  -93.15   39.87    -6.1   -18.0   -12.1   -11.7     0.5     7.89 C    -4.9   -21.9   -12.6    76.6    35.8    56.7 -99.000 -99.000   0.417   0.428 -99.000    -1.5    -0.2     1.6     3.5     6.8
13301 20221226  2.622  -93.15   39.87    -2.3   -16.7    -9.5    -8.0     0.0     5.01 C    -3.7   -21.9   -10.1    79.6    58.8    67.1 -99.000 -99.000   0.413   0.418 -99.000    -1.1    -0.2     1.5     3.3     6.6
13301 20221227  2.622  -93.15   39.87    -0.2   -17.5    -8.8    -6.6     0.0     8.50 C    -2.3   -21.8    -8.8    83.2    53.6    68.5 -99.000 -99.000   0.415   0.420 -99.000    -1.3    -0.3     1.4     3.2     6.5
13301 20221228  2.622  -93.15   39.87    11.9    -0.5     5.7     6.0     0.0     8.27 C    12.0    -4.1     2.2    68.7    39.4    55.2 -99.000 -99.000   0.412   0.419 -99.000    -0.5    -0.2     1.3     3.1     6.3
13301 20221229  2.622  -93.15   39.87    19.5     5.4    12.5    13.1     0.0     5.88 C    19.4     1.9     9.3    85.2    29.4    62.9   0.234 -99.000   0.408   0.412 -99.000     1.0     0.0     1.3     3.0     6.2
13301 20221230  2.622  -93.15   39.87     6.4    -3.5     1.4     1.6     0.0     8.49 C    13.4    -7.9     0.2    90.1    53.5    75.3   0.362   0.334   0.408   0.407 -99.000     0.8     0.5     1.8     3.0     6.1
13301 20221231  2.622  -93.15   39.87    11.8    -3.2     4.3     3.9     0.0     4.38 C    18.0    -6.9     2.1    92.9    53.0    79.2   0.348   0.311   0.410   0.401 -99.000     0.9     0.9     2.0     3.2     6.0
