54810 20220101  2.622  -86.92   46.33    -7.6   -11.5    -9.5    -9.6     1.1     1.95 C    -8.1   -11.9   -10.2    86.2    69.8    75.6   0.202   0.208   0.188   0.159   0.178     2.0     2.3     2.4     3.8     4.2
54810 20220102  2.622  -86.92   46.33    -8.7   -23.6   -16.1   -12.5     2.0     3.66 C    -8.5   -29.6   -15.5    84.8    54.6    72.7   0.202   0.209   0.190   0.159   0.178     2.0     2.3     2.4     3.8     4.2
54810 20220103  2.622  -86.92   46.33    -7.5   -26.1   -16.8   -15.1     0.0     5.26 C    -8.9   -31.1   -19.3    84.1    48.1    69.0   0.202   0.209   0.190   0.158   0.177     2.0     2.3     2.4     3.8     4.2
54810 20220104  2.622  -86.92   46.33    -0.8   -10.5    -5.6    -5.9     0.0     2.65 C    -1.7   -14.1    -6.7    88.5    70.5    79.0   0.201   0.208   0.189   0.158   0.177     1.9     2.3     2.4     3.7     4.2
54810 20220105  2.622  -86.92   46.33    -0.5    -8.4    -4.4    -4.8    11.9     2.25 C    -1.8    -9.1    -5.1    91.2    80.6    86.7   0.200   0.205   0.189   0.157   0.177     1.9     2.3     2.4     3.7     4.1
54810 20220106  2.622  -86.92   46.33    -8.3   -10.6    -9.5    -9.8     4.6     2.48 C    -9.0   -12.0   -10.5    83.9    63.8    76.9   0.201   0.205   0.189   0.157   0.176     1.9     2.3     2.3     3.7     4.1
54810 20220107  2.622  -86.92   46.33    -7.3   -16.9   -12.1   -10.3     2.9     3.51 C    -6.2   -25.8   -13.6    85.2    52.7    71.8   0.203   0.206   0.189   0.156   0.176     1.9     2.3     2.3     3.7     4.1
54810 20220108  2.622  -86.92   46.33    -4.1   -13.2    -8.6    -6.7     0.7     2.34 C    -4.9   -17.2    -8.2    81.0    49.3    64.6   0.204   0.206   0.189   0.157   0.176     1.9     2.2     2.3     3.6     4.1
54810 20220109  2.622  -86.92   46.33    -4.3   -16.9   -10.6   -11.3     0.0     4.03 C    -5.8   -20.3   -13.3    83.4    49.8    62.3   0.203   0.206   0.189   0.157   0.176     1.9     2.2     2.3     3.6     4.0
54810 20220110  2.622  -86.92   46.33   -15.5   -20.1   -17.8   -17.5     7.7     1.84 C   -16.1   -21.4   -18.1    78.9    63.0    70.3   0.204   0.206   0.189   0.157   0.176     1.8     2.2     2.2     3.6     4.0
54810 20220111  2.622  -86.92   46.33    -8.6   -18.2   -13.4   -14.0     0.3     3.69 C   -10.8   -22.1   -15.8    74.7    42.2    61.2   0.204   0.206   0.189   0.157   0.176     1.8     2.2     2.2     3.5     4.0
54810 20220112  2.622  -86.92   46.33    -3.0   -11.6    -7.3    -6.2     0.0     1.36 C    -4.5   -12.5    -7.2    80.3    61.5    74.3   0.203   0.206   0.189   0.157   0.176     1.8     2.2     2.2     3.5     4.0
54810 20220113  2.622  -86.92   46.33    -2.1    -9.6    -5.9    -6.2     1.2     1.42 C    -2.3   -12.0    -6.9    88.3    68.6    78.8   0.202   0.206   0.189   0.157   0.176     1.8     2.2     2.2     3.5     3.9
54810 20220114  2.622  -86.92   46.33    -9.6   -19.0   -14.3   -13.7     0.7     4.24 C   -10.4   -24.9   -14.8    78.1    52.7    69.9   0.202   0.206   0.189   0.157   0.175     1.8     2.2     2.1     3.5     3.9
54810 20220115  2.622  -86.92   46.33   -11.6   -28.1   -19.9   -18.8     0.0     6.70 C   -14.2   -33.2   -23.9    83.8    41.7    69.9   0.202   0.206   0.188   0.156   0.175     1.8     2.2     2.1     3.4     3.9
54810 20220116  2.622  -86.92   46.33    -6.6   -14.7   -10.7    -9.4     0.5     3.08 C    -7.0   -21.5   -11.1    83.9    66.4    77.7   0.202   0.206   0.189   0.157   0.175     1.7     2.1     2.1     3.4     3.9
54810 20220117  2.622  -86.92   46.33    -3.6    -7.2    -5.4    -4.6     0.6     1.60 C    -4.7    -7.8    -5.6    87.0    69.4    77.1   0.200   0.205   0.189   0.157   0.175     1.7     2.1     2.1     3.4     3.9
54810 20220118  2.622  -86.92   46.33     0.4    -7.7    -3.6    -4.4     6.5     1.71 C    -0.5    -9.6    -5.3    90.9    68.5    80.0   0.199   0.206   0.188   0.156   0.175     1.7     2.1     2.1     3.4     3.9
54810 20220119  2.622  -86.92   46.33     0.2   -12.5    -6.2    -8.9     6.0     3.22 C    -1.0   -13.6    -9.5    85.9    62.4    75.2   0.199   0.206   0.188   0.155   0.175     1.7     2.1     2.1     3.4     3.9
54810 20220120  2.622  -86.92   46.33   -11.9   -26.0   -18.9   -15.3     5.6     4.46 C   -11.1   -32.8   -17.3    80.6    57.5    73.4   0.200   0.207   0.188   0.155   0.175     1.7     2.0     2.1     3.3     3.8
54810 20220121  2.622  -86.92   46.33    -8.1   -30.5   -19.3   -17.4     0.0     7.56 C   -11.1   -36.0   -22.0    81.8    32.9    64.4   0.200   0.208   0.189   0.155   0.175     1.7     2.0     2.0     3.3     3.8
54810 20220122  2.622  -86.92   46.33    -7.9   -13.3   -10.6   -10.9     1.8     3.04 C    -8.8   -17.6   -12.2    78.7    50.1    66.3   0.200   0.208   0.189   0.155   0.175     1.6     2.0     2.0     3.3     3.8
54810 20220123  2.622  -86.92   46.33   -10.1   -21.4   -15.8   -14.3     2.0     6.56 C   -11.6   -27.2   -16.9    81.2    47.0    69.9   0.200   0.208   0.190   0.155   0.175     1.6     2.0     2.0     3.3     3.8
54810 20220124  2.622  -86.92   46.33    -8.5   -19.1   -13.8   -13.0     4.5     4.72 C    -8.0   -19.4   -13.9    80.6    61.2    72.9   0.200   0.209   0.190   0.155   0.175     1.6     2.0     2.0     3.2     3.8
54810 20220125  2.622  -86.92   46.33   -12.6   -18.5   -15.6   -15.0     4.3     6.95 C   -12.0   -22.3   -17.0    82.0    50.2    65.7   0.200   0.209   0.189   0.155   0.174     1.6     2.0     2.0     3.2     3.7
54810 20220126  2.622  -86.92   46.33   -12.7   -29.5   -21.1   -18.1     0.0     6.54 C   -13.4   -35.7   -21.3    77.1    41.9    63.7   0.200   0.209   0.189   0.155   0.174     1.5     2.0     2.0     3.2     3.7
54810 20220127  2.622  -86.92   46.33    -5.9   -13.1    -9.5   -10.2     1.9     3.92 C    -6.4   -13.9   -10.8    81.8    56.2    67.8   0.200   0.209   0.189   0.155   0.174     1.5     1.9     2.0     3.2     3.7
54810 20220128  2.622  -86.92   46.33    -8.7   -24.0   -16.4   -13.0     0.2     6.60 C    -8.9   -30.2   -15.8    76.3    39.2    63.4   0.200   0.208   0.189   0.155   0.174     1.5     1.9     1.9     3.2     3.6
54810 20220129  2.622  -86.92   46.33    -8.6   -29.4   -19.0   -17.6     1.0     6.32 C    -6.8   -33.6   -19.9    85.2    52.4    71.1   0.199   0.208   0.189   0.155   0.174     1.5     1.9     1.9     3.1     3.6
54810 20220130  2.622  -86.92   46.33    -5.4   -17.9   -11.7    -9.4     0.3     2.86 C    -5.3   -24.6   -11.0    92.9    69.6    83.0   0.199   0.207   0.189   0.155   0.174     1.5     1.9     1.9     3.1     3.6
54810 20220131  2.622  -86.92   46.33    -0.9   -21.6   -11.3    -9.1     0.0     3.61 C    -2.1   -26.7   -11.1    89.9    67.1    78.7   0.199   0.208   0.189   0.155   0.174     1.5     1.9     1.9     3.1     3.6
54810 20220201  2.622  -86.92   46.33     4.0    -6.2    -1.1    -0.2     0.0     3.88 C     1.4   -10.3    -3.0    80.4    49.9    66.3   0.198   0.207   0.188   0.156   0.174     1.5     1.8     1.9     3.1     3.6
54810 20220202  2.622  -86.92   46.33    -6.2   -14.0   -10.1   -10.8     1.6     3.94 C    -9.2   -17.1   -12.0    76.3    52.5    63.2   0.197   0.208   0.188   0.156   0.174     1.5     1.8     1.9     3.1     3.5
54810 20220203  2.622  -86.92   46.33   -11.5   -17.1   -14.3   -14.0     1.9     6.77 C    -9.8   -21.1   -15.0    79.2    58.6    74.5   0.198   0.208   0.188   0.155   0.173     1.4     1.8     1.9     3.0     3.5
54810 20220204  2.622  -86.92   46.33   -10.5   -23.6   -17.1   -16.5     0.3     7.02 C    -9.5   -27.7   -19.6    84.3    52.3    74.3   0.199   0.208   0.188   0.154   0.173     1.4     1.8     1.8     3.0     3.5
54810 20220205  2.622  -86.92   46.33    -7.4   -18.6   -13.0   -12.2     3.9     4.21 C    -8.7   -24.5   -14.6    85.1    49.8    73.9   0.199   0.207   0.189   0.154   0.174     1.4     1.8     1.8     3.0     3.5
54810 20220206  2.622  -86.92   46.33    -4.8    -8.7    -6.7    -7.0     3.2     2.43 C    -4.9    -9.8    -7.7    88.7    66.5    76.3   0.199   0.207   0.189   0.155   0.174     1.4     1.8     1.8     3.0     3.5
54810 20220207  2.622  -86.92   46.33    -6.0   -20.6   -13.3    -8.8     2.2     5.47 C    -5.9   -27.4   -10.6    91.9    71.1    81.6   0.198   0.208   0.189   0.155   0.174     1.4     1.8     1.8     3.0     3.4
54810 20220208  2.622  -86.92   46.33     0.4   -23.0   -11.3    -7.7     0.0     8.99 C    -0.7   -27.6    -9.4    87.4    54.1    76.5   0.197   0.208   0.189   0.155   0.173     1.4     1.7     1.8     3.0     3.4
54810 20220209  2.622  -86.92   46.33     0.3    -7.1    -3.4    -3.0     0.3     2.60 C    -0.4   -14.9    -5.3    95.3    58.4    79.6   0.197   0.207   0.188   0.155   0.173     1.4     1.7     1.8     2.9     3.4
54810 20220210  2.622  -86.92   46.33    -3.4    -7.9    -5.7    -6.3     1.9     5.66 C    -3.4    -9.7    -7.0    84.5    56.2    71.3   0.197   0.207   0.188   0.155   0.173     1.4     1.7     1.7     2.9     3.4
54810 20220211  2.622  -86.92   46.33    -1.1   -12.4    -6.7    -5.5     5.2     2.53 C    -1.4   -12.6    -6.0    88.8    72.0    82.4   0.198   0.207   0.189   0.155   0.173     1.4     1.7     1.7     2.9     3.4
54810 20220212  2.622  -86.92   46.33   -12.3   -16.6   -14.4   -14.1     2.7     6.03 C    -8.6   -18.7   -14.1    82.1    54.1    70.8   0.199   0.208   0.189   0.155   0.174     1.4     1.7     1.7     2.9     3.3
54810 20220213  2.622  -86.92   46.33   -10.7   -27.5   -19.1   -18.6     0.0     7.71 C    -9.7   -33.0   -22.5    80.6    53.9    71.2   0.200   0.208   0.189   0.156   0.174     1.3     1.6     1.7     2.9     3.3
54810 20220214  2.622  -86.92   46.33    -8.0   -29.8   -18.9   -17.9     0.0     8.93 C    -8.6   -34.2   -21.2    81.6    41.9    69.9   0.201   0.208   0.189   0.155   0.174     1.3     1.6     1.7     2.9     3.3
54810 20220215  2.622  -86.92   46.33    -3.8   -16.1   -10.0    -9.2     1.4     7.50 C    -5.3   -21.2   -11.0    85.0    45.3    71.2   0.201   0.209   0.190   0.156   0.175     1.3     1.6     1.6     2.9     3.3
54810 20220216  2.622  -86.92   46.33     1.3    -5.0    -1.9    -1.8     0.7     4.07 C     0.8    -6.6    -3.2    89.3    63.9    77.1   0.201   0.207   0.190   0.156   0.175     1.3     1.6     1.6     2.8     3.2
54810 20220217  2.622  -86.92   46.33    -5.0   -13.2    -9.1   -10.3     1.4     5.81 C    -6.6   -13.9   -10.7    78.9    61.7    69.6   0.200   0.207   0.189   0.155   0.175     1.2     1.6     1.6     2.8     3.2
54810 20220218  2.622  -86.92   46.33    -9.5   -20.3   -14.9   -12.7     5.1     4.03 C   -10.3   -27.2   -14.0    85.4    66.9    78.3   0.200   0.206   0.189   0.155   0.175     1.2     1.6     1.6     2.8     3.2
54810 20220219  2.622  -86.92   46.33    -8.5   -13.6   -11.0   -11.3     6.0    10.04 C    -9.8   -16.7   -12.3    83.5    39.7    63.3   0.200   0.206   0.189   0.155   0.175     1.2     1.6     1.6     2.8     3.2
54810 20220220  2.622  -86.92   46.33     0.7    -9.8    -4.6    -5.7     0.0     2.50 C    -0.8   -10.9    -6.7    76.0    52.1    62.7   0.200   0.207   0.189   0.155   0.174     1.2     1.6     1.6     2.8     3.1
54810 20220221  2.622  -86.92   46.33    -7.2   -13.0   -10.1   -10.4     3.4     3.61 C    -8.2   -13.1   -10.7    78.7    68.9    73.8   0.201   0.207   0.189   0.155   0.174     1.2     1.6     1.5     2.8     3.1
54810 20220222  2.622  -86.92   46.33    -9.9   -13.4   -11.7   -11.2    11.2     2.93 C    -9.2   -13.4   -11.3    86.0    75.2    81.3   0.200   0.210   0.189   0.155   0.174     1.2     1.5     1.5     2.8     3.1
54810 20220223  2.622  -86.92   46.33    -9.7   -24.6   -17.1   -12.8     4.7     7.07 C    -8.4   -31.5   -14.6    85.5    60.8    76.9   0.201   0.210   0.189   0.155   0.174     1.2     1.5     1.5     2.8     3.1
54810 20220224  2.622  -86.92   46.33    -7.5   -24.5   -16.0   -14.1     0.0    11.18 C    -5.0   -31.5   -16.6    84.6    43.7    71.0   0.201   0.210   0.189   0.155   0.174     1.2     1.5     1.5     2.8     3.1
54810 20220225  2.622  -86.92   46.33    -7.4   -23.1   -15.2   -11.9     1.3    12.83 C    -5.4   -29.6   -14.2    86.9    42.4    72.3   0.201   0.211   0.189   0.155   0.175     1.2     1.5     1.5     2.7     3.1
54810 20220226  2.622  -86.92   46.33     1.1   -22.8   -10.9    -8.9     0.0    13.59 C    -1.8   -29.5   -14.0    83.8    35.8    59.5   0.201   0.211   0.189   0.156   0.175     1.1     1.5     1.5     2.7     3.1
54810 20220227  2.622  -86.92   46.33    -1.7   -15.9    -8.8    -7.2     0.5     8.21 C    -3.4   -21.2    -8.5    81.6    45.3    65.9   0.201   0.211   0.190   0.156   0.175     1.1     1.5     1.5     2.7     3.0
54810 20220228  2.622  -86.92   46.33    -5.2   -16.5   -10.9    -9.5     3.4     5.62 C    -4.1   -19.9   -10.3    90.4    78.0    84.1   0.201   0.211   0.189   0.156   0.175     1.1     1.4     1.5     2.7     3.0
54810 20220301  2.622  -86.92   46.33    -3.3   -19.3   -11.3    -6.6     0.0     5.43 C    -4.0   -24.8    -8.9    91.0    63.1    80.0   0.201   0.211   0.190   0.156   0.175     1.1     1.4     1.5     2.6     3.0
54810 20220302  2.622  -86.92   46.33    -3.5   -18.7   -11.1    -7.9     0.7     7.06 C    -2.7   -24.0    -9.3    88.2    51.7    72.5   0.201   0.211   0.190   0.156   0.176     1.1     1.4     1.5     2.6     3.0
54810 20220303  2.622  -86.92   46.33    -6.4   -23.1   -14.8   -11.4     0.0    14.86 C    -5.4   -29.6   -15.1    78.9    36.7    59.7   0.201   0.211   0.190   0.157   0.176     1.0     1.4     1.4     2.6     3.0
54810 20220304  2.622  -86.92   46.33    -1.6   -25.7   -13.6   -11.5     0.0    12.75 C     0.6   -30.4   -13.7    81.3    23.2    57.8   0.202   0.211   0.190   0.157   0.176     1.0     1.4     1.4     2.6     3.0
54810 20220305  2.622  -86.92   46.33     0.3    -3.7    -1.7    -1.3    11.9     2.05 C     0.0    -5.4    -2.0    93.8    43.0    70.3   0.201   0.212   0.191   0.157   0.176     1.0     1.4     1.4     2.6     2.9
54810 20220306  2.622  -86.92   46.33     0.2    -2.8    -1.3    -1.4    12.1     4.01 C    -0.1    -3.1    -1.4    96.6    85.9    91.6   0.201   0.211   0.191   0.160   0.181     1.0     1.4     1.4     2.6     2.9
54810 20220307  2.622  -86.92   46.33    -2.6    -8.2    -5.4    -3.9     0.0     8.28 C    -1.5   -14.2    -5.1    91.7    65.5    83.0   0.203   0.213   0.192   0.163   0.184     1.0     1.4     1.4     2.5     2.9
54810 20220308  2.622  -86.92   46.33     1.0   -11.0    -5.0    -4.2     0.0    16.08 C     2.1   -18.0    -6.5    82.2    62.5    74.4   0.204   0.214   0.192   0.162   0.183     1.0     1.3     1.4     2.5     2.9
54810 20220309  2.622  -86.92   46.33    -1.4   -10.2    -5.8    -4.1     0.0     8.43 C    -1.3   -14.3    -5.8    78.6    49.3    62.5   0.205   0.214   0.192   0.162   0.182     1.0     1.3     1.3     2.5     2.9
54810 20220310  2.622  -86.92   46.33    -6.4   -17.9   -12.2   -11.4     0.0    16.40 C    -1.6   -23.4   -13.6    73.2    31.6    53.9   0.205   0.214   0.192   0.161   0.182     1.0     1.3     1.3     2.4     2.9
54810 20220311  2.622  -86.92   46.33    -5.0   -17.7   -11.3   -10.8     0.3    10.87 C    -1.9   -23.2   -13.9    73.5    29.2    59.0   0.205   0.215   0.192   0.160   0.181     1.0     1.2     1.3     2.4     2.8
54810 20220312  2.622  -86.92   46.33   -10.0   -20.7   -15.4   -13.9     2.4    12.47 C    -8.5   -24.8   -15.4    77.8    48.0    67.2   0.205   0.215   0.192   0.160   0.180     1.0     1.2     1.3     2.4     2.8
54810 20220313  2.622  -86.92   46.33    -2.4   -15.6    -9.0    -8.4     0.9     4.34 C    -1.9   -21.3   -10.6    91.8    51.5    74.7   0.204   0.214   0.192   0.160   0.180     1.0     1.2     1.3     2.4     2.8
54810 20220314  2.622  -86.92   46.33     0.2   -18.4    -9.1    -9.4     0.0     8.10 C     2.6   -22.8   -11.4    91.6    64.6    81.3   0.203   0.215   0.192   0.160   0.179     1.0     1.2     1.3     2.4     2.8
54810 20220315  2.622  -86.92   46.33     6.6   -10.4    -1.9    -1.5     0.0    14.86 C     4.2   -12.9    -3.2    95.1    41.2    75.4   0.202   0.214   0.192   0.159   0.178     1.0     1.2     1.3     2.4     2.8
54810 20220316  2.622  -86.92   46.33    10.0     0.1     5.0     4.8     0.0    11.57 C     4.8    -1.6     1.3    89.4    55.2    73.3   0.201   0.214   0.191   0.159   0.178     1.0     1.2     1.3     2.4     2.8
54810 20220317  2.622  -86.92   46.33     8.4    -2.5     3.0     2.7     0.0    16.70 C     5.6    -4.3     0.4    95.8    55.6    78.0   0.203   0.216   0.192   0.162   0.183     0.9     1.2     1.3     2.3     2.7
54810 20220318  2.622  -86.92   46.33     1.9    -2.3    -0.2     0.3     1.1     6.76 C     1.8    -4.9    -0.3    93.2    77.2    85.9   0.206   0.218   0.194   0.165   0.188     0.9     1.2     1.3     2.3     2.7
54810 20220319  2.622  -86.92   46.33     3.1    -0.7     1.2     0.9     1.5    11.11 C     2.1    -4.1    -0.3    94.1    48.7    76.7   0.207   0.220   0.194   0.165   0.187     0.9     1.2     1.2     2.3     2.7
54810 20220320  2.622  -86.92   46.33    11.0    -5.8     2.6     2.5     0.0    18.23 C     7.8    -9.5    -1.1    87.3    26.5    57.9   0.211   0.221   0.195   0.165   0.187     0.9     1.2     1.2     2.3     2.7
54810 20220321  2.622  -86.92   46.33     5.0    -4.4     0.3    -0.2     0.0     7.63 C     2.9    -7.6    -2.2    88.8    43.7    72.6   0.219   0.224   0.198   0.168   0.190     0.9     1.1     1.2     2.3     2.6
54810 20220322  2.622  -86.92   46.33     2.0    -3.3    -0.6     0.1     2.1     3.48 C     0.6    -5.3    -1.3    80.1    42.5    59.5   0.217   0.224   0.198   0.167   0.188     0.9     1.1     1.2     2.2     2.6
54810 20220323  2.622  -86.92   46.33     1.3    -0.2     0.5     0.6    13.2     2.96 C     0.5    -0.5     0.0    94.3    69.5    85.4   0.225   0.227   0.201   0.166   0.187     0.8     1.1     1.1     2.2     2.6
54810 20220324  2.622  -86.92   46.33     2.2    -4.2    -1.0    -0.1     0.7    11.78 C     3.5    -6.3    -0.6    95.0    64.4    84.0   0.228   0.229   0.204   0.168   0.189     0.8     1.1     1.1     2.2     2.6
54810 20220325  2.622  -86.92   46.33     9.4    -7.8     0.8     0.6     0.0    17.68 C     6.2   -10.5    -1.4    92.9    29.7    70.4   0.237   0.232   0.208   0.169   0.190     0.8     1.1     1.1     2.2     2.5
54810 20220326  2.622  -86.92   46.33    -0.7    -7.8    -4.3    -5.7     4.8     5.62 C    -1.1    -8.2    -5.5    80.4    66.3    75.1   0.236   0.234   0.209   0.172   0.194     0.8     1.1     1.0     2.1     2.5
54810 20220327  2.622  -86.92   46.33    -7.5   -11.4    -9.5    -9.7     2.2    15.05 C    -6.7   -12.3    -9.6    73.9    48.2    63.0   0.226   0.229   0.203   0.169   0.190     0.8     1.1     1.1     2.1     2.5
54810 20220328  2.622  -86.92   46.33    -5.2   -15.7   -10.5    -8.6     0.3    16.57 C    -2.4   -17.8    -9.1    80.0    46.9    58.8   0.224   0.227   0.201   0.167   0.187     0.8     1.1     1.1     2.1     2.5
54810 20220329  2.622  -86.92   46.33     2.1   -17.8    -7.8    -5.6     0.0    14.03 C     2.5   -19.6    -6.7    84.6    43.0    64.0   0.221   0.226   0.200   0.165   0.185     0.8     1.1     1.1     2.1     2.5
54810 20220330  2.622  -86.92   46.33     1.1    -1.8    -0.3     0.1     5.8     2.55 C     0.5    -1.9    -0.3    97.7    51.8    88.6   0.218   0.224   0.198   0.164   0.184     0.8     1.1     1.1     2.1     2.5
54810 20220331  2.622  -86.92   46.33     0.1    -2.6    -1.2    -1.6    18.3     3.73 C    -0.1    -3.4    -1.9    96.6    77.7    88.3   0.221   0.224   0.199   0.163   0.183     0.8     1.1     1.1     2.1     2.5
54810 20220401  2.622  -86.92   46.33     1.2    -4.6    -1.7    -2.0     1.1    13.71 C     2.6    -9.0    -3.6    81.8    52.5    68.9   0.222   0.225   0.199   0.163   0.183     0.8     1.1     1.1     2.1     2.5
54810 20220402  2.622  -86.92   46.33     3.1    -3.3    -0.1     0.3     2.2     8.39 C     2.8    -7.4    -0.6    96.0    81.8    88.3   0.221   0.225   0.199   0.163   0.183     0.8     1.1     1.1     2.1     2.5
54810 20220403  2.622  -86.92   46.33     5.0    -1.4     1.8     1.7     0.0    14.62 C     5.6    -2.7     0.8    96.0    62.2    85.0   0.229   0.226   0.203   0.164   0.183     0.8     1.1     1.0     2.1     2.5
54810 20220404  2.622  -86.92   46.33     2.1    -0.9     0.6     0.7     4.2     3.12 C     0.9    -1.9    -0.1    96.6    84.1    92.4   0.231   0.229   0.207   0.168   0.188     0.8     1.1     1.0     2.1     2.4
54810 20220405  2.622  -86.92   46.33     5.7    -0.4     2.6     2.3     0.0     8.44 C     2.7    -0.3     0.8    97.9    70.9    88.3   0.240   0.230   0.208   0.169   0.189     0.7     1.0     1.0     2.1     2.4
54810 20220406  2.622  -86.92   46.33     7.1     2.4     4.8     3.9    21.6     5.98 C     3.3     0.7     1.2    94.1    78.1    88.0   0.264   0.264   0.242   0.187   0.210     0.6     0.9     0.9     2.0     2.4
54810 20220407  2.622  -86.92   46.33     4.8     0.5     2.6     2.2     5.1     5.02 C     2.6     0.0     0.8    97.0    83.8    93.6   0.251   0.259   0.232   0.197   0.229     0.5     0.8     0.8     1.8     2.2
54810 20220408  2.622  -86.92   46.33     0.5    -2.8    -1.1    -1.7     8.2     8.07 C     0.1    -2.4    -1.5    97.3    78.6    88.5   0.239   0.250   0.223   0.195   0.228     0.5     0.8     0.9     1.8     2.2
54810 20220409  2.622  -86.92   46.33     2.8    -5.4    -1.3    -0.6     0.3    17.23 C     2.6    -8.9    -1.7    90.8    42.0    69.5   0.230   0.241   0.214   0.191   0.222     0.6     0.9     0.9     1.9     2.2
54810 20220410  2.622  -86.92   46.33     8.9    -7.7     0.6     2.2     0.0    18.58 C     4.7   -11.4    -1.5    90.6    23.9    53.6   0.244   0.244   0.218   0.191   0.221     0.7     0.9     1.0     1.9     2.3
54810 20220411  2.622  -86.92   46.33    11.9    -1.0     5.5     6.8     0.0    20.82 C     6.9    -3.5     2.2    81.4    29.8    55.4   0.265   0.266   0.241   0.201   0.242     0.6     0.9     0.9     1.9     2.2
54810 20220412  2.622  -86.92   46.33    12.0    -3.6     4.2     4.9     5.7    12.36 C    15.4    -6.5     3.3    93.2    31.2    68.1   0.259   0.259   0.233   0.207   0.250     0.6     0.8     0.9     1.8     2.2
54810 20220413  2.622  -86.92   46.33     6.4     3.6     5.0     5.1    33.2     3.16 C     8.5     3.0     4.8    97.1    89.6    94.2   0.281   0.274   0.246   0.219   0.300     1.2     1.0     1.3     1.8     2.1
54810 20220414  2.622  -86.92   46.33     3.8     0.0     1.9     1.2     8.8    11.01 C     9.7    -2.7     1.4    96.3    52.3    71.6   0.265   0.265   0.239   0.229   0.317     1.4     1.4     1.5     1.9     2.1
54810 20220415  2.622  -86.92   46.33     0.3    -2.9    -1.3    -1.5     0.3    12.63 C    11.0    -4.8    -0.9    73.6    40.0    53.8   0.241   0.249   0.223   0.223   0.290     1.0     1.3     1.3     2.1     2.3
54810 20220416  2.622  -86.92   46.33    -1.9    -4.5    -3.2    -3.2     0.3    11.51 C     6.5    -4.9    -1.8    71.7    50.8    64.2   0.233   0.245   0.219   0.220   0.280     0.7     1.1     1.1     2.1     2.4
54810 20220417  2.622  -86.92   46.33     4.9    -2.4     1.3    -0.1     0.0    14.92 C    25.6    -5.1     2.9    79.5    41.7    62.1   0.234   0.247   0.221   0.220   0.281     1.2     1.3     1.4     2.1     2.5
54810 20220418  2.622  -86.92   46.33     2.5    -1.9     0.3     0.2     5.9     9.68 C     9.6    -1.8     1.1    95.1    60.6    85.1   0.239   0.249   0.222   0.220   0.283     1.5     1.6     1.6     2.3     2.6
54810 20220419  2.622  -86.92   46.33     0.9    -5.0    -2.1    -1.1     2.0    13.67 C    10.1    -8.3    -0.6    95.1    66.0    82.5   0.240   0.248   0.221   0.220   0.281     1.8     1.8     1.9     2.5     2.7
54810 20220420  2.622  -86.92   46.33     7.9    -6.4     0.7     1.3    10.3    10.98 C    11.9    -9.0     1.7    92.8    43.9    73.0   0.240   0.250   0.223   0.219   0.275     1.4     1.6     1.6     2.6     2.8
54810 20220421  2.622  -86.92   46.33     8.6    -1.0     3.8     4.7     1.2     9.31 C    14.7    -5.1     4.3    96.3    50.7    76.5   0.258   0.258   0.230   0.221   0.283     2.8     2.5     2.6     2.7     2.8
54810 20220422  2.622  -86.92   46.33    11.6    -3.3     4.2     4.7     0.0    18.09 C    25.3    -6.6     6.8    93.4    35.0    63.5   0.231   0.242   0.217   0.217   0.268     3.6     3.3     3.3     3.1     3.1
54810 20220423  2.622  -86.92   46.33    10.8     3.0     6.9     6.9     5.9     7.33 C    16.0     2.9     7.2    94.6    60.8    82.5   0.240   0.244   0.218   0.216   0.267     5.1     4.7     4.6     3.6     3.5
54810 20220424  2.622  -86.92   46.33    20.3     6.2    13.2    12.3     0.0    20.89 C    29.2     2.6    13.4    87.1    47.8    68.3   0.228   0.239   0.215   0.215   0.265     7.5     6.4     6.2     4.2     3.9
54810 20220425  2.622  -86.92   46.33     9.7    -1.3     4.2     4.3     0.6     5.93 C    15.0    -1.4     5.0    89.6    54.8    71.9   0.221   0.235   0.213   0.213   0.259     7.2     7.0     6.9     5.2     4.6
54810 20220426  2.622  -86.92   46.33    -1.3    -5.5    -3.4    -3.2     2.7    11.13 C     5.5    -7.1    -1.7    82.5    64.8    75.6   0.219   0.234   0.212   0.211   0.254     4.4     4.9     4.9     5.2     4.9
54810 20220427  2.622  -86.92   46.33     1.2    -6.0    -2.4    -2.4     0.3    23.19 C    14.2    -9.4    -0.3    83.7    31.4    62.6   0.219   0.234   0.211   0.209   0.251     4.0     4.2     4.2     4.8     4.8
54810 20220428  2.622  -86.92   46.33    11.6    -7.4     2.1     2.3     0.0    25.30 C    24.7   -10.4     4.6    91.4    17.8    51.7   0.218   0.233   0.210   0.208   0.247     4.3     4.3     4.2     4.6     4.6
54810 20220429  2.622  -86.92   46.33    14.9    -2.7     6.1     8.0     0.0    22.17 C    24.7    -6.7     9.1    69.3    13.9    36.4   0.216   0.230   0.209   0.206   0.243     5.7     5.4     5.3     4.7     4.6
54810 20220430  2.622  -86.92   46.33    15.5     4.4    10.0     9.4     0.8    12.26 C    24.3     1.0     8.9    69.0    19.3    35.7   0.212   0.228   0.207   0.203   0.239     6.2     6.0     5.9     5.1     4.9
54810 20220501  2.622  -86.92   46.33    10.2     5.5     7.8     7.1     3.8     3.63 C    11.6     4.8     6.9    95.3    52.1    83.6   0.213   0.228   0.207   0.201   0.235     6.3     6.1     6.0     5.4     5.1
54810 20220502  2.622  -86.92   46.33     9.3     4.1     6.7     5.9     0.2     5.17 C    13.4     3.6     6.8    96.8    69.3    87.4   0.217   0.230   0.207   0.199   0.231     6.7     6.4     6.4     5.6     5.3
54810 20220503  2.622  -86.92   46.33     5.7    -0.9     2.4     3.4     0.0    15.33 C    15.5    -4.3     5.3    94.6    62.9    79.9   0.215   0.228   0.206   0.197   0.227     6.5     6.4     6.3     5.7     5.4
54810 20220504  2.622  -86.92   46.33     9.3    -1.2     4.0     3.9     0.0    24.91 C    22.2    -4.9     6.5    90.9    43.7    68.2   0.212   0.226   0.204   0.194   0.222     6.3     6.2     6.1     5.7     5.5
54810 20220505  2.622  -86.92   46.33    18.3    -3.0     7.7     7.8     0.0    24.92 C    30.2    -5.2     9.7    90.6    28.0    58.7   0.205   0.222   0.202   0.189   0.216     7.2     6.8     6.7     5.8     5.6
54810 20220506  2.622  -86.92   46.33    16.9    -0.5     8.2     8.3     0.0    26.62 C    28.1    -3.5    10.2    89.7    33.4    58.5   0.199   0.218   0.200   0.185   0.210     8.2     7.7     7.6     6.2     5.8
54810 20220507  2.622  -86.92   46.33    19.0    -1.7     8.6     9.4     0.0    27.38 C    30.1    -4.5    10.5    91.8    10.3    44.0   0.190   0.215   0.197   0.180   0.204     8.6     8.1     8.1     6.5     6.0
54810 20220508  2.622  -86.92   46.33    16.5     1.1     8.8    10.8     0.0    16.12 C    24.0    -3.1    10.0    62.9    29.9    39.3   0.183   0.212   0.195   0.176   0.198     8.4     8.2     8.1     6.9     6.3
54810 20220509  2.622  -86.92   46.33    23.2    10.2    16.7    16.4     0.0    20.49 C    26.1     7.5    16.4    52.7    27.0    41.1   0.175   0.208   0.192   0.171   0.193     9.7     9.0     8.8     7.0     6.5
54810 20220510  2.622  -86.92   46.33    22.1    13.8    17.9    17.7     0.0    10.68 C    28.5    11.9    18.0    88.2    47.2    66.9   0.166   0.205   0.190   0.167   0.188    11.5    10.5    10.3     7.6     6.8
54810 20220511  2.622  -86.92   46.33    18.4     7.5    12.9    13.3     0.0    18.13 C    28.7     8.3    16.3    90.2    59.4    74.5   0.162   0.202   0.188   0.163   0.183    12.4    11.5    11.2     8.3     7.3
54810 20220512  2.622  -86.92   46.33    27.8     8.6    18.2    17.3    30.9    15.80 C    34.8     9.7    17.9    95.3    57.0    77.8   0.223   0.232   0.209   0.166   0.184    13.6    12.5    12.3     8.9     7.8
54810 20220513  2.622  -86.92   46.33    28.5    14.1    21.3    20.8     0.0    24.81 C    32.4    12.1    20.3    86.1    34.2    57.8   0.222   0.231   0.206   0.173   0.191    14.7    13.6    13.3     9.6     8.4
54810 20220514  2.622  -86.92   46.33    26.2    12.1    19.1    19.3     0.4    25.39 C    32.9     9.8    20.1    88.4    28.9    53.6   0.194   0.216   0.196   0.169   0.188    15.4    14.3    14.1    10.3     8.9
54810 20220515  2.622  -86.92   46.33    20.8     8.7    14.7    15.8     0.0    25.72 C    28.6     5.5    16.4    70.3    30.4    46.9   0.176   0.208   0.192   0.164   0.183    14.8    14.2    14.0    10.7     9.4
54810 20220516  2.622  -86.92   46.33    12.5     4.8     8.7     9.8     0.0    23.50 C    23.5     1.9    11.3    90.1    47.7    62.8   0.164   0.202   0.189   0.160   0.180    13.2    13.1    12.9    10.8     9.6
54810 20220517  2.622  -86.92   46.33     9.3     0.5     4.9     6.2     0.0    27.12 C    22.4    -1.3     9.8    88.8    50.2    66.7   0.156   0.199   0.186   0.158   0.177    12.1    12.0    11.9    10.4     9.5
54810 20220518  2.622  -86.92   46.33    19.3    -0.4     9.5    10.9     0.2    24.72 C    29.3    -1.7    12.6    93.1    37.1    61.9   0.149   0.195   0.183   0.155   0.174    11.7    11.4    11.3    10.0     9.3
54810 20220519  2.622  -86.92   46.33 -9999.0 -9999.0 -9999.0 -9999.0     5.2 -9999.00 U -9999.0 -9999.0 -9999.0 -9999.0 -9999.0 -9999.0 -99.000 -99.000 -99.000 -99.000 -99.000 -9999.0 -9999.0 -9999.0 -9999.0 -9999.0
54810 20220520  2.622  -86.92   46.33    16.3     8.3    12.3    12.9     7.8     3.35 C    19.6     4.7    12.8    95.5    81.1    92.4   0.167   0.194   0.183   0.151   0.170    12.7    12.3    12.1    10.2     9.3
54810 20220521  2.622  -86.92   46.33     9.9     4.0     7.0     6.1     0.0    21.19 C    19.5     2.8     8.7    94.9    55.6    74.1   0.188   0.203   0.186   0.151   0.169    11.7    11.6    11.5    10.1     9.4
54810 20220522  2.622  -86.92   46.33     9.8    -0.5     4.6     5.5     2.1    11.75 C    18.4    -2.5     6.8    92.7    52.1    77.9   0.183   0.202   0.186   0.150   0.168    10.9    10.9    10.8     9.9     9.3
54810 20220523  2.622  -86.92   46.33    15.5    -1.5     7.0     7.8     0.0    23.92 C    27.6    -4.1     8.9    95.9    28.1    59.8   0.180   0.202   0.185   0.149   0.168    10.0    10.0     9.9     9.5     9.0
54810 20220524  2.622  -86.92   46.33    19.0    -0.7     9.1    10.2     0.0    25.24 C    26.8    -2.9    11.2    93.8    29.3    57.7   0.169   0.198   0.184   0.149   0.167    10.5    10.2    10.1     9.2     8.8
54810 20220525  2.622  -86.92   46.33    14.5     7.1    10.8    10.8     4.2     3.57 C    14.0     4.8    10.1    93.6    47.9    69.3   0.162   0.196   0.182   0.148   0.166    10.6    10.5    10.4     9.3     8.8
54810 20220526  2.622  -86.92   46.33    11.1     6.3     8.7     9.3     5.0     6.50 C    15.0     6.7    10.3    96.7    83.8    92.6   0.196   0.204   0.185   0.146   0.165    10.7    10.4    10.3     9.3     8.8
54810 20220527  2.622  -86.92   46.33    15.7     4.1     9.9    10.1     0.0    17.30 C    23.5     1.2    11.6    95.7    60.1    84.0   0.202   0.211   0.189   0.147   0.165    11.2    10.8    10.6     9.3     8.8
54810 20220528  2.622  -86.92   46.33    15.4     3.0     9.2    10.1     3.6     8.23 C    17.8     0.5     9.8    97.2    63.6    85.8   0.195   0.207   0.187   0.147   0.165    10.6    10.5    10.4     9.4     8.9
54810 20220529  2.622  -86.92   46.33    21.7     9.7    15.7    15.6     0.0    18.06 C    26.7     8.9    16.0    90.6    63.7    77.4   0.199   0.208   0.188   0.147   0.165    12.1    11.3    11.2     9.4     8.9
54810 20220530  2.622  -86.92   46.33    25.1    14.1    19.6    19.5     0.0    19.60 C    31.1    13.0    19.6    81.4    54.6    68.8   0.187   0.204   0.185   0.147   0.165    14.0    12.9    12.7     9.9     9.1
54810 20220531  2.622  -86.92   46.33    27.8    10.8    19.3    20.5     0.0    23.72 C    32.1     8.5    20.3    88.2    30.4    65.2   0.174   0.197   0.182   0.145   0.164    15.5    14.2    14.0    10.6     9.6
54810 20220601  2.622  -86.92   46.33    15.3     7.2    11.3    12.2     0.0    29.44 C    25.5     5.3    14.6    88.7    40.9    64.3   0.163   0.192   0.179   0.143   0.162    15.2    14.4    14.2    11.2    10.0
54810 20220602  2.622  -86.92   46.33    22.1     5.6    13.9    14.4     0.0    20.64 C    29.0     3.6    14.9    88.1    30.9    60.5   0.154   0.187   0.176   0.141   0.161    14.3    13.7    13.6    11.4    10.3
54810 20220603  2.622  -86.92   46.33    14.4     2.3     8.4    10.2     0.0    20.47 C    22.7    -0.5    11.4    91.6    48.4    71.6   0.148   0.183   0.174   0.139   0.159    13.9    13.5    13.3    11.3    10.3
54810 20220604  2.622  -86.92   46.33    19.5     3.0    11.2    12.2     0.3    14.84 C    24.7    -0.7    11.4    90.8    36.7    63.4   0.143   0.180   0.172   0.137   0.157    12.5    12.3    12.2    11.1    10.3
54810 20220605  2.622  -86.92   46.33    23.3     3.8    13.5    12.8     0.4    19.59 C    30.6     0.6    13.3    95.6    35.2    80.0   0.140   0.177   0.171   0.135   0.155    12.7    12.3    12.1    10.8    10.1
54810 20220606  2.622  -86.92   46.33    16.0     8.2    12.1    12.5     1.3     8.45 C    20.7     8.6    13.4    96.4    82.4    90.6   0.139   0.176   0.170   0.134   0.154    13.3    12.8    12.6    10.9    10.1
54810 20220607  2.622  -86.92   46.33    18.4     6.8    12.6    11.6     0.0    21.76 C    26.3     2.9    13.5    96.9    51.7    82.6   0.139   0.175   0.169   0.133   0.152    13.5    12.9    12.7    10.9    10.1
54810 20220608  2.622  -86.92   46.33    21.1     3.8    12.5    13.7     4.5    18.08 C    27.3     1.5    13.6    96.4    45.7    75.6   0.135   0.171   0.167   0.131   0.151    13.2    12.7    12.5    11.0    10.2
54810 20220609  2.622  -86.92   46.33    19.3     5.5    12.4    13.1     0.0    29.32 C    27.5     2.9    14.2    96.7    43.1    71.8   0.137   0.170   0.166   0.130   0.149    13.8    13.1    13.0    11.0    10.2
54810 20220610  2.622  -86.92   46.33    21.5     5.0    13.3    14.0     0.0    25.39 C    31.3     1.9    14.2    95.3    36.1    66.1   0.133   0.167   0.163   0.128   0.147    13.6    13.1    12.9    11.2    10.3
54810 20220611  2.622  -86.92   46.33    19.2     4.9    12.1    11.7     9.4     8.16 C    21.2     2.4    11.0    94.6    59.3    83.3   0.139   0.165   0.161   0.126   0.145    12.9    12.7    12.6    11.2    10.4
54810 20220612  2.622  -86.92   46.33    16.0     3.0     9.5    10.0     0.0    29.58 C    24.0     0.5    11.6    94.2    49.7    74.4   0.168   0.166   0.162   0.125   0.144    12.6    12.3    12.1    11.0    10.3
54810 20220613  2.622  -86.92   46.33    17.7     5.4    11.6    12.9     0.0     8.68 C    19.7     3.0    12.4    96.1    66.8    80.9   0.160   0.167   0.162   0.124   0.143    12.4    12.2    12.0    10.9    10.3
54810 20220614  2.622  -86.92   46.33    25.4    12.0    18.7    19.2     0.0    21.40 C    30.1     9.8    19.4    87.8    56.9    70.7   0.154   0.167   0.162   0.123   0.142    14.1    13.1    12.9    10.9    10.2
54810 20220615  2.622  -86.92   46.33    28.7    17.4    23.1    21.9    35.0    18.15 C    32.4    16.6    22.5    93.2    64.3    81.9   0.182   0.185   0.173   0.122   0.141    16.6    15.2    14.9    11.5    10.5
54810 20220616  2.622  -86.92   46.33    24.4    15.5    19.9    19.9     1.0    22.16 C    27.5    11.7    19.1    94.5    37.2    65.2   0.215   0.227   0.205   0.143   0.147    17.4    16.5    16.2    12.6    11.2
54810 20220617  2.622  -86.92   46.33    19.2     7.1    13.1    15.9     0.0    28.42 C    24.5     3.5    16.0    70.2    30.6    55.1   0.196   0.210   0.191   0.141   0.152    16.6    16.0    15.8    13.0    11.6
54810 20220618  2.622  -86.92   46.33    18.6     4.8    11.7    11.2     0.0    29.97 C    24.6     0.8    12.3    89.5    30.3    60.2   0.181   0.199   0.184   0.139   0.152    15.0    14.7    14.6    12.9    11.8
54810 20220619  2.622  -86.92   46.33    20.6     4.7    12.6    13.4     6.1    12.78 C    23.5     2.1    12.9    90.4    37.3    66.3   0.173   0.193   0.179   0.136   0.152    14.0    13.8    13.7    12.5    11.6
54810 20220620  2.622  -86.92   46.33    29.5    12.4    20.9    20.8     0.0    24.78 C    33.1    11.9    21.1    89.8    56.5    75.4   0.180   0.190   0.178   0.134   0.151    15.5    14.6    14.3    12.2    11.5
54810 20220621  2.622  -86.92   46.33    32.3    18.2    25.2    24.0     0.0    23.14 C    36.4    15.8    23.8    94.5    54.9    77.0   0.170   0.186   0.175   0.133   0.149    17.7    16.4    16.1    12.7    11.6
54810 20220622  2.622  -86.92   46.33    21.7     9.5    15.6    17.5     0.0    30.00 C    26.0     6.2    17.7    87.2    43.8    62.1   0.159   0.180   0.171   0.131   0.147    17.7    16.9    16.6    13.3    12.0
54810 20220623  2.622  -86.92   46.33    27.9     7.1    17.5    18.8     0.0    28.82 C    32.8     4.2    19.0    94.5    40.4    64.1   0.147   0.172   0.166   0.129   0.146    16.6    16.0    15.8    13.4    12.3
54810 20220624  2.622  -86.92   46.33    30.3    15.8    23.0    22.4     0.0    24.74 C    35.4    13.6    22.6    91.7    42.5    65.7   0.137   0.163   0.160   0.128   0.143    17.7    16.7    16.4    13.5    12.4
54810 20220625  2.622  -86.92   46.33    27.7    15.5    21.6    21.2     4.5    16.07 C    31.6    12.4    20.6    92.9    45.9    72.4   0.128   0.156   0.155   0.126   0.141    17.8    17.1    16.8    13.8    12.5
54810 20220626  2.622  -86.92   46.33    20.8    11.1    15.9    16.7     0.0    19.46 C    24.5     9.0    16.5    95.3    45.2    66.7   0.123   0.151   0.152   0.123   0.139    17.2    16.7    16.5    13.9    12.7
54810 20220627  2.622  -86.92   46.33    17.8     9.3    13.5    13.3     0.0    26.43 C    24.2     6.3    14.5    87.2    40.3    64.7   0.118   0.146   0.149   0.121   0.137    16.0    15.7    15.5    13.7    12.7
54810 20220628  2.622  -86.92   46.33    25.0     7.6    16.3    14.9     1.9    15.14 C    28.9     4.8    14.4    96.5    42.0    77.7   0.112   0.142   0.145   0.120   0.135    15.5    15.2    15.0    13.4    12.6
54810 20220629  2.622  -86.92   46.33    20.9     4.8    12.8    14.0     0.0    21.74 C    26.3     2.0    14.3    97.1    48.0    70.7   0.108   0.140   0.141   0.118   0.133    14.6    14.5    14.3    13.2    12.4
54810 20220630  2.622  -86.92   46.33    27.0    11.7    19.3    19.2    31.8    13.44 C    29.1    11.2    18.8    92.9    57.9    79.2   0.196   0.194   0.176   0.117   0.132    15.3    14.8    14.6    12.9    12.2
54810 20220701  2.622  -86.92   46.33    23.7    11.2    17.4    17.5     0.0    28.45 C    27.9     8.2    17.7    95.4    35.1    65.9   0.204   0.207   0.189   0.119   0.131    16.1    15.5    15.2    13.1    12.2
54810 20220702  2.622  -86.92   46.33    20.5     7.0    13.8    15.1     0.0    28.99 C    26.3     3.7    15.0    92.0    38.6    57.7   0.166   0.193   0.179   0.119   0.132    15.9    15.5    15.3    13.3    12.4
54810 20220703  2.622  -86.92   46.33    23.6     4.7    14.2    15.9     0.0    28.47 C    29.4     2.0    16.4    96.0    38.4    63.9   0.150   0.182   0.171   0.119   0.131    15.2    14.8    14.7    13.2    12.4
54810 20220704  2.622  -86.92   46.33    22.7    14.1    18.4    17.1    16.5     8.86 C    25.6    13.7    17.4    94.9    60.2    87.2   0.177   0.188   0.176   0.118   0.131    15.9    15.4    15.2    13.2    12.4
54810 20220705  2.622  -86.92   46.33    22.0    12.5    17.3    16.7     1.3     8.69 C    25.6    12.9    17.6    96.1    80.9    92.7   0.199   0.208   0.190   0.119   0.131    16.4    15.9    15.6    13.4    12.5
54810 20220706  2.622  -86.92   46.33    17.5     7.9    12.7    13.1     0.0    26.18 C    23.9     5.9    15.1    96.2    68.4    84.4   0.182   0.202   0.185   0.122   0.132    16.2    15.7    15.5    13.5    12.6
54810 20220707  2.622  -86.92   46.33    25.8     6.7    16.2    15.4     0.0    20.27 C    31.1     5.2    16.0    96.0    61.7    78.7   0.166   0.194   0.179   0.122   0.133    15.6    15.3    15.1    13.5    12.6
54810 20220708  2.622  -86.92   46.33    20.7     7.7    14.2    14.6     0.0    29.42 C    26.2     4.3    15.6    95.3    44.4    73.2   0.153   0.185   0.173   0.121   0.133    15.8    15.4    15.2    13.4    12.6
54810 20220709  2.622  -86.92   46.33    24.4     5.8    15.1    16.2     0.0    29.35 C    29.8     3.3    16.6    96.4    43.1    70.4   0.141   0.177   0.167   0.119   0.132    15.4    15.1    14.9    13.3    12.6
54810 20220710  2.622  -86.92   46.33    27.2    12.5    19.9    19.8     0.0    24.01 C    32.0     8.6    19.8    88.8    47.7    67.2   0.128   0.169   0.161   0.117   0.130    16.3    15.6    15.4    13.4    12.6
54810 20220711  2.622  -86.92   46.33    26.6    15.5    21.1    20.3     0.3    17.49 C    31.8    12.6    20.9    92.7    67.0    80.9   0.116   0.161   0.155   0.116   0.128    17.3    16.5    16.2    13.6    12.7
54810 20220712  2.622  -86.92   46.33    18.8    11.0    14.9    14.4     0.3    18.95 C    25.4     9.9    15.5    94.3    60.0    82.1   0.110   0.156   0.152   0.114   0.127    16.9    16.4    16.2    13.9    12.9
54810 20220713  2.622  -86.92   46.33    20.1     7.9    14.0    14.4     0.0    29.03 C    26.5     3.6    15.6    93.9    45.2    72.6   0.102   0.150   0.148   0.112   0.126    16.2    15.9    15.7    13.9    13.0
54810 20220714  2.622  -86.92   46.33    23.1     6.2    14.6    14.9     0.0    28.76 C    28.7     2.4    15.0    95.6    36.4    67.5   0.094   0.142   0.141   0.110   0.124    15.2    15.1    14.9    13.6    12.9
54810 20220715  2.622  -86.92   46.33    24.9     8.9    16.9    17.0     0.0    21.06 C    30.0     5.6    16.8    90.4    41.0    68.8   0.084   0.134   0.135   0.109   0.122    15.3    15.0    14.8    13.4    12.7
54810 20220716  2.622  -86.92   46.33    28.4    11.8    20.1    20.3     0.0    23.88 C    34.0     9.0    20.7    95.2    45.1    73.5   0.073   0.126   0.129   0.106   0.120    16.2    15.6    15.3    13.4    12.6
54810 20220717  2.622  -86.92   46.33    29.5    15.0    22.2    21.8     0.0    24.76 C    34.9    11.5    22.3    94.4    39.9    70.2   0.062   0.117   0.121   0.103   0.118    17.3    16.4    16.1    13.6    12.7
54810 20220718  2.622  -86.92   46.33    31.3    13.4    22.4    22.4     0.0    25.85 C    36.0    10.7    22.7    92.7    45.7    71.6   0.064   0.107   0.112   0.101   0.116    17.7    16.9    16.5    13.9    13.0
54810 20220719  2.622  -86.92   46.33    28.0    18.5    23.3    23.0     3.4     9.88 C    30.3    17.4    22.6    90.1    62.0    78.2   0.067   0.101   0.106   0.099   0.114    18.3    17.5    17.1    14.2    13.2
54810 20220720  2.622  -86.92   46.33    23.3    16.7    20.0    20.7     4.5    14.44 C    27.1    16.3    20.8    92.3    65.1    81.8   0.073   0.099   0.103   0.098   0.113    18.5    17.7    17.4    14.5    13.4
54810 20220721  2.622  -86.92   46.33    26.7    16.0    21.3    21.9     0.0    25.82 C    30.6    12.3    21.6    88.5    39.6    66.4   0.072   0.096   0.101   0.096   0.112    18.7    17.8    17.5    14.6    13.5
54810 20220722  2.622  -86.92   46.33    28.5    16.5    22.5    21.8     1.3    22.84 C    32.3    13.0    21.2    89.2    31.7    60.6   0.071   0.091   0.096   0.094   0.110    18.4    17.8    17.4    14.7    13.7
54810 20220723  2.622  -86.92   46.33    26.9    13.2    20.1    21.2     1.2    21.60 C    32.7    10.1    21.3    93.8    45.2    70.1   0.068   0.086   0.092   0.091   0.107    18.4    17.7    17.4    14.8    13.7
54810 20220724  2.622  -86.92   46.33    24.5    11.3    17.9    18.5     0.0    19.68 C    29.5     8.2    18.9    91.5    56.4    76.4   0.066   0.084   0.088   0.089   0.106    18.5    17.9    17.6    14.8    13.8
54810 20220725  2.622  -86.92   46.33    22.8     9.1    15.9    15.5     0.0    21.98 C    29.2     5.8    15.9    92.4    41.7    69.5   0.063   0.080   0.084   0.087   0.104    16.9    16.7    16.5    14.7    13.8
54810 20220726  2.622  -86.92   46.33    27.2     7.5    17.3    18.4     0.0    25.74 C    33.6     4.4    18.9    96.1    34.5    65.5   0.060   0.076   0.080   0.083   0.101    16.3    16.0    15.8    14.4    13.6
54810 20220727  2.622  -86.92   46.33    24.2    16.6    20.4    19.4    12.8    16.41 C    30.3    14.9    20.1    94.5    58.7    81.8   0.114   0.100   0.077   0.080   0.100    17.6    17.0    16.6    14.2    13.4
54810 20220728  2.622  -86.92   46.33    20.5    11.6    16.0    16.9     0.0    16.92 C    26.6     8.6    16.9    92.6    58.8    74.0   0.127   0.105   0.078   0.080   0.099    17.4    17.0    16.7    14.4    13.6
54810 20220729  2.622  -86.92   46.33    21.0    10.8    15.9    15.8     0.0    17.33 C    26.9     7.5    15.8    95.0    64.0    77.3   0.114   0.099   0.078   0.079   0.097    16.3    16.1    15.9    14.3    13.6
54810 20220730  2.622  -86.92   46.33    27.8    11.6    19.7    19.6     0.0    21.63 C    32.6     7.7    19.5    95.3    40.2    69.6   0.102   0.093   0.078   0.078   0.096    16.5    16.0    15.8    14.1    13.4
54810 20220731  2.622  -86.92   46.33    28.2    13.3    20.7    21.4     0.0    24.80 C    33.9     9.8    21.6    93.6    43.0    68.2   0.089   0.086   0.076   0.074   0.094    17.3    16.6    16.3    14.1    13.3
54810 20220801  2.622  -86.92   46.33    22.0    12.4    17.2    17.7     3.9     5.16 C    23.7     8.7    17.3    93.4    70.9    86.9   0.083   0.082   0.075   0.071   0.093    17.6    17.1    16.8    14.3    13.4
54810 20220802  2.622  -86.92   46.33    24.3     7.7    16.0    16.9    11.6    22.06 C    30.2     5.1    17.4    96.6    46.5    76.5   0.090   0.082   0.075   0.071   0.092    16.3    16.1    15.8    14.2    13.5
54810 20220803  2.622  -86.92   46.33    30.2    15.9    23.0    21.8     4.2    20.39 C    33.8    12.9    21.9    94.8    53.3    75.5   0.169   0.118   0.076   0.067   0.091    17.9    17.2    16.8    14.2    13.4
54810 20220804  2.622  -86.92   46.33    21.8    11.3    16.5    17.2     0.0    26.49 C    28.5     8.7    18.4    95.2    46.0    75.0   0.142   0.115   0.084   0.066   0.090    18.0    17.5    17.2    14.5    13.6
54810 20220805  2.622  -86.92   46.33    27.0     9.7    18.4    19.0     0.0    25.53 C    32.3     7.6    19.4    96.0    45.3    71.6   0.123   0.110   0.085   0.065   0.088    17.3    16.9    16.6    14.5    13.6
54810 20220806  2.622  -86.92   46.33    31.3    15.8    23.6    21.8     7.2    13.11 C    34.7    13.0    22.1    93.9    56.4    82.6   0.110   0.104   0.084   0.064   0.087    18.3    17.6    17.2    14.5    13.6
54810 20220807  2.622  -86.92   46.33    18.2    12.6    15.4    15.6     3.9    16.60 C    23.6    11.5    17.4    94.7    65.6    83.5   0.166   0.116   0.083   0.063   0.086    18.2    17.9    17.5    14.8    13.8
54810 20220808  2.622  -86.92   46.33    18.3     8.0    13.1    13.6    10.8    16.59 C    24.7     5.9    14.5    96.3    62.0    83.7   0.170   0.144   0.093   0.063   0.086    16.7    16.7    16.5    14.7    13.9
54810 20220809  2.622  -86.92   46.33    26.2     6.0    16.1    16.7     0.0    25.80 C    31.6     3.9    17.3    96.4    43.5    72.2   0.134   0.142   0.105   0.063   0.085    15.9    15.8    15.6    14.3    13.7
54810 20220810  2.622  -86.92   46.33    23.5    11.2    17.4    18.2     0.0    25.33 C    30.2     8.2    18.6    93.9    38.5    68.5   0.118   0.130   0.111   0.061   0.084    16.9    16.4    16.2    14.2    13.6
54810 20220811  2.622  -86.92   46.33    19.8     5.7    12.8    14.3     0.0    25.34 C    27.2     2.0    14.6    96.0    41.0    72.6   0.104   0.121   0.110   0.061   0.084    16.1    16.0    15.8    14.3    13.6
54810 20220812  2.622  -86.92   46.33    23.9     3.2    13.5    15.0     0.3    24.89 C    30.1     0.9    15.6    95.9    35.0    67.6   0.092   0.113   0.106   0.060   0.082    14.8    14.9    14.8    14.0    13.4
54810 20220813  2.622  -86.92   46.33    16.7    12.9    14.8    14.9     2.5     3.87 C    18.1    12.2    15.0    94.6    87.7    92.0   0.083   0.108   0.103   0.059   0.082    15.3    15.2    15.0    13.8    13.2
54810 20220814  2.622  -86.92   46.33    22.1    14.7    18.4    17.2     0.0    12.51 C    28.2    13.9    18.1    95.4    58.5    82.2   0.080   0.107   0.102   0.060   0.081    15.9    15.5    15.2    13.7    13.1
54810 20220815  2.622  -86.92   46.33    21.8    12.0    16.9    17.1     0.0    23.76 C    29.0     8.4    18.6    95.3    55.4    78.9   0.073   0.103   0.099   0.059   0.080    16.8    16.2    15.9    13.8    13.2
54810 20220816  2.622  -86.92   46.33    24.8     9.1    17.0    16.9     0.0    24.35 C    31.9     6.6    17.5    97.5    49.9    78.2   0.067   0.097   0.095   0.058   0.079    16.3    16.0    15.7    14.0    13.3
54810 20220817  2.622  -86.92   46.33    27.6     7.2    17.4    18.2     0.0    23.80 C    35.3     5.4    19.4    96.1    36.7    71.8   0.067   0.092   0.089   0.056   0.077    16.1    15.8    15.5    13.9    13.3
54810 20220818  2.622  -86.92   46.33    27.7    14.4    21.0    19.0    20.5    11.31 C    34.5    11.9    18.8    95.5    47.5    82.8   0.107   0.113   0.098   0.054   0.076    17.0    16.5    16.2    14.0    13.3
54810 20220819  2.622  -86.92   46.33    27.2    15.1    21.1    20.7     1.6    18.27 C    32.1    12.1    20.8    96.2    50.1    80.5   0.116   0.143   0.114   0.055   0.075    17.5    17.0    16.7    14.3    13.4
54810 20220820  2.622  -86.92   46.33    24.4    16.7    20.6    18.8    17.2     8.76 C    30.6    15.0    19.3    95.3    67.0    89.1   0.137   0.154   0.129   0.056   0.075    18.0    17.5    17.2    14.6    13.6
54810 20220821  2.622  -86.92   46.33    22.8    10.5    16.6    17.6     0.0    20.18 C    30.7     6.9    18.7    96.4    64.5    83.1   0.156   0.170   0.154   0.056   0.075    18.1    17.6    17.3    14.9    13.8
54810 20220822  2.622  -86.92   46.33    25.4     7.1    16.3    16.9     0.0    23.40 C    31.6     4.4    17.3    96.9    46.7    75.9   0.140   0.165   0.153   0.056   0.075    16.8    16.7    16.5    14.9    14.0
54810 20220823  2.622  -86.92   46.33    24.8    13.6    19.2    19.2     2.8    21.20 C    30.8    11.4    20.5    94.6    53.6    78.5   0.129   0.157   0.147   0.056   0.074    17.4    16.9    16.7    14.7    13.9
54810 20220824  2.622  -86.92   46.33    20.5    15.4    17.9    17.9    12.2     8.80 C    26.5    13.1    18.4    95.9    80.7    90.7   0.133   0.157   0.144   0.056   0.074    17.7    17.3    17.1    14.9    14.0
54810 20220825  2.622  -86.92   46.33    17.5    12.2    14.8    15.4     1.9     2.86 C    19.3     9.3    15.5    94.4    89.0    93.0   0.179   0.188   0.164   0.058   0.075    17.1    17.0    16.7    14.9    14.1
54810 20220826  2.622  -86.92   46.33    24.6    11.3    18.0    17.4     0.0    19.03 C    29.3     8.6    18.1    95.2    53.6    80.9   0.162   0.182   0.166   0.058   0.076    16.6    16.4    16.2    14.7    14.0
54810 20220827  2.622  -86.92   46.33    23.4    12.2    17.8    18.4     0.0    16.93 C    28.5    10.3    18.7    95.2    55.0    79.6   0.148   0.173   0.161   0.060   0.075    16.9    16.5    16.3    14.7    13.9
54810 20220828  2.622  -86.92   46.33    24.1    17.8    20.9    20.4    14.7     8.41 C    27.3    16.9    20.6    94.1    74.4    86.3   0.152   0.173   0.159   0.062   0.076    17.7    17.1    16.8    14.7    14.0
54810 20220829  2.622  -86.92   46.33    28.5    17.4    22.9    21.6     0.0    16.40 C    32.6    16.0    22.0    94.8    42.9    80.1   0.182   0.196   0.178   0.064   0.076    18.6    18.0    17.6    15.1    14.1
54810 20220830  2.622  -86.92   46.33    22.3    16.2    19.2    19.0     0.0    18.61 C    28.0    12.3    18.8    78.9    43.6    63.5   0.160   0.183   0.170   0.073   0.076    18.4    18.0    17.7    15.4    14.4
54810 20220831  2.622  -86.92   46.33    20.2     9.2    14.7    16.5     0.0    21.56 C    26.3     6.8    16.7    93.7    45.9    67.1   0.148   0.173   0.163   0.076   0.078    17.5    17.3    17.1    15.4    14.5
54810 20220901  2.622  -86.92   46.33    28.7     8.6    18.7    19.0     0.0    20.28 C    33.5     6.8    19.4    95.2    43.3    72.0   0.137   0.164   0.157   0.075   0.079    16.8    16.6    16.4    15.1    14.4
54810 20220902  2.622  -86.92   46.33    30.2    16.2    23.2    22.7     0.0    19.99 C    34.2    14.5    22.7    92.8    42.8    69.5   0.124   0.156   0.151   0.075   0.080    18.1    17.5    17.2    15.1    14.3
54810 20220903  2.622  -86.92   46.33    20.9     7.3    14.1    13.5     0.0    18.85 C    22.3     4.8    14.3    91.6    62.0    73.3   0.114   0.149   0.146   0.075   0.079    17.5    17.4    17.2    15.3    14.4
54810 20220904  2.622  -86.92   46.33    17.9     5.0    11.5    10.9     0.0    22.04 C    25.8     2.1    11.6    96.2    57.8    82.2   0.110   0.143   0.141   0.074   0.079    15.2    15.5    15.4    14.9    14.3
54810 20220905  2.622  -86.92   46.33    20.6     2.7    11.7    11.7     0.0    21.29 C    28.0     0.6    12.3    97.5    54.9    82.2   0.104   0.137   0.137   0.073   0.078    14.2    14.5    14.4    14.3    13.9
54810 20220906  2.622  -86.92   46.33    24.2     4.8    14.5    14.7     0.0    18.56 C    30.8     2.2    14.4    97.5    47.4    79.8   0.096   0.131   0.133   0.071   0.077    14.1    14.1    14.0    13.8    13.5
54810 20220907  2.622  -86.92   46.33    23.5     9.6    16.5    16.3     0.0    19.30 C    30.1     6.1    16.6    96.8    60.3    82.7   0.089   0.125   0.129   0.070   0.077    15.0    14.7    14.5    13.6    13.3
54810 20220908  2.622  -86.92   46.33    26.2     6.9    16.6    17.9     0.0    18.74 C    31.1     4.2    17.8    96.8    57.0    80.1   0.082   0.119   0.124   0.069   0.077    15.0    14.7    14.5    13.6    13.2
54810 20220909  2.622  -86.92   46.33    27.7    14.9    21.3    20.0     0.0    16.13 C    32.2    15.1    20.9    92.2    53.2    80.4   0.074   0.114   0.118   0.067   0.077    16.7    16.1    15.7    13.8    13.3
54810 20220910  2.622  -86.92   46.33    16.0    12.1    14.1    14.0     7.1     2.19 C    18.6    11.9    14.4    94.9    83.0    91.2   0.070   0.110   0.115   0.068   0.076    16.1    16.0    15.8    14.2    13.5
54810 20220911  2.622  -86.92   46.33    16.4    11.9    14.2    13.9     0.0     8.82 C    22.1    10.3    14.6    95.3    70.8    88.2   0.073   0.110   0.115   0.067   0.077    15.2    15.2    15.0    14.1    13.6
54810 20220912  2.622  -86.92   46.33    15.4    11.0    13.2    14.4     6.7     1.85 C    16.2     9.2    14.1    93.5    70.6    88.4   0.102   0.109   0.114   0.067   0.077    15.0    15.0    14.8    13.9    13.4
54810 20220913  2.622  -86.92   46.33    23.2     9.7    16.5    15.2     0.0    18.29 C    28.0     6.3    15.4    95.4    47.2    77.6   0.117   0.112   0.112   0.066   0.076    14.7    14.6    14.4    13.7    13.3
54810 20220914  2.622  -86.92   46.33    15.1     3.0     9.0    11.0     0.0    16.95 C    21.4     0.7    11.2    96.4    55.8    76.8   0.107   0.114   0.111   0.065   0.077    14.4    14.5    14.3    13.6    13.2
54810 20220915  2.622  -86.92   46.33    21.2     2.4    11.8    13.4     0.4    10.40 C    25.7     0.2    13.4    96.9    61.8    86.7   0.102   0.113   0.109   0.067   0.077    13.0    13.3    13.2    13.3    13.1
54810 20220916  2.622  -86.92   46.33    24.7    14.3    19.5    18.5    11.5     7.45 C    29.5    12.8    18.5    96.5    68.7    89.5   0.102   0.114   0.108   0.066   0.077    15.1    14.6    14.3    13.1    12.9
54810 20220917  2.622  -86.92   46.33    26.8    15.3    21.1    20.0     0.2    10.43 C    30.7    13.2    20.1    95.1    58.8    84.8   0.145   0.157   0.124   0.066   0.077    16.5    15.9    15.6    13.5    13.0
54810 20220918  2.622  -86.92   46.33    24.6    14.7    19.6    18.6     0.0     6.87 C    28.1    11.9    18.4    96.5    68.5    88.4   0.139   0.150   0.130   0.064   0.077    16.7    16.2    16.0    14.0    13.3
54810 20220919  2.622  -86.92   46.33    23.4    12.0    17.7    16.6     0.0    16.91 C    28.5     9.0    16.6    95.9    59.8    81.7   0.132   0.144   0.130   0.065   0.076    16.4    16.1    15.9    14.2    13.4
54810 20220920  2.622  -86.92   46.33    25.3    10.4    17.8    17.9     0.0    16.51 C    30.3     7.9    18.1    96.1    57.4    81.9   0.124   0.138   0.127   0.065   0.076    16.0    15.8    15.5    14.1    13.5
54810 20220921  2.622  -86.92   46.33    19.6     8.3    14.0    15.0     3.9    12.32 C    25.6     8.0    15.3    96.0    43.1    76.0   0.115   0.133   0.125   0.065   0.076    16.2    16.0    15.8    14.2    13.5
54810 20220922  2.622  -86.92   46.33    11.3     1.5     6.4     7.9     3.0    12.39 C    17.3    -0.9     8.2    94.0    56.7    76.7   0.123   0.130   0.124   0.065   0.076    13.9    14.4    14.3    14.0    13.5
54810 20220923  2.622  -86.92   46.33    16.9    -1.0     8.0     8.1     0.0    13.74 C    23.8    -3.2     8.0    97.1    49.1    80.4   0.129   0.131   0.122   0.065   0.076    11.7    12.4    12.3    13.3    13.1
54810 20220924  2.622  -86.92   46.33    12.0     8.5    10.2    10.4     1.7     2.60 C    13.5     7.5    10.3    94.9    85.1    90.7   0.125   0.130   0.122   0.065   0.076    12.0    12.3    12.2    12.6    12.6
54810 20220925  2.622  -86.92   46.33    15.2     7.5    11.3    10.9     9.6     7.84 C    19.8     5.0    11.5    94.9    59.6    86.1   0.128   0.130   0.122   0.065   0.076    12.2    12.3    12.2    12.3    12.3
54810 20220926  2.622  -86.92   46.33    10.7     6.4     8.5     9.2    36.6     3.34 C    10.9     6.1     9.4    92.7    88.8    91.5   0.235   0.224   0.196   0.082   0.078    11.8    12.1    12.0    12.2    12.2
54810 20220927  2.622  -86.92   46.33     7.3     5.2     6.2     6.3     9.7     3.90 C     9.3     4.9     6.6    93.1    69.9    86.8   0.218   0.223   0.203   0.126   0.096    10.8    11.3    11.2    11.9    12.0
54810 20220928  2.622  -86.92   46.33     9.6    -0.5     4.5     5.4     0.0    12.96 C    17.2    -2.6     5.9    96.6    57.6    73.2   0.195   0.209   0.194   0.137   0.111    10.2    10.6    10.6    11.5    11.7
54810 20220929  2.622  -86.92   46.33    16.6    -0.8     7.9     7.6     0.0    16.11 C    21.7    -3.0     7.4    96.5    39.7    75.1   0.181   0.197   0.184   0.133   0.117     9.2     9.7     9.7    11.1    11.3
54810 20220930  2.622  -86.92   46.33    19.9     3.2    11.5    10.8     0.0    16.20 C    24.1     0.1     9.9    96.4    38.4    75.5   0.172   0.190   0.179   0.130   0.118    10.0    10.1    10.1    10.7    11.0
54810 20221001  2.622  -86.92   46.33    16.9     3.1    10.0     9.7     0.0    12.54 C    23.3     0.7     9.9    97.6    68.2    88.6   0.166   0.188   0.175   0.127   0.119    10.1    10.3    10.2    10.7    10.9
54810 20221002  2.622  -86.92   46.33    16.9     1.6     9.3     8.8     0.0    14.97 C    22.2    -0.2     8.1    97.1    49.5    81.5   0.161   0.186   0.171   0.125   0.119    10.1    10.4    10.3    10.7    10.9
54810 20221003  2.622  -86.92   46.33    20.2     2.7    11.4    11.2     0.0    13.89 C    24.3     0.1    10.6    96.3    40.4    74.0   0.156   0.182   0.169   0.124   0.120     9.9    10.1    10.1    10.6    10.8
54810 20221004  2.622  -86.92   46.33    23.5     6.8    15.1    14.3     0.0     9.36 C    28.4     3.5    13.6    94.9    44.7    77.0   0.152   0.179   0.166   0.122   0.120    11.2    11.0    10.9    10.7    10.7
54810 20221005  2.622  -86.92   46.33    24.4     7.3    15.8    14.7     1.1    10.24 C    29.3     5.2    14.2    93.6    39.0    77.4   0.147   0.176   0.165   0.121   0.120    11.9    11.7    11.6    11.0    10.9
54810 20221006  2.622  -86.92   46.33    14.7     4.3     9.5     8.7     8.5     4.33 C    13.4     3.7     8.8    95.9    68.7    87.4   0.158   0.177   0.164   0.121   0.121    11.9    12.0    11.9    11.3    11.1
54810 20221007  2.622  -86.92   46.33     5.9     0.0     2.9     2.8     1.7     5.86 C    12.1    -2.0     3.1    90.6    60.3    79.5   0.189   0.194   0.168   0.120   0.122     9.7    10.4    10.3    11.2    11.1
54810 20221008  2.622  -86.92   46.33    15.4    -1.3     7.0     5.5     0.0     9.08 C    18.7    -2.4     5.3    87.8    35.1    70.8   0.181   0.193   0.171   0.122   0.122     8.6     9.2     9.2    10.6    10.8
54810 20221009  2.622  -86.92   46.33    10.1    -1.9     4.1     4.6     0.0    10.51 C    17.0    -4.8     3.9    96.1    61.9    77.8   0.174   0.190   0.170   0.122   0.125     8.4     8.9     8.9    10.1    10.4
54810 20221010  2.622  -86.92   46.33    13.6    -4.3     4.6     4.2     0.0    13.67 C    18.6    -6.8     3.9    95.6    38.9    77.2   0.170   0.187   0.168   0.123   0.124     7.1     7.9     7.9     9.7    10.1
54810 20221011  2.622  -86.92   46.33    21.4     3.9    12.7    12.6     0.0    12.33 C    25.2     1.2    12.2    96.0    46.9    80.3   0.165   0.185   0.168   0.123   0.126     8.5     8.5     8.5     9.3     9.8
54810 20221012  2.622  -86.92   46.33    15.5     5.6    10.5    11.1    18.0     1.59 C    15.2     2.3    10.6    95.5    87.2    91.8   0.199   0.202   0.178   0.124   0.126    10.3    10.2    10.0     9.7     9.8
54810 20221013  2.622  -86.92   46.33     8.6     2.8     5.7     5.2    18.3     4.42 C    12.5     0.6     5.6    94.8    66.8    89.0   0.231   0.231   0.204   0.137   0.131     9.1     9.5     9.5     9.9    10.0
54810 20221014  2.622  -86.92   46.33     6.2     0.4     3.3     2.8     7.3     3.94 C    11.3    -0.4     3.4    95.9    68.9    90.0   0.229   0.232   0.211   0.164   0.155     8.0     8.5     8.5     9.6     9.9
54810 20221015  2.622  -86.92   46.33     6.0    -1.0     2.5     2.5     0.0     6.78 C    10.2    -2.2     3.0    96.1    67.9    86.1   0.206   0.218   0.199   0.163   0.168     7.3     7.9     7.9     9.2     9.6
54810 20221016  2.622  -86.92   46.33     7.2    -1.9     2.6     3.3     3.4     2.98 C    10.0    -3.7     3.2    96.1    77.5    90.2   0.197   0.211   0.192   0.161   0.171     6.9     7.5     7.5     8.9     9.3
54810 20221017  2.622  -86.92   46.33     4.2     0.3     2.2     2.2    25.4     1.97 C     4.1    -0.1     2.1    93.7    88.1    90.8   0.247   0.235   0.207   0.166   0.176     6.5     7.2     7.2     8.6     9.1
54810 20221018  2.622  -86.92   46.33     3.2     0.3     1.8     1.5    29.5     1.41 C     1.4    -0.1     0.5    92.5    76.1    89.0   0.266   0.251   0.232   0.183   0.195     4.8     5.7     5.7     8.1     8.8
54810 20221019  2.622  -86.92   46.33     2.9     0.5     1.7     1.8     0.5     3.54 C     4.4    -1.6     1.1    85.8    64.0    72.5   0.235   0.235   0.216   0.192   0.212     4.4     5.0     5.0     7.3     8.2
54810 20221020  2.622  -86.92   46.33     9.1     0.6     4.9     3.9     0.7    12.41 C    15.2    -1.7     3.8    89.4    40.7    70.4   0.215   0.222   0.203   0.184   0.205     4.9     5.4     5.4     7.2     7.9
54810 20221021  2.622  -86.92   46.33    17.5     0.5     9.0     7.6     0.0     7.68 C    21.2    -2.0     6.0    94.2    38.5    69.0   0.203   0.216   0.197   0.178   0.198     5.6     5.8     5.9     7.2     7.8
54810 20221022  2.622  -86.92   46.33    17.7    -0.6     8.6     8.2     0.0     8.17 C    22.2    -2.8     7.4    96.9    50.6    81.8   0.196   0.211   0.194   0.173   0.193     6.1     6.3     6.3     7.3     7.8
54810 20221023  2.622  -86.92   46.33    19.4     9.3    14.4    15.0     0.0     8.33 C    22.9     5.8    14.1    93.7    53.6    73.2   0.191   0.208   0.191   0.170   0.188     8.1     7.7     7.7     7.6     7.9
54810 20221024  2.622  -86.92   46.33    19.3    13.4    16.4    16.0     0.2     3.96 C    25.1    11.8    15.2    82.9    55.2    69.2   0.185   0.206   0.189   0.167   0.186    10.1     9.5     9.4     8.3     8.2
54810 20221025  2.622  -86.92   46.33    17.6     5.7    11.6    10.4     2.0     0.80 C    16.3     5.1    10.3    92.3    58.5    82.1   0.183   0.203   0.188   0.165   0.184    10.4    10.2    10.0     9.0     8.7
54810 20221026  2.622  -86.92   46.33     5.9    -2.2     1.9     3.8     1.0     4.19 C     9.3    -4.4     3.8    86.5    62.4    73.9   0.187   0.205   0.187   0.164   0.182     8.8     9.2     9.1     9.2     9.0
54810 20221027  2.622  -86.92   46.33    10.5    -3.2     3.6     3.6     0.0     9.44 C    16.1    -6.5     2.9    90.9    44.7    74.4   0.188   0.204   0.187   0.163   0.181     6.8     7.5     7.6     8.9     8.9
54810 20221028  2.622  -86.92   46.33    14.2     5.3     9.8     8.2     0.0     6.46 C    20.2     2.2     8.3    93.4    42.4    78.8   0.186   0.204   0.186   0.162   0.180     7.6     7.7     7.7     8.4     8.7
54810 20221029  2.622  -86.92   46.33    17.1     2.0     9.6     8.2     0.0     9.16 C    21.1    -1.0     7.0    93.5    37.0    75.1   0.184   0.204   0.185   0.161   0.179     7.5     7.8     7.7     8.4     8.6
54810 20221030  2.622  -86.92   46.33    17.5     0.3     8.9     8.3     0.0     8.52 C    22.1    -2.2     6.9    97.1    38.5    75.5   0.183   0.203   0.184   0.160   0.178     7.3     7.6     7.5     8.3     8.5
54810 20221031  2.622  -86.92   46.33    18.3     1.1     9.7     7.5     0.0     7.55 C    23.4    -1.5     6.9    97.4    40.3    80.1   0.181   0.201   0.183   0.159   0.177     7.5     7.7     7.7     8.3     8.5
54810 20221101  2.622  -86.92   46.33    20.1    -0.7     9.7     7.1     0.0     8.40 C    24.1    -2.8     6.0    95.9    27.2    70.8   0.180   0.200   0.183   0.159   0.176     7.0     7.3     7.4     8.2     8.4
54810 20221102  2.622  -86.92   46.33    18.8     0.9     9.9    10.1     0.0     7.75 C    22.2    -1.9     8.5    96.9    40.3    73.5   0.179   0.198   0.182   0.158   0.175     6.9     7.2     7.2     8.1     8.3
54810 20221103  2.622  -86.92   46.33    18.5     8.6    13.6    12.7     0.0     5.68 C    23.8     4.8    11.9    93.7    56.2    79.3   0.178   0.198   0.182   0.157   0.175     8.2     8.1     8.0     8.1     8.3
54810 20221104  2.622  -86.92   46.33    16.0     3.7     9.8     9.3     6.1     0.19 C    15.1     4.1     9.0    94.3    65.7    84.2   0.178   0.198   0.181   0.156   0.174     9.0     8.9     8.9     8.4     8.4
54810 20221105  2.622  -86.92   46.33    11.5     3.5     7.5     6.2    34.6     0.25 C    10.5     3.6     6.1    96.3    78.4    92.5   0.247   0.247   0.217   0.171   0.183     7.9     8.2     8.1     8.6     8.6
54810 20221106  2.622  -86.92   46.33    10.3     3.5     6.9     6.6     0.3     3.99 C    13.3    -0.2     5.2    91.2    33.7    72.6   0.216   0.233   0.208   0.183   0.200     7.5     7.8     7.8     8.4     8.5
54810 20221107  2.622  -86.92   46.33     5.6     1.0     3.3     3.4     0.0     2.19 C    10.8    -1.9     2.5    82.8    41.7    60.9   0.201   0.222   0.198   0.178   0.195     6.4     7.1     7.1     8.2     8.4
54810 20221108  2.622  -86.92   46.33     5.6     0.3     3.0     3.0     0.0     4.54 C     9.2    -1.8     2.8    84.3    62.0    73.9   0.195   0.217   0.195   0.173   0.190     5.8     6.4     6.4     7.9     8.2
54810 20221109  2.622  -86.92   46.33    10.8     5.4     8.1     7.6    17.7     0.72 C    10.1     4.4     7.2    93.5    75.7    88.8   0.231   0.238   0.212   0.177   0.192     6.3     6.5     6.5     7.5     7.9
54810 20221110  2.622  -86.92   46.33    12.3     6.4     9.3     8.3     4.6     1.01 C    13.5     6.5     8.2    96.6    90.0    93.8   0.210   0.227   0.203   0.178   0.195     7.4     7.4     7.3     7.6     7.9
54810 20221111  2.622  -86.92   46.33     6.7    -0.9     2.9     3.2     2.0     2.55 C    10.0    -1.4     3.7    95.6    79.4    88.4   0.217   0.229   0.203   0.176   0.193     7.4     7.6     7.5     7.8     8.0
54810 20221112  2.622  -86.92   46.33     0.7    -3.0    -1.2    -1.6     6.8     1.02 C    -0.2    -3.5    -1.9    84.5    63.2    76.5   0.210   0.223   0.199   0.174   0.191     5.3     6.2     6.2     7.7     8.0
54810 20221113  2.622  -86.92   46.33    -0.6    -4.2    -2.4    -2.6     2.6     4.06 C     1.9    -7.0    -2.9    90.3    51.8    72.0   0.207   0.221   0.197   0.172   0.188     4.4     5.1     5.2     7.2     7.7
54810 20221114  2.622  -86.92   46.33     0.3    -7.7    -3.7    -3.0     0.0     4.73 C     2.8   -10.8    -3.9    90.8    52.2    78.1   0.205   0.220   0.196   0.170   0.187     4.0     4.6     4.7     6.7     7.3
54810 20221115  2.622  -86.92   46.33     1.6    -2.5    -0.5    -0.9     0.2     2.21 C     2.3    -3.1    -1.3    89.5    60.6    74.7   0.204   0.218   0.195   0.169   0.186     3.7     4.3     4.4     6.3     7.0
54810 20221116  2.622  -86.92   46.33    -1.7    -5.6    -3.6    -3.1    12.9     0.11 C    -0.6   -11.7    -3.7    93.3    76.5    89.3   0.204   0.218   0.194   0.168   0.185     3.5     4.1     4.1     6.1     6.8
54810 20221117  2.622  -86.92   46.33    -1.3    -9.1    -5.2    -4.2     3.2     2.62 C     0.5   -14.5    -6.0    94.4    77.6    89.7   0.204   0.217   0.194   0.168   0.184     3.5     4.1     4.0     5.9     6.6
54810 20221118  2.622  -86.92   46.33    -2.2    -9.7    -5.9    -5.5     2.2     2.80 C    -1.0   -15.9    -8.3    94.1    65.2    79.3   0.206   0.218   0.194   0.166   0.183     3.4     3.9     4.0     5.7     6.4
54810 20221119  2.622  -86.92   46.33    -5.1   -10.7    -7.9    -8.7     3.1     4.52 C    -4.6   -14.0   -10.0    81.6    51.7    69.7   0.205   0.218   0.194   0.166   0.183     3.3     3.8     3.8     5.6     6.2
54810 20221120  2.622  -86.92   46.33    -5.6   -12.4    -9.0    -8.8     0.0     6.96 C    -6.2   -16.8   -10.7    80.7    45.9    67.5   0.203   0.216   0.193   0.166   0.183     3.0     3.6     3.7     5.5     6.1
54810 20221121  2.622  -86.92   46.33    -0.5    -9.2    -4.8    -3.1     0.0     0.62 C    -1.6   -14.1    -4.7    81.6    62.3    71.0   0.201   0.215   0.191   0.166   0.182     3.0     3.5     3.6     5.3     6.0
54810 20221122  2.622  -86.92   46.33    -1.1    -6.2    -3.7    -3.1     1.8     1.84 C    -1.0   -11.9    -4.9    89.6    66.3    77.0   0.200   0.213   0.190   0.165   0.182     3.0     3.5     3.6     5.3     5.9
54810 20221123  2.622  -86.92   46.33     5.7   -10.5    -2.4    -1.8     0.0     6.52 C     2.3   -14.8    -5.8    97.8    50.5    81.5   0.200   0.211   0.190   0.164   0.181     3.0     3.5     3.6     5.2     5.8
54810 20221124  2.622  -86.92   46.33     9.1    -3.7     2.7     1.9     0.7     5.37 C     4.0    -9.3    -1.7    97.7    65.0    86.7   0.201   0.215   0.193   0.164   0.180     2.9     3.4     3.5     5.1     5.7
54810 20221125  2.622  -86.92   46.33     5.9    -0.4     2.8     2.5     0.0     4.82 C     3.9    -4.0    -0.5    83.8    51.1    70.7   0.215   0.224   0.201   0.166   0.182     2.9     3.4     3.4     5.0     5.7
54810 20221126  2.622  -86.92   46.33    13.4    -2.6     5.4     5.0     0.0     6.36 C     8.3    -5.1     1.0    86.5    30.7    59.3   0.218   0.227   0.205   0.170   0.185     2.9     3.3     3.3     5.0     5.6
54810 20221127  2.622  -86.92   46.33     4.0    -2.8     0.6     2.4     0.0     2.16 C     4.1    -5.2     0.5    88.0    64.1    74.6   0.221   0.226   0.204   0.173   0.188     2.7     3.2     3.3     4.9     5.5
54810 20221128  2.622  -86.92   46.33     3.5    -1.9     0.8     1.2     0.0     2.20 C     5.2    -4.7     0.5    87.9    56.2    71.9   0.215   0.222   0.200   0.173   0.189     2.7     3.2     3.2     4.8     5.4
54810 20221129  2.622  -86.92   46.33     7.8     3.2     5.5     4.7     9.2     0.28 C     7.0     1.5     3.9    93.4    74.5    84.5   0.229   0.233   0.205   0.171   0.188     3.2     3.4     3.5     4.8     5.4
54810 20221130  2.622  -86.92   46.33     3.2    -6.1    -1.4    -3.3     0.0     2.02 C     2.7    -7.2    -3.3    90.8    53.4    67.2   0.230   0.234   0.210   0.177   0.192     3.0     3.5     3.6     4.9     5.4
54810 20221201  2.622  -86.92   46.33     0.4    -4.6    -2.1    -3.5     0.0     2.86 C     4.4    -5.9    -3.1    83.3    59.1    68.8   0.211   0.224   0.199   0.174   0.191     1.6     2.4     2.5     4.7     5.3
54810 20221202  2.622  -86.92   46.33     4.4    -2.2     1.1     1.6     0.4     2.81 C     5.4    -5.4     0.3    81.6    50.3    64.6   0.205   0.220   0.196   0.171   0.188     1.3     2.0     2.1     4.3     5.1
54810 20221203  2.622  -86.92   46.33     2.9   -12.4    -4.7    -5.4     5.3     2.45 C     1.7   -18.5    -6.8    90.3    56.5    72.9   0.206   0.218   0.194   0.169   0.185     1.7     2.2     2.2     4.1     4.9
54810 20221204  2.622  -86.92   46.33    -2.4   -12.8    -7.6    -7.5     0.0     4.57 C    -2.3   -17.0    -9.4    73.4    52.6    63.4   0.203   0.217   0.193   0.167   0.184     1.2     1.8     1.9     4.0     4.7
54810 20221205  2.622  -86.92   46.33     0.1    -5.7    -2.8    -2.8     0.0     2.43 C    -0.7   -11.8    -5.5    71.5    47.8    61.4   0.200   0.215   0.191   0.166   0.183     1.0     1.6     1.7     3.9     4.6
54810 20221206  2.622  -86.92   46.33    -0.4    -7.2    -3.8    -3.4     0.0     3.22 C     2.2   -12.8    -5.0    87.3    58.8    71.2   0.198   0.212   0.190   0.165   0.182     0.9     1.5     1.6     3.8     4.4
54810 20221207  2.622  -86.92   46.33    -0.4    -7.1    -3.8    -4.1     2.1     0.26 C    -1.5    -8.7    -4.8    86.5    73.0    79.6   0.197   0.212   0.189   0.164   0.181     0.9     1.4     1.6     3.6     4.3
54810 20221208  2.622  -86.92   46.33    -2.5   -14.1    -8.3    -8.2     0.0     3.50 C    -2.4   -19.1   -10.4    90.9    61.3    77.8   0.196   0.211   0.188   0.163   0.179     0.9     1.4     1.5     3.6     4.3
54810 20221209  2.622  -86.92   46.33    -2.9   -14.2    -8.6    -6.8     0.0     1.42 C    -1.9   -17.1    -7.5    90.8    77.1    83.2   0.194   0.211   0.187   0.162   0.179     0.7     1.3     1.4     3.5     4.2
54810 20221210  2.622  -86.92   46.33    -3.3    -4.5    -3.9    -4.1     2.1     0.41 C    -2.7    -5.1    -4.0    90.9    80.2    84.2   0.192   0.210   0.187   0.161   0.178     0.7     1.3     1.4     3.4     4.1
54810 20221211  2.622  -86.92   46.33     0.6    -7.1    -3.2    -2.6     1.6     1.13 C     0.8   -11.4    -3.2    94.8    82.3    91.6   0.193   0.208   0.186   0.161   0.177     0.8     1.3     1.4     3.3     4.1
54810 20221212  2.622  -86.92   46.33    -0.1    -2.6    -1.4    -1.3     0.0     0.95 C     0.3    -3.6    -1.8    91.5    76.4    85.3   0.194   0.208   0.187   0.160   0.176     1.0     1.5     1.6     3.3     4.0
54810 20221213  2.622  -86.92   46.33    -1.3    -3.1    -2.2    -2.1     0.0     1.22 C    -1.2    -3.6    -2.7    85.8    77.5    82.5   0.194   0.208   0.187   0.160   0.176     1.3     1.7     1.8     3.3     4.0
54810 20221214  2.622  -86.92   46.33     1.3    -2.1    -0.4     0.3     0.0     0.68 C     0.0    -4.6    -1.4    83.6    56.1    69.9   0.194   0.208   0.186   0.159   0.176     1.4     1.8     1.8     3.4     4.0
54810 20221215  2.622  -86.92   46.33     2.4     0.0     1.2     0.9    13.4     0.77 C     0.6    -0.9     0.0    94.4    71.0    86.4   0.194   0.209   0.186   0.159   0.176     1.5     1.9     1.9     3.4     4.0
54810 20221216  2.622  -86.92   46.33     0.1    -7.1    -3.5    -2.2     1.1     1.65 C    -0.4   -11.2    -3.2    93.4    74.9    86.1   0.198   0.212   0.188   0.160   0.176     1.7     2.1     2.1     3.4     4.0
54810 20221217  2.622  -86.92   46.33    -2.2   -10.6    -6.4    -6.0     9.6     2.75 C    -2.5   -15.1    -8.2    93.8    62.4    83.3   0.199   0.214   0.189   0.160   0.177     1.7     2.1     2.1     3.5     4.0
54810 20221218  2.622  -86.92   46.33    -1.7    -7.0    -4.3    -4.2     0.9     0.68 C    -2.5    -7.5    -5.3    92.6    73.8    81.6   0.197   0.213   0.188   0.161   0.177     1.6     2.0     2.0     3.5     4.0
54810 20221219  2.622  -86.92   46.33    -6.4    -7.8    -7.1    -7.2     0.0     0.76 C    -6.3    -8.1    -7.5    84.2    74.4    78.3   0.196   0.212   0.187   0.160   0.177     1.8     2.2     2.2     3.5     4.0
54810 20221220  2.622  -86.92   46.33    -5.2   -15.8   -10.5    -9.5     2.8     2.58 C    -5.6   -20.8   -11.9    87.9    62.4    75.1   0.195   0.211   0.187   0.160   0.177     1.9     2.3     2.3     3.6     4.1
54810 20221221  2.622  -86.92   46.33   -11.3   -20.0   -15.7   -15.0     1.8     1.93 C   -10.4   -25.6   -15.9    83.6    65.7    72.8   0.194   0.211   0.187   0.160   0.176     1.9     2.3     2.3     3.6     4.1
54810 20221222  2.622  -86.92   46.33    -0.9   -12.8    -6.8    -7.2    14.6     0.42 C    -1.3   -13.0    -7.2    91.2    82.2    87.5   0.194   0.211   0.186   0.159   0.177     1.9     2.3     2.3     3.7     4.1
54810 20221223  2.622  -86.92   46.33    -8.1   -12.5   -10.3    -9.8    24.8     1.49 C    -8.2   -12.4   -10.0    87.5    76.6    82.1   0.193   0.210   0.186   0.160   0.176     2.0     2.3     2.4     3.7     4.1
54810 20221224  2.622  -86.92   46.33    -8.9   -11.1   -10.0    -9.6    23.1     0.65 C    -9.1   -11.4   -10.0    86.2    76.0    82.9   0.193   0.210   0.186   0.159   0.176     2.0     2.3     2.4     3.7     4.1
54810 20221225  2.622  -86.92   46.33    -8.3   -11.3    -9.8    -9.5     3.6     1.49 C    -8.6   -12.2   -10.2    84.2    69.4    76.2   0.195   0.212   0.187   0.159   0.176     1.9     2.3     2.3     3.7     4.1
54810 20221226  2.622  -86.92   46.33    -7.9   -10.6    -9.2    -8.8     1.4     1.23 C    -8.3   -11.3    -9.7    83.5    68.4    74.8   0.197   0.213   0.187   0.159   0.176     1.9     2.3     2.3     3.6     4.1
54810 20221227  2.622  -86.92   46.33    -4.8   -10.8    -7.8    -8.1     1.7     1.83 C    -2.1   -12.8    -8.9    75.1    58.1    68.3   0.198   0.213   0.188   0.159   0.176     1.9     2.2     2.3     3.6     4.1
54810 20221228  2.622  -86.92   46.33     1.8    -6.8    -2.5    -2.3     0.4     0.98 C     0.3    -8.4    -3.6    82.7    70.7    76.7   0.200   0.214   0.188   0.160   0.176     1.8     2.2     2.2     3.6     4.0
54810 20221229  2.622  -86.92   46.33     4.6     1.3     3.0     2.9     0.0     1.79 C     2.1    -2.6     0.5    96.5    79.3    86.7   0.201   0.214   0.188   0.160   0.177     1.8     2.2     2.2     3.6     4.0
54810 20221230  2.622  -86.92   46.33     6.6    -0.6     3.0     2.3     2.4     0.32 C     2.3    -1.1     0.6    96.9    73.0    87.7   0.202   0.216   0.191   0.164   0.180     1.8     2.1     2.1     3.5     4.0
54810 20221231  2.622  -86.92   46.33     0.7    -1.2    -0.2    -0.5     0.0     0.67 C     0.7    -2.7    -1.1    91.4    75.7    85.4   0.205   0.217   0.192   0.168   0.185     1.7     2.1     2.1     3.5     4.0
