94995 20110101  2.402  -96.57   40.85    -6.8   -15.1   -11.0   -10.8     0.0     8.19 R    -0.4   -15.9   -10.1    76.9    42.4    56.9 -99.000 -99.000   0.401   0.430 -99.000    -1.0     0.0     0.7     2.4     4.4
94995 20110102  2.402  -96.57   40.85     2.2   -14.7    -6.2    -6.6     0.0     8.27 R     6.3   -16.0    -6.9    79.4    33.9    57.9 -99.000 -99.000   0.400   0.432 -99.000    -1.5    -0.5     0.4     2.3     4.4
94995 20110103  2.402  -96.57   40.85     4.5   -12.5    -4.0    -5.0     0.0     7.13 R    11.3   -13.0    -5.0    86.4    40.2    67.5 -99.000 -99.000   0.395   0.430 -99.000    -1.4    -0.7     0.3     2.1     4.3
94995 20110104  2.402  -96.57   40.85     4.6   -14.8    -5.1    -6.5     0.0     8.26 R    10.7   -15.4    -6.4    85.0    38.4    68.9 -99.000 -99.000   0.393   0.430 -99.000    -1.6    -0.9     0.1     2.0     4.2
94995 20110105  2.402  -96.57   40.85     5.7   -10.6    -2.5    -2.8     0.0     7.93 R    13.3   -11.7    -2.9    88.6    33.4    66.6 -99.000 -99.000 -99.000   0.428 -99.000    -1.5    -0.9     0.0     1.9     4.1
94995 20110106  2.402  -96.57   40.85     8.1    -8.6    -0.3     0.1     0.0     7.56 R    15.1    -9.4    -0.2    90.4    42.2    71.1 -99.000 -99.000 -99.000   0.429 -99.000    -1.0    -0.7     0.0     1.8     4.0
94995 20110107  2.402  -96.57   40.85     5.3    -7.9    -1.3    -0.2     0.0     1.92 R     6.1    -8.7    -1.2    86.3    42.3    61.4 -99.000 -99.000 -99.000   0.430 -99.000    -0.5    -0.4     0.0     1.7     3.9
94995 20110108  2.402  -96.57   40.85    -6.0   -10.7    -8.3    -8.0     0.0     4.00 R     1.0   -12.0    -6.6    77.2    52.7    63.7 -99.000 -99.000 -99.000   0.429 -99.000    -1.4    -0.7     0.0     1.7     3.9
94995 20110109  2.402  -96.57   40.85    -5.8    -8.5    -7.1    -7.1     6.5     2.15 R    -1.6    -7.9    -6.1    88.3    54.0    79.2 -99.000 -99.000 -99.000   0.429 -99.000    -1.4    -0.9    -0.1     1.6     3.8
94995 20110110  2.402  -96.57   40.85    -4.7   -13.0    -8.8    -7.8     8.9     2.49 R     0.4   -14.1    -7.1    89.0    72.0    82.6 -99.000 -99.000 -99.000   0.429 -99.000    -1.0    -0.6    -0.1     1.6     3.7
94995 20110111  2.402  -96.57   40.85   -12.1   -18.5   -15.3   -15.0     0.0     9.39 R    -7.6   -21.3   -15.9    72.0    54.4    63.9 -99.000 -99.000 -99.000   0.429 -99.000    -1.6    -0.9    -0.1     1.6     3.6
94995 20110112  2.402  -96.57   40.85   -12.5   -24.2   -18.3   -18.8     0.0     9.01 R    -3.5   -25.9   -19.0    80.4    63.0    73.2 -99.000 -99.000 -99.000   0.430 -99.000    -2.0    -1.3    -0.3     1.5     3.6
94995 20110113  2.402  -96.57   40.85    -4.0   -24.4   -14.2   -11.5     0.0     7.02 R    -0.1   -25.8   -12.6    87.5    58.1    72.3 -99.000 -99.000 -99.000   0.429 -99.000    -2.2    -1.4    -0.4     1.4     3.5
94995 20110114  2.402  -96.57   40.85    -1.9   -15.1    -8.5    -8.2     0.0     4.80 R     2.2   -16.5    -8.5    90.7    61.0    78.2 -99.000 -99.000 -99.000   0.426 -99.000    -1.7    -1.2    -0.4     1.3     3.4
94995 20110115  2.402  -96.57   40.85    -3.9   -12.2    -8.0    -8.1     0.0     7.17 R     0.3   -13.4    -7.2    88.2    63.5    74.0 -99.000 -99.000 -99.000   0.426 -99.000    -1.3    -0.9    -0.3     1.3     3.4
94995 20110116  2.402  -96.57   40.85    -4.3   -10.2    -7.2    -7.6     0.0     6.22 R     1.3   -10.7    -6.3    82.1    62.6    74.5 -99.000 -99.000 -99.000   0.426 -99.000    -1.3    -0.9    -0.3     1.2     3.3
94995 20110117  2.402  -96.57   40.85     6.1    -7.4    -0.7     0.1     0.2     5.84 R     8.6    -7.1     0.3    81.7    67.8    76.4 -99.000 -99.000 -99.000   0.431 -99.000    -0.9    -0.7    -0.3     1.2     3.2
94995 20110118  2.402  -96.57   40.85    -7.4   -12.1    -9.8    -9.9     0.8     6.67 R     1.5   -10.9    -7.5    80.8    61.4    73.1 -99.000 -99.000 -99.000   0.432 -99.000    -0.7    -0.5    -0.2     1.2     3.2
94995 20110119  2.402  -96.57   40.85   -12.1   -16.0   -14.0   -14.2     2.5     3.53 R    -6.8   -15.0   -12.4    81.9    69.1    75.8 -99.000 -99.000 -99.000   0.431 -99.000    -1.8    -1.0    -0.3     1.2     3.1
94995 20110120  2.402  -96.57   40.85    -6.9   -20.8   -13.8   -13.8     0.3    10.05 R     0.7   -23.1   -13.2    85.2    60.8    76.3 -99.000 -99.000 -99.000   0.431 -99.000    -2.2    -1.4    -0.5     1.2     3.1
94995 20110121  2.402  -96.57   40.85    -7.1   -14.2   -10.6   -10.6     0.5     5.26 R    -1.8   -13.8    -9.2    84.5    71.6    76.9 -99.000 -99.000 -99.000   0.431 -99.000    -2.3    -1.6    -0.6     1.2     3.1
94995 20110122  2.402  -96.57   40.85    -0.8   -14.7    -7.8    -7.4    10.8     4.87 R     3.9   -15.7    -7.1    90.4    79.2    86.2 -99.000 -99.000 -99.000   0.432 -99.000    -2.0    -1.5    -0.6     1.1     3.0
94995 20110123  2.402  -96.57   40.85   -11.3   -20.9   -16.1   -15.5     0.0    10.26 R    -7.1   -21.6   -14.2    84.6    54.9    70.2 -99.000 -99.000 -99.000   0.430 -99.000    -1.6    -1.1    -0.5     1.0     3.0
94995 20110124  2.402  -96.57   40.85     3.1   -14.4    -5.6    -4.6     0.0     8.39 R     5.5   -16.8    -5.8    87.2    59.7    75.3 -99.000 -99.000 -99.000   0.430 -99.000    -1.5    -1.1    -0.5     1.0     2.9
94995 20110125  2.402  -96.57   40.85     1.4   -12.2    -5.4    -4.7     0.0    10.39 R     5.4   -15.0    -5.3    91.6    61.7    79.4 -99.000 -99.000 -99.000   0.429 -99.000    -0.8    -0.7    -0.4     1.0     2.9
94995 20110126  2.402  -96.57   40.85    -3.3   -10.5    -6.9    -6.4     0.0     9.52 R     4.2   -11.7    -5.7    90.2    68.8    79.4 -99.000 -99.000 -99.000   0.427 -99.000    -1.0    -0.7    -0.3     1.0     2.8
94995 20110127  2.402  -96.57   40.85     6.3    -4.2     1.0     1.2     0.0    10.28 R     9.0    -5.9     0.3    91.6    58.6    71.3 -99.000 -99.000 -99.000   0.425 -99.000    -1.0    -0.7    -0.4     0.8     2.8
94995 20110128  2.402  -96.57   40.85    10.2    -6.5     1.9     1.8     0.0    10.51 R    13.1    -7.7     0.5    93.8    46.4    73.0 -99.000 -99.000 -99.000   0.414 -99.000    -0.6    -0.5    -0.4     0.6     2.3
94995 20110129  2.402  -96.57   40.85     2.9    -5.7    -1.4    -1.4     0.0     8.36 R    10.2    -5.9    -0.7    92.6    70.6    82.6 -99.000 -99.000 -99.000   0.411 -99.000    -0.6    -0.4    -0.3     0.6     2.1
94995 20110130  2.402  -96.57   40.85    -5.7   -11.2    -8.4    -9.6     0.0     6.46 R    -1.0    -9.8    -7.0    89.0    70.1    78.4 -99.000 -99.000 -99.000   0.425 -99.000    -1.1    -0.6    -0.3     0.7     2.2
94995 20110131  2.402  -96.57   40.85    -6.0   -15.8   -10.9    -9.5     4.5     1.34 R    -0.8   -15.5    -8.4    90.2    78.0    86.2 -99.000 -99.000 -99.000   0.430 -99.000    -1.9    -1.1    -0.4     0.8     2.3
94995 20110201  2.402  -96.57   40.85   -12.7   -16.5   -14.6   -14.7     7.7     3.19 R    -8.7   -17.1   -14.3    81.2    66.8    78.3 -99.000 -99.000 -99.000   0.430 -99.000    -2.3    -1.6    -0.6     0.8     2.4
94995 20110202  2.402  -96.57   40.85   -12.3   -21.9   -17.1   -16.6     0.0    11.93 R    -5.9   -25.8   -17.3    80.0    51.0    61.9 -99.000 -99.000 -99.000   0.430 -99.000    -2.6    -1.8    -0.8     0.8     2.4
94995 20110203  2.402  -96.57   40.85    -3.3   -21.3   -12.3   -10.4     0.0    11.93 R    -0.7   -24.9   -12.4    79.8    35.1    55.4 -99.000 -99.000 -99.000   0.430 -99.000    -3.0    -2.1    -1.0     0.8     2.4
94995 20110204  2.402  -96.57   40.85     3.0   -13.0    -5.0    -4.2     0.0    11.72 R     5.3   -16.5    -5.5    76.9    43.3    58.6 -99.000 -99.000 -99.000   0.431 -99.000    -2.3    -1.8    -1.0     0.7     2.4
94995 20110205  2.402  -96.57   40.85     3.8    -6.4    -1.3    -0.2     1.3     5.09 R     5.9    -8.3    -0.7    91.7    68.6    80.5 -99.000 -99.000 -99.000   0.430 -99.000    -1.2    -1.1    -0.7     0.7     2.4
94995 20110206  2.402  -96.57   40.85     1.6    -3.1    -0.8    -0.5     0.0     2.90 R     3.1    -3.2    -0.2    85.3    74.7    80.0 -99.000 -99.000 -99.000   0.432 -99.000    -0.6    -0.6    -0.5     0.7     2.4
94995 20110207  2.402  -96.57   40.85    -3.1   -16.1    -9.6   -10.0     0.0    11.68 R     2.7   -14.4    -7.1    81.5    59.1    69.5 -99.000 -99.000 -99.000   0.430 -99.000    -1.1    -0.7    -0.4     0.7     2.3
94995 20110208  2.402  -96.57   40.85   -14.9   -20.1   -17.5   -17.3     0.0     6.24 R    -7.9   -18.0   -14.3    68.6    59.4    64.9 -99.000 -99.000 -99.000   0.432 -99.000    -3.5    -2.1    -0.9     0.7     2.3
94995 20110209  2.402  -96.57   40.85    -6.8   -15.8   -11.3   -12.0     0.0    12.14 R     2.6   -16.4   -10.0    77.7    39.0    59.1 -99.000 -99.000 -99.000   0.443 -99.000    -3.9    -2.8    -1.4     0.7     2.3
94995 20110210  2.402  -96.57   40.85     3.4   -13.3    -5.0    -5.8     0.0    10.93 R     7.5   -15.2    -5.4    76.5    34.8    56.4 -99.000 -99.000 -99.000   0.476 -99.000    -3.5    -2.8    -1.5     0.6     2.3
94995 20110211  2.402  -96.57   40.85     7.8    -8.7    -0.5     0.1     0.0    11.63 R    13.3   -10.0    -0.1    86.2    46.3    67.3 -99.000 -99.000 -99.000   0.477 -99.000    -2.0    -1.8    -1.1     0.5     2.2
94995 20110212  2.402  -96.57   40.85    10.4    -3.0     3.7     3.8     0.0    10.26 R    14.9    -5.1     2.8    87.0    41.6    64.1 -99.000 -99.000 -99.000   0.473 -99.000    -1.0    -1.0    -0.7     0.4     2.2
94995 20110213  2.402  -96.57   40.85    20.2    -0.2    10.0     8.7     0.0    13.25 R    24.1    -2.3     7.4    83.2    26.8    51.3 -99.000 -99.000 -99.000   0.475 -99.000    -0.5    -0.6    -0.5     0.4     2.1
94995 20110214  2.402  -96.57   40.85    11.0    -1.3     4.8     4.2     0.0    12.33 R    20.0    -3.2     4.8    83.1    42.6    63.6 -99.000 -99.000 -99.000   0.469 -99.000    -0.3    -0.4    -0.4     0.5     2.1
94995 20110215  2.402  -96.57   40.85    14.6    -0.8     6.9     4.7     0.0    12.54 R    22.0    -3.0     4.7    86.5    37.4    67.7 -99.000 -99.000 -99.000   0.484 -99.000    -0.1    -0.3    -0.4     0.4     2.0
94995 20110216  2.402  -96.57   40.85    17.4    -1.3     8.1     7.4     0.0    13.19 R    25.9    -2.6     7.7    91.6    38.5    74.0 -99.000 -99.000 -99.000 -99.000 -99.000     0.1    -0.3    -0.3     0.4     1.9
94995 20110217  2.402  -96.57   40.85    21.5     2.2    11.8    12.7     0.0    13.20 R    29.5    -0.6    12.4    91.6    15.4    54.0   0.435 -99.000 -99.000 -99.000 -99.000     1.6     0.1    -0.3     0.3     1.8
94995 20110218  2.402  -96.57   40.85    14.1    -5.0     4.5     4.3     0.0    12.70 R    25.4    -6.3     4.9    88.7    16.9    56.8 -99.000 -99.000 -99.000   0.507 -99.000     0.6     0.1    -0.3     0.4     1.9
94995 20110219  2.402  -96.57   40.85    12.5     0.6     6.6     6.1     0.7    10.14 R    24.1    -1.6     7.4    83.6    44.5    62.2 -99.000 -99.000 -99.000   0.465 -99.000     1.2     0.4    -0.2     0.5     1.9
94995 20110220  2.402  -96.57   40.85    18.4    -6.7     5.8     4.1     0.0     3.97 R    19.5    -6.0     4.8    88.5    61.3    79.3   0.403   0.418 -99.000   0.449 -99.000     1.5     0.8     0.0     0.6     1.9
94995 20110221  2.402  -96.57   40.85    -2.4   -10.9    -6.6    -7.2     0.0    14.17 R     8.3   -10.3    -4.4    74.4    46.7    62.5 -99.000 -99.000   0.427   0.442 -99.000    -0.1     0.0     0.1     0.7     2.0
94995 20110222  2.402  -96.57   40.85     5.4   -13.6    -4.1    -4.9     0.0    14.01 R    15.8   -13.9    -2.8    84.5    32.3    62.9 -99.000 -99.000 -99.000   0.439 -99.000    -0.2    -0.1     0.1     0.8     2.0
94995 20110223  2.402  -96.57   40.85    10.4    -4.3     3.1     1.4     0.0    14.01 R    21.9    -5.8     3.5    85.0    40.6    66.9 -99.000 -99.000   0.406   0.440 -99.000    -0.2    -0.1     0.1     0.8     2.0
94995 20110224  2.402  -96.57   40.85    -2.3    -9.9    -6.1    -5.2    11.4     1.90 R     1.8   -10.4    -3.6    89.4    66.6    81.4 -99.000 -99.000   0.408   0.431 -99.000    -0.2     0.0     0.1     0.8     2.1
94995 20110225  2.402  -96.57   40.85    -8.3   -12.4   -10.3   -10.6     3.2     9.46 R    -0.9   -13.6    -8.8    84.5    64.6    74.5 -99.000 -99.000   0.402   0.434 -99.000    -0.2     0.0     0.1     0.9     2.1
94995 20110226  2.402  -96.57   40.85    -3.3   -11.6    -7.5 -9999.0     0.4     6.51 R     0.6   -11.2    -5.9    88.3    76.1    84.4 -99.000 -99.000   0.399   0.436 -99.000    -0.2     0.0     0.1     0.9     2.1
94995 20110227  2.402  -96.57   40.85     0.9    -3.4    -1.2    -1.0     0.0     6.40 R     5.1    -3.7     0.2    93.3    77.6    85.4 -99.000 -99.000   0.399   0.434 -99.000    -0.2     0.0     0.1     0.9     2.1
94995 20110228  2.402  -96.57   40.85     1.0   -11.0    -5.0    -4.4     0.0    15.96 R     7.6   -14.1    -3.4    82.1    45.1    65.8 -99.000 -99.000   0.406   0.431 -99.000    -0.2     0.0     0.2     0.9     2.1
94995 20110301  2.402  -96.57   40.85    13.3    -4.5     4.4     2.3     0.0    11.30 R    21.7    -6.1     3.0    83.9    41.1    65.3 -99.000 -99.000 -99.000   0.445 -99.000    -0.2     0.0     0.1     0.9     2.1
94995 20110302  2.402  -96.57   40.85     2.1   -11.0    -4.4    -4.8     0.0    15.83 R    12.4   -10.0    -1.4    88.1    46.0    66.4 -99.000 -99.000   0.440   0.451 -99.000    -0.2     0.0     0.2     0.9     2.1
94995 20110303  2.402  -96.57   40.85    15.4    -1.8     6.8     5.4     0.0    14.00 R    25.4    -1.5     7.5    88.6    40.9    68.0 -99.000 -99.000   0.439   0.454 -99.000     0.3     0.3     0.3     1.0     2.1
94995 20110304  2.402  -96.57   40.85     0.8    -7.7    -3.4    -2.4     0.0     4.16 R     6.6    -7.3    -0.6    89.2    57.9    77.9 -99.000 -99.000   0.444   0.454 -99.000     0.2     0.3     0.5     1.1     2.1
94995 20110305  2.402  -96.57   40.85     2.3   -11.4    -4.6    -5.4     0.0    16.66 R    15.9   -11.4    -1.6    86.1    42.0    66.3 -99.000 -99.000   0.428   0.448 -99.000     0.0     0.2     0.4     1.1     2.2
94995 20110306  2.402  -96.57   40.85     8.6    -5.0     1.8     1.0     0.0    13.80 R    22.1    -5.3     4.7    78.8    34.1    63.2 -99.000 -99.000   0.426   0.447 -99.000     0.2     0.3     0.4     1.1     2.2
94995 20110307  2.402  -96.57   40.85     6.5    -1.5     2.5     1.4     4.6     5.89 R    13.1    -0.2     3.3    96.4    66.0    86.7 -99.000 -99.000   0.437   0.447 -99.000     0.5     0.5     0.6     1.2     2.2
94995 20110308  2.402  -96.57   40.85     2.9     0.5     1.7     1.3     3.8     1.89 R     6.0     1.6     2.9    96.1    91.3    94.4   0.402   0.433   0.447   0.457 -99.000     0.6     0.7     0.7     1.2     2.2
94995 20110309  2.402  -96.57   40.85     2.1    -5.0    -1.4    -0.7     0.0     9.84 R    11.9    -5.5     1.6    95.5    61.5    80.6   0.399   0.431   0.451   0.462 -99.000     0.6     0.7     0.7     1.3     2.2
94995 20110310  2.402  -96.57   40.85    12.7    -8.5     2.1     1.6     0.0    17.32 R    24.3    -9.9     4.0    91.7    30.8    62.4 -99.000   0.415   0.439   0.456 -99.000     0.8     0.7     0.7     1.3     2.3
94995 20110311  2.402  -96.57   40.85    20.1    -1.0     9.6     6.9     0.0    14.89 R    30.7    -2.5     7.8    84.2    25.8    60.2   0.387   0.421   0.443   0.457 -99.000     1.9     1.5     1.2     1.4     2.3
94995 20110312  2.402  -96.57   40.85     7.7    -2.0     2.8     2.6     0.0    14.88 R    23.6    -3.5     5.6    83.4    50.4    67.0   0.384   0.418   0.441   0.457 -99.000     2.2     1.8     1.7     1.7     2.4
94995 20110313  2.402  -96.57   40.85     2.1    -3.8    -0.8    -0.9     0.0     7.75 R    16.3    -2.3     2.6    87.6    59.8    75.1   0.379   0.413   0.429   0.457 -99.000     1.8     1.6     1.9     1.9     2.5
94995 20110314  2.402  -96.57   40.85    12.6    -4.7     3.9     2.7     0.0    17.82 R    25.6    -4.6     6.2    93.3    23.7    62.9   0.378   0.404   0.413   0.454 -99.000     2.5     2.1     2.0     2.0     2.5
94995 20110315  2.402  -96.57   40.85    16.4    -3.0     6.7     5.4     0.0    15.83 R    27.7    -4.4     7.3    88.4    37.1    66.5   0.376   0.397   0.411   0.453 -99.000     3.2     2.7     2.5     2.2     2.6
94995 20110316  2.402  -96.57   40.85    22.8    -2.5    10.2    11.6     0.0    16.11 R    32.3    -3.0    12.5    92.6    29.3    61.4   0.376   0.397   0.411   0.456 -99.000     4.8     4.0     3.3     2.5     2.8
94995 20110317  2.402  -96.57   40.85    21.1     1.5    11.3    14.4     0.0    12.14 R    32.2    -0.1    15.7    87.4    28.8    63.0   0.380   0.403   0.415   0.455 -99.000     8.1     6.9     5.3     3.2     2.9
94995 20110318  2.402  -96.57   40.85 -9999.0 -9999.0 -9999.0 -9999.0 -9999.0 -9999.00 U -9999.0 -9999.0 -9999.0 -9999.0 -9999.0 -9999.0 -99.000 -99.000 -99.000 -99.000 -99.000 -9999.0 -9999.0 -9999.0 -9999.0 -9999.0
94995 20110319  2.402  -96.57   40.85    16.0     1.1     8.5     7.0     0.0     8.71 R    30.3    -1.2     8.3    86.5    23.1    63.3   0.367   0.393   0.410   0.457 -99.000     5.7     5.5     5.3     4.3     3.5
94995 20110320  2.402  -96.57   40.85    22.0     6.7    14.4    14.1     0.0    12.66 R    34.8     5.5    15.9    93.3    47.7    72.9   0.373   0.396   0.412   0.456 -99.000     7.9     7.0     5.8     4.5     3.8
94995 20110321  2.402  -96.57   40.85    19.6     4.0    11.8    11.3     0.0     6.32 R    26.6     3.2    12.6    93.4    53.2    72.3   0.370   0.395   0.412   0.458 -99.000     7.8     7.4     6.6     5.0     4.0
94995 20110322  2.402  -96.57   40.85    26.7     3.1    14.9    16.4     0.0     9.94 R    36.9     1.8    17.0    84.6    35.2    66.1   0.374   0.399   0.414   0.459 -99.000     9.8     8.9     7.4     5.4     4.3
94995 20110323  2.402  -96.57   40.85     9.2    -0.5     4.3     4.4     0.0    13.93 R    23.3     0.8     6.8    87.5    40.4    61.3   0.367   0.393   0.411   0.459 -99.000     7.7     7.8     7.4     6.0     4.6
94995 20110324  2.402  -96.57   40.85     5.8    -2.4     1.7     0.7     2.2    16.26 R    23.5     0.3     6.9    94.8    43.0    65.3   0.362   0.390   0.408   0.457 -99.000     6.5     6.5     6.4     6.0     4.9
94995 20110325  2.402  -96.57   40.85     2.0    -0.5     0.7     0.8     4.1     4.04 R     7.2     2.5     3.9    95.9    85.1    91.2   0.391   0.409   0.425   0.462 -99.000     5.4     5.7     5.9     5.8     5.1
94995 20110326  2.402  -96.57   40.85     1.3    -1.0     0.1     0.4     1.4     3.66 R     7.0     1.6     3.4    93.4    80.6    87.1   0.393   0.411   0.428   0.465 -99.000     4.4     4.8     5.2     5.5     5.2
94995 20110327  2.402  -96.57   40.85     3.3    -2.5     0.4    -0.1     0.0     9.71 R    14.5    -1.4     3.6    90.0    53.3    71.3   0.389   0.407   0.423   0.460 -99.000     4.1     4.3     4.7     5.2     5.2
94995 20110328  2.402  -96.57   40.85     7.6    -5.5     1.1     0.4     1.2    11.17 R    22.5    -5.4     4.0    92.8    35.8    75.2   0.383   0.402   0.417   0.461 -99.000     3.7     4.0     4.3     4.9     5.2
94995 20110329  2.402  -96.57   40.85     4.3    -2.7     0.8     1.4     0.0     6.40 R    17.3    -1.9     4.8    92.3    64.5    81.7   0.383   0.402   0.417   0.458 -99.000     4.2     4.2     4.3     4.8     5.1
94995 20110330  2.402  -96.57   40.85     8.8    -2.8     3.0     3.1     0.0    11.43 R    27.5    -1.1     7.4    93.2    44.0    71.9   0.382   0.399   0.414   0.458 -99.000     4.6     4.5     4.4     4.7     5.0
94995 20110331  2.402  -96.57   40.85     6.2     0.8     3.5     3.9     0.9     4.90 R    11.0     1.8     6.1    96.9    73.9    84.8   0.381   0.399   0.416   0.460 -99.000     4.9     5.0     4.8     4.8     5.0
94995 20110401  2.402  -96.57   40.85    17.3    -0.6     8.3     8.4     0.3    21.71 R    32.0     1.0    11.5    97.6    21.2    59.8   0.383   0.401   0.414   0.458 -99.000     6.2     5.8     5.1     4.9     5.0
94995 20110402  2.402  -96.57   40.85    24.1    -1.6    11.3    11.9     0.0    16.56 R    37.0    -0.9    14.4    89.8    23.0    53.1   0.380   0.400   0.415   0.460 -99.000     7.3     6.8     6.0     5.2     5.1
94995 20110403  2.402  -96.57   40.85    23.6     6.7    15.1    16.3     0.0    17.66 R    39.7     6.0    18.8    75.9    30.7    50.1   0.382   0.403   0.418   0.461 -99.000    10.4     9.4     7.7     5.7     5.2
94995 20110404  2.402  -96.57   40.85    11.6    -3.3     4.2     5.7     0.0    20.59 R    27.9    -3.5     8.9    66.8    19.7    43.4   0.372   0.397   0.416   0.461 -99.000     8.8     8.7     8.1     6.5     5.4
94995 20110405  2.402  -96.57   40.85    22.8    -3.5     9.6    12.7     0.0    23.76 R    36.8    -3.8    15.4    69.1    14.2    30.8   0.366   0.393   0.413   0.462 -99.000     8.2     7.9     7.4     6.7     5.7
94995 20110406  2.402  -96.57   40.85    20.0     4.9    12.4    13.4     0.0    22.48 R    35.9     3.8    16.8    58.3    22.9    38.3   0.364   0.394   0.415   0.462 -99.000    10.4     9.7     8.4     6.9     5.9
94995 20110407  2.402  -96.57   40.85    13.2     7.3    10.2     9.2    10.7     3.22 R    17.4     7.4     9.8    90.8    37.3    66.3   0.383   0.408   0.427   0.467 -99.000     9.0     9.0     8.6     7.3     6.1
94995 20110408  2.402  -96.57   40.85    14.3     7.7    11.0    11.1     0.0     7.08 R    20.5     8.7    13.3    95.1    75.0    86.2   0.407   0.423   0.442   0.477 -99.000     9.3     8.9     8.3     7.4     6.4
94995 20110409  2.402  -96.57   40.85    32.2    11.6    21.9    21.8     0.0    19.99 R    44.1    12.9    24.7    95.6    35.2    65.2   0.403   0.420   0.435   0.473 -99.000    12.8    11.5     9.6     7.7     6.5
94995 20110410  2.402  -96.57   40.85    24.4     7.4    15.9    18.3     0.0    17.37 R    36.0     5.8    20.2    78.7    34.1    59.9   0.397   0.417   0.433   0.473 -99.000    15.0    14.0    11.9     8.6     6.8
94995 20110411  2.402  -96.57   40.85    20.1     1.8    10.9    10.5     0.0    24.63 R    35.0     1.8    14.0    90.6    17.5    52.8   0.385   0.408   0.426   0.472 -99.000    12.7    12.5    11.5     9.4     7.2
94995 20110412  2.402  -96.57   40.85    24.1    -1.1    11.5    12.9     0.0    23.68 R    38.8    -0.1    16.3    85.6    17.3    45.1   0.375   0.402   0.423   0.469 -99.000    11.7    11.6    10.8     9.5     7.5
94995 20110413  2.402  -96.57   40.85    24.7     8.5    16.6    15.1     0.0    14.74 R    41.5     8.0    17.1    57.9    24.6    45.3   0.371   0.402   0.422   0.468 -99.000    12.7    12.3    11.2     9.6     7.8
94995 20110414  2.402  -96.57   40.85    19.5     6.8    13.1    12.0    19.3     9.05 R    26.7     6.6    13.1    92.7    51.1    71.2   0.385   0.410   0.428   0.476 -99.000    11.8    11.7    11.2     9.8     8.1
94995 20110415  2.402  -96.57   40.85    10.2     1.7     5.9     4.9    26.4     3.18 R    11.2     4.1     7.3    92.6    77.9    87.3   0.456   0.455   0.467   0.504 -99.000    10.0    10.4    10.5     9.9     8.5
94995 20110416  2.402  -96.57   40.85    18.4     0.6     9.5     7.3     0.0    24.14 R    30.8     2.7    11.4    82.4    27.0    63.4   0.421   0.428   0.445   0.486 -99.000     9.6     9.5     9.3     9.5     8.6
94995 20110417  2.402  -96.57   40.85    14.4    -0.6     6.9     6.7     0.0    12.90 R    26.1    -0.2     9.7    95.6    49.5    74.6   0.404   0.416   0.430   0.475 -99.000     9.5     9.6     9.5     9.3     8.6
94995 20110418  2.402  -96.57   40.85    11.8     4.1     7.9     6.8     0.2    10.23 R    25.6     5.5    10.3    89.7    61.3    79.3   0.398   0.411   0.425   0.474 -99.000     9.7     9.7     9.5     9.1     8.5
94995 20110419  2.402  -96.57   40.85     5.7     2.6     4.1     4.2    23.4     3.86 R    10.4     4.0     6.6    94.3    82.1    87.1   0.439   0.439   0.450   0.490 -99.000     7.9     8.3     8.6     8.9     8.4
94995 20110420  2.402  -96.57   40.85    13.8     2.3     8.1     6.5     0.0    25.23 R    31.3     2.4    11.7    87.2    40.0    68.2   0.413   0.422   0.431   0.478 -99.000     9.4     9.0     8.6     8.6     8.4
94995 20110421  2.402  -96.57   40.85    12.3     4.6     8.4     8.4     0.0     5.92 R    18.5     5.5    10.4    81.0    47.1    64.6   0.400   0.413   0.425   0.476 -99.000     9.0     9.1     9.0     8.7     8.3
94995 20110422  2.402  -96.57   40.85    21.3     6.8    14.0    12.2     1.0    15.73 R    32.0     7.3    14.6    95.4    19.7    63.2   0.407   0.414   0.426   0.473 -99.000    10.2     9.9     9.2     8.7     8.3
94995 20110423  2.402  -96.57   40.85    12.0     0.8     6.4     8.6     0.0    12.25 R    30.3     1.0    11.2    90.3    36.8    58.6   0.409   0.413   0.425   0.473 -99.000    10.2    10.2     9.7     8.9     8.3
94995 20110424  2.402  -96.57   40.85    14.4    -1.8     6.3     6.5     0.0    15.19 R    30.1    -1.5     9.4    93.6    35.5    70.1   0.404   0.410   0.422   0.469 -99.000     9.2     9.3     9.2     9.0     8.4
94995 20110425  2.402  -96.57   40.85     9.8     2.5     6.2     7.5    15.3     2.44 R    12.0     2.6     8.7    94.3    68.1    86.7   0.430   0.426   0.437   0.479 -99.000     8.9     9.1     9.1     9.0     8.4
94995 20110426  2.402  -96.57   40.85    13.1     6.6     9.9     9.2     0.9     7.66 R    23.7     5.6    10.7    94.9    59.4    80.8   0.457   0.445   0.455   0.493 -99.000     9.4     9.3     9.1     8.9     8.5
94995 20110427  2.402  -96.57   40.85    18.1     3.6    10.9    10.1     0.0    17.84 R    34.2     3.7    13.3    89.6    30.0    64.4   0.435   0.431   0.436   0.473 -99.000    10.3    10.0     9.3     8.7     8.5
94995 20110428  2.402  -96.57   40.85    21.7     4.9    13.3    12.8     0.0    24.31 R    36.0     4.1    15.4    81.8    23.9    53.5   0.424   0.422   0.430   0.476 -99.000    11.4    10.9    10.0     9.1     8.5
94995 20110429  2.402  -96.57   40.85    26.5     7.7    17.1    17.5     0.9    20.80 R    39.6     5.4    19.4    76.7    25.3    46.3   0.416   0.418   0.428   0.476 -99.000    12.2    11.7    10.7     9.4     8.6
94995 20110430  2.402  -96.57   40.85    20.3     7.4    13.8    13.2     0.0    25.92 R    34.8     5.4    16.7    83.6    15.6    46.9   0.410   0.417   0.428   0.473 -99.000    13.6    13.1    11.7     9.9     8.7
94995 20110501  2.402  -96.57   40.85    18.5     1.2     9.8    10.2     0.0    25.36 R    35.7     1.1    14.0    76.3    19.3    35.7   0.402   0.411   0.425   0.475 -99.000    12.5    12.4    11.6    10.3     8.9
94995 20110502  2.402  -96.57   40.85    16.0    -0.4     7.8     7.5     0.0    26.28 R    34.0    -0.4    12.4    80.6    21.8    46.2   0.389   0.404   0.423   0.472 -99.000    11.8    11.7    11.2    10.4     9.1
94995 20110503  2.402  -96.57   40.85    17.5    -1.7     7.9     8.9     0.0    27.82 R    34.4    -0.8    14.5    83.9    22.4    45.1   0.377   0.400   0.420   0.474 -99.000    11.7    11.6    11.1    10.4     9.3
94995 20110504  2.402  -96.57   40.85    26.4     6.0    16.2    15.8     0.6    23.68 R    38.4     4.8    19.1    75.4    17.6    38.4   0.367   0.395   0.419   0.473 -99.000    12.8    12.4    11.5    10.4     9.4
94995 20110505  2.402  -96.57   40.85    19.6     3.8    11.7    12.9     0.9    21.32 R    37.0     3.4    15.3    84.0    25.3    54.5   0.361   0.393   0.417   0.473 -99.000    13.9    13.5    12.4    10.7     9.5
94995 20110506  2.402  -96.57   40.85    27.6     1.9    14.7    17.1     0.0    23.50 R    38.9     2.1    18.9    82.3    16.8    41.2   0.356   0.392   0.416   0.472 -99.000    13.0    12.8    12.1    11.0     9.6
94995 20110507  2.402  -96.57   40.85    27.9     9.3    18.6    19.6     0.0    26.60 R    43.6     8.5    22.7    69.1    13.7    33.7   0.345   0.388   0.416   0.471 -99.000    15.3    14.5    13.0    11.2     9.8
94995 20110508  2.402  -96.57   40.85    31.4    13.5    22.4    22.9     0.0    25.08 R    44.8    11.4    25.8    70.8    35.0    51.1   0.330   0.380   0.415   0.473 -99.000    16.9    15.9    14.1    11.7    10.0
94995 20110509  2.402  -96.57   40.85    35.7    19.7    27.7    27.2     0.0    27.11 R    46.4    17.8    29.5    89.0    17.4    52.6   0.317   0.375   0.413   0.478 -99.000    19.4    18.3    15.9    12.5    10.2
94995 20110510  2.402  -96.57   40.85    34.7    22.5    28.6    28.2     0.0    26.49 R    45.7    20.7    30.6    77.8    16.1    49.2   0.299   0.370   0.409   0.478 -99.000    20.7    19.6    17.2    13.5    10.6
94995 20110511  2.402  -96.57   40.85    29.2    17.4    23.3    21.4     3.2    11.30 R    41.5    17.1    22.8    92.4    46.3    73.6   0.283   0.361   0.405   0.479 -99.000    20.0    19.5    17.8    14.4    11.1
94995 20110512  2.402  -96.57   40.85    24.2    10.7    17.5    17.8    25.2    16.47 R    37.9    11.3    20.3    92.5    55.5    79.0   0.305   0.374   0.411   0.483 -99.000    18.5    18.3    17.3    14.8    11.6
94995 20110513  2.402  -96.57   40.85    10.8     7.4     9.1     8.8     0.0     6.26 R    15.7     9.2    11.3    83.9    61.9    73.6   0.412   0.425   0.441   0.493 -99.000    15.1    15.6    15.8    14.8    12.2
94995 20110514  2.402  -96.57   40.85    12.8     5.9     9.3     8.5     0.0    12.38 R    27.0     7.0    11.9    75.6    54.2    66.9   0.392   0.413   0.431   0.485 -99.000    13.6    14.0    14.3    14.2    12.3
94995 20110515  2.402  -96.57   40.85    17.0     3.1    10.1     9.3     0.0    11.96 R    29.1     3.3    12.5    88.7    39.0    71.8   0.380   0.405   0.427   0.483 -99.000    13.3    13.5    13.6    13.6    12.4
94995 20110516  2.402  -96.57   40.85    19.8    -0.1     9.8    11.0     0.0    29.87 R    35.7     1.1    15.9    92.3    26.9    56.9   0.365   0.397   0.422   0.478 -99.000    13.7    13.6    13.2    13.2    12.2
94995 20110517  2.402  -96.57   40.85    21.7     2.4    12.1    13.2     0.0    29.08 R    36.4     2.2    17.3    90.9    23.9    50.3   0.346   0.387   0.418   0.477 -99.000    14.6    14.4    13.7    13.1    12.1
94995 20110518  2.402  -96.57   40.85    20.5     7.2    13.9    14.5     0.0    14.62 R    34.1     7.3    16.9    74.6    33.9    50.7   0.336   0.378   0.415   0.477 -99.000    14.7    14.6    14.0    13.2    12.1
94995 20110519  2.402  -96.57   40.85    21.6    12.4    17.0    16.0    21.6    11.68 R    31.0    13.2    17.8    92.5    54.9    74.2   0.351   0.389   0.422   0.480 -99.000    15.5    15.2    14.4    13.3    12.1
94995 20110520  2.402  -96.57   40.85    19.8    15.0    17.4    17.5    25.7     5.23 R    22.7    15.8    18.6    94.9    83.9    90.4   0.499   0.461   0.478   0.508 -99.000    16.0    15.8    15.0    13.7    12.4
94995 20110521  2.402  -96.57   40.85    24.8    14.6    19.7    19.7     0.0    24.28 R    36.1    13.7    22.2    91.7    54.2    76.2   0.470   0.444   0.458   0.499 -99.000    17.9    17.2    15.7    13.9    12.5
94995 20110522  2.402  -96.57   40.85    25.5    15.1    20.3    20.4     0.0    22.64 R    34.7    13.8    21.9    89.8    40.0    60.2   0.435   0.421   0.441   0.480 -99.000    18.0    17.7    16.4    14.4    12.6
94995 20110523  2.402  -96.57   40.85    27.3    11.5    19.4    19.5     0.0    28.29 R    37.8    11.3    22.4    92.6    36.5    64.8   0.405   0.402   0.434   0.483 -99.000    18.5    18.0    16.8    14.8    12.8
94995 20110524  2.402  -96.57   40.85    23.2    13.5    18.3    18.3    10.4    13.95 R    30.9    13.6    19.8    91.9    61.8    79.9   0.429   0.417   0.445   0.486 -99.000    18.2    17.9    17.0    15.2    13.0
94995 20110525  2.402  -96.57   40.85    17.8    10.9    14.4    14.3     2.7     4.74 R    20.7    11.2    16.2    92.2    70.2    86.3   0.483   0.456   0.464   0.493 -99.000    17.5    17.6    17.0    15.4    13.3
94995 20110526  2.402  -96.57   40.85    19.7     8.1    13.9    14.1     0.0    30.16 R    30.9     8.2    17.6    79.5    33.4    56.7   0.458   0.430   0.446   0.486 -99.000    17.0    16.8    16.2    15.3    13.4
94995 20110527  2.402  -96.57   40.85    15.9    10.1    13.0    13.2     0.2     5.14 R    19.3    10.3    14.6    91.3    67.5    79.6   0.438   0.417   0.439   0.485 -99.000    15.9    16.1    16.0    15.2    13.5
94995 20110528  2.402  -96.57   40.85    23.6    12.9    18.2    17.5     0.2    15.09 R    30.4    13.8    19.0    94.0    33.2    68.7   0.429   0.411   0.435   0.483 -99.000    16.6    16.3    15.7    15.0    13.6
94995 20110529  2.402  -96.57   40.85    25.5    14.3    19.9    19.9     3.1     8.09 R    31.5    14.7    20.9    93.7    65.5    81.8   0.425   0.404   0.436   0.482 -99.000    17.2    16.9    16.1    15.0    13.6
94995 20110530  2.402  -96.57   40.85    30.8    17.8    24.3    25.8    10.0    22.11 R    36.5    18.2    26.8    91.2    49.9    64.5   0.419   0.397   0.434   0.481 -99.000    19.7    18.9    17.3    15.3    13.7
94995 20110531  2.402  -96.57   40.85    26.5    12.8    19.7    19.5     1.8    30.33 R    32.8    12.0    21.2    91.9    28.7    60.7   0.468   0.438   0.458   0.490 -99.000    19.9    19.5    18.2    15.9    13.8
94995 20110601  2.402  -96.57   40.85    29.0    10.6    19.8    20.2     0.0    23.74 R    35.2    10.7    22.0    87.2    43.4    69.7   0.417   0.399   0.437   0.484 -99.000    19.1    18.9    18.0    16.2    14.0
94995 20110602  2.402  -96.57   40.85    29.5    18.7    24.1    25.0     0.4    22.06 R    34.3    18.0    26.1    87.7    52.1    67.9   0.382   0.382   0.430   0.482 -99.000    20.9    20.3    18.8    16.5    14.2
94995 20110603  2.402  -96.57   40.85    31.5    20.6    26.1    27.1     0.0    22.18 R    34.1    19.7    27.3    78.7    34.8    54.9   0.348   0.364   0.420   0.483 -99.000    21.5    21.0    19.5    17.0    14.5
94995 20110604  2.402  -96.57   40.85    29.1    17.9    23.5    23.3     0.0    14.80 R    34.7    17.8    24.0    87.6    52.1    66.8   0.320   0.347   0.413   0.481 -99.000    21.2    20.9    19.7    17.4    14.7
94995 20110605  2.402  -96.57   40.85    33.8    16.0    24.9    25.7     0.0    27.86 R    38.1    16.3    26.7    91.3    28.6    61.0   0.301   0.333   0.403   0.480 -99.000    21.7    21.1    19.8    17.6    15.0
94995 20110606  2.402  -96.57   40.85    36.0    22.9    29.4    29.0     0.0    27.79 R    39.1    22.1    29.3    58.8    23.0    43.5   0.279   0.312   0.384   0.481 -99.000    22.4    21.9    20.4    17.9    15.3
94995 20110607  2.402  -96.57   40.85    35.2    24.7    29.9    29.6     0.0    26.55 R -9999.0     0.0    21.4    67.7    26.6    48.8   0.261   0.290   0.362   0.473 -99.000    22.9    22.4    20.9    18.3    15.5
94995 20110608  2.402  -96.57   40.85    29.4    19.1    24.3    24.5     0.0    26.28 R -9999.0   -58.6    18.7    85.8    37.5    53.9   0.249   0.277   0.341   0.468 -99.000    22.9    22.5    21.2    18.7    15.8
94995 20110609  2.402  -96.57   40.85    21.9    14.8    18.4    17.4     4.2     9.10 R    19.3     0.0     6.9    90.6    52.5    72.6   0.242   0.271   0.334   0.462 -99.000    20.9    21.0    20.6    18.8    16.0
94995 20110610  2.402  -96.57   40.85    20.0    12.2    16.1    15.8     0.3     6.36 R     0.0     0.0     0.0    92.7    76.7    87.0   0.240   0.277   0.338   0.460 -99.000    19.5    19.7    19.6    18.6    16.2
94995 20110611  2.402  -96.57   40.85    23.7     9.1    16.4    17.5     0.0    28.33 R    69.5     0.0    14.1    91.8    46.4    69.2   0.240   0.270   0.330   0.457 -99.000    19.2    19.2    18.8    18.2    16.3
94995 20110612  2.402  -96.57   40.85    25.1    16.3    20.7    20.1     0.0    23.91 R -9999.0     0.0    18.6    84.6    56.6    70.1   0.240   0.267   0.321   0.449 -99.000    20.3    20.0    19.2    18.0    16.3
94995 20110613  2.402  -96.57   40.85    21.0    16.6    18.8    18.8     0.0    10.64 R -9999.0   -49.4     7.7    87.4    68.0    77.6   0.238   0.264   0.317   0.440 -99.000    20.0    19.9    19.4    18.1    16.3
94995 20110614  2.402  -96.57   40.85    25.5    16.0    20.7    19.9     2.1    13.53 R -9999.0 -9999.0    10.0    93.2    59.7    80.2   0.238   0.262   0.316   0.433 -99.000    20.1    19.9    19.2    18.1    16.4
94995 20110615  2.402  -96.57   40.85    28.5    14.3    21.4    21.4     0.0    30.46 R -9999.0    13.8    19.3    90.5    29.2    59.2   0.238   0.261   0.312   0.423 -99.000    20.4    20.1    19.4    18.1    16.4
94995 20110616  2.402  -96.57   40.85    28.4    13.3    20.8    20.9     3.5    19.28 R    33.7    13.3    21.0    88.7    46.0    68.9   0.236   0.264   0.306   0.414 -99.000    19.9    19.8    19.2    18.2    16.4
94995 20110617  2.402  -96.57   40.85    32.1    17.4    24.8    24.3     0.0    24.84 R -9999.0    15.8    22.8    86.1    38.2    68.3   0.232   0.262   0.304   0.407 -99.000    21.6    21.1    19.9    18.2    16.5
94995 20110618  2.402  -96.57   40.85    27.4    15.4    21.4    21.1    20.2    21.32 R -9999.0 -9999.0    12.3    94.3    59.4    78.0   0.345   0.349   0.340   0.406 -99.000    21.4    21.2    20.3    18.6    16.6
94995 20110619  2.402  -96.57   40.85    29.5    17.6    23.6    23.6     0.8    23.59 R -9999.0    -5.0    21.6    95.7    54.8    79.3   0.347   0.343   0.335   0.405 -99.000    22.1    21.7    20.6    18.8    16.7
94995 20110620  2.402  -96.57   40.85    30.6    16.3    23.5    22.5    17.2    17.41 R    53.8    15.5    20.7    91.3    62.5    77.4   0.351   0.352   0.336   0.400 -99.000    22.5    22.2    21.2    18.8    16.8
94995 20110621  2.402  -96.57   40.85    22.6    15.9    19.2    18.2     2.2    13.18 R    19.0     0.0     5.2    93.6    64.5    81.6   0.420   0.433   0.359   0.406 -99.000    20.9    21.1    20.7    19.2    17.0
94995 20110622  2.402  -96.57   40.85    23.3    14.9    19.1    18.7     0.0    15.37 R -9999.0   -59.4     0.0    82.8    50.8    66.0   0.396   0.409   0.350   0.407 -99.000    19.8    20.0    19.9    19.1    17.1
94995 20110623  2.402  -96.57   40.85    24.5    13.6    19.1    18.3     0.0    28.29 R -9999.0     0.0    10.3    92.0    52.2    72.0   0.376   0.389   0.340   0.404 -99.000    19.6    19.7    19.4    18.8    17.2
94995 20110624  2.402  -96.57   40.85    25.8    11.7    18.7    19.4     0.0    22.17 R -9999.0     8.4    17.8    92.2    51.8    72.1   0.357   0.370   0.332   0.401 -99.000    19.7    19.7    19.3    18.6    17.2
94995 20110625  2.402  -96.57   40.85    26.6    16.4    21.5    20.9    26.3    23.95 R    39.9    16.6    21.0    93.4    62.9    79.6   0.417   0.427   0.414   0.437 -99.000    20.5    20.2    19.6    18.7    17.2
94995 20110626  2.402  -96.57   40.85    28.0    18.6    23.3    21.4    18.9     8.07 R -9999.0    11.9    16.6    94.7    75.1    89.1   0.412   0.421   0.426   0.440 -99.000    20.9    20.7    20.1    18.8    17.2
94995 20110627  2.402  -96.57   40.85    25.7    13.5    19.6    20.6    28.8    28.50 R -9999.0     0.0    18.6    93.9    44.8    71.8   0.438   0.446   0.452   0.474 -99.000    21.2    21.0    20.4    19.1    17.6
94995 20110628  2.402  -96.57   40.85    26.4    10.0    18.2    19.2     0.0    29.89 R    33.0     8.1    19.9    91.7    45.4    69.7   0.397   0.413   0.427   0.469 -99.000    20.3    20.4    20.1    19.2    17.6
94995 20110629  2.402  -96.57   40.85    31.7    16.5    24.1    24.9     0.0    28.35 R -9999.0     0.0    20.7    88.9    63.2    76.1   0.378   0.396   0.416   0.460 -99.000    21.8    21.3    20.4    19.1    17.6
94995 20110630  2.402  -96.57   40.85    35.7    23.1    29.4    29.6     0.0    28.22 R    38.7     0.0    23.3    78.9    41.2    58.1   0.355   0.378   0.400   0.440 -99.000    23.6    23.0    21.6    19.4    17.7
94995 20110701  2.402  -96.57   40.85    35.7    22.2    28.9    29.1     0.0    28.08 R    38.3    21.5    29.8    73.0    34.5    54.4   0.324   0.354   0.377   0.433 -99.000    24.2    23.7    22.4    20.0    17.8
94995 20110702  2.402  -96.57   40.85    28.5    17.7    23.1    23.3     0.0    22.70 R    35.2    18.1    23.4    91.7    52.5    73.0   0.301   0.335   0.357   0.426 -99.000    23.7    23.5    22.6    20.4    18.0
94995 20110703  2.402  -96.57   40.85    28.0    19.0    23.5    22.8    46.7    20.78 R -9999.0     0.0    14.6    93.6    65.3    80.9   0.407   0.421   0.429   0.454 -99.000    23.0    22.8    22.2    20.8    18.5
94995 20110704  2.402  -96.57   40.85    28.6    17.2    22.9    23.1     0.0    25.46 R    35.3     0.0    19.0    95.4    63.8    82.7   0.396   0.409   0.424   0.444 -99.000    23.3    23.1    22.3    20.8    18.7
94995 20110705  2.402  -96.57   40.85    31.0    19.1    25.0    23.6     6.8    20.89 R -9999.0     0.0    15.1    95.3    61.2    84.0   0.390   0.407   0.413   0.439 -99.000    23.4    23.3    22.5    20.9    18.7
94995 20110706  2.402  -96.57   40.85    29.9    18.5    24.2    24.2     0.0    26.90 R    35.9     0.0    15.3    95.5    55.9    79.5   0.405   0.421   0.407   0.438 -99.000    23.6    23.4    22.6    21.0    18.9
94995 20110707  2.402  -96.57   40.85    28.2    19.2    23.7    23.6    21.0    25.97 R    33.8     0.0    13.8    95.2    54.6    81.1   0.443   0.451   0.451   0.460 -99.000    24.0    23.8    22.9    21.2    19.1
94995 20110708  2.402  -96.57   40.85    30.0    16.5    23.2    23.9     0.0    28.93 R    78.5     0.0    16.9    95.6    53.9    76.3   0.406   0.421   0.436   0.450 -99.000    23.5    23.4    22.8    21.3    19.2
94995 20110709  2.402  -96.57   40.85    31.4    21.2    26.3    25.7     0.0    25.28 R    37.2     0.0    16.0    89.9    61.7    77.0   0.385   0.405   0.421   0.445 -99.000    24.1    23.9    23.0    21.4    19.3
94995 20110710  2.402  -96.57   40.85    33.4    21.9    27.6    27.7     0.0    26.00 R -9999.0     0.0    29.4    94.8    65.9    83.1   0.363   0.392   0.408   0.444 -99.000    25.2    24.7    23.6    21.5    19.4
94995 20110711  2.402  -96.57   40.85    30.2    20.6    25.4    25.8     0.0    21.04 R -9999.0   -16.7    14.8    92.6    54.8    76.1   0.338   0.378   0.398   0.441 -99.000    25.1    24.9    24.0    21.9    19.5
94995 20110712  2.402  -96.57   40.85    26.1    20.7    23.4    23.6     5.5    13.71 R    30.8     0.0     9.1    91.2    70.8    79.4   0.349   0.383   0.393   0.440 -99.000    24.4    24.4    23.8    22.1    19.7
94995 20110713  2.402  -96.57   40.85    28.2    19.6    23.9    23.2     0.0    16.75 R    34.6     0.0    11.5    91.8    69.0    83.0   0.343   0.377   0.389   0.438 -99.000    24.1    24.0    23.4    22.1    19.8
94995 20110714  2.402  -96.57   40.85    32.0    22.2    27.1    26.6     0.0    24.78 R    86.6     0.0    16.9    92.0    63.6    81.2   0.327   0.367   0.377   0.438 -99.000    25.0    24.6    23.7    22.1    19.9
94995 20110715  2.402  -96.57   40.85    34.5    23.0    28.8    28.4     0.0    23.12 R    40.1     0.0    21.0    92.6    57.6    79.1   0.309   0.353   0.366   0.437 -99.000    25.9    25.5    24.3    22.3    20.0
94995 20110716  2.402  -96.57   40.85    34.3    23.8    29.0    28.6     0.0    21.71 R -9999.0   -35.2    31.5    91.8    60.5    77.9   0.292   0.340   0.356   0.435 -99.000    26.4    26.0    24.8    22.6    20.1
94995 20110717  2.402  -96.57   40.85    35.1    24.3    29.7    29.5     0.0    27.33 R    55.1    22.6    31.2    83.6    54.1    70.5   0.276   0.325   0.344   0.430 -99.000    26.7    26.3    25.2    23.0    20.3
94995 20110718  2.402  -96.57   40.85    35.4    24.7    30.0    29.8     0.0    27.41 R    40.7    24.1    31.3    83.9    52.5    67.6   0.259   0.310   0.329   0.422 -99.000    26.8    26.4    25.4    23.2    20.5
94995 20110719  2.402  -96.57   40.85    34.8    24.2    29.5    29.2     0.0    27.92 R    65.9     0.0    26.4    86.0    41.4    64.3   0.243   0.299   0.318   0.417 -99.000    26.6    26.3    25.4    23.4    20.7
94995 20110720  2.402  -96.57   40.85    35.7    24.6    30.2    29.9     0.0    27.59 R    39.2    24.0    27.9    83.3    42.5    59.2   0.230   0.288   0.309   0.407 -99.000    26.5    26.2    25.4    23.5    20.8
94995 20110721  2.402  -96.57   40.85    32.1    21.1    26.6    26.9     0.6    21.65 R    37.2     0.0    18.4    90.3    55.8    75.1   0.223   0.280   0.304   0.400 -99.000    26.3    26.1    25.3    23.5    21.0
94995 20110722  2.402  -96.57   40.85    33.1    23.2    28.1    27.8     0.0    18.20 R -9999.0     0.0    26.7    83.6    57.4    70.1   0.217   0.277   0.299   0.391 -99.000    26.5    26.2    25.4    23.6    21.1
94995 20110723  2.402  -96.57   40.85    35.4    23.1    29.3    27.5     0.0    16.02 R    50.8    20.6    28.4    89.3    48.1    68.9   0.212   0.274   0.298   0.382 -99.000    25.9    25.8    25.2    23.6    21.2
94995 20110724  2.402  -96.57   40.85    33.1    21.2    27.1    27.0     1.3    23.79 R    49.3    19.0    30.0    94.1    50.3    72.8   0.209   0.270   0.295   0.375 -99.000    25.9    25.7    25.1    23.6    21.3
94995 20110725  2.402  -96.57   40.85    32.3    18.7    25.5    25.6     0.0    27.74 R    48.4    16.7    28.4    95.3    49.8    76.2   0.206   0.267   0.293   0.366 -99.000    25.5    25.4    24.9    23.6    21.3
94995 20110726  2.402  -96.57   40.85    34.2    19.8    27.0    27.6     0.0    26.85 R    51.1    18.2    30.9    95.5    46.9    73.7   0.203   0.263   0.290   0.355 -99.000    25.6    25.5    24.8    23.5    21.4
94995 20110727  2.402  -96.57   40.85    35.1    22.2    28.7    28.3     6.6    25.95 R    49.7    21.6    31.2    94.8    43.3    74.7   0.238   0.306   0.302   0.345 -99.000    26.3    26.0    25.2    23.5    21.5
94995 20110728  2.402  -96.57   40.85    29.9    22.0    26.0    25.8     0.4    12.71 R    46.2    21.9    27.5    94.2    69.7    86.1   0.226   0.287   0.299   0.341 -99.000    26.0    25.9    25.3    23.7    21.5
94995 20110729  2.402  -96.57   40.85    27.1    22.2    24.7    24.8     0.0     7.72 R    33.4    22.1    26.3    94.6    76.3    88.4   0.219   0.278   0.297   0.338 -99.000    25.4    25.4    25.0    23.7    21.6
94995 20110730  2.402  -96.57   40.85    32.3    21.5    26.9    26.4     0.0    23.73 R    50.7    19.7    30.2    95.6    60.7    81.5   0.214   0.272   0.296   0.333 -99.000    25.7    25.5    24.8    23.6    21.6
94995 20110731  2.402  -96.57   40.85    35.1    22.6    28.8    27.9     0.0    26.52 R    51.6    19.5    31.3    95.6    53.5    79.4   0.206   0.265   0.292   0.325 -99.000    26.1    25.9    25.1    23.6    21.6
94995 20110801  2.402  -96.57   40.85    38.1    23.7    30.9    30.4     0.0    26.21 R    53.6    22.0    33.3    93.8    35.7    68.3   0.199   0.259   0.287   0.314 -99.000    26.7    26.4    25.5    23.8    21.7
94995 20110802  2.402  -96.57   40.85    33.8    23.5    28.7    28.4     0.0    23.27 R    51.7    20.4    30.7    92.6    52.4    68.2   0.195   0.256   0.284   0.305 -99.000    26.8    26.6    25.7    24.0    21.7
94995 20110803  2.402  -96.57   40.85    30.8    20.3    25.5    24.9     0.0    24.33 R    50.4    19.1    28.9    93.8    51.6    74.5   0.190   0.252   0.279   0.300 -99.000    25.9    25.9    25.5    24.1    21.8
94995 20110804  2.402  -96.57   40.85    29.4    20.8    25.1    24.4     0.0    16.31 R    49.4    19.2    27.4    94.3    61.5    79.2   0.187   0.249   0.278   0.295 -99.000    25.3    25.4    25.0    24.0    21.9
94995 20110805  2.402  -96.57   40.85    28.9    20.9    24.9    24.2    11.0    11.66 R    44.9    19.8    25.7    96.1    69.6    91.1   0.232   0.305   0.295   0.292 -99.000    25.0    25.0    24.7    23.8    21.9
94995 20110806  2.402  -96.57   40.85    32.3    18.9    25.6    24.5    16.2    19.69 R    48.7    19.0    27.9   100.0    60.3    85.9   0.278   0.353   0.313   0.291 -99.000    25.2    25.1    24.7    23.6    21.9
94995 20110807  2.402  -96.57   40.85    30.1    19.1    24.6    24.2    27.1    20.49 R    43.5    19.0    26.5    95.2    52.9    81.2   0.348   0.437   0.417   0.335 -99.000    24.0    24.1    24.2    23.6    23.5
94995 20110808  2.402  -96.57   40.85    29.7    18.2    23.9    23.8     3.1    26.04 R    44.5    16.8    26.6    95.3    49.3    72.6   0.298   0.418   0.400   0.329 -99.000    24.3    24.3    24.1    23.3    23.5
94995 20110809  2.402  -96.57   40.85    28.2    16.0    22.1    21.3     0.0    21.81 R    45.2    14.6    24.2    95.9    45.1    77.3   0.302   0.399   0.382   0.324 -99.000    23.5    23.8    23.6    23.0    23.3
94995 20110810  2.402  -96.57   40.85    25.9    15.5    20.7    19.8     0.0    22.66 R    44.5    14.0    23.9    94.9    40.0    76.5   0.278   0.384   0.374   0.320 -99.000    22.9    23.2    23.3    23.0    23.4
94995 20110811  2.402  -96.57   40.85    28.6    12.6    20.6    21.1    53.8    25.94 R    45.0    11.4    24.7    94.6    46.5    72.9   0.274   0.370   0.365   0.318 -99.000    22.2    22.5    22.7    22.6    23.3
94995 20110812  2.402  -96.57   40.85    28.6    16.8    22.7    20.9    18.7    20.12 R    40.9    15.2    23.0    95.2    53.3    81.6   0.431   0.452   0.452   0.453 -99.000    21.0    21.2    21.6    22.2    23.2
94995 20110813  2.402  -96.57   40.85    27.9    15.4    21.6    21.4     0.0    26.09 R    43.5    13.5    24.3    95.8    46.9    76.5   0.386   0.423   0.427   0.434 -99.000    21.9    22.0    22.0    21.8    23.0
94995 20110814  2.402  -96.57   40.85    28.0    13.1    20.5    20.6     0.0    26.09 R    43.2    11.8    23.8    95.3    47.3    76.8   0.370   0.406   0.417   0.428 -99.000    21.6    21.8    21.9    21.8    22.8
94995 20110815  2.402  -96.57   40.85    26.7    18.2    22.5    21.4     9.5    20.36 R    41.4    18.6    24.3    94.5    64.5    83.3   0.413   0.450   0.441   0.424 -99.000    22.3    22.3    22.1    21.7    22.7
94995 20110816  2.402  -96.57   40.85    26.0    18.9    22.4    21.9     0.0    10.57 R    41.1    18.1    23.8    92.6    71.8    83.2   0.394   0.431   0.432   0.424 -99.000    22.5    22.6    22.3    21.8    22.6
94995 20110817  2.402  -96.57   40.85    29.1    17.9    23.5    23.0     0.0    20.85 R    44.3    16.0    25.1    95.3    57.2    82.0   0.382   0.421   0.425   0.422 -99.000    22.8    22.8    22.5    21.8    22.5
94995 20110818  2.402  -96.57   40.85    31.8    17.4    24.6    23.7    17.9    19.51 R    45.0    16.6    26.0    95.4    66.0    82.9   0.389   0.422   0.427   0.426 -99.000    23.2    23.1    22.7    21.9    22.5
94995 20110819  2.402  -96.57   40.85    28.7    16.1    22.4    21.9     2.7    21.44 R    41.0    14.8    24.3    94.5    62.1    81.7   0.411   0.443   0.445   0.449 -99.000    22.8    22.9    22.7    22.0    22.5
94995 20110820  2.402  -96.57   40.85    26.6    17.8    22.2    21.4     0.2    16.35 R    39.7    16.3    23.2    95.7    64.0    85.6   0.418   0.450   0.436   0.438 -99.000    23.0    23.0    22.8    22.0    22.5
94995 20110821  2.402  -96.57   40.85    28.9    15.6    22.2    22.0     0.0    19.50 R    41.6    14.8    24.2   100.0    60.0    84.0   0.397   0.429   0.430   0.435 -99.000    22.5    22.6    22.5    21.9    22.5
94995 20110822  2.402  -96.57   40.85    30.9    20.1    25.5    25.5     0.0    23.18 R    42.5    19.1    27.5    93.1    59.2    77.6   0.387   0.420   0.423   0.432 -99.000    23.7    23.5    22.9    21.9    22.5
94995 20110823  2.402  -96.57   40.85    33.4    20.2    26.8    26.5     0.0    21.80 R    43.5    18.2    27.6    92.7    59.3    77.9   0.376   0.408   0.419   0.428 -99.000    24.3    24.1    23.4    22.2    22.5
94995 20110824  2.402  -96.57   40.85    31.2    14.8    23.0    24.7     0.0    23.77 R    42.5    13.3    25.9    95.0    41.8    74.1   0.363   0.400   0.414   0.425 -99.000    24.7    24.6    23.8    22.4    22.6
94995 20110825  2.402  -96.57   40.85    28.7    12.5    20.6    20.3     0.0    23.88 R    40.7    11.3    22.3    94.0    35.8    71.6   0.354   0.392   0.410   0.424 -99.000    23.0    23.3    23.1    22.5    22.7
94995 20110826  2.402  -96.57   40.85    30.4    16.2    23.3    22.3     0.0    15.49 R    43.4    14.4    23.2    94.5    48.9    75.6   0.349   0.387   0.406   0.421 -99.000    22.9    23.0    22.7    22.2    22.5
94995 20110827  2.402  -96.57   40.85    30.2    16.2    23.2    22.4     0.0    22.44 R    44.9    15.6    24.9   100.0    50.9    78.6   0.348   0.390   0.407   0.421 -99.000    23.4    23.5    22.9    22.3    22.7
94995 20110828  2.402  -96.57   40.85    26.6    15.6    21.1    20.4     0.0    15.13 R    39.4    14.1    21.7    93.5    63.4    80.1   0.346   0.392   0.407   0.422 -99.000    22.8    23.1    22.8    22.3    22.7
94995 20110829  2.402  -96.57   40.85    27.6    13.9    20.8    20.5     0.0    18.72 R    41.0    12.7    22.6    95.8    51.3    78.6   0.339   0.388   0.405   0.418 -99.000    22.5    22.7    22.4    22.2    22.7
94995 20110830  2.402  -96.57   40.85    28.2    18.6    23.4    22.5    43.2    15.29 R    36.9    18.7    23.8    95.0    64.7    85.0   0.424   0.449   0.458   0.456 -99.000    22.9    22.9    22.3    22.1    22.7
94995 20110831  2.402  -96.57   40.85    32.9    18.2    25.5    25.2     0.0    21.88 R    42.2    17.5    26.8   100.0    60.9    82.6   0.410   0.442   0.447   0.448 -99.000    24.3    24.1    23.0    22.1    22.7
94995 20110901  2.402  -96.57   40.85    35.1    23.3    29.2    28.8     0.0    22.34 R    42.4    19.7    28.0    87.7    38.3    55.6   0.400   0.433   0.439   0.445 -99.000    25.1    24.9    23.8    22.4    22.6
94995 20110902  2.402  -96.57   40.85    32.3    19.4    25.9    26.2    27.4    19.58 R    43.3    19.2    27.4    94.5    39.6    66.2   0.408   0.437   0.446   0.447 -99.000    25.2    25.2    24.1    22.8    22.8
94995 20110903  2.402  -96.57   40.85    25.8    14.1    19.9    20.7     0.6     8.52 R    34.0    12.7    20.9    95.2    62.2    80.1   0.441   0.462   0.465   0.468 -99.000    23.6    24.0    23.7    23.1    23.0
94995 20110904  2.402  -96.57   40.85    23.6     9.3    16.4    16.2     0.0    23.30 R    37.2     8.0    17.6    88.7    34.6    65.0   0.419   0.442   0.450   0.453 -99.000    21.6    22.3    22.5    22.8    23.1
94995 20110905  2.402  -96.57   40.85    21.8     6.4    14.1    13.6     0.0    23.68 R    35.6     5.4    16.1    91.5    38.5    72.0   0.410   0.433   0.442   0.449 -99.000    20.0    20.8    21.3    22.1    23.1
94995 20110906  2.402  -96.57   40.85    23.1     7.7    15.4    15.1     0.0    23.49 R    35.8     5.9    16.9    91.8    40.6    69.1   0.402   0.427   0.438   0.447 -99.000    19.4    20.1    20.4    21.4    22.9
94995 20110907  2.402  -96.57   40.85    24.4     8.2    16.3    15.8     0.0    22.53 R    36.9     7.3    17.8    93.6    42.0    73.6   0.394   0.423   0.437   0.444 -99.000    19.5    20.0    20.1    20.9    22.6
94995 20110908  2.402  -96.57   40.85    24.4     7.3    15.8    15.6     0.0    22.45 R    37.5     6.6    17.8    94.7    38.0    74.8   0.384   0.421   0.434   0.444 -99.000    19.4    19.9    20.0    20.6    22.4
94995 20110909  2.402  -96.57   40.85    27.9    10.7    19.3    19.3     0.0    19.12 R    40.6    10.0    20.7    93.9    40.4    70.8   0.374   0.418   0.432   0.442 -99.000    20.0    20.3    20.0    20.4    22.1
94995 20110910  2.402  -96.57   40.85    27.6    11.4    19.5    19.0     0.0    21.59 R    38.4    10.2    20.7    95.0    37.9    73.9   0.362   0.415   0.429   0.441 -99.000    20.7    20.9    20.5    20.4    22.0
94995 20110911  2.402  -96.57   40.85    28.9    11.1    20.0    19.6     0.0    21.53 R    38.8     9.9    20.6    94.6    37.6    71.4   0.349   0.408   0.426   0.440 -99.000    20.6    20.8    20.5    20.4    21.8
94995 20110912  2.402  -96.57   40.85    32.6    16.5    24.5    23.2     0.0    21.32 R    40.2    13.3    22.8    88.9    29.9    59.9   0.337   0.403   0.421   0.441 -99.000    21.1    21.3    20.7    20.4    21.7
94995 20110913  2.402  -96.57   40.85    21.9    12.3    17.1    16.5     0.0    14.21 R    35.3    10.5    17.4    92.1    44.1    72.4   0.325   0.395   0.418   0.439 -99.000    20.4    20.8    20.8    20.5    21.7
94995 20110914  2.402  -96.57   40.85    17.7     3.6    10.6    12.3     1.9    16.61 R    29.2     2.0    14.0    91.0    29.5    68.9   0.317   0.388   0.415   0.438 -99.000    19.0    19.7    20.0    20.4    21.7
94995 20110915  2.402  -96.57   40.85    13.2     1.9     7.6     8.0     1.9     9.43 R    21.2     0.6     9.6    92.9    38.9    71.2   0.311   0.379   0.410   0.437 -99.000    16.1    17.1    18.3    19.9    21.6
94995 20110916  2.402  -96.57   40.85    13.1     7.8    10.4    10.1     5.6     4.60 R    19.4     8.4    11.6    93.1    70.9    85.7   0.386   0.419   0.433   0.435 -99.000    15.8    16.5    17.4    19.1    21.4
94995 20110917  2.402  -96.57   40.85    13.3    10.8    12.1    12.1     0.2     2.47 R    17.4    11.7    13.4    93.6    87.9    91.7   0.379   0.414   0.425   0.434 -99.000    16.0    16.5    17.1    18.6    21.1
94995 20110918  2.402  -96.57   40.85    21.0     9.4    15.2    14.8    15.0     6.55 R    25.8     7.8    15.2    95.2    64.5    89.9   0.441   0.459   0.466   0.451 -99.000    16.6    16.9    17.1    18.2    20.8
94995 20110919  2.402  -96.57   40.85    27.1     6.9    17.0    16.5     0.0    20.55 R    34.1     5.6    16.4    95.4    25.9    66.3   0.415   0.441   0.450   0.456 -99.000    16.7    17.0    17.1    18.1    20.5
94995 20110920  2.402  -96.57   40.85    22.9    11.2    17.1    17.7     0.0    18.31 R    35.3     8.3    17.6    73.3    28.0    53.1   0.396   0.430   0.442   0.450 -99.000    17.5    17.8    17.6    17.8    20.3
94995 20110921  2.402  -96.57   40.85    21.1     5.6    13.3    13.2     0.0    18.52 R    38.2     2.6    14.0    89.2    34.2    62.0   0.385   0.421   0.436   0.447 -99.000    16.4    16.9    17.3    17.9    20.2
94995 20110922  2.402  -96.57   40.85    20.6     2.7    11.7    10.5     0.0    18.98 R    38.7     1.0    13.1    90.1    41.1    72.5   0.379   0.413   0.432   0.446 -99.000    15.4    16.0    16.5    17.6    20.0
94995 20110923  2.402  -96.57   40.85    20.2     2.4    11.3    10.1     0.0    20.02 R    37.6     0.2    12.6    90.5    23.5    68.4   0.374   0.408   0.429   0.445 -99.000    14.8    15.5    16.0    17.2    19.8
94995 20110924  2.402  -96.57   40.85    21.8     5.5    13.7    13.3     0.0    19.78 R    38.7     3.4    15.3    90.7    32.3    63.5   0.366   0.403   0.427   0.441 -99.000    15.2    15.6    15.9    16.9    19.6
94995 20110925  2.402  -96.57   40.85    20.3     2.5    11.4    10.5     0.0    19.50 R    36.8     0.7    12.9    90.3    33.5    69.3   0.357   0.398   0.424   0.441 -99.000    14.9    15.4    15.8    16.7    19.4
94995 20110926  2.402  -96.57   40.85    22.7     1.8    12.2    11.7     0.0    19.50 R    38.9     0.4    13.9    91.0    29.5    65.8   0.347   0.392   0.422   0.439 -99.000    14.5    15.0    15.4    16.5    19.2
94995 20110927  2.402  -96.57   40.85    26.0     7.1    16.6    15.4     0.0    17.46 R    41.4     4.9    16.6    89.4    30.4    66.7   0.336   0.386   0.420   0.438 -99.000    15.4    15.6    15.7    16.3    19.0
94995 20110928  2.402  -96.57   40.85    29.2     6.0    17.6    16.3     0.0    18.71 R    43.4     3.9    17.8    90.6    23.3    65.5   0.327   0.383   0.417   0.437 -99.000    15.8    16.0    15.9    16.3    18.9
94995 20110929  2.402  -96.57   40.85    24.1     9.1    16.6    17.4     0.0    16.57 R    40.0     3.9    16.7    87.9    15.0    42.5   0.316   0.380   0.413   0.435 -99.000    16.0    16.3    16.3    16.5    18.7
94995 20110930  2.402  -96.57   40.85    21.9     2.7    12.3    10.9     0.0    19.03 R    38.0     0.3    12.6    81.5    22.1    58.3   0.307   0.374   0.408   0.436 -99.000    14.8    15.3    15.7    16.6    18.7
94995 20111001  2.402  -96.57   40.85    23.3     0.3    11.8    11.6     0.0    18.46 R    38.5    -1.0    12.7    85.8    24.4    55.5   0.299   0.369   0.403   0.434 -99.000    14.0    14.5    15.0    16.3    18.6
94995 20111002  2.402  -96.57   40.85    26.5     6.5    16.5    15.7     0.0    18.20 R    40.7     2.3    15.1    73.0    20.7    46.6   0.291   0.367   0.399   0.433 -99.000    14.4    14.8    15.0    16.0    18.5
94995 20111003  2.402  -96.57   40.85    29.0     8.4    18.7    18.0     0.0    17.73 R    42.2     4.2    17.8    67.3    21.8    44.3   0.285   0.364   0.396   0.432 -99.000    15.1    15.3    15.3    15.9    18.4
94995 20111004  2.402  -96.57   40.85    32.1    14.7    23.4    22.1     0.0    16.63 R    43.1    10.2    21.2    56.5    20.0    39.2   0.278   0.363   0.393   0.431 -99.000    16.6    16.5    16.0    16.0    18.2
94995 20111005  2.402  -96.57   40.85    29.0    12.1    20.5    20.6     0.0    17.21 R    42.2     7.6    19.4    66.3    18.9    36.9   0.271   0.360   0.389   0.427 -99.000    16.8    16.9    16.6    16.3    18.2
94995 20111006  2.402  -96.57   40.85    28.4    13.0    20.7    20.0     0.0    11.06 R    42.8     7.8    18.6    59.7    29.4    43.6   0.264   0.356   0.385   0.430 -99.000    16.5    16.7    16.5    16.5    18.2
94995 20111007  2.402  -96.57   40.85    27.6    18.3    22.9    23.2     0.0     9.94 R    39.8    13.1    22.8    56.4    45.9    50.6   0.262   0.354   0.384   0.431 -99.000    17.6    17.4    16.9    16.6    18.2
94995 20111008  2.402  -96.57   40.85    26.6    16.0    21.3    20.6     1.4    10.30 R    42.6    13.6    20.9    90.2    44.3    62.5   0.250   0.353   0.383   0.429 -99.000    17.9    18.3    17.6    16.9    18.3
94995 20111009  2.402  -96.57   40.85    26.6    13.0    19.8    18.6     3.4    11.06 R    36.4    10.4    19.1    92.8    37.8    74.9   0.246   0.350   0.381   0.430 -99.000    17.9    18.4    17.9    17.2    18.4
94995 20111010  2.402  -96.57   40.85    21.8    11.0    16.4    16.0     8.2    16.07 R    33.3     7.1    17.1    94.4    40.2    74.6   0.331   0.408   0.383   0.430 -99.000    16.3    18.3    17.9    17.4    18.5
94995 20111011  2.402  -96.57   40.85    25.9     9.4    17.6    17.0     0.0    14.33 R    38.6     6.1    17.5    90.9    32.5    67.0   0.319   0.395   0.382   0.429 -99.000    15.1    17.1    17.2    17.4    18.6
94995 20111012  2.402  -96.57   40.85    21.3    11.2    16.2    15.3     7.0     4.80 R    25.5     7.3    14.6    93.1    45.4    76.1   0.370   0.422   0.421   0.435 -99.000    14.8    17.1    17.1    17.3    18.6
94995 20111013  2.402  -96.57   40.85    22.9     7.5    15.2    14.5     0.0    16.26 R    33.6     3.7    13.6    77.3    21.6    49.9   0.371   0.413   0.417   0.434 -99.000    14.5    15.9    16.4    17.0    18.6
94995 20111014  2.402  -96.57   40.85    17.2     4.4    10.8    11.8     0.0     9.36 R    32.1     0.6    11.4    76.7    26.4    45.4   0.330   0.401   0.409   0.432 -99.000    13.4    15.0    15.6    16.6    18.6
94995 20111015  2.402  -96.57   40.85    23.3     0.7    12.0    12.8     0.0    15.53 R    34.0    -0.9    12.8    83.0    25.4    51.7   0.334   0.390   0.399   0.426 -99.000    13.0    13.5    14.4    15.7    18.1
94995 20111016  2.402  -96.57   40.85    18.5     1.9    10.2    10.7     0.0    10.40 R    31.0     0.0    11.5    82.2    31.2    59.2   0.334   0.390   0.399   0.428 -99.000    13.6    14.2    14.7    15.7    18.2
94995 20111017  2.402  -96.57   40.85    10.1     1.3     5.7     7.4     0.3     3.96 R    14.4    -0.1     8.2    84.8    51.9    71.6   0.338   0.384   0.396   0.428 -99.000    12.0    13.0    13.9    15.4    18.0
94995 20111018  2.402  -96.57   40.85    12.9     2.4     7.7     7.5     0.0    13.44 R    29.9    -2.8     8.0    73.7    23.5    53.0   0.328   0.381   0.394   0.428 -99.000    11.5    12.5    13.4    14.9    17.8
94995 20111019  2.402  -96.57   40.85    10.4    -3.0     3.7     3.1     0.0    13.88 R    26.6    -5.6     3.8    78.7    29.0    54.1   0.322   0.375   0.391   0.426 -99.000    10.0    11.0    12.3    14.4    17.6
94995 20111020  2.402  -96.57   40.85    12.1    -3.4     4.3     2.9     0.0    15.41 R    28.3    -6.2     4.7    87.4    36.2    67.2   0.315   0.370   0.387   0.425 -99.000     9.1    10.0    11.3    13.7    17.3
94995 20111021  2.402  -96.57   40.85    21.1    -2.8     9.2     8.2     0.0    14.62 R    33.7    -4.4     9.1    87.3    25.5    60.8   0.309   0.368   0.385   0.424 -99.000     9.3     9.9    10.9    13.0    16.9
94995 20111022  2.402  -96.57   40.85    16.7     2.4     9.6     9.4     0.0     5.27 R    21.6     0.6     9.1    89.5    44.7    70.6   0.309   0.367   0.385   0.423 -99.000    10.5    10.9    11.4    12.8    16.6
94995 20111023  2.402  -96.57   40.85    26.0     0.9    13.5    11.6     0.0    14.14 R    38.3    -0.4    11.5    91.6    21.9    61.3   0.307   0.366   0.384   0.424 -99.000    10.9    11.2    11.6    12.7    16.3
94995 20111024  2.402  -96.57   40.85    26.7     2.0    14.3    15.0     0.0    12.06 R    39.5     0.2    13.9    83.8    19.8    49.3   0.304   0.364   0.384   0.423 -99.000    11.3    11.6    11.9    12.8    16.1
94995 20111025  2.402  -96.57   40.85    22.7     7.3    15.0    16.6     0.0    13.26 R    36.3     3.8    16.5    62.9    32.9    48.0   0.302   0.364   0.384   0.424 -99.000    13.2    13.1    12.9    13.0    15.9
94995 20111026  2.402  -96.57   40.85    10.6     6.2     8.4     8.1     0.0     3.25 R    16.4     2.6     8.4    73.9    51.9    63.4   0.297   0.360   0.383   0.424 -99.000    11.6    12.1    12.7    13.2    15.8
94995 20111027  2.402  -96.57   40.85    13.4    -3.2     5.1     5.2     0.0    13.61 R    30.9    -5.6     5.8    85.9    25.1    56.4   0.291   0.356   0.382   0.424 -99.000    10.3    10.9    11.8    13.1    15.8
94995 20111028  2.402  -96.57   40.85    15.2    -1.7     6.7     4.7     0.0    13.34 R    29.8    -5.2     4.4    76.6    19.9    51.0   0.285   0.351   0.379   0.422 -99.000     8.9     9.7    10.8    12.6    15.7
94995 20111029  2.402  -96.57   40.85    20.1    -3.1     8.5     9.0     0.0    10.94 R    35.1    -5.6     8.5    80.5    17.8    45.5   0.280   0.349   0.376   0.420 -99.000     8.5     9.1    10.1    12.1    15.6
94995 20111030  2.402  -96.57   40.85    16.5    -2.3     7.1     9.2     0.0    12.87 R    28.3    -5.4     8.2    71.1    17.1    42.9   0.279   0.348   0.377   0.422 -99.000     9.6    10.1    10.6    11.8    15.3
94995 20111031  2.402  -96.57   40.85    20.8    -4.9     7.9     8.2     0.0    13.04 R    33.0    -6.6     7.3    80.3    19.3    48.1   0.274   0.345   0.375   0.421 -99.000     8.3     9.0     9.9    11.6    15.1
94995 20111101  2.402  -96.57   40.85    19.0     7.0    13.0    13.4     0.0    12.26 R    31.8     3.1    13.2    72.1    34.9    53.5   0.273   0.345   0.375   0.421 -99.000    10.1    10.2    10.4    11.4    14.9
94995 20111102  2.402  -96.57   40.85     9.3     0.4     4.9     5.0    19.6     0.81 R    10.2     0.3     4.6    89.9    49.0    71.6   0.327   0.394   0.408   0.429 -99.000     8.7     9.4    10.4    11.6    14.7
94995 20111103  2.402  -96.57   40.85    10.2    -4.8     2.7     2.2     0.0    13.29 R    21.4    -6.6     2.4    83.6    32.5    62.7   0.360   0.422   0.421   0.438 -99.000     7.3     8.1     9.2    11.1    14.6
94995 20111104  2.402  -96.57   40.85    13.9    -5.2     4.4     4.3     0.0    12.25 R    26.6    -7.0     3.7    85.7    40.5    67.8   0.352   0.411   0.413   0.435 -99.000     6.5     7.2     8.4    10.6    14.4
94995 20111105  2.402  -96.57   40.85    16.2     3.3     9.7     9.7     0.0     9.92 R    28.0    -1.3     8.9    89.3    42.9    65.4   0.349   0.410   0.409   0.433 -99.000     7.7     7.9     8.6    10.2    14.2
94995 20111106  2.402  -96.57   40.85    13.7    -1.2     6.2     8.2     0.0    12.29 R    26.8    -4.2     8.3    80.0    29.4    56.3   0.345   0.407   0.407   0.432 -99.000     8.8     9.0     9.4    10.2    13.9
94995 20111107  2.402  -96.57   40.85    13.6    -4.6     4.5     4.4    24.6     6.25 R    23.6    -6.5     4.1    91.8    33.5    74.6   0.366   0.418   0.422   0.441 -99.000     7.1     7.7     8.7    10.2    13.7
94995 20111108  2.402  -96.57   40.85     6.8     4.3     5.5     5.5     4.1     1.90 R     8.5     3.2     5.7    93.0    59.6    80.5   0.429   0.455   0.459   0.470 -99.000     7.7     8.0     8.6     9.9    13.5
94995 20111109  2.402  -96.57   40.85    10.5    -1.6     4.5     3.9     0.0    12.03 R    18.7    -6.6     2.5    80.3    25.6    52.7   0.407   0.440   0.440   0.460 -99.000     6.8     7.5     8.4     9.8    13.3
94995 20111110  2.402  -96.57   40.85     9.2    -3.7     2.8     1.6     0.0    11.83 R    21.6    -8.5     0.4    71.4    26.2    52.9   0.393   0.429   0.429   0.448 -99.000     5.0     5.9     7.3     9.4    13.2
94995 20111111  2.402  -96.57   40.85    17.9    -1.0     8.5     6.7     0.0    11.58 R    27.6    -5.5     4.9    79.2    23.4    53.0   0.390   0.425   0.425   0.446 -99.000     5.3     5.8     6.8     8.9    13.0
94995 20111112  2.402  -96.57   40.85    14.5     2.2     8.4     7.6     0.0     7.24 R    27.3    -3.0     5.6    86.8    43.2    64.9   0.387   0.418   0.424   0.445 -99.000     6.0     6.3     7.1     8.7    12.7
94995 20111113  2.402  -96.57   40.85    12.4     2.6     7.5     9.0     0.0     6.65 R    24.1    -1.5     7.5    78.3    33.1    53.1   0.384   0.418   0.424   0.445 -99.000     6.8     7.1     7.6     8.7    12.5
94995 20111114  2.402  -96.57   40.85    15.3     4.9    10.1     9.7     0.0    10.10 R    27.4    -0.8     8.8    75.5    22.5    44.5   0.384   0.416   0.423   0.444 -99.000     7.3     7.5     7.9     8.8    12.4
94995 20111115  2.402  -96.57   40.85    13.5    -3.1     5.2     6.5     0.0    11.19 R    26.4    -7.2     5.8    67.6    26.9    47.9   0.379   0.414   0.422   0.442 -99.000     7.0     7.4     8.0     8.9    12.3
94995 20111116  2.402  -96.57   40.85     6.7    -7.6    -0.4    -0.5     0.0     9.23 R    18.6   -10.9    -0.9    83.2    20.6    54.9   0.371   0.409   0.418   0.440 -99.000     4.9     5.7     7.0     8.8    12.2
94995 20111117  2.402  -96.57   40.85     9.5    -8.5     0.5     1.1     0.0    10.93 R    19.0   -11.8     0.3    85.9    25.5    56.7   0.368   0.406   0.416   0.440 -99.000     3.7     4.5     6.0     8.3    12.1
94995 20111118  2.402  -96.57   40.85    14.4     3.7     9.0     7.4     0.0    10.07 R    22.9    -1.1     6.0    84.0    37.7    55.6   0.366   0.408   0.417   0.440 -99.000     5.1     5.4     6.1     7.9    11.9
94995 20111119  2.402  -96.57   40.85     9.2    -4.1     2.5     1.4     0.0     1.19 R     9.3    -2.8     1.7    85.7    73.1    79.1   0.365   0.407   0.416   0.439 -99.000     5.1     5.6     6.4     7.8    11.7
94995 20111120  2.402  -96.57   40.85     1.8    -8.7    -3.4    -4.5     0.0     8.16 R    14.4   -10.0    -3.0    85.8    52.5    72.5   0.359   0.403   0.414   0.439 -99.000     3.6     4.5     5.7     7.7    11.5
94995 20111121  2.402  -96.57   40.85     2.6   -10.5    -4.0    -2.6     0.0     3.75 R     9.4   -11.2    -1.8    88.2    67.0    79.0   0.358   0.400   0.412   0.437 -99.000     2.5     3.3     4.7     7.2    11.3
94995 20111122  2.402  -96.57   40.85     5.8    -1.9     1.9     1.8     0.0     3.74 R    12.4    -5.4     2.2    93.7    70.2    83.8   0.357   0.402   0.412   0.435 -99.000     4.1     4.5     5.1     6.8    11.1
94995 20111123  2.402  -96.57   40.85    14.2    -3.4     5.4     4.0     0.0     9.96 R    23.8    -6.4     2.5    94.9    35.7    72.9   0.355   0.401   0.412   0.436 -99.000     3.7     4.2     5.1     6.7    10.9
94995 20111124  2.402  -96.57   40.85    22.4     3.9    13.1    12.5     0.0     9.80 R    29.1    -2.6    10.2    81.4    24.6    57.5   0.354   0.402   0.413   0.436 -99.000     5.1     5.1     5.5     6.7    10.7
94995 20111125  2.402  -96.57   40.85    14.9     8.6    11.8    11.4     0.6     3.65 R    19.0     5.7    10.6    84.8    60.7    73.2   0.355   0.406   0.416   0.437 -99.000     7.4     7.1     6.9     7.0    10.6
94995 20111126  2.402  -96.57   40.85    10.2     1.7     6.0     5.4     0.0     6.90 R    14.4    -1.6     5.3    74.9    40.1    57.2   0.352   0.405   0.416   0.437 -99.000     7.0     7.3     7.4     7.6    10.5
94995 20111127  2.402  -96.57   40.85     5.0    -9.8    -2.4    -2.0     0.0    10.07 R    16.6   -11.8    -1.6    78.4    33.0    52.6   0.346   0.399   0.413   0.437 -99.000     4.5     5.4     6.5     7.7    10.6
94995 20111128  2.402  -96.57   40.85     8.9   -10.9    -1.0    -1.3     0.0     9.53 R    19.8   -12.3    -1.6    84.1    26.0    59.2   0.342   0.395   0.409   0.436 -99.000     2.7     3.5     5.0     7.2    10.6
94995 20111129  2.402  -96.57   40.85     7.2    -8.1    -0.4     0.1     0.0     9.10 R    20.1   -10.7    -0.9    84.3    23.9    60.2   0.340   0.394   0.409   0.435 -99.000     2.9     3.5     4.7     6.6    10.5
94995 20111130  2.402  -96.57   40.85    11.5    -7.2     2.2     3.9     0.0     5.99 R    20.4   -10.4     1.1    67.2    25.3    40.1   0.339   0.392   0.407   0.435 -99.000     2.4     3.0     4.2     6.3    10.3
94995 20111201  2.402  -96.57   40.85     2.7    -8.1    -2.7    -1.2     0.0     2.21 R     6.1   -12.5    -2.1    73.6    48.0    62.4   0.337   0.392   0.407   0.433 -99.000     2.7     3.2     4.3     6.0    10.1
94995 20111202  2.402  -96.57   40.85     3.8   -14.1    -5.2    -3.9     1.7     8.47 R    15.1   -15.8    -3.1    91.5    39.6    65.2   0.328   0.389   0.405   0.433 -99.000     1.3     2.1     3.5     5.8     9.9
94995 20111203  2.402  -96.57   40.85     2.0    -2.9    -0.5     0.0    18.4     0.42 R     3.1    -3.4     0.2    95.8    82.1    92.5   0.353   0.407   0.421   0.433 -99.000     2.3     2.7     3.6     5.4     9.7
94995 20111204  2.402  -96.57   40.85    -2.8   -14.2    -8.5    -7.2     0.0    10.04 R    -1.9   -17.0    -9.2    89.7    67.2    80.9   0.369   0.420   0.422   0.433 -99.000     2.4     2.8     3.7     5.3     9.4
94995 20111205  2.402  -96.57   40.85    -5.4   -13.4    -9.4    -8.3     0.2     2.38 R    -3.1   -17.4    -8.8    88.0    73.2    78.9   0.369   0.416   0.418   0.433 -99.000     1.5     2.1     3.3     5.2     9.2
94995 20111206  2.402  -96.57   40.85    -7.2   -17.8   -12.5   -12.3     0.0    13.72 R    -3.7   -21.1   -13.8    84.6    58.1    77.4   0.382   0.413   0.415   0.432 -99.000     0.8     1.6     2.8     4.9     9.1
94995 20111207  2.402  -96.57   40.85    -0.4   -11.7    -6.0    -7.0     0.0     7.96 R     0.5   -14.0    -8.3    90.7    60.9    73.6 -99.000   0.408   0.413   0.430 -99.000     0.3     1.2     2.4     4.6     8.9
94995 20111208  2.402  -96.57   40.85    -2.4   -13.2    -7.8    -6.6     4.8     2.53 R     0.3   -15.2    -6.5    90.7    85.4    88.4 -99.000   0.406   0.412   0.430 -99.000     0.0     1.1     2.2     4.3     8.7
94995 20111209  2.402  -96.57   40.85    -4.7   -18.8   -11.8    -9.1     0.0     5.65 R    -1.8   -21.4   -10.3    90.6    64.2    82.0 -99.000   0.405   0.411   0.429 -99.000     0.3     1.2     2.2     4.0     8.5
94995 20111210  2.402  -96.57   40.85     1.8   -18.8    -8.5    -5.4     0.0     8.80 R     0.5   -21.1    -7.9    90.4    61.5    77.8   0.421   0.403   0.411   0.429 -99.000     0.3     1.1     2.2     3.9     8.3
94995 20111211  2.402  -96.57   40.85     5.3    -2.2     1.6     2.4     0.0     5.56 R     3.2    -4.6     0.2    91.3    71.1    80.8   0.434   0.410   0.418   0.432 -99.000     0.4     1.3     2.1     3.8     8.1
94995 20111212  2.402  -96.57   40.85     6.3     1.0     3.7     4.0     0.0     3.00 R     7.7     1.3     3.0    89.0    65.6    75.5   0.475   0.439   0.446   0.454 -99.000     0.9     1.6     2.2     3.6     7.9
94995 20111213  2.402  -96.57   40.85     5.1     0.1     2.6     2.7     6.4     1.49 R     8.4     0.7     3.3    95.3    84.2    91.4   0.471   0.442   0.449   0.457 -99.000     1.4     2.2     2.6     3.7     7.7
94995 20111214  2.402  -96.57   40.85    11.4    -0.8     5.3     6.0     9.3     1.71 R    15.6    -2.6     6.0    95.6    80.7    91.6   0.441   0.451   0.458   0.460 -99.000     2.9     3.4     3.3     3.7     7.5
94995 20111215  2.402  -96.57   40.85     2.0    -8.2    -3.1    -1.6     0.0     8.08 R    10.6   -10.8    -2.2    91.8    57.8    75.5   0.423   0.439   0.448   0.457 -99.000     2.3     3.2     3.7     4.2     7.4
94995 20111216  2.402  -96.57   40.85     3.5    -9.8    -3.2    -3.2     0.0     6.28 R    10.6   -11.7    -4.6    91.3    58.1    79.3   0.388   0.427   0.440   0.456 -99.000     0.6     1.7     2.7     4.2     7.5
94995 20111217  2.402  -96.57   40.85     9.8    -6.4     1.7     0.4     0.0     8.07 R    16.8    -9.1    -1.3    94.0    43.6    75.8   0.371   0.423   0.434   0.455 -99.000     0.5     1.3     2.2     3.9     7.5
94995 20111218  2.402  -96.57   40.85    12.1    -2.1     5.0     3.5     0.0     7.02 R    18.9    -6.2     1.0    92.3    49.4    71.6   0.375   0.421   0.434   0.453 -99.000     0.7     1.3     2.1     3.7     7.4
94995 20111219  2.402  -96.57   40.85     2.3    -4.0    -0.9     0.2     0.0     2.56 R     5.5    -6.3    -0.8    95.7    64.9    78.6   0.395   0.418   0.431   0.448 -99.000     0.7     1.3     2.1     3.6     7.4
94995 20111220  2.402  -96.57   40.85     2.0    -2.9    -0.5    -0.9     0.0     5.38 R    17.2    -4.3     0.9    84.3    57.2    72.4   0.391   0.419   0.428   0.442 -99.000     1.1     1.6     2.2     3.5     7.3
94995 20111221  2.402  -96.57   40.85     8.3    -3.4     2.5     1.4     0.0     7.17 R    22.1    -8.1     0.7    82.7    45.1    66.7   0.398   0.419   0.429   0.441 -99.000     1.2     1.8     2.4     3.5     7.2
94995 20111222  2.402  -96.57   40.85     1.5   -10.8    -4.7    -3.0     0.7     6.91 R     9.2   -13.6    -2.9    93.3    60.0    76.6   0.394   0.416   0.426   0.439 -99.000     1.3     1.9     2.5     3.6     7.1
94995 20111223  2.402  -96.57   40.85     5.3   -12.1    -3.4    -3.6     0.0     8.55 R    12.3   -14.8    -5.1    88.6    36.8    67.2 -99.000   0.412   0.422   0.438 -99.000     0.2     1.0     2.0     3.5     7.1
94995 20111224  2.402  -96.57   40.85     9.5    -8.6     0.4    -0.8     0.0     8.70 R    18.4   -11.0    -2.7    89.6    32.8    66.9 -99.000   0.410   0.420   0.437 -99.000     0.1     0.7     1.6     3.3     7.0
94995 20111225  2.402  -96.57   40.85     9.3    -6.3     1.5     0.0     0.0     8.82 R    19.4   -10.4    -2.1    82.6    32.4    63.3 -99.000   0.409   0.419   0.436 -99.000    -0.1     0.6     1.4     3.1     6.9
94995 20111226  2.402  -96.57   40.85    10.5    -2.8     3.8     2.2     0.0     6.84 R    21.7    -9.0    -0.7    78.9    39.2    64.0 -99.000   0.409   0.419   0.436 -99.000     0.0     0.5     1.3     3.0     6.8
94995 20111227  2.402  -96.57   40.85     6.7    -2.7     2.0     2.1     0.0     8.44 R    17.2    -7.1     0.8    76.9    42.0    57.7 -99.000   0.407   0.419   0.435 -99.000     0.0     0.6     1.3     2.9     6.7
94995 20111228  2.402  -96.57   40.85    13.6    -4.9     4.3     3.8     0.0     7.86 R    21.2    -8.8     1.7    81.2    27.6    55.8 -99.000   0.408   0.418   0.435 -99.000    -0.2     0.7     1.4     2.9     6.5
94995 20111229  2.402  -96.57   40.85    13.8    -2.7     5.6     7.3     0.0     5.09 R    22.7    -6.0     5.4    83.2    36.0    55.7 -99.000   0.408   0.419   0.436 -99.000     0.4     1.0     1.6     2.8     6.5
94995 20111230  2.402  -96.57   40.85    10.2    -2.2     4.0     5.2     0.0     7.99 R    19.5    -5.9     3.8    84.0    41.2    61.4   0.373   0.410   0.420   0.436 -99.000     2.1     2.1     2.4     3.0     6.4
94995 20111231  2.402  -96.57   40.85    11.3    -0.5     5.4     4.6     0.2     5.56 R    20.5    -5.1     3.2    81.2    41.1    62.1   0.374   0.409   0.419   0.436 -99.000     1.5     1.9     2.4     3.2     6.4
