23907 20110101  2.403  -98.08   30.62    11.3     0.7     6.0     6.8     0.0    14.05 R    18.3     2.3     9.4    54.8    26.9    35.3   0.269   0.328 -99.000 -99.000 -99.000    10.5    11.7 -9999.0 -9999.0 -9999.0
23907 20110102  2.403  -98.08   30.62    12.3    -2.6     4.8     4.6     0.0    13.38 R    19.1    -0.9     7.1    64.2    24.6    41.5   0.263   0.321 -99.000 -99.000 -99.000     8.7    10.1 -9999.0 -9999.0 -9999.0
23907 20110103  2.403  -98.08   30.62    13.6     3.6     8.6     8.5     0.0     7.43 R    18.3     4.0     9.8    79.6    39.9    58.3   0.263   0.318 -99.000 -99.000 -99.000    10.2    10.7 -9999.0 -9999.0 -9999.0
23907 20110104  2.403  -98.08   30.62    14.1     8.6    11.4    11.7     0.3     2.83 R    16.0     7.4    12.3    98.2    76.4    93.6   0.265   0.319 -99.000 -99.000 -99.000    12.1    12.0 -9999.0 -9999.0 -9999.0
23907 20110105  2.403  -98.08   30.62    19.7     7.8    13.7    13.4     0.0    13.32 R    23.5     7.2    13.9    98.0    13.6    53.7   0.267   0.320 -99.000 -99.000 -99.000    12.7    12.8 -9999.0 -9999.0 -9999.0
23907 20110106  2.403  -98.08   30.62    17.4     5.1    11.3    11.0     0.0    12.39 R    22.2     3.9    10.5    50.4    20.9    34.3   0.260   0.316 -99.000 -99.000 -99.000    10.4    11.3 -9999.0 -9999.0 -9999.0
23907 20110107  2.403  -98.08   30.62    21.8     5.0    13.4    13.1     0.0    13.23 R    27.2     3.3    12.6    55.4    14.4    32.7   0.258   0.313 -99.000 -99.000 -99.000    10.5    11.1 -9999.0 -9999.0 -9999.0
23907 20110108  2.403  -98.08   30.62    15.4     5.2    10.3    10.4     0.0    13.17 R    22.0     5.0    11.7    52.7    24.2    36.5   0.256   0.312 -99.000 -99.000 -99.000    10.8    11.3 -9999.0 -9999.0 -9999.0
23907 20110109  2.403  -98.08   30.62     8.7     2.1     5.4     4.8    35.1     3.69 R    13.4     4.0     6.7    98.8    52.4    93.5   0.374   0.513 -99.000 -99.000 -99.000     9.4     9.9 -9999.0 -9999.0 -9999.0
23907 20110110  2.403  -98.08   30.62     3.0     1.2     2.1     1.9     0.0     2.67 R     6.2     2.2     4.0   100.0    93.4    99.1   0.363   0.437 -99.000 -99.000 -99.000     8.5     9.4 -9999.0 -9999.0 -9999.0
23907 20110111  2.403  -98.08   30.62     4.3    -4.6    -0.1    -0.5     0.0    14.66 R    11.3    -2.7     2.4    93.1    38.3    65.3   0.349   0.406 -99.000 -99.000 -99.000     6.5     8.0 -9999.0 -9999.0 -9999.0
23907 20110112  2.403  -98.08   30.62     2.7    -5.2    -1.3    -1.1     0.0     7.66 R     8.2    -3.3     1.6    75.3    39.5    54.7   0.339   0.390 -99.000 -99.000 -99.000     5.4     6.8 -9999.0 -9999.0 -9999.0
23907 20110113  2.403  -98.08   30.62     4.1    -1.2     1.5     0.8     0.0     5.10 R     9.2     1.1     3.3    63.0    29.6    50.6   0.335   0.377 -99.000 -99.000 -99.000     6.2     7.2 -9999.0 -9999.0 -9999.0
23907 20110114  2.403  -98.08   30.62     6.1     1.2     3.7     3.8     0.6     2.53 R     7.8     2.2     5.1    98.3    53.0    78.7   0.333   0.372 -99.000 -99.000 -99.000     7.0     7.6 -9999.0 -9999.0 -9999.0
23907 20110115  2.403  -98.08   30.62     9.1     5.4     7.2     6.9     9.1     3.48 R    11.7     6.1     7.9    98.6    96.1    97.8   0.369   0.423 -99.000 -99.000 -99.000     8.7     8.7 -9999.0 -9999.0 -9999.0
23907 20110116  2.403  -98.08   30.62     9.3     6.6     7.9     7.9     5.4     2.41 R    10.7     6.5     8.6    98.0    91.9    96.3   0.421   0.531 -99.000 -99.000 -99.000     9.5     9.5 -9999.0 -9999.0 -9999.0
23907 20110117  2.403  -98.08   30.62    18.6     6.3    12.5    10.3     0.0    11.88 R    21.3     7.4    11.4    98.2    47.5    83.6   0.398   0.478 -99.000 -99.000 -99.000    10.5    10.2 -9999.0 -9999.0 -9999.0
23907 20110118  2.403  -98.08   30.62    18.6     5.9    12.2    11.2     0.0    11.48 R    22.0     6.7    11.6    98.2    47.9    81.3   0.381   0.434 -99.000 -99.000 -99.000    10.5    10.6 -9999.0 -9999.0 -9999.0
23907 20110119  2.403  -98.08   30.62    17.3     3.8    10.6    10.3     0.0    14.27 R    21.4     4.1    11.3    91.6    49.1    74.6   0.370   0.412 -99.000 -99.000 -99.000    10.4    10.5 -9999.0 -9999.0 -9999.0
23907 20110120  2.403  -98.08   30.62    13.4    -2.1     5.6     5.3     0.0     6.42 R    13.4    -1.0     7.2    92.3    54.3    75.4   0.360   0.400 -99.000 -99.000 -99.000     9.9    10.5 -9999.0 -9999.0 -9999.0
23907 20110121  2.403  -98.08   30.62     9.9    -5.2     2.3     1.4     0.0    15.58 R    17.2    -3.7     4.1    84.4    22.1    57.9   0.346   0.384 -99.000 -99.000 -99.000     6.7     8.0 -9999.0 -9999.0 -9999.0
23907 20110122  2.403  -98.08   30.62    16.1    -0.7     7.7     8.4     0.0    16.14 R    21.4    -0.4     8.5    70.8    22.2    42.1   0.342   0.377 -99.000 -99.000 -99.000     7.4     8.0 -9999.0 -9999.0 -9999.0
23907 20110123  2.403  -98.08   30.62    17.4     3.6    10.5     8.5     0.0     8.00 R    21.3     4.0     9.2    86.7    31.1    65.0   0.339   0.374 -99.000 -99.000 -99.000     8.7     9.0 -9999.0 -9999.0 -9999.0
23907 20110124  2.403  -98.08   30.62    12.8     0.4     6.6     5.8     0.0    12.78 R    21.0     1.1     7.8    78.6    31.7    55.9   0.334   0.370 -99.000 -99.000 -99.000     8.4     8.9 -9999.0 -9999.0 -9999.0
23907 20110125  2.403  -98.08   30.62    13.1     2.9     8.0     6.6     0.0    15.67 R    19.6     2.6     8.2    67.3    38.3    55.6   0.328   0.366 -99.000 -99.000 -99.000     8.1     8.8 -9999.0 -9999.0 -9999.0
23907 20110126  2.403  -98.08   30.62    16.4    -0.7     7.8     7.9     0.0    16.48 R    23.6    -0.6     8.8    87.0    19.2    47.2   0.323   0.361 -99.000 -99.000 -99.000     8.0     8.6 -9999.0 -9999.0 -9999.0
23907 20110127  2.403  -98.08   30.62    18.8     4.7    11.8    11.5     0.0    16.53 R    24.6     2.5    10.9    49.0    19.2    33.0   0.320   0.359 -99.000 -99.000 -99.000     8.6     9.0 -9999.0 -9999.0 -9999.0
23907 20110128  2.403  -98.08   30.62    23.1     7.1    15.1    14.3     0.0    16.58 R    28.6     4.6    13.7    44.1    12.1    28.5   0.318   0.358 -99.000 -99.000 -99.000     9.6     9.7 -9999.0 -9999.0 -9999.0
23907 20110129  2.403  -98.08   30.62    21.8     9.6    15.7    15.2     0.0    10.39 R    27.3     8.3    15.2    90.9    41.1    70.3   0.319   0.358 -99.000 -99.000 -99.000    11.5    11.0 -9999.0 -9999.0 -9999.0
23907 20110130  2.403  -98.08   30.62    25.4     8.0    16.7    18.4     0.0    14.87 R    32.1     9.7    19.6    92.8    25.7    60.5   0.323   0.362 -99.000 -99.000 -99.000    14.6    13.5 -9999.0 -9999.0 -9999.0
23907 20110131  2.403  -98.08   30.62    22.7     6.0    14.3    13.8     0.0     9.30 R    27.3     7.9    15.6    90.4    51.3    69.8   0.317   0.359 -99.000 -99.000 -99.000    13.3    13.0 -9999.0 -9999.0 -9999.0
23907 20110201  2.403  -98.08   30.62    17.1    -9.6     3.8    -2.1     8.6    10.89 R    17.1    -6.5     1.6    95.5    64.8    77.2   0.356   0.409 -99.000 -99.000 -99.000     9.2    10.7 -9999.0 -9999.0 -9999.0
23907 20110202  2.403  -98.08   30.62    -6.0   -10.6    -8.3    -8.5     0.0     7.84 R    -0.3    -7.6    -4.6    70.6    55.7    63.9   0.341   0.387 -99.000 -99.000 -99.000     3.8     6.2 -9999.0 -9999.0 -9999.0
23907 20110203  2.403  -98.08   30.62    -4.9    -9.1    -7.0    -7.5     0.0     5.14 R    -0.4    -5.9    -4.1    82.7    54.3    64.7   0.332   0.375 -99.000 -99.000 -99.000     2.9     4.8 -9999.0 -9999.0 -9999.0
23907 20110204  2.403  -98.08   30.62     3.5    -8.2    -2.4    -3.4     1.9    17.64 R     9.7    -7.9    -1.3    89.5    37.1    64.8   0.338   0.374 -99.000 -99.000 -99.000     3.5     4.8 -9999.0 -9999.0 -9999.0
23907 20110205  2.403  -98.08   30.62    18.4    -3.1     7.7     7.5     0.0    17.81 R    20.8    -3.0     7.0    61.3    17.1    34.8   0.342   0.375 -99.000 -99.000 -99.000     5.4     5.8 -9999.0 -9999.0 -9999.0
23907 20110206  2.403  -98.08   30.62    19.9     5.1    12.5    10.7     0.0    17.35 R    25.0     3.3    11.0    77.1    19.6    43.5   0.343   0.376 -99.000 -99.000 -99.000     8.0     7.9 -9999.0 -9999.0 -9999.0
23907 20110207  2.403  -98.08   30.62    11.6     1.6     6.6     5.7     0.0    18.03 R    19.6     1.5     7.9    87.7    24.2    55.4   0.337   0.373 -99.000 -99.000 -99.000     8.1     8.4 -9999.0 -9999.0 -9999.0
23907 20110208  2.403  -98.08   30.62    15.9     0.3     8.1     8.0     0.0    16.53 R    21.9     0.4     9.5    86.0    41.0    57.6   0.333   0.368 -99.000 -99.000 -99.000     8.2     8.3 -9999.0 -9999.0 -9999.0
23907 20110209  2.403  -98.08   30.62     8.2    -8.9    -0.4    -3.0     4.3     9.69 R     9.3    -5.1     0.1    97.4    61.2    80.0   0.349   0.381 -99.000 -99.000 -99.000     6.7     7.8 -9999.0 -9999.0 -9999.0
23907 20110210  2.403  -98.08   30.62     5.1    -9.3    -2.1    -2.8     0.0    18.79 R    12.7    -7.1     0.4    72.7    30.6    53.8   0.337   0.373 -99.000 -99.000 -99.000     4.3     5.6 -9999.0 -9999.0 -9999.0
23907 20110211  2.403  -98.08   30.62    13.1    -4.0     4.6     4.2     0.0    19.26 R    20.3    -4.4     5.2    72.4    16.1    44.1   0.336   0.369 -99.000 -99.000 -99.000     5.5     6.0 -9999.0 -9999.0 -9999.0
23907 20110212  2.403  -98.08   30.62    18.0     1.2     9.6     9.4     0.0    19.25 R    23.8    -1.1     9.3    51.4    13.6    30.9   0.336   0.368 -99.000 -99.000 -99.000     7.0     7.1 -9999.0 -9999.0 -9999.0
23907 20110213  2.403  -98.08   30.62    22.1     3.4    12.7    12.4     0.0    19.30 R    27.0     1.7    12.5    82.2    22.9    45.1   0.336   0.369 -99.000 -99.000 -99.000     8.9     8.6 -9999.0 -9999.0 -9999.0
23907 20110214  2.403  -98.08   30.62 -9999.0 -9999.0 -9999.0 -9999.0     0.0 -9999.00 U -9999.0 -9999.0 -9999.0 -9999.0 -9999.0 -9999.0 -99.000 -99.000 -99.000 -99.000 -99.000 -9999.0 -9999.0 -9999.0 -9999.0 -9999.0
23907 20110215  2.403  -98.08   30.62    22.3    14.5    18.4    17.5     0.0    12.05 R    28.6    14.2    18.4    88.1    53.7    74.5   0.339   0.373 -99.000 -99.000 -99.000    13.7    12.5 -9999.0 -9999.0 -9999.0
23907 20110216  2.403  -98.08   30.62    22.4    15.2    18.8    17.3     0.0     8.25 R    27.4    15.3    18.0    89.0    52.6    78.6   0.339   0.373 -99.000 -99.000 -99.000    14.6    13.6 -9999.0 -9999.0 -9999.0
23907 20110217  2.403  -98.08   30.62    23.3    16.9    20.1    18.7     0.0     8.13 R    29.3    16.2    19.1    90.2    54.2    76.3   0.338   0.373 -99.000 -99.000 -99.000    15.4    14.4 -9999.0 -9999.0 -9999.0
23907 20110218  2.403  -98.08   30.62    23.3    15.7    19.5    18.2     0.2     5.37 R    27.1    15.0    18.4    96.9    58.6    83.4   0.336   0.373 -99.000 -99.000 -99.000    15.9    15.1 -9999.0 -9999.0 -9999.0
23907 20110219  2.403  -98.08   30.62    19.8    13.1    16.5    16.4     0.0     5.12 R    23.1    13.1    17.0    94.8    79.4    87.7   0.334   0.371 -99.000 -99.000 -99.000    15.5    14.9 -9999.0 -9999.0 -9999.0
23907 20110220  2.403  -98.08   30.62    25.0    15.6    20.3    19.1     0.0    10.35 R    30.9    14.9    19.9    87.2    49.1    72.9   0.334   0.370 -99.000 -99.000 -99.000    16.4    15.6 -9999.0 -9999.0 -9999.0
23907 20110221  2.403  -98.08   30.62    28.4    10.8    19.6    19.6     0.0    16.46 R    38.3    12.0    21.9    87.7    18.8    56.6   0.333   0.371 -99.000 -99.000 -99.000    17.4    16.5 -9999.0 -9999.0 -9999.0
23907 20110222  2.403  -98.08   30.62    16.6     6.8    11.7    11.8     0.0     6.56 R    21.1     9.0    14.5    73.1    42.7    56.0   0.321   0.364 -99.000 -99.000 -99.000    14.7    14.9 -9999.0 -9999.0 -9999.0
23907 20110223  2.403  -98.08   30.62    21.3    13.0    17.2    17.1     1.1     3.46 R    22.5    14.2    17.3    98.1    71.9    89.5   0.320   0.362 -99.000 -99.000 -99.000    15.8    15.2 -9999.0 -9999.0 -9999.0
23907 20110224  2.403  -98.08   30.62    27.8    14.8    21.3    20.0     1.7    12.95 R    30.8    12.1    19.8    96.1     9.8    56.0   0.327   0.365 -99.000 -99.000 -99.000    16.9    16.3 -9999.0 -9999.0 -9999.0
23907 20110225  2.403  -98.08   30.62    20.4     3.2    11.8    11.8     0.0    20.66 R    29.3     4.9    15.0    80.8    19.5    50.5   0.325   0.364 -99.000 -99.000 -99.000    14.5    14.7 -9999.0 -9999.0 -9999.0
23907 20110226  2.403  -98.08   30.62    24.0     9.3    16.6    17.0     0.0     6.24 R    26.9     9.3    17.3    97.1    61.0    81.5   0.324   0.362 -99.000 -99.000 -99.000    15.4    15.0 -9999.0 -9999.0 -9999.0
23907 20110227  2.403  -98.08   30.62    27.1    17.6    22.4    20.8     0.3     9.23 R    30.5    17.7    21.0    97.0    49.1    82.4   0.328   0.365 -99.000 -99.000 -99.000    17.8    16.8 -9999.0 -9999.0 -9999.0
23907 20110228  2.403  -98.08   30.62    20.1     9.4    14.8    14.6     0.0    21.09 R    28.3     9.7    17.1    55.7    17.9    34.1   0.321   0.362 -99.000 -99.000 -99.000    16.0    16.1 -9999.0 -9999.0 -9999.0
23907 20110301  2.403  -98.08   30.62    22.2     5.1    13.6    13.3     0.0    21.76 R    33.4     5.7    16.4    72.4    15.7    40.2   0.313   0.357 -99.000 -99.000 -99.000    14.8    15.0 -9999.0 -9999.0 -9999.0
23907 20110302  2.403  -98.08   30.62    24.4     9.6    17.0    16.4     0.0    20.83 R    34.4     7.8    18.1    59.7    19.1    34.6   0.308   0.354 -99.000 -99.000 -99.000    15.1    15.1 -9999.0 -9999.0 -9999.0
23907 20110303  2.403  -98.08   30.62    24.9    10.1    17.5    16.9     0.0    20.83 R    34.4     9.3    19.2    79.9    32.9    49.3   0.304   0.353 -99.000 -99.000 -99.000    15.9    15.6 -9999.0 -9999.0 -9999.0
23907 20110304  2.403  -98.08   30.62    20.8    13.3    17.0    16.7     0.0     8.37 R    28.4    13.8    18.0    89.5    57.8    75.6   0.300   0.352 -99.000 -99.000 -99.000    16.8    16.4 -9999.0 -9999.0 -9999.0
23907 20110305  2.403  -98.08   30.62    16.4     5.3    10.8    10.9     1.9    19.59 R    24.3     6.1    13.7    92.4    27.6    55.6   0.295   0.349 -99.000 -99.000 -99.000    14.9    15.3 -9999.0 -9999.0 -9999.0
23907 20110306  2.403  -98.08   30.62    18.2     1.3     9.8     9.8     0.0    22.34 R    29.5     1.7    13.3    57.6    10.8    34.8   0.293   0.345 -99.000 -99.000 -99.000    13.4    13.9 -9999.0 -9999.0 -9999.0
23907 20110307  2.403  -98.08   30.62    23.3     7.2    15.3    14.7     0.0    18.76 R    31.3     8.1    17.2    91.2    41.6    65.9   0.292   0.345 -99.000 -99.000 -99.000    15.2    14.8 -9999.0 -9999.0 -9999.0
23907 20110308  2.403  -98.08   30.62    29.5    16.3    22.9    21.6     0.0    16.97 R    38.1    16.6    23.3    86.2    16.6    56.5   0.295   0.349 -99.000 -99.000 -99.000    18.4    17.2 -9999.0 -9999.0 -9999.0
23907 20110309  2.403  -98.08   30.62    19.7     5.8    12.8    13.2     0.0    22.23 R    30.7     7.4    16.7    73.0    17.6    42.7   0.286   0.346 -99.000 -99.000 -99.000    16.3    16.4 -9999.0 -9999.0 -9999.0
23907 20110310  2.403  -98.08   30.62    21.1     6.9    14.0    13.6     0.0    22.85 R    33.3     6.8    17.1    41.1    11.9    26.4   0.279   0.341 -99.000 -99.000 -99.000    15.4    15.5 -9999.0 -9999.0 -9999.0
23907 20110311  2.403  -98.08   30.62    25.0     7.5    16.2    16.0     0.0    22.80 R    33.7     7.3    18.3    72.6    15.4    31.9   0.274   0.338 -99.000 -99.000 -99.000    15.8    15.6 -9999.0 -9999.0 -9999.0
23907 20110312  2.403  -98.08   30.62    26.9    11.6    19.3    18.2     0.0    20.96 R    35.8    11.4    20.7    90.6    32.7    64.0   0.271   0.338 -99.000 -99.000 -99.000    17.7    16.9 -9999.0 -9999.0 -9999.0
23907 20110313  2.403  -98.08   30.62    22.5    15.9    19.2    18.3     0.0     5.31 R    26.2    16.8    19.5    87.9    60.5    77.9   0.263   0.336 -99.000 -99.000 -99.000    18.2    17.5 -9999.0 -9999.0 -9999.0
23907 20110314  2.403  -98.08   30.62    20.3     8.4    14.4    14.6     0.0    17.00 R    30.3     9.5    17.9    95.4    27.6    61.0   0.255   0.332 -99.000 -99.000 -99.000    17.6    17.4 -9999.0 -9999.0 -9999.0
23907 20110315  2.403  -98.08   30.62    22.8     5.7    14.2    13.6     0.0    18.07 R    32.6     7.0    16.2    85.2    33.2    59.6   0.247   0.326 -99.000 -99.000 -99.000    16.4    16.6 -9999.0 -9999.0 -9999.0
23907 20110316  2.403  -98.08   30.62    23.5    14.6    19.1    18.2     0.0     8.78 R    28.2    15.4    19.6    97.5    58.0    79.8   0.241   0.327 -99.000 -99.000 -99.000    18.1    17.6 -9999.0 -9999.0 -9999.0
23907 20110317  2.403  -98.08   30.62    27.2    17.7    22.4    21.0     0.0    16.07 R    35.1    17.6    22.9    86.1    42.1    67.1   0.235   0.327 -99.000 -99.000 -99.000    19.6    18.7 -9999.0 -9999.0 -9999.0
23907 20110318  2.403  -98.08   30.62    29.0    17.4    23.2    22.2     0.0    20.14 R    38.9    17.4    25.2    90.1    38.3    65.2   0.226   0.327 -99.000 -99.000 -99.000    21.2    20.0 -9999.0 -9999.0 -9999.0
23907 20110319  2.403  -98.08   30.62    27.3    15.8    21.5    20.7     0.0    18.79 R    38.5    16.2    23.9    92.9    39.6    68.7   0.216   0.325 -99.000 -99.000 -99.000    21.4    20.5 -9999.0 -9999.0 -9999.0
23907 20110320  2.403  -98.08   30.62    24.2    17.2    20.7    20.2     0.0     9.08 R    32.7    17.7    21.9    84.0    51.3    70.1   0.207   0.321 -99.000 -99.000 -99.000    20.8    20.1 -9999.0 -9999.0 -9999.0
23907 20110321  2.403  -98.08   30.62    27.9    17.1    22.5    20.8     0.0    13.94 R    35.5    17.3    22.8    90.1    38.7    67.2   0.201   0.318 -99.000 -99.000 -99.000    21.0    20.2 -9999.0 -9999.0 -9999.0
23907 20110322  2.403  -98.08   30.62    26.9    16.8    21.8    21.2     0.0    14.43 R    33.8    17.0    22.7    84.1    43.9    64.5   0.194   0.314 -99.000 -99.000 -99.000    20.9    20.2 -9999.0 -9999.0 -9999.0
23907 20110323  2.403  -98.08   30.62    29.9    16.2    23.0    22.1     0.0    23.52 R    41.5    16.2    25.6    92.4    11.2    47.5   0.187   0.310 -99.000 -99.000 -99.000    22.0    20.9 -9999.0 -9999.0 -9999.0
23907 20110324  2.403  -98.08   30.62    27.4    13.0    20.2    20.4     0.0    21.75 R    39.6    13.5    23.6    86.0    21.2    40.1   0.176   0.302 -99.000 -99.000 -99.000    21.3    20.7 -9999.0 -9999.0 -9999.0
23907 20110325  2.403  -98.08   30.62    29.1    16.5    22.8    22.0     0.0    22.06 R    40.4    17.1    25.9    89.4    39.9    65.4   0.170   0.296 -99.000 -99.000 -99.000    23.3    21.9 -9999.0 -9999.0 -9999.0
23907 20110326  2.403  -98.08   30.62    31.5    18.5    25.0    23.6     0.0    18.80 R    44.8    19.0    27.4    88.0    32.0    63.3   0.164   0.290 -99.000 -99.000 -99.000    24.4    22.9 -9999.0 -9999.0 -9999.0
23907 20110327  2.403  -98.08   30.62    18.5     7.9    13.2    13.2     0.0    10.35 R    25.9     9.5    17.3    92.6    47.1    71.2   0.155   0.283 -99.000 -99.000 -99.000    20.7    21.1 -9999.0 -9999.0 -9999.0
23907 20110328  2.403  -98.08   30.62    19.1     7.8    13.4    12.2     0.0    10.11 R    29.1     9.4    16.2    95.8    57.7    80.5   0.151   0.278 -99.000 -99.000 -99.000    19.1    19.4 -9999.0 -9999.0 -9999.0
23907 20110329  2.403  -98.08   30.62    23.1     9.0    16.0    15.2     0.0     7.95 R    30.5    11.4    18.0    97.1    66.8    84.6   0.151   0.277 -99.000 -99.000 -99.000    19.8    19.7 -9999.0 -9999.0 -9999.0
23907 20110330  2.403  -98.08   30.62    17.5     5.3    11.4    11.5     0.0    18.30 R    30.9     6.8    16.4    88.2    38.7    61.5   0.147   0.274 -99.000 -99.000 -99.000    18.6    18.6 -9999.0 -9999.0 -9999.0
23907 20110331  2.403  -98.08   30.62    27.6     6.3    16.9    16.4     0.0    23.42 R    38.0     7.5    20.6    84.4    22.7    55.5   0.146   0.270 -99.000 -99.000 -99.000    19.8    19.2 -9999.0 -9999.0 -9999.0
23907 20110401  2.403  -98.08   30.62    33.6    15.1    24.3    24.1     0.0    22.87 R    43.0    14.7    26.5    95.3    18.8    50.8   0.144   0.267 -99.000 -99.000 -99.000    22.6    21.0 -9999.0 -9999.0 -9999.0
23907 20110402  2.403  -98.08   30.62    29.5    15.1    22.3    22.5     0.0    23.68 R    43.0    15.5    26.7    81.5    41.3    59.3   0.140   0.262 -99.000 -99.000 -99.000    23.9    22.3 -9999.0 -9999.0 -9999.0
23907 20110403  2.403  -98.08   30.62    28.9    19.3    24.1    22.8     0.0    17.78 R    38.8    20.3    26.0    87.2    49.6    73.1   0.137   0.260 -99.000 -99.000 -99.000    24.5    23.1 -9999.0 -9999.0 -9999.0
23907 20110404  2.403  -98.08   30.62    22.8     9.9    16.3    18.0     0.0    22.59 R    31.6    10.7    21.6    85.7    15.2    42.6   0.133   0.255 -99.000 -99.000 -99.000    22.7    22.2 -9999.0 -9999.0 -9999.0
23907 20110405  2.403  -98.08   30.62    23.7     7.1    15.4    15.7     0.0    25.93 R    37.6     7.1    20.1    40.9    11.2    21.7   0.129   0.250 -99.000 -99.000 -99.000    20.4    20.4 -9999.0 -9999.0 -9999.0
23907 20110406  2.403  -98.08   30.62    29.7    11.6    20.6    20.0     0.0    24.07 R    39.9    11.8    23.4    81.4    27.1    52.9   0.127   0.248 -99.000 -99.000 -99.000    22.4    21.4 -9999.0 -9999.0 -9999.0
23907 20110407  2.403  -98.08   30.62    27.6    17.0    22.3    21.3     0.0    13.40 R    39.2    17.6    24.1    88.2    51.4    74.0   0.125   0.246 -99.000 -99.000 -99.000    23.5    22.4 -9999.0 -9999.0 -9999.0
23907 20110408  2.403  -98.08   30.62    32.8    20.4    26.6    25.3     0.0    22.02 R    43.0    20.6    28.6    95.7    35.4    68.7   0.127   0.245 -99.000 -99.000 -99.000    25.8    24.0 -9999.0 -9999.0 -9999.0
23907 20110409  2.403  -98.08   30.62    31.9    18.6    25.2    24.5     0.0    23.73 R    42.6    18.5    27.8    91.9    36.3    66.8   0.126   0.242 -99.000 -99.000 -99.000    26.0    24.5 -9999.0 -9999.0 -9999.0
23907 20110410  2.403  -98.08   30.62    32.1    19.5    25.8    24.7     0.0    23.60 R    42.7    19.6    28.2    88.6    38.1    66.3   0.124   0.239 -99.000 -99.000 -99.000    26.4    24.9 -9999.0 -9999.0 -9999.0
23907 20110411  2.403  -98.08   30.62    25.6    15.0    20.3    19.6    14.3    27.34 R    33.5    15.6    22.3    94.7    16.4    47.4   0.203   0.250 -99.000 -99.000 -99.000    22.4    22.8 -9999.0 -9999.0 -9999.0
23907 20110412  2.403  -98.08   30.62    26.9    12.2    19.6    20.6     0.0    26.46 R    39.5    12.4    23.8    52.4    15.6    29.5   0.214   0.263 -99.000 -99.000 -99.000    21.5    21.7 -9999.0 -9999.0 -9999.0
23907 20110413  2.403  -98.08   30.62    27.9    13.2    20.5    20.5     0.0    24.79 R    38.7    13.6    24.2    82.2    26.7    51.5   0.214   0.264 -99.000 -99.000 -99.000    22.4    22.2 -9999.0 -9999.0 -9999.0
23907 20110414  2.403  -98.08   30.62    29.0    19.8    24.4    23.5     0.0    17.72 R    39.4    20.1    26.3    86.7    44.6    69.1   0.215   0.264 -99.000 -99.000 -99.000    24.0    23.4 -9999.0 -9999.0 -9999.0
23907 20110415  2.403  -98.08   30.62    25.4    15.2    20.3    20.3     0.0    27.09 R    37.5    15.3    23.5    85.4     6.2    27.4   0.209   0.261 -99.000 -99.000 -99.000    22.5    22.6 -9999.0 -9999.0 -9999.0
23907 20110416  2.403  -98.08   30.62    25.4    11.4    18.4    18.7     0.0    26.48 R    39.2    11.5    23.0    25.8     9.4    15.2   0.204   0.258 -99.000 -99.000 -99.000    21.5    21.8 -9999.0 -9999.0 -9999.0
23907 20110417  2.403  -98.08   30.62    28.9    12.8    20.8    20.8     0.0    25.81 R    38.8    12.9    24.2    80.4    17.1    45.4   0.200   0.254 -99.000 -99.000 -99.000    22.5    22.2 -9999.0 -9999.0 -9999.0
23907 20110418  2.403  -98.08   30.62    33.8    20.4    27.1    25.6     0.0    22.28 R    43.9    21.4    29.1    85.3    36.8    66.2   0.196   0.255 -99.000 -99.000 -99.000    25.7    24.4 -9999.0 -9999.0 -9999.0
23907 20110419  2.403  -98.08   30.62    30.8    21.6    26.2    25.3     0.0    14.38 R    38.1    21.9    27.6    84.6    46.8    70.1   0.184   0.253 -99.000 -99.000 -99.000    25.8    25.0 -9999.0 -9999.0 -9999.0
23907 20110420  2.403  -98.08   30.62    28.4    22.1    25.2    24.7     0.0     9.69 R    39.3    22.3    26.6    91.8    57.7    73.3   0.175   0.251 -99.000 -99.000 -99.000    25.5    24.8 -9999.0 -9999.0 -9999.0
23907 20110421  2.403  -98.08   30.62    30.2    18.9    24.6    24.2     1.8    16.48 R    39.8    19.9    27.3    93.0    44.1    68.6   0.168   0.250 -99.000 -99.000 -99.000    25.6    24.9 -9999.0 -9999.0 -9999.0
23907 20110422  2.403  -98.08   30.62    32.1    18.2    25.2    25.0     3.2    23.44 R    39.2    19.6    27.2    88.5    36.0    65.8   0.165   0.248 -99.000 -99.000 -99.000    25.5    24.9 -9999.0 -9999.0 -9999.0
23907 20110423  2.403  -98.08   30.62    31.9    20.9    26.4    25.4     0.0    23.52 R    40.4    20.8    28.0    87.0    38.6    64.0   0.167   0.247 -99.000 -99.000 -99.000    25.8    25.1 -9999.0 -9999.0 -9999.0
23907 20110424  2.403  -98.08   30.62    30.1    21.4    25.8    24.8     0.0    16.51 R    38.7    21.7    27.2    87.1    42.2    66.7   0.168   0.245 -99.000 -99.000 -99.000    25.5    25.1 -9999.0 -9999.0 -9999.0
23907 20110425  2.403  -98.08   30.62    31.6    21.4    26.5    25.2     2.4    12.89 R    35.6    22.0    25.7    94.7    10.5    66.9   0.168   0.243 -99.000 -99.000 -99.000    25.0    24.8 -9999.0 -9999.0 -9999.0
23907 20110426  2.403  -98.08   30.62    35.2    20.6    27.9    26.6     0.0    22.89 R    43.1    20.6    29.1    94.8    18.9    67.7   0.170   0.243 -99.000 -99.000 -99.000    26.3    25.3 -9999.0 -9999.0 -9999.0
23907 20110427  2.403  -98.08   30.62    27.7    15.5    21.6    23.2     0.0    28.73 R    38.8    16.8    26.7    75.6    14.9    29.4   0.166   0.240 -99.000 -99.000 -99.000    25.1    24.8 -9999.0 -9999.0 -9999.0
23907 20110428  2.403  -98.08   30.62    26.6    10.3    18.4    18.8     0.0    28.39 R    40.8    12.0    24.4    73.0    19.2    39.8   0.162   0.237 -99.000 -99.000 -99.000    24.2    24.1 -9999.0 -9999.0 -9999.0
23907 20110429  2.403  -98.08   30.62    30.0    13.8    21.9    21.8     0.0    27.49 R    40.4    14.8    25.6    80.3    20.9    45.2   0.156   0.235 -99.000 -99.000 -99.000    24.6    24.2 -9999.0 -9999.0 -9999.0
23907 20110430  2.403  -98.08   30.62    31.9    19.5    25.7    25.3     0.0    17.39 R    41.9    20.9    28.4    83.5    39.0    67.2   0.152   0.235 -99.000 -99.000 -99.000    26.5    25.5 -9999.0 -9999.0 -9999.0
23907 20110501  2.403  -98.08   30.62    32.2     7.8    20.0    19.3     0.3    15.61 R    42.7    10.2    23.3    91.0    38.0    71.7   0.146   0.233 -99.000 -99.000 -99.000    25.8    25.3 -9999.0 -9999.0 -9999.0
23907 20110502  2.403  -98.08   30.62    12.9     7.2    10.1     9.1     3.4     3.92 R    14.4     8.9    10.7    94.8    75.0    89.1   0.142   0.225 -99.000 -99.000 -99.000    18.4    20.4 -9999.0 -9999.0 -9999.0
23907 20110503  2.403  -98.08   30.62    21.8     5.2    13.5    13.9     0.0    29.68 R    31.7     5.8    17.4    93.4    22.4    53.3   0.154   0.222 -99.000 -99.000 -99.000    18.8    19.5 -9999.0 -9999.0 -9999.0
23907 20110504  2.403  -98.08   30.62    24.8    11.5    18.1    17.9     0.0    28.90 R    36.0    10.8    21.6    55.0    13.2    33.4   0.157   0.223 -99.000 -99.000 -99.000    20.9    20.9 -9999.0 -9999.0 -9999.0
23907 20110505  2.403  -98.08   30.62    27.5    11.7    19.6    20.2     0.0    28.30 R    40.0    12.5    24.9    78.1    26.4    47.5   0.159   0.224 -99.000 -99.000 -99.000    23.0    22.4 -9999.0 -9999.0 -9999.0
23907 20110506  2.403  -98.08   30.62    29.6    15.9    22.8    22.8     0.0    24.69 R    41.7    16.4    26.5    88.3    32.4    54.4   0.160   0.225 -99.000 -99.000 -99.000    24.5    23.7 -9999.0 -9999.0 -9999.0
23907 20110507  2.403  -98.08   30.62    32.7    18.3    25.5    25.0     0.0    26.20 R    44.0    18.9    29.2    82.9    32.9    57.7   0.159   0.225 -99.000 -99.000 -99.000    26.6    25.3 -9999.0 -9999.0 -9999.0
23907 20110508  2.403  -98.08   30.62    34.1    20.9    27.5    26.6     0.0    25.95 R    46.0    21.6    31.0    84.6    35.8    62.0   0.154   0.226 -99.000 -99.000 -99.000    28.3    26.8 -9999.0 -9999.0 -9999.0
23907 20110509  2.403  -98.08   30.62    33.9    20.8    27.4    26.7     0.0    24.02 R    44.2    21.2    30.4    87.4    30.7    58.7   0.146   0.225 -99.000 -99.000 -99.000    28.5    27.3 -9999.0 -9999.0 -9999.0
23907 20110510  2.403  -98.08   30.62    30.8    21.6    26.2    24.3     0.8     9.57 R    37.6    22.4    25.7    84.2    40.1    71.2   0.138   0.222 -99.000 -99.000 -99.000    26.6    26.1 -9999.0 -9999.0 -9999.0
23907 20110511  2.403  -98.08   30.62    28.4    18.9    23.7    22.7    39.4     7.60 R    35.5    19.5    23.9    94.9    50.8    80.6   0.216   0.292 -99.000 -99.000 -99.000    24.6    24.3 -9999.0 -9999.0 -9999.0
23907 20110512  2.403  -98.08   30.62    23.8    16.7    20.2    20.6    35.0    12.79 R    29.1    17.5    21.9    96.2    58.6    81.9   0.469   0.517 -99.000 -99.000 -99.000    22.2    22.3 -9999.0 -9999.0 -9999.0
23907 20110513  2.403  -98.08   30.62    28.1    16.4    22.2    21.9     0.0    28.97 R    36.5    16.5    24.8    87.9    30.8    54.7   0.412   0.460 -99.000 -99.000 -99.000    22.6    22.6 -9999.0 -9999.0 -9999.0
23907 20110514  2.403  -98.08   30.62    24.1    13.2    18.6    18.3     0.0    29.98 R    35.6    13.9    22.6    72.2    22.1    45.5   0.377   0.412 -99.000 -99.000 -99.000    21.5    22.1 -9999.0 -9999.0 -9999.0
23907 20110515  2.403  -98.08   30.62    24.2    11.2    17.7    18.1     0.0    26.68 R    37.3    12.5    23.0    74.7    26.9    48.8   0.355   0.389 -99.000 -99.000 -99.000    21.7    21.9 -9999.0 -9999.0 -9999.0
23907 20110516  2.403  -98.08   30.62    28.0    16.6    22.3    21.6     0.0    27.02 R    41.7    18.2    27.1    61.4    28.4    42.4   0.339   0.371 -99.000 -99.000 -99.000    23.9    23.5 -9999.0 -9999.0 -9999.0
23907 20110517  2.403  -98.08   30.62    29.4    14.6    22.0    22.4     0.0    28.67 R    42.4    15.6    27.5    70.2    30.1    48.1   0.318   0.350 -99.000 -99.000 -99.000    24.5    24.1 -9999.0 -9999.0 -9999.0
23907 20110518  2.403  -98.08   30.62    30.3    18.8    24.6    23.4     0.0    15.79 R    40.6    19.7    26.5    82.8    43.5    70.8   0.301   0.332 -99.000 -99.000 -99.000    24.9    24.6 -9999.0 -9999.0 -9999.0
23907 20110519  2.403  -98.08   30.62    25.4    21.7    23.6    23.4     0.0     7.13 R    32.0    21.9    25.0    91.0    74.2    83.1   0.288   0.322 -99.000 -99.000 -99.000    24.8    24.6 -9999.0 -9999.0 -9999.0
23907 20110520  2.403  -98.08   30.62    30.6    20.8    25.7    25.2     0.0    12.13 R    38.0    20.5    27.2    88.4    47.7    72.2   0.278   0.316 -99.000 -99.000 -99.000    25.6    25.0 -9999.0 -9999.0 -9999.0
23907 20110521  2.403  -98.08   30.62    31.6    18.7    25.1    24.8     0.0    16.14 R    41.9    18.8    27.5    91.6    47.9    75.1   0.263   0.308 -99.000 -99.000 -99.000    25.6    25.0 -9999.0 -9999.0 -9999.0
23907 20110522  2.403  -98.08   30.62    32.4    23.6    28.0    27.2     0.0    22.82 R    43.8    24.2    30.9    92.4    43.0    66.8   0.244   0.299 -99.000 -99.000 -99.000    27.7    26.6 -9999.0 -9999.0 -9999.0
23907 20110523  2.403  -98.08   30.62    33.2    22.7    28.0    26.8     0.0    20.90 R    44.7    23.3    30.3    83.8    38.7    64.6   0.223   0.288 -99.000 -99.000 -99.000    28.0    27.0 -9999.0 -9999.0 -9999.0
23907 20110524  2.403  -98.08   30.62    33.7    23.5    28.6    27.6     0.0    21.94 R    44.9    24.3    31.1    82.4    41.8    64.1   0.207   0.279 -99.000 -99.000 -99.000    28.4    27.4 -9999.0 -9999.0 -9999.0
23907 20110525  2.403  -98.08   30.62    37.7    22.8    30.3    29.0     0.0    28.60 R    49.3    23.4    33.5    91.3     6.3    46.5   0.191   0.269 -99.000 -99.000 -99.000    29.6    28.2 -9999.0 -9999.0 -9999.0
23907 20110526  2.403  -98.08   30.62    31.0    17.7    24.3    24.4     0.0    29.72 R    45.2    19.2    30.2    63.6    27.3    41.8   0.173   0.257 -99.000 -99.000 -99.000    28.4    27.6 -9999.0 -9999.0 -9999.0
23907 20110527  2.403  -98.08   30.62    36.5    21.7    29.1    28.7     0.0    28.40 R    47.2    22.5    32.5    78.2    23.1    47.4   0.163   0.251 -99.000 -99.000 -99.000    29.5    28.2 -9999.0 -9999.0 -9999.0
23907 20110528  2.403  -98.08   30.62    36.6    22.0    29.3    27.9     0.0    26.16 R    47.0    22.6    32.0    87.2    29.4    63.0   0.153   0.245 -99.000 -99.000 -99.000    30.4    29.0 -9999.0 -9999.0 -9999.0
23907 20110529  2.403  -98.08   30.62    34.0    22.1    28.0    27.2     0.0    27.76 R    45.8    22.9    31.7    85.7    33.6    61.4   0.147   0.241 -99.000 -99.000 -99.000    30.5    29.2 -9999.0 -9999.0 -9999.0
23907 20110530  2.403  -98.08   30.62    33.5    23.6    28.5    27.7     0.0    22.37 R    44.2    24.2    31.3    85.3    33.4    61.5   0.142   0.238 -99.000 -99.000 -99.000    30.3    29.1 -9999.0 -9999.0 -9999.0
23907 20110531  2.403  -98.08   30.62    34.7    23.7    29.2    28.3     0.0    23.41 R    47.8    24.6    33.2    87.8    31.2    61.2   0.140   0.236 -99.000 -99.000 -99.000    31.2    29.8 -9999.0 -9999.0 -9999.0
23907 20110601  2.403  -98.08   30.62    33.5    21.2    27.3    27.3     0.0    28.67 R    47.7    22.3    33.0    90.1    24.0    53.2   0.136   0.232 -99.000 -99.000 -99.000    31.4    30.1 -9999.0 -9999.0 -9999.0
23907 20110602  2.403  -98.08   30.62    34.6    19.9    27.2    27.7     0.0    29.37 R    48.3    20.8    32.9    83.6    21.3    45.3   0.131   0.228 -99.000 -99.000 -99.000    31.2    29.9 -9999.0 -9999.0 -9999.0
23907 20110603  2.403  -98.08   30.62    34.6    22.6    28.6    28.7     0.0    28.64 R    49.0    22.6    33.9    66.6    24.8    38.9   0.127   0.225 -99.000 -99.000 -99.000    31.7    30.3 -9999.0 -9999.0 -9999.0
23907 20110604  2.403  -98.08   30.62    33.8    21.4    27.6    27.5     0.0    27.95 R    49.2    22.5    33.4    90.4    25.1    53.8   0.125   0.223 -99.000 -99.000 -99.000    32.3    30.8 -9999.0 -9999.0 -9999.0
23907 20110605  2.403  -98.08   30.62    36.0    21.0    28.5    28.8     0.0    27.84 R    50.4    21.6    34.3    73.6    23.0    43.0   0.122   0.220 -99.000 -99.000 -99.000    32.3    30.8 -9999.0 -9999.0 -9999.0
23907 20110606  2.403  -98.08   30.62    36.8    23.9    30.4    30.2     0.0    25.50 R    52.2    24.5    35.3    58.9    15.1    37.3   0.119   0.218 -99.000 -99.000 -99.000    32.8    31.2 -9999.0 -9999.0 -9999.0
23907 20110607  2.403  -98.08   30.62    35.6    22.6    29.1    28.9     0.0    26.99 R    50.1    23.8    34.5    70.1    24.9    47.0   0.117   0.215 -99.000 -99.000 -99.000    33.1    31.5 -9999.0 -9999.0 -9999.0
23907 20110608  2.403  -98.08   30.62    33.8    22.0    27.9    27.9     0.0    26.93 R    48.1    23.2    33.3    85.7    32.1    56.2   0.115   0.213 -99.000 -99.000 -99.000    33.1    31.7 -9999.0 -9999.0 -9999.0
23907 20110609  2.403  -98.08   30.62    34.0    21.6    27.8    27.8     0.0    27.90 R    47.8    22.8    33.1    87.0    28.0    54.5   0.114   0.210 -99.000 -99.000 -99.000    33.0    31.6 -9999.0 -9999.0 -9999.0
23907 20110610  2.403  -98.08   30.62    34.4    21.7    28.0    27.9     0.0    27.53 R    48.0    22.9    33.3    88.0    30.1    55.7   0.113   0.208 -99.000 -99.000 -99.000    33.1    31.8 -9999.0 -9999.0 -9999.0
23907 20110611  2.403  -98.08   30.62    34.0    21.4    27.7    28.0     0.0    27.04 R    48.0    22.8    33.4    86.5    31.2    54.2   0.112   0.206 -99.000 -99.000 -99.000    33.1    31.8 -9999.0 -9999.0 -9999.0
23907 20110612  2.403  -98.08   30.62    35.3    21.7    28.5    28.7     0.0    29.04 R    49.2    22.8    34.1    88.9    27.4    52.1   0.111   0.204 -99.000 -99.000 -99.000    33.6    32.1 -9999.0 -9999.0 -9999.0
23907 20110613  2.403  -98.08   30.62    36.4    21.7    29.1    29.0     0.0    29.06 R    49.8    22.8    34.5    88.4    22.4    50.3   0.110   0.202 -99.000 -99.000 -99.000    33.9    32.3 -9999.0 -9999.0 -9999.0
23907 20110614  2.403  -98.08   30.62    37.1    22.5    29.8    29.6     0.0    29.62 R    50.6    23.7    34.8    86.6    20.0    49.1   0.109   0.201 -99.000 -99.000 -99.000    34.3    32.6 -9999.0 -9999.0 -9999.0
23907 20110615  2.403  -98.08   30.62    37.2    23.0    30.1    29.8     0.0    28.98 R    50.3    24.5    35.2    83.3    22.4    51.7   0.108   0.199 -99.000 -99.000 -99.000    34.6    32.9 -9999.0 -9999.0 -9999.0
23907 20110616  2.403  -98.08   30.62    37.0    23.2    30.1    29.4     0.0    28.13 R    49.1    24.8    34.4    85.4    27.0    56.0   0.106   0.197 -99.000 -99.000 -99.000    34.6    33.0 -9999.0 -9999.0 -9999.0
23907 20110617  2.403  -98.08   30.62    38.1    24.0    31.1    30.4     0.0    28.08 R    48.8    24.8    34.8    83.0    22.2    53.6   0.106   0.195 -99.000 -99.000 -99.000    34.6    33.0 -9999.0 -9999.0 -9999.0
23907 20110618  2.403  -98.08   30.62    39.1    23.3    31.2    30.7     0.0    28.64 R    50.3    24.1    35.1    84.9    19.0    52.5   0.105   0.194 -99.000 -99.000 -99.000    34.7    33.1 -9999.0 -9999.0 -9999.0
23907 20110619  2.403  -98.08   30.62    37.6    23.9    30.8    29.9     0.0    28.45 R    49.5    24.8    34.5    83.4    24.2    54.3   0.104   0.192 -99.000 -99.000 -99.000    34.8    33.2 -9999.0 -9999.0 -9999.0
23907 20110620  2.403  -98.08   30.62    35.5    23.8    29.7    28.7     0.0    22.47 R    46.1    25.0    32.6    78.1    30.8    56.6   0.103   0.189 -99.000 -99.000 -99.000    33.5    32.5 -9999.0 -9999.0 -9999.0
23907 20110621  2.403  -98.08   30.62    36.0    17.9    27.0    28.7    31.1    19.43 R    46.8    18.5    32.9    94.2    32.8    59.7   0.116   0.196 -99.000 -99.000 -99.000    33.5    32.4 -9999.0 -9999.0 -9999.0
23907 20110622  2.403  -98.08   30.62    31.4    18.9    25.2    24.3     0.6    20.08 R    41.2    20.0    27.9    94.5    44.2    75.1   0.395   0.367 -99.000 -99.000 -99.000    27.9    28.5 -9999.0 -9999.0 -9999.0
23907 20110623  2.403  -98.08   30.62    33.3    20.8    27.0    26.4     0.0    26.31 R    44.4    21.7    31.0    95.8    36.8    67.8   0.367   0.340 -99.000 -99.000 -99.000    29.5    29.5 -9999.0 -9999.0 -9999.0
23907 20110624  2.403  -98.08   30.62    33.5    21.3    27.4    27.6     0.0    28.93 R    47.2    22.4    33.0    91.3    40.5    63.4   0.336   0.318 -99.000 -99.000 -99.000    30.5    30.2 -9999.0 -9999.0 -9999.0
23907 20110625  2.403  -98.08   30.62    33.6    24.1    28.8    28.1     0.0    23.44 R    45.4    25.7    32.7    85.6    42.9    65.8   0.307   0.292 -99.000 -99.000 -99.000    30.8    30.6 -9999.0 -9999.0 -9999.0
23907 20110626  2.403  -98.08   30.62    35.1    23.4    29.3    28.8     0.0    28.21 R    47.8    24.7    33.9    86.3    35.5    61.3   0.279   0.267 -99.000 -99.000 -99.000    31.4    31.0 -9999.0 -9999.0 -9999.0
23907 20110627  2.403  -98.08   30.62    36.2    23.1    29.7    29.3     0.0    28.90 R    49.3    24.0    34.5    87.5    32.7    59.1   0.250   0.250 -99.000 -99.000 -99.000    32.0    31.4 -9999.0 -9999.0 -9999.0
23907 20110628  2.403  -98.08   30.62    36.3    22.7    29.5    29.1     0.0    29.03 R    52.2    23.9    35.2    89.6    30.3    59.0   0.225   0.241 -99.000 -99.000 -99.000    32.6    31.8 -9999.0 -9999.0 -9999.0
23907 20110629  2.403  -98.08   30.62    35.2    22.3    28.8    28.7     0.0    28.44 R    50.6    23.9    35.0    86.8    32.8    56.3   0.203   0.234 -99.000 -99.000 -99.000    32.8    32.0 -9999.0 -9999.0 -9999.0
23907 20110630  2.403  -98.08   30.62    35.1    23.3    29.2    29.3     0.0    28.74 R    50.7    24.5    35.4    75.8    29.0    48.7   0.183   0.229 -99.000 -99.000 -99.000    33.0    32.1 -9999.0 -9999.0 -9999.0
23907 20110701  2.403  -98.08   30.62    34.7    23.3    29.0    28.9     0.0    24.90 R    50.1    24.7    34.7    85.2    29.9    56.6   0.166   0.225 -99.000 -99.000 -99.000    33.1    32.2 -9999.0 -9999.0 -9999.0
23907 20110702  2.403  -98.08   30.62    36.2    24.0    30.1    29.7     0.0    26.48 R    51.8    25.4    35.7    85.5    25.9    52.1   0.155   0.223 -99.000 -99.000 -99.000    33.7    32.5 -9999.0 -9999.0 -9999.0
23907 20110703  2.403  -98.08   30.62    37.0    24.2    30.6    30.4     0.0    27.37 R    52.9    25.4    36.1    69.8    23.4    44.6   0.146   0.220 -99.000 -99.000 -99.000    34.0    32.7 -9999.0 -9999.0 -9999.0
23907 20110704  2.403  -98.08   30.62    36.3    23.6    29.9    29.9     0.0    28.64 R    51.5    25.0    35.9    75.4    21.1    45.1   0.138   0.217 -99.000 -99.000 -99.000    34.2    32.9 -9999.0 -9999.0 -9999.0
23907 20110705  2.403  -98.08   30.62    36.6    22.2    29.4    29.4     0.0    28.70 R    52.1    23.6    35.7    76.6    23.8    45.6   0.131   0.214 -99.000 -99.000 -99.000    34.3    33.0 -9999.0 -9999.0 -9999.0
23907 20110706  2.403  -98.08   30.62    36.6    23.4    30.0    29.7     0.0    25.82 R    52.9    24.8    35.5    69.5    23.9    46.6   0.126   0.211 -99.000 -99.000 -99.000    34.4    33.1 -9999.0 -9999.0 -9999.0
23907 20110707  2.403  -98.08   30.62    36.0    23.7    29.8    29.7     0.0    27.18 R    52.5    24.9    36.0    71.7    29.8    48.6   0.122   0.209 -99.000 -99.000 -99.000    34.8    33.3 -9999.0 -9999.0 -9999.0
23907 20110708  2.403  -98.08   30.62    37.2    23.6    30.4    30.2     0.0    28.05 R    52.3    25.0    36.4    71.2    24.4    44.3   0.119   0.207 -99.000 -99.000 -99.000    35.1    33.6 -9999.0 -9999.0 -9999.0
23907 20110709  2.403  -98.08   30.62    36.0    24.1    30.0    30.0     0.0    26.60 R    50.6    25.6    35.6    72.4    26.5    47.2   0.116   0.204 -99.000 -99.000 -99.000    35.0    33.6 -9999.0 -9999.0 -9999.0
23907 20110710  2.403  -98.08   30.62    36.5    23.6    30.0    28.6     0.0    24.91 R    51.2    25.1    34.3    85.0    27.9    58.8   0.114   0.202 -99.000 -99.000 -99.000    34.9    33.6 -9999.0 -9999.0 -9999.0
23907 20110711  2.403  -98.08   30.62    36.1    23.4    29.8    29.6     0.0    25.07 R    49.9    24.9    34.9    87.8    31.0    57.0   0.112   0.200 -99.000 -99.000 -99.000    34.9    33.5 -9999.0 -9999.0 -9999.0
23907 20110712  2.403  -98.08   30.62    35.8    23.7    29.8    29.6     0.0    24.99 R    51.8    25.1    35.1    86.9    34.8    56.8   0.111   0.198 -99.000 -99.000 -99.000    35.1    33.8 -9999.0 -9999.0 -9999.0
23907 20110713  2.403  -98.08   30.62    36.6    23.2    29.9    30.0     0.0    28.55 R    51.4    24.3    35.8    83.7    27.9    50.8   0.110   0.196 -99.000 -99.000 -99.000    35.4    33.9 -9999.0 -9999.0 -9999.0
23907 20110714  2.403  -98.08   30.62    37.1    23.7    30.4    30.5     0.0    27.31 R    52.2    25.3    36.2    78.2    27.0    48.5   0.108   0.195 -99.000 -99.000 -99.000    35.7    34.1 -9999.0 -9999.0 -9999.0
23907 20110715  2.403  -98.08   30.62    38.1    25.1    31.6    31.3     0.0    28.95 R    53.4    26.7    37.7    80.1    25.1    47.2   0.107   0.194 -99.000 -99.000 -99.000    36.5    34.6 -9999.0 -9999.0 -9999.0
23907 20110716  2.403  -98.08   30.62    35.3    22.8    29.1    29.0     4.5    20.58 R    46.5    25.1    32.8    92.5    31.1    55.3   0.107   0.191 -99.000 -99.000 -99.000    33.8    33.6 -9999.0 -9999.0 -9999.0
23907 20110717  2.403  -98.08   30.62    35.8    23.5    29.7    29.7     0.0    27.96 R    48.8    24.6    34.9    74.3    26.7    46.9   0.116   0.189 -99.000 -99.000 -99.000    32.8    32.5 -9999.0 -9999.0 -9999.0
23907 20110718  2.403  -98.08   30.62    34.1    25.1    29.6    29.6     0.0    14.78 R    47.4    26.5    32.8    68.6    37.5    51.0   0.118   0.189 -99.000 -99.000 -99.000    32.1    31.9 -9999.0 -9999.0 -9999.0
23907 20110719  2.403  -98.08   30.62    33.8    23.8    28.8    27.3     4.4    14.02 R    45.9    24.7    29.7    84.1    40.2    63.7   0.118   0.188 -99.000 -99.000 -99.000    31.1    31.2 -9999.0 -9999.0 -9999.0
23907 20110720  2.403  -98.08   30.62    35.6    22.9    29.2    28.9     0.0    26.22 R    46.3    23.7    32.8    92.9    31.9    58.7   0.122   0.189 -99.000 -99.000 -99.000    31.4    31.0 -9999.0 -9999.0 -9999.0
23907 20110721  2.403  -98.08   30.62    36.3    23.8    30.0    29.5     0.0    26.82 R    48.2    25.0    34.2    86.0    29.3    56.8   0.127   0.190 -99.000 -99.000 -99.000    32.3    31.7 -9999.0 -9999.0 -9999.0
23907 20110722  2.403  -98.08   30.62    35.6    24.3    29.9    29.3     0.0    19.33 R    47.0    25.5    33.1    82.5    36.0    60.0   0.127   0.191 -99.000 -99.000 -99.000    32.2    31.8 -9999.0 -9999.0 -9999.0
23907 20110723  2.403  -98.08   30.62    37.0    24.0    30.5    30.1     0.0    27.32 R    50.2    25.0    34.9    87.2    27.7    54.7   0.127   0.192 -99.000 -99.000 -99.000    33.5    32.4 -9999.0 -9999.0 -9999.0
23907 20110724  2.403  -98.08   30.62    38.1    24.0    31.0    30.5     0.0    28.47 R    51.5    25.1    36.0    86.8    20.5    52.0   0.123   0.192 -99.000 -99.000 -99.000    34.5    33.2 -9999.0 -9999.0 -9999.0
23907 20110725  2.403  -98.08   30.62    38.6    24.0    31.3    31.2     0.0    28.02 R    52.8    25.3    37.0    72.6    18.9    42.8   0.118   0.192 -99.000 -99.000 -99.000    35.1    33.6 -9999.0 -9999.0 -9999.0
23907 20110726  2.403  -98.08   30.62    37.1    24.8    31.0    30.9     0.0    22.30 R    53.8    26.3    35.7    71.8    26.5    45.3   0.112   0.191 -99.000 -99.000 -99.000    35.0    33.7 -9999.0 -9999.0 -9999.0
23907 20110727  2.403  -98.08   30.62    37.9    24.5    31.2    31.1     0.0    27.48 R    51.8    25.9    36.5    70.2    23.2    44.8   0.109   0.190 -99.000 -99.000 -99.000    35.5    33.9 -9999.0 -9999.0 -9999.0
23907 20110728  2.403  -98.08   30.62    37.7    24.0    30.8    30.5     0.0    27.53 R    52.4    25.6    36.4    83.4    25.0    49.7   0.106   0.189 -99.000 -99.000 -99.000    35.9    34.3 -9999.0 -9999.0 -9999.0
23907 20110729  2.403  -98.08   30.62    36.6    24.1    30.4    29.5     0.0    23.00 R    50.4    25.9    34.9    82.5    31.6    56.1   0.104   0.187 -99.000 -99.000 -99.000    35.4    34.2 -9999.0 -9999.0 -9999.0
23907 20110730  2.403  -98.08   30.62    35.2    24.1    29.6    29.3     0.0    22.77 R    49.3    26.3    34.7    86.0    32.4    57.9   0.103   0.186 -99.000 -99.000 -99.000    35.0    34.0 -9999.0 -9999.0 -9999.0
23907 20110731  2.403  -98.08   30.62    36.8    23.1    30.0    30.0     0.0    28.41 R    51.3    24.5    36.0    87.4    21.1    49.3   0.103   0.185 -99.000 -99.000 -99.000    35.7    34.3 -9999.0 -9999.0 -9999.0
23907 20110801  2.403  -98.08   30.62    38.6    25.6    32.1    32.1     0.0    27.36 R    53.6    26.3    37.7    64.6    22.5    40.6   0.101   0.184 -99.000 -99.000 -99.000    36.2    34.6 -9999.0 -9999.0 -9999.0
23907 20110802  2.403  -98.08   30.62    39.0    26.8    32.9    32.8     0.0    24.63 R    54.1    27.8    37.9    54.3    25.1    38.2   0.099   0.184 -99.000 -99.000 -99.000    36.6    35.0 -9999.0 -9999.0 -9999.0
23907 20110803  2.403  -98.08   30.62    39.3    25.6    32.4    32.2     0.0    27.45 R    53.4    26.9    38.0    63.8    23.1    41.7   0.098   0.182 -99.000 -99.000 -99.000    37.0    35.3 -9999.0 -9999.0 -9999.0
23907 20110804  2.403  -98.08   30.62    39.4    25.3    32.4    32.2     0.0    27.73 R    54.1    26.6    38.1    71.0    21.1    42.3   0.096   0.181 -99.000 -99.000 -99.000    37.3    35.6 -9999.0 -9999.0 -9999.0
23907 20110805  2.403  -98.08   30.62    38.8    24.4    31.6    31.6     0.0    27.83 R    53.5    26.2    37.5    81.1    23.4    46.8   0.095   0.180 -99.000 -99.000 -99.000    37.3    35.7 -9999.0 -9999.0 -9999.0
23907 20110806  2.403  -98.08   30.62    37.9    23.8    30.9    30.8     0.0    26.84 R    52.1    25.4    36.6    83.8    23.4    50.3   0.094   0.178 -99.000 -99.000 -99.000    37.1    35.6 -9999.0 -9999.0 -9999.0
23907 20110807  2.403  -98.08   30.62    37.4    24.5    30.9    30.7     0.0    25.65 R    51.6    26.1    36.2    81.2    28.0    50.5   0.093   0.177 -99.000 -99.000 -99.000    37.0    35.5 -9999.0 -9999.0 -9999.0
23907 20110808  2.403  -98.08   30.62    38.4    24.5    31.4    31.1     0.0    27.63 R    51.8    25.8    36.5    82.3    21.8    49.9   0.093   0.176 -99.000 -99.000 -99.000    37.0    35.4 -9999.0 -9999.0 -9999.0
23907 20110809  2.403  -98.08   30.62    38.1    23.9    31.0    30.7     0.0    27.10 R    51.8    25.3    36.2    83.3    24.2    51.9   0.092   0.175 -99.000 -99.000 -99.000    37.0    35.5 -9999.0 -9999.0 -9999.0
23907 20110810  2.403  -98.08   30.62    37.5    23.8    30.7    30.4     0.0    26.97 R    51.2    25.2    35.9    84.4    28.6    53.7   0.091   0.173 -99.000 -99.000 -99.000    36.8    35.4 -9999.0 -9999.0 -9999.0
23907 20110811  2.403  -98.08   30.62    36.9    25.6    31.2    30.9     0.0    19.14 R    51.0    27.4    35.5    81.5    35.4    55.9   0.091   0.172 -99.000 -99.000 -99.000    36.6    35.3 -9999.0 -9999.0 -9999.0
23907 20110812  2.403  -98.08   30.62    36.5    25.4    30.9    30.4     0.0    20.75 R    50.7    26.9    34.9    79.4    30.7    53.7   0.091   0.171 -99.000 -99.000 -99.000    36.1    34.9 -9999.0 -9999.0 -9999.0
23907 20110813  2.403  -98.08   30.62    33.3    24.4    28.8    28.7     0.0    15.65 R    43.0    25.7    32.4    85.8    42.5    59.6   0.090   0.169 -99.000 -99.000 -99.000    34.6    33.9 -9999.0 -9999.0 -9999.0
23907 20110814  2.403  -98.08   30.62    37.1    24.7    30.9    30.4     0.0    22.67 R    52.2    25.9    35.5    79.8    24.3    49.4   0.091   0.169 -99.000 -99.000 -99.000    35.5    34.1 -9999.0 -9999.0 -9999.0
23907 20110815  2.403  -98.08   30.62    37.6    25.4    31.5    31.5     0.0    25.56 R    51.6    26.4    36.6    66.2    24.1    42.4   0.090   0.170 -99.000 -99.000 -99.000    36.1    34.7 -9999.0 -9999.0 -9999.0
23907 20110816  2.403  -98.08   30.62    37.4    23.6    30.5    30.6     0.0    26.63 R    51.3    25.1    36.0    80.4    24.2    47.3   0.089   0.169 -99.000 -99.000 -99.000    36.3    34.9 -9999.0 -9999.0 -9999.0
23907 20110817  2.403  -98.08   30.62    37.2    23.6    30.4    30.4     0.0    26.44 R    51.2    25.1    36.1    86.0    24.0    47.8   0.088   0.168 -99.000 -99.000 -99.000    36.5    35.1 -9999.0 -9999.0 -9999.0
23907 20110818  2.403  -98.08   30.62    38.6    23.2    30.9    31.4     0.0    26.59 R    51.9    24.5    36.5    64.3    20.7    37.8   0.088   0.168 -99.000 -99.000 -99.000    36.3    34.9 -9999.0 -9999.0 -9999.0
23907 20110819  2.403  -98.08   30.62    39.0    24.1    31.6    31.8     0.0    26.18 R    52.2    25.6    36.8    66.3    20.0    40.4   0.087   0.167 -99.000 -99.000 -99.000    36.8    35.2 -9999.0 -9999.0 -9999.0
23907 20110820  2.403  -98.08   30.62    38.2    25.6    31.9    31.6     0.0    26.33 R    52.6    26.8    37.0    61.8    23.8    42.2   0.086   0.166 -99.000 -99.000 -99.000    37.1    35.5 -9999.0 -9999.0 -9999.0
23907 20110821  2.403  -98.08   30.62    37.0    23.5    30.2    30.2     0.0    26.51 R    52.2    25.1    36.1    87.0    25.1    50.7   0.086   0.166 -99.000 -99.000 -99.000    36.9    35.5 -9999.0 -9999.0 -9999.0
23907 20110822  2.403  -98.08   30.62    37.4    24.8    31.1    31.0     0.0    25.91 R    52.7    26.1    36.7    68.5    22.9    45.6   0.085   0.165 -99.000 -99.000 -99.000    37.0    35.5 -9999.0 -9999.0 -9999.0
23907 20110823  2.403  -98.08   30.62    38.1    24.8    31.4    31.1     0.0    25.94 R    52.4    26.3    36.9    72.4    24.3    45.6   0.085   0.164 -99.000 -99.000 -99.000    37.1    35.6 -9999.0 -9999.0 -9999.0
23907 20110824  2.403  -98.08   30.62    38.6    25.1    31.9    31.4     0.0    25.63 R    52.9    26.5    37.2    66.9    21.7    44.8   0.084   0.163 -99.000 -99.000 -99.000    37.2    35.7 -9999.0 -9999.0 -9999.0
23907 20110825  2.403  -98.08   30.62    36.0    25.0    30.5    29.8     0.0    22.25 R    50.6    26.6    35.2    72.5    30.8    51.2   0.083   0.163 -99.000 -99.000 -99.000    36.5    35.5 -9999.0 -9999.0 -9999.0
23907 20110826  2.403  -98.08   30.62    37.2    22.6    29.9    30.1     0.0    24.44 R    52.9    24.1    35.5    81.9    22.3    46.2   0.083   0.161 -99.000 -99.000 -99.000    36.0    34.9 -9999.0 -9999.0 -9999.0
23907 20110827  2.403  -98.08   30.62    40.5    26.0    33.3    33.3     0.0    23.96 R    54.7    26.7    37.4    60.9    16.3    33.3   0.083   0.160 -99.000 -99.000 -99.000    36.4    35.0 -9999.0 -9999.0 -9999.0
23907 20110828  2.403  -98.08   30.62    41.8    27.8    34.8    34.8     0.0    24.32 R    54.0    28.2    38.7    40.3    14.2    25.5   0.082   0.160 -99.000 -99.000 -99.000    36.9    35.4 -9999.0 -9999.0 -9999.0
23907 20110829  2.403  -98.08   30.62    40.3    27.6    33.9    33.5     0.0    19.92 R    51.8    28.1    36.8    48.2    16.4    30.3   0.081   0.159 -99.000 -99.000 -99.000    36.5    35.3 -9999.0 -9999.0 -9999.0
23907 20110830  2.403  -98.08   30.62    38.8    26.7    32.7    32.1     0.0    23.40 R    52.1    27.0    36.5    49.0    17.0    29.1   0.080   0.158 -99.000 -99.000 -99.000    36.4    35.0 -9999.0 -9999.0 -9999.0
23907 20110831  2.403  -98.08   30.62    36.8    23.3    30.1    30.1     0.0    24.62 R    49.8    24.8    35.0    84.7    21.6    45.5   0.080   0.158 -99.000 -99.000 -99.000    36.3    35.1 -9999.0 -9999.0 -9999.0
23907 20110901  2.403  -98.08   30.62    35.8    23.0    29.4    29.5     0.0    22.21 R    50.9    24.3    34.4    82.0    26.9    45.9   0.079   0.156 -99.000 -99.000 -99.000    35.6    34.6 -9999.0 -9999.0 -9999.0
23907 20110902  2.403  -98.08   30.62    37.1    25.1    31.1    31.0     0.0    23.39 R    50.9    26.2    35.6    74.9    24.4    46.9   0.080   0.156 -99.000 -99.000 -99.000    36.0    34.8 -9999.0 -9999.0 -9999.0
23907 20110903  2.403  -98.08   30.62    36.8    23.7    30.3    30.2     0.0    24.26 R    48.4    25.4    34.6    69.9    22.0    39.9   0.079   0.156 -99.000 -99.000 -99.000    35.4    34.5 -9999.0 -9999.0 -9999.0
23907 20110904  2.403  -98.08   30.62    36.0    22.8    29.4    29.0     0.0    24.47 R    45.9    23.6    32.4    53.3    18.7    36.4   0.076   0.153 -99.000 -99.000 -99.000    33.6    33.1 -9999.0 -9999.0 -9999.0
23907 20110905  2.403  -98.08   30.62    30.1    19.9    25.0    24.6     0.0    26.60 R    42.0    20.7    28.8    55.0     9.0    27.7   0.074   0.151 -99.000 -99.000 -99.000    31.8    32.0 -9999.0 -9999.0 -9999.0
23907 20110906  2.403  -98.08   30.62    31.9    16.8    24.4    24.1     0.0    26.77 R    45.3    17.3    28.9    33.6    10.1    20.4   0.072   0.149 -99.000 -99.000 -99.000    31.2    31.1 -9999.0 -9999.0 -9999.0
23907 20110907  2.403  -98.08   30.62    33.3    18.1    25.7    25.8     0.0    25.65 R    46.3    18.2    30.3    31.8     8.0    18.7   0.071   0.148 -99.000 -99.000 -99.000    31.5    31.1 -9999.0 -9999.0 -9999.0
23907 20110908  2.403  -98.08   30.62    31.8    18.7    25.2    25.0     0.0    25.31 R    44.6    19.4    29.3    30.5     8.1    18.9   0.070   0.148 -99.000 -99.000 -99.000    31.2    30.9 -9999.0 -9999.0 -9999.0
23907 20110909  2.403  -98.08   30.62    34.0    20.0    27.0    27.0     0.0    24.46 R    47.1    19.4    30.9    24.6    13.8    18.3   0.069   0.147 -99.000 -99.000 -99.000    31.4    30.8 -9999.0 -9999.0 -9999.0
23907 20110910  2.403  -98.08   30.62    34.4    21.1    27.8    28.1     0.0    24.66 R    47.6    20.7    32.1    24.4    10.8    16.5   0.069   0.147 -99.000 -99.000 -99.000    32.0    31.2 -9999.0 -9999.0 -9999.0
23907 20110911  2.403  -98.08   30.62    37.2    22.1    29.7    29.6     0.0    21.62 R    49.7    22.4    33.2    44.3    13.9    25.5   0.070   0.147 -99.000 -99.000 -99.000    33.2    31.9 -9999.0 -9999.0 -9999.0
23907 20110912  2.403  -98.08   30.62    38.1    24.8    31.4    31.1     0.0    23.84 R    51.2    24.3    34.6    33.4    13.6    22.6   0.071   0.147 -99.000 -99.000 -99.000    34.0    32.5 -9999.0 -9999.0 -9999.0
23907 20110913  2.403  -98.08   30.62    38.5    24.4    31.5    31.1     0.0    24.04 R    51.1    24.6    34.8    59.3    15.0    28.1   0.071   0.147 -99.000 -99.000 -99.000    34.7    33.1 -9999.0 -9999.0 -9999.0
23907 20110914  2.403  -98.08   30.62    36.9    22.7    29.8    29.5     0.0    23.89 R    49.2    23.0    33.6    56.9    17.7    33.4   0.071   0.147 -99.000 -99.000 -99.000    34.4    33.1 -9999.0 -9999.0 -9999.0
23907 20110915  2.403  -98.08   30.62    33.7    20.8    27.2    27.0     0.0    21.06 R    47.1    22.5    32.0    83.8    30.7    53.2   0.071   0.146 -99.000 -99.000 -99.000    33.9    33.0 -9999.0 -9999.0 -9999.0
23907 20110916  2.403  -98.08   30.62    29.3    21.8    25.5    25.0    10.1    13.95 R    41.2    23.5    28.1    90.6    49.7    67.1   0.094   0.154 -99.000 -99.000 -99.000    31.2    31.8 -9999.0 -9999.0 -9999.0
23907 20110917  2.403  -98.08   30.62    30.4    21.3    25.8    24.2    10.2    13.83 R    38.1    22.6    26.7    93.0    53.6    79.3   0.195   0.170 -99.000 -99.000 -99.000    28.1    29.2 -9999.0 -9999.0 -9999.0
23907 20110918  2.403  -98.08   30.62    32.9    20.6    26.7    24.7     0.0    16.47 R    41.8    21.5    27.6    95.5    44.7    70.4   0.291   0.188 -99.000 -99.000 -99.000    28.1    28.7 -9999.0 -9999.0 -9999.0
23907 20110919  2.403  -98.08   30.62    32.4    20.2    26.3    25.3     0.0    22.93 R    41.0    20.8    28.1    81.1    15.7    46.2   0.272   0.188 -99.000 -99.000 -99.000    27.4    28.0 -9999.0 -9999.0 -9999.0
23907 20110920  2.403  -98.08   30.62    33.4    19.6    26.5    25.9     0.0    23.92 R    44.1    18.8    29.2    51.2    14.9    31.8   0.256   0.187 -99.000 -99.000 -99.000    27.2    27.5 -9999.0 -9999.0 -9999.0
23907 20110921  2.403  -98.08   30.62    34.4    19.4    26.9    26.7     0.0    21.04 R    46.8    20.4    30.3    87.2    25.3    46.2   0.239   0.187 -99.000 -99.000 -99.000    28.2    28.2 -9999.0 -9999.0 -9999.0
23907 20110922  2.403  -98.08   30.62    32.1    19.1    25.6    25.1     0.0    21.71 R    47.0    20.9    29.3    69.5    29.3    48.8   0.224   0.188 -99.000 -99.000 -99.000    28.4    28.4 -9999.0 -9999.0 -9999.0
23907 20110923  2.403  -98.08   30.62    30.8    16.6    23.7    22.8     0.0    23.13 R    42.7    18.4    27.5    76.5    19.0    44.5   0.210   0.187 -99.000 -99.000 -99.000    27.5    27.8 -9999.0 -9999.0 -9999.0
23907 20110924  2.403  -98.08   30.62    34.8    18.4    26.6    26.7     0.0    22.98 R    45.8    17.8    29.7    41.9    17.2    29.3   0.198   0.186 -99.000 -99.000 -99.000    27.7    27.6 -9999.0 -9999.0 -9999.0
23907 20110925  2.403  -98.08   30.62    38.6    23.1    30.9    30.5     0.0    22.62 R    47.3    22.6    32.6    65.5    14.2    35.7   0.185   0.188 -99.000 -99.000 -99.000    29.6    28.9 -9999.0 -9999.0 -9999.0
23907 20110926  2.403  -98.08   30.62    38.1    20.8    29.4    29.1     0.0    22.10 R    47.4    21.6    32.4    50.2    19.6    35.5   0.170   0.188 -99.000 -99.000 -99.000    30.0    29.3 -9999.0 -9999.0 -9999.0
23907 20110927  2.403  -98.08   30.62    35.6    21.0    28.3    26.4    10.3    12.25 R    45.0    21.0    28.1    87.9    23.3    54.8   0.177   0.187 -99.000 -99.000 -99.000    28.5    28.8 -9999.0 -9999.0 -9999.0
23907 20110928  2.403  -98.08   30.62    35.0    18.5    26.8    27.5     0.0    19.59 R    41.4    19.3    28.9    71.1    23.0    42.1   0.243   0.185 -99.000 -99.000 -99.000    26.7    27.0 -9999.0 -9999.0 -9999.0
23907 20110929  2.403  -98.08   30.62    36.6    20.4    28.5    27.3     0.4    18.98 R    45.1    21.6    29.1    60.4    16.9    39.0   0.231   0.187 -99.000 -99.000 -99.000    27.2    27.4 -9999.0 -9999.0 -9999.0
23907 20110930  2.403  -98.08   30.62    29.1    19.7    24.4    24.1     0.0    21.37 R    38.3    19.7    26.6    58.3    15.0    31.2   0.217   0.187 -99.000 -99.000 -99.000    25.6    26.4 -9999.0 -9999.0 -9999.0
23907 20111001  2.403  -98.08   30.62    29.0    16.1    22.6    22.4     0.0    22.39 R    40.7    16.4    25.8    33.7    11.3    21.6   0.204   0.186 -99.000 -99.000 -99.000    25.0    25.6 -9999.0 -9999.0 -9999.0
23907 20111002  2.403  -98.08   30.62    30.4    16.4    23.4    22.7     0.0    22.40 R    41.5    16.0    26.1    62.1    13.9    30.7   0.192   0.187 -99.000 -99.000 -99.000    25.2    25.7 -9999.0 -9999.0 -9999.0
23907 20111003  2.403  -98.08   30.62    29.3    16.4    22.8    22.3     0.0    22.29 R    41.2    16.4    25.9    68.3    19.6    40.4   0.182   0.186 -99.000 -99.000 -99.000    25.6    25.9 -9999.0 -9999.0 -9999.0
23907 20111004  2.403  -98.08   30.62    28.3    15.9    22.1    21.9     0.0    22.41 R    39.7    15.6    25.4    66.4    18.2    41.7   0.173   0.186 -99.000 -99.000 -99.000    25.4    25.7 -9999.0 -9999.0 -9999.0
23907 20111005  2.403  -98.08   30.62    28.5    16.7    22.6    22.7     0.0    18.20 R    40.6    17.7    25.9    87.6    36.9    59.5   0.164   0.186 -99.000 -99.000 -99.000    26.0    26.0 -9999.0 -9999.0 -9999.0
23907 20111006  2.403  -98.08   30.62    29.9    20.1    25.0    24.4     0.0    16.44 R    39.9    21.7    27.7    89.5    47.2    68.0   0.156   0.187 -99.000 -99.000 -99.000    27.4    27.0 -9999.0 -9999.0 -9999.0
23907 20111007  2.403  -98.08   30.62    32.6    22.0    27.3    26.0     1.1    16.43 R    40.6    22.6    28.1    94.5    34.3    66.0   0.150   0.187 -99.000 -99.000 -99.000    27.7    27.5 -9999.0 -9999.0 -9999.0
23907 20111008  2.403  -98.08   30.62    29.6    20.8    25.2    23.2     7.8    10.06 R    38.0    20.5    24.7    90.5    49.5    79.3   0.153   0.185 -99.000 -99.000 -99.000    26.3    26.7 -9999.0 -9999.0 -9999.0
23907 20111009  2.403  -98.08   30.62    21.7    15.5    18.6    17.8    69.7     6.70 R    23.9    16.1    19.5    94.6    78.6    87.9   0.432   0.466 -99.000 -99.000 -99.000    21.4    21.8 -9999.0 -9999.0 -9999.0
23907 20111010  2.403  -98.08   30.62    21.6    16.4    19.0    18.3     0.0     7.85 R    26.3    16.9    20.1    94.2    68.9    84.1   0.386   0.416 -99.000 -99.000 -99.000    21.5    22.2 -9999.0 -9999.0 -9999.0
23907 20111011  2.403  -98.08   30.62    27.9    15.6    21.7    21.5     0.0    19.63 R    37.1    15.9    24.0    90.6    43.7    68.1   0.368   0.397 -99.000 -99.000 -99.000    23.1    23.1 -9999.0 -9999.0 -9999.0
23907 20111012  2.403  -98.08   30.62    30.3    19.3    24.8    23.6     0.0    14.50 R    37.1    19.3    25.4    91.2    42.3    72.0   0.352   0.385 -99.000 -99.000 -99.000    24.2    24.2 -9999.0 -9999.0 -9999.0
23907 20111013  2.403  -98.08   30.62    27.7    17.1    22.4    22.2     0.0    21.02 R    35.4    16.8    24.0    90.4    17.9    45.0   0.331   0.373 -99.000 -99.000 -99.000    23.1    23.8 -9999.0 -9999.0 -9999.0
23907 20111014  2.403  -98.08   30.62    29.5    16.2    22.8    22.4     0.0    20.76 R    37.9    15.2    24.3    45.4    18.9    32.0   0.311   0.359 -99.000 -99.000 -99.000    22.5    23.0 -9999.0 -9999.0 -9999.0
23907 20111015  2.403  -98.08   30.62    28.9    16.6    22.7    22.4     0.0    20.18 R    38.4    16.2    24.7    74.1    25.3    46.8   0.296   0.350 -99.000 -99.000 -99.000    23.2    23.4 -9999.0 -9999.0 -9999.0
23907 20111016  2.403  -98.08   30.62    29.4    17.5    23.4    22.5     0.0    20.18 R    39.3    17.1    25.4    94.3    30.1    61.1   0.283   0.343 -99.000 -99.000 -99.000    24.1    24.0 -9999.0 -9999.0 -9999.0
23907 20111017  2.403  -98.08   30.62    30.2    18.0    24.1    23.9     0.0    19.88 R    38.0    18.1    26.1    92.6    38.1    61.0   0.271   0.334 -99.000 -99.000 -99.000    24.7    24.5 -9999.0 -9999.0 -9999.0
23907 20111018  2.403  -98.08   30.62    20.3    12.3    16.3    16.2     0.0    20.35 R    28.1    13.1    18.9    55.6    28.4    36.6   0.254   0.325 -99.000 -99.000 -99.000    21.7    22.9 -9999.0 -9999.0 -9999.0
23907 20111019  2.403  -98.08   30.62    22.1     9.8    15.9    15.5     0.0    20.40 R    30.4     9.8    17.9    43.9    16.3    28.9   0.242   0.315 -99.000 -99.000 -99.000    20.0    21.1 -9999.0 -9999.0 -9999.0
23907 20111020  2.403  -98.08   30.62    24.8     9.5    17.2    17.2     0.0    19.89 R    32.8     9.5    19.4    53.7    17.3    31.0   0.234   0.307 -99.000 -99.000 -99.000    20.2    20.8 -9999.0 -9999.0 -9999.0
23907 20111021  2.403  -98.08   30.62    28.6    15.2    21.9    21.5     0.0    19.10 R    36.3    14.7    23.5    75.8    35.0    57.4   0.224   0.300 -99.000 -99.000 -99.000    22.4    22.1 -9999.0 -9999.0 -9999.0
23907 20111022  2.403  -98.08   30.62    27.9    17.4    22.7    22.1     0.0    15.41 R    35.5    17.4    24.1    92.1    40.7    66.8   0.214   0.294 -99.000 -99.000 -99.000    23.4    23.2 -9999.0 -9999.0 -9999.0
23907 20111023  2.403  -98.08   30.62    29.5    17.7    23.6    22.6     0.0    18.21 R    38.0    17.5    25.1    84.5    35.4    63.8   0.203   0.286 -99.000 -99.000 -99.000    24.1    23.7 -9999.0 -9999.0 -9999.0
23907 20111024  2.403  -98.08   30.62    28.9    15.4    22.2    22.2     0.0    18.29 R    38.7    16.3    25.2    95.0    25.6    64.5   0.193   0.278 -99.000 -99.000 -99.000    24.3    24.0 -9999.0 -9999.0 -9999.0
23907 20111025  2.403  -98.08   30.62    28.4    17.4    22.9    22.7     0.0    18.68 R    36.0    17.4    24.6    92.0    31.4    58.9   0.183   0.270 -99.000 -99.000 -99.000    24.1    23.9 -9999.0 -9999.0 -9999.0
23907 20111026  2.403  -98.08   30.62    28.7    17.7    23.2    22.8     0.0    18.15 R    36.5    17.6    24.7    89.8    35.3    61.4   0.175   0.264 -99.000 -99.000 -99.000    24.3    24.1 -9999.0 -9999.0 -9999.0
23907 20111027  2.403  -98.08   30.62    20.3     8.7    14.5    14.9     0.0     8.33 R    27.3    11.3    17.9    92.9    50.7    73.3   0.166   0.258 -99.000 -99.000 -99.000    21.8    22.8 -9999.0 -9999.0 -9999.0
23907 20111028  2.403  -98.08   30.62    15.2     8.0    11.6    10.8     0.0    12.00 R    22.5     8.5    13.4    78.1    39.9    59.4   0.160   0.254 -99.000 -99.000 -99.000    18.5    20.2 -9999.0 -9999.0 -9999.0
23907 20111029  2.403  -98.08   30.62    18.3     5.1    11.7    11.7     0.0    19.02 R    28.6     5.8    15.1    70.6    22.2    43.8   0.157   0.251 -99.000 -99.000 -99.000    18.2    19.3 -9999.0 -9999.0 -9999.0
23907 20111030  2.403  -98.08   30.62    22.1     8.2    15.2    15.3     0.0    18.16 R    31.4     8.8    17.8    69.9    29.6    44.8   0.154   0.247 -99.000 -99.000 -99.000    19.0    19.6 -9999.0 -9999.0 -9999.0
23907 20111031  2.403  -98.08   30.62    25.1    12.2    18.6    18.1     0.0    17.88 R    33.5    11.3    20.1    72.7    31.5    50.9   0.150   0.244 -99.000 -99.000 -99.000    19.9    20.1 -9999.0 -9999.0 -9999.0
23907 20111101  2.403  -98.08   30.62    25.5    12.0    18.7    18.5     0.0    17.72 R    32.4    11.8    20.3    82.7    36.3    60.1   0.146   0.241 -99.000 -99.000 -99.000    20.6    20.6 -9999.0 -9999.0 -9999.0
23907 20111102  2.403  -98.08   30.62    27.3     9.7    18.5    19.4     0.0    16.84 R    33.6    12.2    21.5    92.2    35.3    59.3   0.143   0.239 -99.000 -99.000 -99.000    21.7    21.5 -9999.0 -9999.0 -9999.0
23907 20111103  2.403  -98.08   30.62    14.9     4.6     9.7     9.3     0.0    18.64 R    23.4     5.9    12.2    59.6    12.7    33.9   0.135   0.233 -99.000 -99.000 -99.000    17.2    19.0 -9999.0 -9999.0 -9999.0
23907 20111104  2.403  -98.08   30.62    17.8     4.2    11.0    10.7     0.0    18.03 R    28.0     4.3    13.6    39.3    13.5    24.7   0.132   0.229 -99.000 -99.000 -99.000    16.5    17.7 -9999.0 -9999.0 -9999.0
23907 20111105  2.403  -98.08   30.62    23.2     7.5    15.4    15.6     0.0    15.64 R    29.3     7.6    17.5    82.9    26.4    50.4   0.130   0.228 -99.000 -99.000 -99.000    18.1    18.3 -9999.0 -9999.0 -9999.0
23907 20111106  2.403  -98.08   30.62    24.1    18.2    21.2    20.7     0.5     3.61 R    25.2    18.6    21.0    94.6    68.2    82.7   0.131   0.230 -99.000 -99.000 -99.000    21.0    20.4 -9999.0 -9999.0 -9999.0
23907 20111107  2.403  -98.08   30.62    23.4    19.8    21.6    21.2     1.1     4.11 R    25.5    19.6    21.3    92.4    69.6    82.6   0.131   0.230 -99.000 -99.000 -99.000    21.5    21.1 -9999.0 -9999.0 -9999.0
23907 20111108  2.403  -98.08   30.62    22.9    13.4    18.2    19.2     2.6     7.31 R    25.1    12.4    19.3    91.5    21.8    57.8   0.131   0.228 -99.000 -99.000 -99.000    20.2    20.7 -9999.0 -9999.0 -9999.0
23907 20111109  2.403  -98.08   30.62    15.2     6.0    10.6    10.6     0.0    13.44 R    20.7     6.5    12.0    72.5    30.2    49.3   0.128   0.222 -99.000 -99.000 -99.000    15.3    17.3 -9999.0 -9999.0 -9999.0
23907 20111110  2.403  -98.08   30.62    16.7     4.9    10.8    11.1     0.0    17.60 R    24.5     5.0    12.6    65.2    18.1    36.3   0.128   0.220 -99.000 -99.000 -99.000    14.8    16.4 -9999.0 -9999.0 -9999.0
23907 20111111  2.403  -98.08   30.62    19.5     5.6    12.6    12.6     0.0    16.86 R    25.8     4.4    13.2    43.0    15.8    27.5   0.129   0.218 -99.000 -99.000 -99.000    14.3    15.7 -9999.0 -9999.0 -9999.0
23907 20111112  2.403  -98.08   30.62    23.9    11.7    17.8    17.7     0.0    12.96 R    28.0    10.7    17.9    80.9    40.3    59.4   0.132   0.218 -99.000 -99.000 -99.000    17.1    17.1 -9999.0 -9999.0 -9999.0
23907 20111113  2.403  -98.08   30.62    27.7    16.7    22.2    21.7     0.0    15.54 R    32.2    15.7    22.2    90.1    37.0    66.6   0.134   0.220 -99.000 -99.000 -99.000    20.0    19.2 -9999.0 -9999.0 -9999.0
23907 20111114  2.403  -98.08   30.62    25.8    19.6    22.7    22.0     0.0     9.83 R    31.4    19.0    23.1    86.7    52.3    73.4   0.135   0.221 -99.000 -99.000 -99.000    21.6    20.7 -9999.0 -9999.0 -9999.0
23907 20111115  2.403  -98.08   30.62    22.1    16.8    19.5    19.5     6.7     4.53 R    25.7    16.4    19.8    93.8    74.2    86.2   0.141   0.220 -99.000 -99.000 -99.000    20.5    20.6 -9999.0 -9999.0 -9999.0
23907 20111116  2.403  -98.08   30.62    23.3     9.4    16.4    16.5     0.0    15.85 R    29.0    10.0    17.9    94.9    37.0    63.8   0.158   0.217 -99.000 -99.000 -99.000    18.3    19.2 -9999.0 -9999.0 -9999.0
23907 20111117  2.403  -98.08   30.62    15.8     4.1    10.0     9.9     0.0    16.46 R    22.6     5.2    12.2    61.3    27.9    43.1   0.156   0.214 -99.000 -99.000 -99.000    14.5    16.5 -9999.0 -9999.0 -9999.0
23907 20111118  2.403  -98.08   30.62    18.0     6.3    12.2    12.8     0.0     7.06 R    20.5     6.6    13.9    82.5    48.5    63.6   0.155   0.213 -99.000 -99.000 -99.000    14.8    15.9 -9999.0 -9999.0 -9999.0
23907 20111119  2.403  -98.08   30.62    25.0    17.6    21.3    20.9     0.0     5.92 R    27.7    17.2    20.8    87.4    59.9    77.4   0.162   0.216 -99.000 -99.000 -99.000    19.0    18.5 -9999.0 -9999.0 -9999.0
23907 20111120  2.403  -98.08   30.62    26.6    16.0    21.3    23.1     0.0     6.93 R    30.3    18.5    23.5    85.9    55.9    72.6   0.166   0.218 -99.000 -99.000 -99.000    21.4    20.5 -9999.0 -9999.0 -9999.0
23907 20111121  2.403  -98.08   30.62    24.4    12.9    18.6    17.8     1.4     4.46 R    24.0    15.1    19.0    95.4    71.5    85.0   0.164   0.218 -99.000 -99.000 -99.000    19.7    19.9 -9999.0 -9999.0 -9999.0
23907 20111122  2.403  -98.08   30.62    21.4     9.8    15.6    13.6    15.1    14.98 R    23.7    10.3    16.1    94.5    60.6    81.7   0.236   0.299 -99.000 -99.000 -99.000    18.0    18.9 -9999.0 -9999.0 -9999.0
23907 20111123  2.403  -98.08   30.62    20.6     7.8    14.2    13.6     0.0    15.42 R    26.5     8.6    15.6    94.0    51.9    74.6   0.259   0.311 -99.000 -99.000 -99.000    16.3    17.3 -9999.0 -9999.0 -9999.0
23907 20111124  2.403  -98.08   30.62    20.5     9.2    14.9    14.5     0.0    15.11 R    26.0     9.2    15.7    86.9    45.4    69.2   0.258   0.305 -99.000 -99.000 -99.000    16.0    16.9 -9999.0 -9999.0 -9999.0
23907 20111125  2.403  -98.08   30.62    22.5    13.1    17.8    17.2     0.0    10.04 R    25.8    13.6    18.1    96.1    45.5    73.9   0.258   0.302 -99.000 -99.000 -99.000    17.4    17.6 -9999.0 -9999.0 -9999.0
23907 20111126  2.403  -98.08   30.62    18.0     7.8    12.9    12.7    29.0     6.52 R    21.3     7.6    13.6    95.9    50.7    73.2   0.388   0.461 -99.000 -99.000 -99.000    15.8    16.8 -9999.0 -9999.0 -9999.0
23907 20111127  2.403  -98.08   30.62    10.5     3.0     6.7     6.7     0.0    15.96 R    14.8     2.9     7.7    57.8    14.9    32.0   0.349   0.398 -99.000 -99.000 -99.000    10.9    13.3 -9999.0 -9999.0 -9999.0
23907 20111128  2.403  -98.08   30.62    16.2     1.3     8.7     8.9     0.0    15.45 R    22.0     1.6    10.0    49.8    17.9    31.1   0.335   0.374 -99.000 -99.000 -99.000    10.7    12.3 -9999.0 -9999.0 -9999.0
23907 20111129  2.403  -98.08   30.62    16.8     4.9    10.8    10.7     0.0    14.94 R    21.6     4.8    11.4    55.0    24.3    37.9   0.326   0.361 -99.000 -99.000 -99.000    11.3    12.6 -9999.0 -9999.0 -9999.0
23907 20111130  2.403  -98.08   30.62    16.1     3.6     9.9     9.7     0.0    15.08 R    22.4     3.9    11.4    70.4    27.3    49.9   0.317   0.352 -99.000 -99.000 -99.000    11.8    12.8 -9999.0 -9999.0 -9999.0
23907 20111201  2.403  -98.08   30.62    20.7     6.8    13.8    13.8     0.0    10.68 R    24.6     6.3    14.5    91.7    49.2    72.7   0.313   0.347 -99.000 -99.000 -99.000    13.4    13.6 -9999.0 -9999.0 -9999.0
23907 20111202  2.403  -98.08   30.62    16.3     7.3    11.8    12.0    19.7     1.94 R    16.6     9.1    12.8    96.8    85.8    95.0   0.404   0.472 -99.000 -99.000 -99.000    14.3    14.7 -9999.0 -9999.0 -9999.0
23907 20111203  2.403  -98.08   30.62    18.8    14.1    16.4    16.6     0.9     1.59 R    18.7    13.8    16.5    96.4    89.4    93.2   0.397   0.453 -99.000 -99.000 -99.000    15.8    15.4 -9999.0 -9999.0 -9999.0
23907 20111204  2.403  -98.08   30.62    17.9     4.3    11.1     7.3    19.1     1.48 R    17.5     5.3     8.5    96.0    91.5    94.7   0.522   0.568 -99.000 -99.000 -99.000    12.8    13.9 -9999.0 -9999.0 -9999.0
23907 20111205  2.403  -98.08   30.62     4.3    -0.5     1.9     2.8    25.2     2.92 R     6.5     1.2     4.3    96.0    86.9    91.4   0.526   0.572 -99.000 -99.000 -99.000     8.7    10.2 -9999.0 -9999.0 -9999.0
23907 20111206  2.403  -98.08   30.62 -9999.0 -9999.0 -9999.0 -9999.0     0.0     7.57 R     6.4    -2.5     1.1    99.6    59.9    76.1   0.420   0.474 -99.000 -99.000 -99.000     6.6     8.8 -9999.0 -9999.0 -9999.0
23907 20111207  2.403  -98.08   30.62     9.3    -4.6     2.3     1.8     0.0    14.91 R    15.2    -3.4     3.8    90.4    35.7    64.5   0.386   0.431 -99.000 -99.000 -99.000     6.3     8.0 -9999.0 -9999.0 -9999.0
23907 20111208  2.403  -98.08   30.62    12.2     1.2     6.7     6.2     0.0    11.65 R    16.0     1.2     6.8    73.8    27.5    58.4   0.374   0.411 -99.000 -99.000 -99.000     7.8     8.8 -9999.0 -9999.0 -9999.0
23907 20111209  2.403  -98.08   30.62    15.5     5.4    10.4     9.3     0.0     9.62 R    21.0     4.3    10.3   100.0    53.4    79.9   0.367   0.399 -99.000 -99.000 -99.000    10.0    10.2 -9999.0 -9999.0 -9999.0
23907 20111210  2.403  -98.08   30.62     9.0     4.8     6.9     6.8     0.0     3.70 R    11.6     5.3     7.8    91.5    66.7    80.2   0.357   0.389 -99.000 -99.000 -99.000     9.8    10.5 -9999.0 -9999.0 -9999.0
23907 20111211  2.403  -98.08   30.62     9.2     4.9     7.0     6.9     1.4     5.05 R    12.8     5.4     8.3    87.7    48.8    66.7   0.359   0.387 -99.000 -99.000 -99.000    10.1    10.6 -9999.0 -9999.0 -9999.0
23907 20111212  2.403  -98.08   30.62    13.0     7.6    10.3    10.1     0.0     2.59 R    14.1     7.8    10.6    78.9    52.8    63.9   0.352   0.381 -99.000 -99.000 -99.000    10.7    11.0 -9999.0 -9999.0 -9999.0
23907 20111213  2.403  -98.08   30.62    18.7    13.0    15.9    15.9     1.1     1.56 R    18.4    12.6    15.8    97.0    75.6    94.4   0.355   0.380 -99.000 -99.000 -99.000    13.6    12.9 -9999.0 -9999.0 -9999.0
23907 20111214  2.403  -98.08   30.62    20.3    18.2    19.3    19.2     4.6     0.95 R    19.9    18.1    18.8    96.4    84.4    92.1   0.393   0.414 -99.000 -99.000 -99.000    16.5    15.4 -9999.0 -9999.0 -9999.0
23907 20111215  2.403  -98.08   30.62 -9999.0 -9999.0 -9999.0 -9999.0    11.1     2.18 R    18.8     8.8    13.0    90.8    71.0    85.9   0.473   0.537 -99.000 -99.000 -99.000    14.8    15.0 -9999.0 -9999.0 -9999.0
23907 20111216  2.403  -98.08   30.62 -9999.0 -9999.0 -9999.0 -9999.0     0.2     6.58 R    14.6     6.8     9.6    91.5    55.7    77.0   0.424   0.475 -99.000 -99.000 -99.000    11.9    12.8 -9999.0 -9999.0 -9999.0
23907 20111217  2.403  -98.08   30.62    13.8     5.3     9.6     8.9     0.0    10.06 R    18.7     6.2    10.5    66.5    30.3    51.5   0.394   0.436 -99.000 -99.000 -99.000    11.2    12.0 -9999.0 -9999.0 -9999.0
23907 20111218  2.403  -98.08   30.62    14.4     9.1    11.8    11.5     0.0     5.29 R    17.4     9.7    12.6    69.9    46.6    53.6   0.379   0.412 -99.000 -99.000 -99.000    12.4    12.5 -9999.0 -9999.0 -9999.0
23907 20111219  2.403  -98.08   30.62    18.4    12.1    15.3    15.1     7.3     2.28 R    18.6    10.3    14.9    96.4    51.2    89.2   0.402   0.445 -99.000 -99.000 -99.000    14.3    13.9 -9999.0 -9999.0 -9999.0
23907 20111220  2.403  -98.08   30.62    13.4     5.4     9.4     8.6     0.0    13.57 R    16.5     5.3     9.4    76.6    42.6    54.3   0.412   0.465 -99.000 -99.000 -99.000    11.2    12.3 -9999.0 -9999.0 -9999.0
23907 20111221  2.403  -98.08   30.62     9.9     3.4     6.6     6.3     7.6     4.78 R    14.0     4.5     8.1    94.0    52.5    68.0   0.392   0.435 -99.000 -99.000 -99.000    10.3    11.1 -9999.0 -9999.0 -9999.0
23907 20111222  2.403  -98.08   30.62    18.0     3.7    10.8     9.6     7.5    14.01 R    22.4     4.4    11.1    97.6    39.6    74.0   0.502   0.549 -99.000 -99.000 -99.000    11.3    11.5 -9999.0 -9999.0 -9999.0
23907 20111223  2.403  -98.08   30.62     4.7     2.6     3.7     3.8     0.0     3.68 R     8.0     4.2     5.6    85.7    72.7    80.9   0.418   0.464 -99.000 -99.000 -99.000     8.8    10.1 -9999.0 -9999.0 -9999.0
23907 20111224  2.403  -98.08   30.62     5.1     3.2     4.1     4.1     1.4     1.71 R     6.6     4.2     5.1    94.1    82.8    91.0   0.397   0.439 -99.000 -99.000 -99.000     8.2     9.4 -9999.0 -9999.0 -9999.0
23907 20111225  2.403  -98.08   30.62     7.7     2.9     5.3     4.9     0.3     3.81 R     9.8     3.7     5.9    95.5    71.1    85.2   0.395   0.436 -99.000 -99.000 -99.000     8.2     9.1 -9999.0 -9999.0 -9999.0
23907 20111226  2.403  -98.08   30.62    11.6     4.7     8.1     7.2     0.0    12.10 R    15.7     4.7     8.2    85.3    41.6    64.0   0.383   0.420 -99.000 -99.000 -99.000     8.9     9.5 -9999.0 -9999.0 -9999.0
23907 20111227  2.403  -98.08   30.62    15.7     2.9     9.3     8.7     0.0    14.31 R    20.1     2.2     8.9    72.7    27.7    49.0   0.370   0.403 -99.000 -99.000 -99.000     8.2     9.0 -9999.0 -9999.0 -9999.0
23907 20111228  2.403  -98.08   30.62    20.0     5.2    12.6    10.4     0.0    12.76 R    21.4     4.5    10.1    64.2    24.4    47.2   0.362   0.394 -99.000 -99.000 -99.000     8.8     9.3 -9999.0 -9999.0 -9999.0
23907 20111229  2.403  -98.08   30.62    20.1     4.0    12.0    12.0     0.0    14.46 R    22.9     3.8    12.0    71.8    23.6    45.8   0.356   0.387 -99.000 -99.000 -99.000     9.8     9.9 -9999.0 -9999.0 -9999.0
23907 20111230  2.403  -98.08   30.62    21.5    10.3    15.9    15.0     0.0    14.29 R    24.8     8.4    14.2    46.0    17.9    34.2   0.349   0.382 -99.000 -99.000 -99.000    10.7    10.8 -9999.0 -9999.0 -9999.0
23907 20111231  2.403  -98.08   30.62    25.4     8.8    17.1    16.1     0.0    14.26 R    26.8     6.6    15.1    48.2    22.6    38.6   0.342   0.376 -99.000 -99.000 -99.000    11.3    11.2 -9999.0 -9999.0 -9999.0
