03055 20090101  1.302 -101.59   36.60    17.0    -3.1     7.0     5.9     0.0    11.12 R    25.4    -5.1     4.7 -9999.0 -9999.0 -9999.0 -99.000 -99.000 -99.000 -99.000 -99.000 -9999.0 -9999.0 -9999.0 -9999.0 -9999.0
03055 20090102  1.302 -101.59   36.60    20.9    -5.1     7.9     6.0     0.0    12.11 R    26.8    -5.7     5.3 -9999.0 -9999.0 -9999.0 -99.000 -99.000 -99.000 -99.000 -99.000 -9999.0 -9999.0 -9999.0 -9999.0 -9999.0
03055 20090103  1.302 -101.59   36.60    22.0    -5.5     8.3     5.4     0.0    12.12 R    27.4    -5.6     5.5 -9999.0 -9999.0 -9999.0 -99.000 -99.000 -99.000 -99.000 -99.000 -9999.0 -9999.0 -9999.0 -9999.0 -9999.0
03055 20090104  1.302 -101.59   36.60    -0.5    -7.9    -4.2    -4.8     0.0     7.45 R    12.2    -8.4    -2.7 -9999.0 -9999.0 -9999.0 -99.000 -99.000 -99.000 -99.000 -99.000 -9999.0 -9999.0 -9999.0 -9999.0 -9999.0
03055 20090105  1.302 -101.59   36.60     8.6   -11.3    -1.4    -1.2     0.0    12.07 R    13.7   -10.7    -0.9 -9999.0 -9999.0 -9999.0 -99.000 -99.000 -99.000 -99.000 -99.000 -9999.0 -9999.0 -9999.0 -9999.0 -9999.0
03055 20090106  1.302 -101.59   36.60     9.6    -5.2     2.2     1.5     0.0    11.20 R    18.9    -6.4     1.6 -9999.0 -9999.0 -9999.0 -99.000 -99.000 -99.000 -99.000 -99.000 -9999.0 -9999.0 -9999.0 -9999.0 -9999.0
03055 20090107  1.302 -101.59   36.60    19.5    -6.9     6.3     4.7     0.0    10.54 R    23.8    -7.7     3.3 -9999.0 -9999.0 -9999.0 -99.000 -99.000 -99.000 -99.000 -99.000 -9999.0 -9999.0 -9999.0 -9999.0 -9999.0
03055 20090108  1.302 -101.59   36.60    18.9    -2.3     8.3     7.2     0.0    12.34 R    24.1    -3.8     6.0 -9999.0 -9999.0 -9999.0 -99.000 -99.000 -99.000 -99.000 -99.000 -9999.0 -9999.0 -9999.0 -9999.0 -9999.0
03055 20090109  1.302 -101.59   36.60    16.2    -4.4     5.9     5.1     0.0    11.70 R    22.3    -5.2     5.1 -9999.0 -9999.0 -9999.0 -99.000 -99.000 -99.000 -99.000 -99.000 -9999.0 -9999.0 -9999.0 -9999.0 -9999.0
03055 20090110  1.302 -101.59   36.60     9.4    -8.7     0.3    -0.9     0.0    12.91 R    19.8    -9.1    -0.2 -9999.0 -9999.0 -9999.0 -99.000 -99.000 -99.000 -99.000 -99.000 -9999.0 -9999.0 -9999.0 -9999.0 -9999.0
03055 20090111  1.302 -101.59   36.60    11.5    -8.1     1.7     0.7     0.0    12.49 R    22.8    -8.2     1.5 -9999.0 -9999.0 -9999.0 -99.000 -99.000 -99.000 -99.000 -99.000 -9999.0 -9999.0 -9999.0 -9999.0 -9999.0
03055 20090112  1.302 -101.59   36.60     7.6   -10.5    -1.4     0.7     0.0     7.27 R    13.7   -10.9     0.2 -9999.0 -9999.0 -9999.0 -99.000 -99.000 -99.000 -99.000 -99.000 -9999.0 -9999.0 -9999.0 -9999.0 -9999.0
03055 20090113  1.302 -101.59   36.60    13.5   -10.2     1.7     0.6     0.0    12.23 R    20.2   -10.7     0.7 -9999.0 -9999.0 -9999.0 -99.000 -99.000 -99.000 -99.000 -99.000 -9999.0 -9999.0 -9999.0 -9999.0 -9999.0
03055 20090114  1.302 -101.59   36.60    11.4    -6.6     2.4     1.2     0.0    11.79 R    23.3    -7.2     2.5 -9999.0 -9999.0 -9999.0 -99.000 -99.000 -99.000 -99.000 -99.000 -9999.0 -9999.0 -9999.0 -9999.0 -9999.0
03055 20090115  1.302 -101.59   36.60    -1.2   -10.2    -5.7    -7.3     0.0     9.79 R    14.4   -10.3    -2.9 -9999.0 -9999.0 -9999.0 -99.000 -99.000 -99.000 -99.000 -99.000 -9999.0 -9999.0 -9999.0 -9999.0 -9999.0
03055 20090116  1.302 -101.59   36.60    16.6    -9.9     3.3     2.4     0.0    13.18 R    25.1    -9.9     2.9 -9999.0 -9999.0 -9999.0 -99.000 -99.000 -99.000 -99.000 -99.000 -9999.0 -9999.0 -9999.0 -9999.0 -9999.0
03055 20090117  1.302 -101.59   36.60    14.5    -0.4     7.1     6.7     0.0    13.26 R    23.3    -2.6     5.6 -9999.0 -9999.0 -9999.0 -99.000 -99.000 -99.000 -99.000 -99.000 -9999.0 -9999.0 -9999.0 -9999.0 -9999.0
03055 20090118  1.302 -101.59   36.60    20.6    -0.6    10.0     8.9     0.0    13.61 R    26.6    -3.1     7.4 -9999.0 -9999.0 -9999.0 -99.000 -99.000 -99.000 -99.000 -99.000 -9999.0 -9999.0 -9999.0 -9999.0 -9999.0
03055 20090119  1.302 -101.59   36.60    20.5     2.6    11.6    11.5     0.0    13.09 R    27.2    -0.2     9.6 -9999.0 -9999.0 -9999.0 -99.000 -99.000 -99.000 -99.000 -99.000 -9999.0 -9999.0 -9999.0 -9999.0 -9999.0
03055 20090120  1.302 -101.59   36.60    17.3    -0.8     8.2     6.4     0.0    13.96 R    25.7    -2.6     6.1 -9999.0 -9999.0 -9999.0 -99.000 -99.000 -99.000 -99.000 -99.000 -9999.0 -9999.0 -9999.0 -9999.0 -9999.0
03055 20090121  1.302 -101.59   36.60    22.4    -2.1    10.1     7.9     0.0    14.52 R    32.4    -4.5     6.5 -9999.0 -9999.0 -9999.0 -99.000 -99.000 -99.000 -99.000 -99.000 -9999.0 -9999.0 -9999.0 -9999.0 -9999.0
03055 20090122  1.302 -101.59   36.60    21.2    -3.4     8.9     8.9     0.0    12.29 R    32.1    -5.1     7.2 -9999.0 -9999.0 -9999.0 -99.000 -99.000 -99.000 -99.000 -99.000 -9999.0 -9999.0 -9999.0 -9999.0 -9999.0
03055 20090123  1.302 -101.59   36.60     8.3    -6.4     1.0     2.8     0.0    10.74 R    20.6    -4.8     4.3 -9999.0 -9999.0 -9999.0 -99.000 -99.000 -99.000 -99.000 -99.000 -9999.0 -9999.0 -9999.0 -9999.0 -9999.0
03055 20090124  1.302 -101.59   36.60     1.1   -11.8    -5.3    -5.4     0.0    12.40 R    18.2   -11.7    -0.9 -9999.0 -9999.0 -9999.0 -99.000 -99.000 -99.000 -99.000 -99.000 -9999.0 -9999.0 -9999.0 -9999.0 -9999.0
03055 20090125  1.302 -101.59   36.60    -2.0   -11.3    -6.7    -7.1     0.0    11.73 R    14.9   -10.1    -3.4 -9999.0 -9999.0 -9999.0 -99.000 -99.000 -99.000 -99.000 -99.000 -9999.0 -9999.0 -9999.0 -9999.0 -9999.0
03055 20090126  1.302 -101.59   36.60    -9.2   -12.9   -11.0   -10.8     0.2     3.70 R    -2.4   -11.9    -8.4 -9999.0 -9999.0 -9999.0 -99.000 -99.000 -99.000 -99.000 -99.000 -9999.0 -9999.0 -9999.0 -9999.0 -9999.0
03055 20090127  1.302 -101.59   36.60    -7.9   -15.0   -11.4   -11.6     0.0     9.94 R     2.2   -15.1    -9.5 -9999.0 -9999.0 -9999.0 -99.000 -99.000 -99.000 -99.000 -99.000 -9999.0 -9999.0 -9999.0 -9999.0 -9999.0
03055 20090128  1.302 -101.59   36.60    11.0   -13.3    -1.1    -1.5     0.0    14.82 R    22.6   -13.8    -0.7 -9999.0 -9999.0 -9999.0 -99.000 -99.000 -99.000 -99.000 -99.000 -9999.0 -9999.0 -9999.0 -9999.0 -9999.0
03055 20090129  1.302 -101.59   36.60     7.7    -8.1    -0.2    -1.3     0.0     9.56 R    20.7    -9.1    -0.8 -9999.0 -9999.0 -9999.0 -99.000 -99.000 -99.000 -99.000 -99.000 -9999.0 -9999.0 -9999.0 -9999.0 -9999.0
03055 20090130  1.302 -101.59   36.60    16.4    -8.4     4.0     3.4     0.0    15.05 R    28.0    -9.4     3.3 -9999.0 -9999.0 -9999.0 -99.000 -99.000 -99.000 -99.000 -99.000 -9999.0 -9999.0 -9999.0 -9999.0 -9999.0
03055 20090131  1.302 -101.59   36.60    19.4    -3.4     8.0     7.2     0.0    15.50 R    25.5    -5.0     5.8 -9999.0 -9999.0 -9999.0 -99.000 -99.000 -99.000 -99.000 -99.000 -9999.0 -9999.0 -9999.0 -9999.0 -9999.0
03055 20090201  1.302 -101.59   36.60     7.9    -9.2    -0.6     0.7     0.0    13.12 R    21.8    -9.5     0.8 -9999.0 -9999.0 -9999.0 -99.000 -99.000 -99.000 -99.000 -99.000 -9999.0 -9999.0 -9999.0 -9999.0 -9999.0
03055 20090202  1.302 -101.59   36.60    12.8    -9.3     1.7     1.8     0.0    15.15 R    26.3    -9.7     2.2 -9999.0 -9999.0 -9999.0 -99.000 -99.000 -99.000 -99.000 -99.000 -9999.0 -9999.0 -9999.0 -9999.0 -9999.0
03055 20090203  1.302 -101.59   36.60    15.7    -5.7     5.0     4.2     0.0    15.40 R    27.7    -6.3     4.6 -9999.0 -9999.0 -9999.0 -99.000 -99.000 -99.000 -99.000 -99.000 -9999.0 -9999.0 -9999.0 -9999.0 -9999.0
03055 20090204  1.302 -101.59   36.60    20.2    -2.1     9.0     7.6     0.0    15.78 R    28.9    -4.1     7.4 -9999.0 -9999.0 -9999.0 -99.000 -99.000 -99.000 -99.000 -99.000 -9999.0 -9999.0 -9999.0 -9999.0 -9999.0
03055 20090205  1.302 -101.59   36.60    23.3    -0.5    11.4     9.7     0.0    16.36 R    34.5    -2.3     9.4 -9999.0 -9999.0 -9999.0 -99.000 -99.000 -99.000 -99.000 -99.000 -9999.0 -9999.0 -9999.0 -9999.0 -9999.0
03055 20090206  1.302 -101.59   36.60    25.4    -1.5    11.9    11.8     0.0    15.11 R    32.4    -2.9    10.5 -9999.0 -9999.0 -9999.0 -99.000 -99.000 -99.000 -99.000 -99.000 -9999.0 -9999.0 -9999.0 -9999.0 -9999.0
03055 20090207  1.302 -101.59   36.60    19.4    -0.7     9.4     8.9     0.0    12.68 R    32.2    -2.4     9.4 -9999.0 -9999.0 -9999.0 -99.000 -99.000 -99.000 -99.000 -99.000 -9999.0 -9999.0 -9999.0 -9999.0 -9999.0
03055 20090208  1.302 -101.59   36.60    15.4     3.1     9.2     8.9     6.8     3.32 R    18.8     0.7     8.6 -9999.0 -9999.0 -9999.0 -99.000 -99.000 -99.000 -99.000 -99.000 -9999.0 -9999.0 -9999.0 -9999.0 -9999.0
03055 20090209  1.302 -101.59   36.60    16.1     2.2     9.1     8.3     1.2    16.83 R    18.8     0.8     7.4 -9999.0 -9999.0 -9999.0 -99.000 -99.000 -99.000 -99.000 -99.000 -9999.0 -9999.0 -9999.0 -9999.0 -9999.0
03055 20090210  1.302 -101.59   36.60    15.9    -1.3     7.3     7.0     0.0    15.44 R    23.4    -1.5     6.6 -9999.0 -9999.0 -9999.0 -99.000 -99.000 -99.000 -99.000 -99.000 -9999.0 -9999.0 -9999.0 -9999.0 -9999.0
03055 20090211  1.302 -101.59   36.60    14.1    -1.1     6.5     5.1     0.2    17.08 R    24.7    -2.3     6.1 -9999.0 -9999.0 -9999.0 -99.000 -99.000 -99.000 -99.000 -99.000 -9999.0 -9999.0 -9999.0 -9999.0 -9999.0
03055 20090212  1.302 -101.59   36.60    11.2    -2.3     4.4     3.1     0.0    12.66 R    25.0    -2.9     4.7 -9999.0 -9999.0 -9999.0 -99.000 -99.000 -99.000 -99.000 -99.000 -9999.0 -9999.0 -9999.0 -9999.0 -9999.0
03055 20090213  1.302 -101.59   36.60     6.9    -5.6     0.7     0.0     0.0    17.37 R    19.2    -5.2     2.3 -9999.0 -9999.0 -9999.0 -99.000 -99.000 -99.000 -99.000 -99.000 -9999.0 -9999.0 -9999.0 -9999.0 -9999.0
03055 20090214  1.302 -101.59   36.60     5.2    -6.7    -0.8    -2.3     0.0    13.70 R    20.0    -6.7     2.3 -9999.0 -9999.0 -9999.0 -99.000 -99.000 -99.000 -99.000 -99.000 -9999.0 -9999.0 -9999.0 -9999.0 -9999.0
03055 20090215  1.302 -101.59   36.60     5.9    -9.8    -1.9    -2.8     0.0    15.67 R    21.3    -8.4     1.0 -9999.0 -9999.0 -9999.0 -99.000 -99.000 -99.000 -99.000 -99.000 -9999.0 -9999.0 -9999.0 -9999.0 -9999.0
03055 20090216  1.302 -101.59   36.60    15.4    -1.9     6.8     5.7     0.0    17.01 R    22.9    -2.7     6.4 -9999.0 -9999.0 -9999.0 -99.000 -99.000 -99.000 -99.000 -99.000 -9999.0 -9999.0 -9999.0 -9999.0 -9999.0
03055 20090217  1.302 -101.59   36.60    21.1    -2.6     9.3     9.8     0.0    17.72 R    26.4    -3.5     9.2 -9999.0 -9999.0 -9999.0 -99.000 -99.000 -99.000 -99.000 -99.000 -9999.0 -9999.0 -9999.0 -9999.0 -9999.0
03055 20090218  1.302 -101.59   36.60    12.9    -4.4     4.3     4.8     0.0    16.37 R    34.0    -5.0     6.8 -9999.0 -9999.0 -9999.0 -99.000 -99.000 -99.000 -99.000 -99.000 -9999.0 -9999.0 -9999.0 -9999.0 -9999.0
03055 20090219  1.302 -101.59   36.60    13.9    -4.3     4.8     4.0     0.0    16.26 R    28.9    -5.1     5.6 -9999.0 -9999.0 -9999.0 -99.000 -99.000 -99.000 -99.000 -99.000 -9999.0 -9999.0 -9999.0 -9999.0 -9999.0
03055 20090220  1.302 -101.59   36.60    17.9    -5.7     6.1     5.8     0.0    18.00 R    32.0    -6.1     7.0 -9999.0 -9999.0 -9999.0 -99.000 -99.000 -99.000 -99.000 -99.000 -9999.0 -9999.0 -9999.0 -9999.0 -9999.0
03055 20090221  1.302 -101.59   36.60     8.5    -9.3    -0.4    -0.5     0.0    18.89 R    26.4    -8.7     2.8 -9999.0 -9999.0 -9999.0 -99.000 -99.000 -99.000 -99.000 -99.000 -9999.0 -9999.0 -9999.0 -9999.0 -9999.0
03055 20090222  1.302 -101.59   36.60    20.2    -7.5     6.3     5.6     0.0    16.76 R    33.1    -8.7     6.5 -9999.0 -9999.0 -9999.0 -99.000 -99.000 -99.000 -99.000 -99.000 -9999.0 -9999.0 -9999.0 -9999.0 -9999.0
03055 20090223  1.302 -101.59   36.60    14.7    -4.0     5.4     5.6     0.0    14.37 R    30.3    -4.4     7.6 -9999.0 -9999.0 -9999.0 -99.000 -99.000 -99.000 -99.000 -99.000 -9999.0 -9999.0 -9999.0 -9999.0 -9999.0
03055 20090224  1.302 -101.59   36.60    21.1     0.9    11.0    10.2     0.0    19.15 R    40.1     0.0    12.3 -9999.0 -9999.0 -9999.0 -99.000 -99.000 -99.000 -99.000 -99.000 -9999.0 -9999.0 -9999.0 -9999.0 -9999.0
03055 20090225  1.302 -101.59   36.60    19.8    -0.3     9.7     9.7     0.0    17.59 R    38.5    -2.4    11.5 -9999.0 -9999.0 -9999.0 -99.000 -99.000 -99.000 -99.000 -99.000 -9999.0 -9999.0 -9999.0 -9999.0 -9999.0
03055 20090226  1.302 -101.59   36.60    19.6     1.1    10.3    11.3     0.0    16.08 R    38.7    -1.3    11.9 -9999.0 -9999.0 -9999.0 -99.000 -99.000 -99.000 -99.000 -99.000 -9999.0 -9999.0 -9999.0 -9999.0 -9999.0
03055 20090227  1.302 -101.59   36.60    11.2    -8.2     1.5     0.4     0.0    19.78 R    31.2    -7.5     6.2 -9999.0 -9999.0 -9999.0 -99.000 -99.000 -99.000 -99.000 -99.000 -9999.0 -9999.0 -9999.0 -9999.0 -9999.0
03055 20090228  1.302 -101.59   36.60     7.3    -8.1    -0.4    -1.0     0.0    20.32 R    24.9    -8.8     2.7 -9999.0 -9999.0 -9999.0 -99.000 -99.000 -99.000 -99.000 -99.000 -9999.0 -9999.0 -9999.0 -9999.0 -9999.0
03055 20090301  1.302 -101.59   36.60    14.0   -10.0     2.0     2.0     0.0    19.46 R    34.0    -9.5     5.8 -9999.0 -9999.0 -9999.0 -99.000 -99.000 -99.000 -99.000 -99.000 -9999.0 -9999.0 -9999.0 -9999.0 -9999.0
03055 20090302  1.302 -101.59   36.60    19.4    -0.6     9.4     7.9     0.0    16.60 R    37.0    -2.0    10.6 -9999.0 -9999.0 -9999.0 -99.000 -99.000 -99.000 -99.000 -99.000 -9999.0 -9999.0 -9999.0 -9999.0 -9999.0
03055 20090303  1.302 -101.59   36.60    20.7    -0.3    10.2     9.5     0.0     9.79 R    36.0    -1.9     9.8 -9999.0 -9999.0 -9999.0 -99.000 -99.000 -99.000 -99.000 -99.000 -9999.0 -9999.0 -9999.0 -9999.0 -9999.0
03055 20090304  1.302 -101.59   36.60    28.5     4.1    16.3    17.1     0.0    19.41 R    36.8     0.7    16.2 -9999.0 -9999.0 -9999.0 -99.000 -99.000 -99.000 -99.000 -99.000 -9999.0 -9999.0 -9999.0 -9999.0 -9999.0
03055 20090305  1.302 -101.59   36.60    27.6     4.8    16.2    16.7     0.0    17.87 R    35.3     2.3    16.1 -9999.0 -9999.0 -9999.0 -99.000 -99.000 -99.000 -99.000 -99.000 -9999.0 -9999.0 -9999.0 -9999.0 -9999.0
03055 20090306  1.302 -101.59   36.60    25.7     1.0    13.3    14.4     0.0    14.84 R    36.7    -0.9    14.4 -9999.0 -9999.0 -9999.0 -99.000 -99.000 -99.000 -99.000 -99.000 -9999.0 -9999.0 -9999.0 -9999.0 -9999.0
03055 20090307  1.302 -101.59   36.60    24.7     1.1    12.9    15.9     0.0    16.01 R    38.0     1.2    16.7 -9999.0 -9999.0 -9999.0 -99.000 -99.000 -99.000 -99.000 -99.000 -9999.0 -9999.0 -9999.0 -9999.0 -9999.0
03055 20090308  1.302 -101.59   36.60    20.9    -3.5     8.7     8.8     0.0    21.46 R    37.8    -3.4    11.8 -9999.0 -9999.0 -9999.0 -99.000 -99.000 -99.000 -99.000 -99.000 -9999.0 -9999.0 -9999.0 -9999.0 -9999.0
03055 20090309  1.302 -101.59   36.60    21.6    -0.1    10.8    14.6     0.0    12.79 R    29.9     1.7    14.6 -9999.0 -9999.0 -9999.0 -99.000 -99.000 -99.000 -99.000 -99.000 -9999.0 -9999.0 -9999.0 -9999.0 -9999.0
03055 20090310  1.302 -101.59   36.60     6.3    -4.8     0.7    -0.1     0.0    16.44 R    23.3    -6.5     5.2 -9999.0 -9999.0 -9999.0 -99.000 -99.000 -99.000 -99.000 -99.000 -9999.0 -9999.0 -9999.0 -9999.0 -9999.0
03055 20090311  1.302 -101.59   36.60     5.1    -9.5    -2.2 -9999.0     0.0    21.24 R    27.0   -10.1     2.8 -9999.0 -9999.0 -9999.0 -99.000 -99.000 -99.000 -99.000 -99.000 -9999.0 -9999.0 -9999.0 -9999.0 -9999.0
03055 20090312  1.302 -101.59   36.60     9.2    -8.2     0.5    -0.3     0.0    21.47 R    31.2    -8.0     5.7 -9999.0 -9999.0 -9999.0 -99.000 -99.000 -99.000 -99.000 -99.000 -9999.0 -9999.0 -9999.0 -9999.0 -9999.0
03055 20090313  1.302 -101.59   36.60     3.3    -1.6     0.8     0.4     0.0     4.89 R    13.1    -1.6     3.6 -9999.0 -9999.0 -9999.0 -99.000 -99.000 -99.000 -99.000 -99.000 -9999.0 -9999.0 -9999.0 -9999.0 -9999.0
03055 20090314  1.302 -101.59   36.60    13.0    -0.5     6.3     4.8     0.0    21.18 R    33.9    -0.2    10.2 -9999.0 -9999.0 -9999.0 -99.000 -99.000 -99.000 -99.000 -99.000 -9999.0 -9999.0 -9999.0 -9999.0 -9999.0
03055 20090315  1.302 -101.59   36.60    20.9    -3.0     9.0     8.1     0.0    23.06 R    38.8    -4.1    11.7 -9999.0 -9999.0 -9999.0 -99.000 -99.000 -99.000 -99.000 -99.000 -9999.0 -9999.0 -9999.0 -9999.0 -9999.0
03055 20090316  1.302 -101.59   36.60    24.5     1.8    13.1    12.3     0.0    23.16 R    42.9    -0.4    14.9 -9999.0 -9999.0 -9999.0 -99.000 -99.000 -99.000 -99.000 -99.000 -9999.0 -9999.0 -9999.0 -9999.0 -9999.0
03055 20090317  1.302 -101.59   36.60    27.0     1.6    14.3    14.9     0.0    23.19 R    44.7     0.5    16.7 -9999.0 -9999.0 -9999.0 -99.000 -99.000 -99.000 -99.000 -99.000 -9999.0 -9999.0 -9999.0 -9999.0 -9999.0
03055 20090318  1.302 -101.59   36.60    19.0     3.2    11.1    10.3     0.0    22.15 R    36.3     1.5    13.8 -9999.0 -9999.0 -9999.0 -99.000 -99.000 -99.000 -99.000 -99.000 -9999.0 -9999.0 -9999.0 -9999.0 -9999.0
03055 20090319  1.302 -101.59   36.60    16.9     0.4     8.6     7.6     0.0    17.69 R    37.9    -0.8    11.6 -9999.0 -9999.0 -9999.0 -99.000 -99.000 -99.000 -99.000 -99.000 -9999.0 -9999.0 -9999.0 -9999.0 -9999.0
03055 20090320  1.302 -101.59   36.60    24.7     5.2    14.9    14.2     0.0    16.41 R    34.8     2.8    15.4 -9999.0 -9999.0 -9999.0 -99.000 -99.000 -99.000 -99.000 -99.000 -9999.0 -9999.0 -9999.0 -9999.0 -9999.0
03055 20090321  1.302 -101.59   36.60    26.8     9.4    18.1    18.0     1.1    22.26 R    42.1     8.0    20.0 -9999.0 -9999.0 -9999.0 -99.000 -99.000 -99.000 -99.000 -99.000 -9999.0 -9999.0 -9999.0 -9999.0 -9999.0
03055 20090322  1.302 -101.59   36.60    24.0    11.8    17.9    16.8     0.0     9.54 R    27.3     9.8    15.4 -9999.0 -9999.0 -9999.0 -99.000 -99.000 -99.000 -99.000 -99.000 -9999.0 -9999.0 -9999.0 -9999.0 -9999.0
03055 20090323  1.302 -101.59   36.60    21.6     3.7    12.6    15.1     0.0    24.31 R    34.6     3.1    16.2 -9999.0 -9999.0 -9999.0 -99.000 -99.000 -99.000 -99.000 -99.000 -9999.0 -9999.0 -9999.0 -9999.0 -9999.0
03055 20090324  1.302 -101.59   36.60    15.8    -3.0     6.4     6.1     0.0    22.02 R    32.2    -3.3     9.4 -9999.0 -9999.0 -9999.0 -99.000 -99.000 -99.000 -99.000 -99.000 -9999.0 -9999.0 -9999.0 -9999.0 -9999.0
03055 20090325  1.302 -101.59   36.60    18.6    -4.6     7.0     6.8     0.0    21.95 R    37.7    -5.0     9.4 -9999.0 -9999.0 -9999.0 -99.000 -99.000 -99.000 -99.000 -99.000 -9999.0 -9999.0 -9999.0 -9999.0 -9999.0
03055 20090326  1.302 -101.59   36.60    13.5    -1.8     5.9     5.1    10.1    18.42 R    39.7    -3.0    10.8 -9999.0 -9999.0 -9999.0 -99.000 -99.000 -99.000 -99.000 -99.000 -9999.0 -9999.0 -9999.0 -9999.0 -9999.0
03055 20090327  1.302 -101.59   36.60    -1.2    -7.1    -4.2    -5.5    22.0    13.11 R     1.1    -7.2    -5.4 -9999.0 -9999.0 -9999.0 -99.000 -99.000 -99.000 -99.000 -99.000 -9999.0 -9999.0 -9999.0 -9999.0 -9999.0
03055 20090328  1.302 -101.59   36.60     5.7    -7.7    -1.0    -1.4    10.0    26.13 R     3.0   -11.1    -4.1 -9999.0 -9999.0 -9999.0 -99.000 -99.000 -99.000 -99.000 -99.000 -9999.0 -9999.0 -9999.0 -9999.0 -9999.0
03055 20090329  1.302 -101.59   36.60    16.5    -3.4     6.6     6.4     0.0    20.39 R     4.5    -7.4    -1.0 -9999.0 -9999.0 -9999.0 -99.000 -99.000 -99.000 -99.000 -99.000 -9999.0 -9999.0 -9999.0 -9999.0 -9999.0
03055 20090330  1.302 -101.59   36.60    10.4    -1.2     4.6     4.5     0.0    21.95 R     3.5    -4.3    -0.5 -9999.0 -9999.0 -9999.0 -99.000 -99.000 -99.000 -99.000 -99.000 -9999.0 -9999.0 -9999.0 -9999.0 -9999.0
03055 20090331  1.302 -101.59   36.60    13.2    -4.5     4.3     4.1     0.0    25.74 R    11.8    -7.6     0.1 -9999.0 -9999.0 -9999.0 -99.000 -99.000 -99.000 -99.000 -99.000 -9999.0 -9999.0 -9999.0 -9999.0 -9999.0
03055 20090401  1.302 -101.59   36.60    20.1    -1.3     9.4     8.8     0.0    17.18 R    27.5    -2.5     8.1 -9999.0 -9999.0 -9999.0 -99.000 -99.000 -99.000 -99.000 -99.000 -9999.0 -9999.0 -9999.0 -9999.0 -9999.0
03055 20090402  1.302 -101.59   36.60    12.0    -0.4     5.8     5.0     2.7    25.85 R    25.1    -0.5     8.1 -9999.0 -9999.0 -9999.0 -99.000 -99.000 -99.000 -99.000 -99.000 -9999.0 -9999.0 -9999.0 -9999.0 -9999.0
03055 20090403  1.302 -101.59   36.60    24.7     0.1    12.4    12.2     0.0    26.01 R    30.0    -0.6    11.9 -9999.0 -9999.0 -9999.0 -99.000 -99.000 -99.000 -99.000 -99.000 -9999.0 -9999.0 -9999.0 -9999.0 -9999.0
03055 20090404  1.302 -101.59   36.60    18.2    -1.4     8.4    10.7     0.0    25.72 R    25.4    -1.6    10.5 -9999.0 -9999.0 -9999.0 -99.000 -99.000 -99.000 -99.000 -99.000 -9999.0 -9999.0 -9999.0 -9999.0 -9999.0
03055 20090405  1.302 -101.59   36.60     8.1    -3.2     2.4     1.5     0.0    26.26 R    20.3    -3.3     4.4 -9999.0 -9999.0 -9999.0 -99.000 -99.000 -99.000 -99.000 -99.000 -9999.0 -9999.0 -9999.0 -9999.0 -9999.0
03055 20090406  1.302 -101.59   36.60    11.2    -8.2     1.5     2.2     0.0    27.19 R    25.1    -6.6     5.0 -9999.0 -9999.0 -9999.0 -99.000 -99.000 -99.000 -99.000 -99.000 -9999.0 -9999.0 -9999.0 -9999.0 -9999.0
03055 20090407  1.302 -101.59   36.60    25.7    -6.1     9.8    10.6     0.0    27.51 R    36.5    -5.2    10.7 -9999.0 -9999.0 -9999.0 -99.000 -99.000 -99.000 -99.000 -99.000 -9999.0 -9999.0 -9999.0 -9999.0 -9999.0
03055 20090408  1.302 -101.59   36.60    25.5    -0.5    12.5    13.6     0.0    23.95 R    34.2    -0.6    14.0 -9999.0 -9999.0 -9999.0 -99.000 -99.000 -99.000 -99.000 -99.000 -9999.0 -9999.0 -9999.0 -9999.0 -9999.0
03055 20090409  1.302 -101.59   36.60    17.3     3.0    10.1    10.5     0.0    14.28 R    24.3     2.4     9.7 -9999.0 -9999.0 -9999.0 -99.000 -99.000 -99.000 -99.000 -99.000 -9999.0 -9999.0 -9999.0 -9999.0 -9999.0
03055 20090410  1.302 -101.59   36.60    14.7     1.9     8.3     6.8     0.0    26.47 R    32.2     2.6    11.5 -9999.0 -9999.0 -9999.0 -99.000 -99.000 -99.000 -99.000 -99.000 -9999.0 -9999.0 -9999.0 -9999.0 -9999.0
03055 20090411  1.302 -101.59   36.60    10.7     1.0     5.9     5.6    15.4     6.56 R    16.8     0.1     6.1 -9999.0 -9999.0 -9999.0 -99.000 -99.000 -99.000 -99.000 -99.000 -9999.0 -9999.0 -9999.0 -9999.0 -9999.0
03055 20090412  1.302 -101.59   36.60     8.4     3.2     5.8     5.9    11.8     4.75 R    16.0     4.2     7.1 -9999.0 -9999.0 -9999.0 -99.000 -99.000 -99.000 -99.000 -99.000 -9999.0 -9999.0 -9999.0 -9999.0 -9999.0
03055 20090413  1.302 -101.59   36.60    18.1     3.3    10.7     9.8     0.0    23.55 R    29.1     2.9    11.5 -9999.0 -9999.0 -9999.0 -99.000 -99.000 -99.000 -99.000 -99.000 -9999.0 -9999.0 -9999.0 -9999.0 -9999.0
03055 20090414  1.302 -101.59   36.60    25.0     5.4    15.2    15.1     0.0    26.85 R    32.1     4.0    14.9 -9999.0 -9999.0 -9999.0 -99.000 -99.000 -99.000 -99.000 -99.000 -9999.0 -9999.0 -9999.0 -9999.0 -9999.0
03055 20090415  1.302 -101.59   36.60    21.8     9.9    15.8    15.5     0.0    20.34 R    27.9     7.6    14.7 -9999.0 -9999.0 -9999.0 -99.000 -99.000 -99.000 -99.000 -99.000 -9999.0 -9999.0 -9999.0 -9999.0 -9999.0
03055 20090416  1.302 -101.59   36.60    17.6     9.7    13.6    12.6    12.3    15.76 R    28.1     8.1    13.7 -9999.0 -9999.0 -9999.0 -99.000 -99.000 -99.000 -99.000 -99.000 -9999.0 -9999.0 -9999.0 -9999.0 -9999.0
03055 20090417  1.302 -101.59   36.60    17.7     3.8    10.7    11.3     9.1    23.22 R    28.9     2.8    13.4 -9999.0 -9999.0 -9999.0 -99.000 -99.000 -99.000 -99.000 -99.000 -9999.0 -9999.0 -9999.0 -9999.0 -9999.0
03055 20090418  1.302 -101.59   36.60    14.5     2.4     8.5     7.7     1.8    15.26 R    31.8     2.5    10.3 -9999.0 -9999.0 -9999.0 -99.000 -99.000 -99.000 -99.000 -99.000 -9999.0 -9999.0 -9999.0 -9999.0 -9999.0
03055 20090419  1.302 -101.59   36.60    18.1     5.0    11.6    11.0     0.0    26.31 R    27.9     4.5    12.8 -9999.0 -9999.0 -9999.0 -99.000 -99.000 -99.000 -99.000 -99.000 -9999.0 -9999.0 -9999.0 -9999.0 -9999.0
03055 20090420  1.302 -101.59   36.60    22.4     3.9    13.1    14.3     0.0    27.01 R    34.3     3.9    15.4 -9999.0 -9999.0 -9999.0 -99.000 -99.000 -99.000 -99.000 -99.000 -9999.0 -9999.0 -9999.0 -9999.0 -9999.0
03055 20090421  1.302 -101.59   36.60    26.4     6.2    16.3    16.9     0.0    28.50 R    36.5     5.8    18.0 -9999.0 -9999.0 -9999.0 -99.000 -99.000 -99.000 -99.000 -99.000 -9999.0 -9999.0 -9999.0 -9999.0 -9999.0
03055 20090422  1.302 -101.59   36.60    28.8     6.5    17.6    18.2     0.0    28.49 R    37.6     5.5    18.7 -9999.0 -9999.0 -9999.0 -99.000 -99.000 -99.000 -99.000 -99.000 -9999.0 -9999.0 -9999.0 -9999.0 -9999.0
03055 20090423  1.302 -101.59   36.60    27.9     7.4    17.7    17.6     0.0    27.19 R    37.1     7.4    19.0 -9999.0 -9999.0 -9999.0 -99.000 -99.000 -99.000 -99.000 -99.000 -9999.0 -9999.0 -9999.0 -9999.0 -9999.0
03055 20090424  1.302 -101.59   36.60    31.0    10.4    20.7    20.6     0.0    27.36 R    35.9     8.7    19.2 -9999.0 -9999.0 -9999.0 -99.000 -99.000 -99.000 -99.000 -99.000 -9999.0 -9999.0 -9999.0 -9999.0 -9999.0
03055 20090425  1.302 -101.59   36.60    18.0     6.3    12.2    12.8     0.0    24.66 R    33.8     7.1    16.1 -9999.0 -9999.0 -9999.0 -99.000 -99.000 -99.000 -99.000 -99.000 -9999.0 -9999.0 -9999.0 -9999.0 -9999.0
03055 20090426  1.302 -101.59   36.60    26.8     6.0    16.4    14.7     0.0    25.04 R    34.1     6.9    16.5 -9999.0 -9999.0 -9999.0 -99.000 -99.000 -99.000 -99.000 -99.000 -9999.0 -9999.0 -9999.0 -9999.0 -9999.0
03055 20090427  1.302 -101.59   36.60    16.9     5.4    11.1    10.0     0.0    18.62 R    31.9     5.0    13.3 -9999.0 -9999.0 -9999.0 -99.000 -99.000 -99.000 -99.000 -99.000 -9999.0 -9999.0 -9999.0 -9999.0 -9999.0
03055 20090428  1.302 -101.59   36.60    15.7     5.3    10.5     9.6     0.0     8.65 R    25.2     5.5    12.0 -9999.0 -9999.0 -9999.0 -99.000 -99.000 -99.000 -99.000 -99.000 -9999.0 -9999.0 -9999.0 -9999.0 -9999.0
03055 20090429  1.302 -101.59   36.60    28.1    13.9    21.0    19.4     0.0    22.68 R    36.1    13.0    20.8 -9999.0 -9999.0 -9999.0 -99.000 -99.000 -99.000 -99.000 -99.000 -9999.0 -9999.0 -9999.0 -9999.0 -9999.0
03055 20090430  1.302 -101.59   36.60    22.5    12.7    17.6    17.1     0.0    23.14 R    35.4    11.4    19.1 -9999.0 -9999.0 -9999.0 -99.000 -99.000 -99.000 -99.000 -99.000 -9999.0 -9999.0 -9999.0 -9999.0 -9999.0
03055 20090501  1.302 -101.59   36.60    14.3     8.6    11.4    10.9     0.2     5.77 R    19.6     9.3    12.4 -9999.0 -9999.0 -9999.0 -99.000 -99.000 -99.000 -99.000 -99.000 -9999.0 -9999.0 -9999.0 -9999.0 -9999.0
03055 20090502  1.302 -101.59   36.60     9.4     7.2     8.3     8.2     0.4     4.80 R    17.4     8.1    10.0 -9999.0 -9999.0 -9999.0 -99.000 -99.000 -99.000 -99.000 -99.000 -9999.0 -9999.0 -9999.0 -9999.0 -9999.0
03055 20090503  1.302 -101.59   36.60    14.5     6.5    10.5     9.5     3.3    12.67 R    31.0     5.7    12.3 -9999.0 -9999.0 -9999.0 -99.000 -99.000 -99.000 -99.000 -99.000 -9999.0 -9999.0 -9999.0 -9999.0 -9999.0
03055 20090504  1.302 -101.59   36.60    17.7     4.9    11.3    11.0     2.3    16.23 R    27.4     4.8    12.5 -9999.0 -9999.0 -9999.0 -99.000 -99.000 -99.000 -99.000 -99.000 -9999.0 -9999.0 -9999.0 -9999.0 -9999.0
03055 20090505  1.302 -101.59   36.60    19.3     9.5    14.4    13.6     0.0    15.63 R    30.5    10.3    15.9 -9999.0 -9999.0 -9999.0 -99.000 -99.000 -99.000 -99.000 -99.000 -9999.0 -9999.0 -9999.0 -9999.0 -9999.0
03055 20090506  1.302 -101.59   36.60    26.6    11.1    18.9    18.8     0.0    29.12 R    36.9    11.9    21.0 -9999.0 -9999.0 -9999.0 -99.000 -99.000 -99.000 -99.000 -99.000 -9999.0 -9999.0 -9999.0 -9999.0 -9999.0
03055 20090507  1.302 -101.59   36.60    29.6    13.9    21.7    21.8     0.0    29.97 R    37.8    12.6    22.5 -9999.0 -9999.0 -9999.0 -99.000 -99.000 -99.000 -99.000 -99.000 -9999.0 -9999.0 -9999.0 -9999.0 -9999.0
03055 20090508  1.302 -101.59   36.60    24.3    13.4    18.9    18.9     0.0    28.26 R    36.2    13.0    21.3 -9999.0 -9999.0 -9999.0 -99.000 -99.000 -99.000 -99.000 -99.000 -9999.0 -9999.0 -9999.0 -9999.0 -9999.0
03055 20090509  1.302 -101.59   36.60    18.4     7.9    13.1    13.3     0.0    20.68 R    31.9     7.0    16.0 -9999.0 -9999.0 -9999.0 -99.000 -99.000 -99.000 -99.000 -99.000 -9999.0 -9999.0 -9999.0 -9999.0 -9999.0
03055 20090510  1.302 -101.59   36.60    11.3     5.6     8.5     9.3     0.6     4.05 R    15.1     5.5    10.2 -9999.0 -9999.0 -9999.0 -99.000 -99.000 -99.000 -99.000 -99.000 -9999.0 -9999.0 -9999.0 -9999.0 -9999.0
03055 20090511  1.302 -101.59   36.60    15.1     8.0    11.5    11.2     0.0    11.01 R    27.3     8.9    13.5 -9999.0 -9999.0 -9999.0 -99.000 -99.000 -99.000 -99.000 -99.000 -9999.0 -9999.0 -9999.0 -9999.0 -9999.0
03055 20090512  1.302 -101.59   36.60    33.7    11.9    22.8    21.0     0.0    25.49 R    37.6    12.2    21.4 -9999.0 -9999.0 -9999.0 -99.000 -99.000 -99.000 -99.000 -99.000 -9999.0 -9999.0 -9999.0 -9999.0 -9999.0
03055 20090513  1.302 -101.59   36.60    28.3     9.1    18.7    20.0     0.0    30.07 R    39.9     7.3    21.9 -9999.0 -9999.0 -9999.0 -99.000 -99.000 -99.000 -99.000 -99.000 -9999.0 -9999.0 -9999.0 -9999.0 -9999.0
03055 20090514  1.302 -101.59   36.60    21.8     8.9    15.3    16.0     0.0    26.03 R    33.5     6.0    18.5 -9999.0 -9999.0 -9999.0 -99.000 -99.000 -99.000 -99.000 -99.000 -9999.0 -9999.0 -9999.0 -9999.0 -9999.0
03055 20090515  1.302 -101.59   36.60    28.6    12.7    20.7    21.0     0.0    30.35 R    43.1    10.2    23.4 -9999.0 -9999.0 -9999.0 -99.000 -99.000 -99.000 -99.000 -99.000 -9999.0 -9999.0 -9999.0 -9999.0 -9999.0
03055 20090516  1.302 -101.59   36.60    19.0     7.0    13.0    14.1     0.0    27.01 R    37.0     4.6    17.8 -9999.0 -9999.0 -9999.0 -99.000 -99.000 -99.000 -99.000 -99.000 -9999.0 -9999.0 -9999.0 -9999.0 -9999.0
03055 20090517  1.302 -101.59   36.60    25.0     4.8    14.9    15.9     0.0    30.21 R    36.9     4.3    19.0 -9999.0 -9999.0 -9999.0 -99.000 -99.000 -99.000 -99.000 -99.000 -9999.0 -9999.0 -9999.0 -9999.0 -9999.0
03055 20090518  1.302 -101.59   36.60    30.8     9.1    20.0    20.6     0.0    30.84 R    42.8     8.3    22.7 -9999.0 -9999.0 -9999.0 -99.000 -99.000 -99.000 -99.000 -99.000 -9999.0 -9999.0 -9999.0 -9999.0 -9999.0
03055 20090519  1.302 -101.59   36.60    30.2    11.6    20.9    21.5     0.0    30.85 R    41.0    10.2    23.1 -9999.0 -9999.0 -9999.0 -99.000 -99.000 -99.000 -99.000 -99.000 -9999.0 -9999.0 -9999.0 -9999.0 -9999.0
03055 20090520  1.302 -101.59   36.60    29.2    11.6    20.4    20.2     0.0    27.79 R    39.8    10.3    21.8 -9999.0 -9999.0 -9999.0 -99.000 -99.000 -99.000 -99.000 -99.000 -9999.0 -9999.0 -9999.0 -9999.0 -9999.0
03055 20090521  1.302 -101.59   36.60    28.4    11.2    19.8    19.8     0.0    27.10 R    43.3    10.3    22.4 -9999.0 -9999.0 -9999.0 -99.000 -99.000 -99.000 -99.000 -99.000 -9999.0 -9999.0 -9999.0 -9999.0 -9999.0
03055 20090522  1.302 -101.59   36.60    25.6    12.3    18.9    18.6     0.0    22.83 R    37.2    10.7    20.8 -9999.0 -9999.0 -9999.0 -99.000 -99.000 -99.000 -99.000 -99.000 -9999.0 -9999.0 -9999.0 -9999.0 -9999.0
03055 20090523  1.302 -101.59   36.60    27.6    11.4    19.5    19.4     0.0    27.67 R    43.8     9.7    23.0 -9999.0 -9999.0 -9999.0 -99.000 -99.000 -99.000 -99.000 -99.000 -9999.0 -9999.0 -9999.0 -9999.0 -9999.0
03055 20090524  1.302 -101.59   36.60    27.1     9.2    18.1    18.2     0.0    21.12 R    42.1     8.3    20.7 -9999.0 -9999.0 -9999.0 -99.000 -99.000 -99.000 -99.000 -99.000 -9999.0 -9999.0 -9999.0 -9999.0 -9999.0
03055 20090525  1.302 -101.59   36.60    28.0    11.4    19.7    18.5     6.4    22.54 R    46.0    10.4    21.9 -9999.0 -9999.0 -9999.0 -99.000 -99.000 -99.000 -99.000 -99.000 -9999.0 -9999.0 -9999.0 -9999.0 -9999.0
03055 20090526  1.302 -101.59   36.60    21.7     8.5    15.1    15.8     0.0    27.55 R    38.3     7.3    19.2 -9999.0 -9999.0 -9999.0 -99.000 -99.000 -99.000 -99.000 -99.000 -9999.0 -9999.0 -9999.0 -9999.0 -9999.0
03055 20090527  1.302 -101.59   36.60    24.0     6.1    15.0    15.3     0.0    31.39 R    42.1     6.5    19.7 -9999.0 -9999.0 -9999.0 -99.000 -99.000 -99.000 -99.000 -99.000 -9999.0 -9999.0 -9999.0 -9999.0 -9999.0
03055 20090528  1.302 -101.59   36.60    28.2     5.4    16.8    18.9     0.0    31.53 R    46.9     4.9    22.2 -9999.0 -9999.0 -9999.0 -99.000 -99.000 -99.000 -99.000 -99.000 -9999.0 -9999.0 -9999.0 -9999.0 -9999.0
03055 20090529  1.302 -101.59   36.60    30.3     9.4    19.8    21.4     0.0    31.23 R    47.5     9.0    24.6 -9999.0 -9999.0 -9999.0 -99.000 -99.000 -99.000 -99.000 -99.000 -9999.0 -9999.0 -9999.0 -9999.0 -9999.0
03055 20090530  1.302 -101.59   36.60    33.5    13.8    23.6    23.7     0.0    31.12 R    52.9    11.6    26.6 -9999.0 -9999.0 -9999.0 -99.000 -99.000 -99.000 -99.000 -99.000 -9999.0 -9999.0 -9999.0 -9999.0 -9999.0
03055 20090531  1.302 -101.59   36.60    33.8    14.4    24.1    23.4     1.2    26.85 R    52.5    12.6    26.0 -9999.0 -9999.0 -9999.0 -99.000 -99.000 -99.000 -99.000 -99.000 -9999.0 -9999.0 -9999.0 -9999.0 -9999.0
03055 20090601  2.402 -101.59   36.60 -9999.0 -9999.0 -9999.0 -9999.0 -9999.0 -9999.00 U -9999.0 -9999.0 -9999.0 -9999.0 -9999.0 -9999.0 -99.000 -99.000 -99.000 -99.000 -99.000 -9999.0 -9999.0 -9999.0 -9999.0 -9999.0
03055 20090602  2.402 -101.59   36.60    24.0    12.6    18.3    17.2     0.4    18.21 R    46.0    11.4    20.8    97.0    49.2    70.0 -99.000 -99.000 -99.000 -99.000 -99.000 -9999.0 -9999.0 -9999.0 -9999.0 -9999.0
03055 20090603  2.402 -101.59   36.60    23.1    11.7    17.4    16.6     0.5    25.08 R    52.2     8.8    22.3    97.8    37.5    65.7 -99.000 -99.000 -99.000 -99.000 -99.000 -9999.0 -9999.0 -9999.0 -9999.0 -9999.0
03055 20090604  2.402 -101.59   36.60    30.3     7.5    18.9    18.9     0.0    29.01 R    54.1     6.7    24.8    88.5    28.5    58.4 -99.000 -99.000 -99.000 -99.000 -99.000 -9999.0 -9999.0 -9999.0 -9999.0 -9999.0
03055 20090605  2.402 -101.59   36.60    34.8    11.2    23.0    23.1     0.0    27.64 R    54.4    10.1    27.1    87.6    17.1    50.6 -99.000 -99.000 -99.000 -99.000 -99.000 -9999.0 -9999.0 -9999.0 -9999.0 -9999.0
03055 20090606  2.402 -101.59   36.60    36.4    16.9    26.6    26.4     0.0    31.98 R    50.0    15.6    29.2    84.3    10.0    39.1 -99.000 -99.000 -99.000 -99.000 -99.000 -9999.0 -9999.0 -9999.0 -9999.0 -9999.0
03055 20090607  2.402 -101.59   36.60    34.2    12.7    23.5    25.3     0.0    28.19 R    52.1    12.0    27.7    74.1     5.7    31.9 -99.000 -99.000 -99.000 -99.000 -99.000 -9999.0 -9999.0 -9999.0 -9999.0 -9999.0
03055 20090608  2.402 -101.59   36.60    28.7     8.3    18.5    18.4     0.0    30.12 R    53.5     8.0    25.4    82.2    20.1    52.3 -99.000 -99.000 -99.000 -99.000 -99.000 -9999.0 -9999.0 -9999.0 -9999.0 -9999.0
03055 20090609  2.402 -101.59   36.60    31.5    12.0    21.7    21.8     0.0    17.13 R    44.2    11.3    23.8    95.1    12.8    51.8 -99.000 -99.000 -99.000 -99.000 -99.000 -9999.0 -9999.0 -9999.0 -9999.0 -9999.0
03055 20090610  2.402 -101.59   36.60    27.8    12.0    19.9    18.2     2.5    13.70 R    32.1    11.1    18.8    93.6    21.7    69.2 -99.000 -99.000 -99.000 -99.000 -99.000 -9999.0 -9999.0 -9999.0 -9999.0 -9999.0
03055 20090611  2.402 -101.59   36.60    27.0    10.5    18.8    18.5     0.0    23.92 R    51.3     9.3    24.1    98.8    37.4    70.4 -99.000 -99.000 -99.000 -99.000 -99.000 -9999.0 -9999.0 -9999.0 -9999.0 -9999.0
03055 20090612  2.402 -101.59   36.60    30.4    16.1    23.2    22.3     0.0    31.31 R    57.5    14.5    30.0    90.8    24.9    59.2 -99.000 -99.000 -99.000 -99.000 -99.000 -9999.0 -9999.0 -9999.0 -9999.0 -9999.0
03055 20090613  2.402 -101.59   36.60    29.0    16.4    22.7    21.8     0.0    17.47 R    46.7    15.9    25.8    92.1    42.3    68.5 -99.000 -99.000 -99.000 -99.000 -99.000 -9999.0 -9999.0 -9999.0 -9999.0 -9999.0
03055 20090614  2.402 -101.59   36.60    34.1    13.8    24.0    22.6     0.0    18.84 R    51.3    11.7    25.0    95.9    15.5    62.5 -99.000 -99.000 -99.000 -99.000 -99.000 -9999.0 -9999.0 -9999.0 -9999.0 -9999.0
03055 20090615  2.402 -101.59   36.60    36.1    17.8    26.9    26.2     0.0    30.45 R    56.6    16.0    30.2    82.6     8.3    47.9 -99.000 -99.000 -99.000 -99.000 -99.000 -9999.0 -9999.0 -9999.0 -9999.0 -9999.0
03055 20090616  2.402 -101.59   36.60    33.1    15.0    24.0    24.6     0.0    31.18 R    58.3    14.1    31.5    88.5    26.6    55.4 -99.000 -99.000 -99.000 -99.000 -99.000 -9999.0 -9999.0 -9999.0 -9999.0 -9999.0
03055 20090617  2.402 -101.59   36.60    37.6    15.3    26.4    25.8     0.4    19.96 R    56.1    12.2    27.2    94.9     7.5    45.9 -99.000 -99.000 -99.000 -99.000 -99.000 -9999.0 -9999.0 -9999.0 -9999.0 -9999.0
03055 20090618  2.402 -101.59   36.60    36.4    17.9    27.1    27.7     0.0    24.98 R    57.9    16.7    31.2    82.9    16.8    45.6 -99.000 -99.000 -99.000 -99.000 -99.000 -9999.0 -9999.0 -9999.0 -9999.0 -9999.0
03055 20090619  2.402 -101.59   36.60    30.8    17.4    24.1    24.3     0.0    21.23 R    58.6    16.5    30.0    84.5    24.1    49.7 -99.000 -99.000 -99.000 -99.000 -99.000 -9999.0 -9999.0 -9999.0 -9999.0 -9999.0
03055 20090620  2.402 -101.59   36.60    27.8    18.3    23.1    21.8    46.3    16.77 R    35.0    18.8    23.2    98.2    51.8    83.0 -99.000 -99.000 -99.000 -99.000 -99.000 -9999.0 -9999.0 -9999.0 -9999.0 -9999.0
03055 20090621  2.402 -101.59   36.60    33.6    17.5    25.6    25.6     0.4    30.65 R    45.7    17.1    27.4    93.5    20.0    57.2 -99.000 -99.000 -99.000 -99.000 -99.000 -9999.0 -9999.0 -9999.0 -9999.0 -9999.0
03055 20090622  2.402 -101.59   36.60    36.5    19.6    28.0    27.7     0.0    29.98 R    49.1    18.0    29.5    85.6    16.0    51.5 -99.000 -99.000 -99.000 -99.000 -99.000 -9999.0 -9999.0 -9999.0 -9999.0 -9999.0
03055 20090623  2.402 -101.59   36.60    34.6    18.4    26.5    27.2     0.0    30.29 R    49.1    17.6    29.4    85.7    22.4    49.6 -99.000 -99.000 -99.000 -99.000 -99.000 -9999.0 -9999.0 -9999.0 -9999.0 -9999.0
03055 20090624  2.402 -101.59   36.60    35.3    18.0    26.6    27.5     0.0    31.41 R    52.2    17.4    30.8    87.9    25.6    50.7 -99.000 -99.000 -99.000 -99.000 -99.000 -9999.0 -9999.0 -9999.0 -9999.0 -9999.0
03055 20090625  2.402 -101.59   36.60    36.3    18.3    27.3    28.6     0.0    30.52 R    53.3    17.8    31.7    82.4    22.3    44.0 -99.000 -99.000 -99.000 -99.000 -99.000 -9999.0 -9999.0 -9999.0 -9999.0 -9999.0
03055 20090626  2.402 -101.59   36.60    37.2    19.3    28.2    28.9     0.0    30.76 R    52.6    18.0    31.4    70.0    19.5    39.7 -99.000 -99.000 -99.000 -99.000 -99.000 -9999.0 -9999.0 -9999.0 -9999.0 -9999.0
03055 20090627  2.402 -101.59   36.60    30.9    19.0    24.9    25.2     0.0    25.32 R    50.7    17.9    28.9    74.6    34.3    49.3 -99.000 -99.000 -99.000 -99.000 -99.000 -9999.0 -9999.0 -9999.0 -9999.0 -9999.0
03055 20090628  2.402 -101.59   36.60    32.0    13.4    22.7    23.4     0.0    30.04 R    53.9    13.0    28.7    94.5    18.4    49.7 -99.000 -99.000 -99.000 -99.000 -99.000 -9999.0 -9999.0 -9999.0 -9999.0 -9999.0
03055 20090629  2.402 -101.59   36.60    33.7    19.2    26.4    26.1     0.0    28.01 R    57.5    17.8    31.5    77.1    21.1    46.6 -99.000 -99.000 -99.000 -99.000 -99.000 -9999.0 -9999.0 -9999.0 -9999.0 -9999.0
03055 20090630  2.402 -101.59   36.60    33.8    16.5    25.1    25.3     0.0    28.67 R    56.8    15.8    30.9    94.7    22.7    55.0 -99.000 -99.000 -99.000 -99.000 -99.000 -9999.0 -9999.0 -9999.0 -9999.0 -9999.0
03055 20090701  2.402 -101.59   36.60    35.9    15.8    25.8    25.8     0.0    31.69 R    57.4    15.2    31.8    88.3    13.7    46.3 -99.000 -99.000 -99.000 -99.000 -99.000 -9999.0 -9999.0 -9999.0 -9999.0 -9999.0
03055 20090702  2.402 -101.59   36.60    36.5    19.2    27.8    28.2     0.0    31.48 R    56.5    17.8    33.0    66.3    14.1    36.0 -99.000 -99.000 -99.000 -99.000 -99.000 -9999.0 -9999.0 -9999.0 -9999.0 -9999.0
03055 20090703  2.402 -101.59   36.60    36.5    20.4    28.5    28.3     0.3    25.46 R    56.9    19.5    31.5    66.2    21.5    43.9 -99.000 -99.000 -99.000 -99.000 -99.000 -9999.0 -9999.0 -9999.0 -9999.0 -9999.0
03055 20090704  2.402 -101.59   36.60    32.2    19.7    25.9    26.5     0.0    24.98 R    54.3    19.6    31.5    87.1    36.8    54.6 -99.000 -99.000 -99.000 -99.000 -99.000 -9999.0 -9999.0 -9999.0 -9999.0 -9999.0
03055 20090705  2.402 -101.59   36.60    28.6    18.0    23.3    22.8     0.0    22.00 R    59.2    18.7    29.4    85.8    41.1    61.4 -99.000 -99.000 -99.000 -99.000 -99.000 -9999.0 -9999.0 -9999.0 -9999.0 -9999.0
03055 20090706  2.402 -101.59   36.60    30.9    16.0    23.5    22.9     2.6    24.02 R    57.4    15.3    28.7    94.2    34.2    62.1 -99.000 -99.000 -99.000 -99.000 -99.000 -9999.0 -9999.0 -9999.0 -9999.0 -9999.0
03055 20090707  2.402 -101.59   36.60    36.4    14.7    25.5    25.6     0.0    31.68 R    57.4    14.4    30.5    96.4    17.4    57.5 -99.000 -99.000 -99.000 -99.000 -99.000 -9999.0 -9999.0 -9999.0 -9999.0 -9999.0
03055 20090708  2.402 -101.59   36.60    38.8    20.6    29.7    28.4     0.0    31.69 R    62.0    18.0    34.7    80.8     9.9    45.0 -99.000 -99.000 -99.000 -99.000 -99.000 -9999.0 -9999.0 -9999.0 -9999.0 -9999.0
03055 20090709  2.402 -101.59   36.60    42.5    17.5    30.0    31.3     0.0    29.29 R    65.0    16.3    35.2    69.1     6.8    28.4 -99.000 -99.000 -99.000 -99.000 -99.000 -9999.0 -9999.0 -9999.0 -9999.0 -9999.0
03055 20090710  2.402 -101.59   36.60    41.4    24.2    32.8    31.9     0.0    28.95 R    61.5    22.4    35.8    51.3    13.4    29.3 -99.000 -99.000 -99.000 -99.000 -99.000 -9999.0 -9999.0 -9999.0 -9999.0 -9999.0
03055 20090711  2.402 -101.59   36.60    39.8    20.2    30.0    30.5     0.0    30.64 R    60.1    18.4    35.0    64.2     9.8    29.8 -99.000 -99.000 -99.000 -99.000 -99.000 -9999.0 -9999.0 -9999.0 -9999.0 -9999.0
03055 20090712  2.402 -101.59   36.60    39.0    18.8    28.9    29.3     0.0    31.36 R    61.7    17.9    34.6    62.0    12.9    34.9 -99.000 -99.000 -99.000 -99.000 -99.000 -9999.0 -9999.0 -9999.0 -9999.0 -9999.0
03055 20090713  2.402 -101.59   36.60    38.2    17.2    27.7    29.1     0.0    30.44 R    62.4    16.4    35.3    88.1    16.8    40.3 -99.000 -99.000 -99.000 -99.000 -99.000 -9999.0 -9999.0 -9999.0 -9999.0 -9999.0
03055 20090714  2.402 -101.59   36.60    40.1    21.4    30.8    29.2     2.5    27.75 R    59.6    19.8    32.9    74.6    15.8    39.1 -99.000 -99.000 -99.000 -99.000 -99.000 -9999.0 -9999.0 -9999.0 -9999.0 -9999.0
03055 20090715  2.402 -101.59   36.60    37.6    17.8    27.7    25.6     4.7    27.68 R    59.3    16.7    30.7    91.6    22.2    60.3 -99.000 -99.000 -99.000 -99.000 -99.000 -9999.0 -9999.0 -9999.0 -9999.0 -9999.0
03055 20090716  2.402 -101.59   36.60    36.0    16.3    26.1    24.5     0.0    22.76 R    57.0    15.4    27.2    91.8    13.1    60.2 -99.000 -99.000 -99.000 -99.000 -99.000 -9999.0 -9999.0 -9999.0 -9999.0 -9999.0
03055 20090717  2.402 -101.59   36.60    29.7    14.2    21.9    21.3     0.0    22.98 R    50.9    13.7    25.7    99.1    41.8    71.6 -99.000 -99.000 -99.000 -99.000 -99.000 -9999.0 -9999.0 -9999.0 -9999.0 -9999.0
03055 20090718  2.402 -101.59   36.60    29.8    14.6    22.2    21.4     0.0    21.21 R    53.0    13.7    25.3    96.8    32.5    67.0 -99.000 -99.000 -99.000 -99.000 -99.000 -9999.0 -9999.0 -9999.0 -9999.0 -9999.0
03055 20090719  2.402 -101.59   36.60    34.2    13.7    24.0    24.6     0.0    28.80 R    55.9    13.2    30.2    92.2    25.7    54.9 -99.000 -99.000 -99.000 -99.000 -99.000 -9999.0 -9999.0 -9999.0 -9999.0 -9999.0
03055 20090720  2.402 -101.59   36.60    37.7    17.9    27.8    28.2     0.0    27.43 R    64.1    16.5    34.1    78.4    17.5    42.4 -99.000 -99.000 -99.000 -99.000 -99.000 -9999.0 -9999.0 -9999.0 -9999.0 -9999.0
03055 20090721  2.402 -101.59   36.60    29.7    19.8    24.8    23.9     0.0    22.56 R    57.7    19.8    30.1    93.5    37.8    61.1 -99.000 -99.000 -99.000 -99.000 -99.000 -9999.0 -9999.0 -9999.0 -9999.0 -9999.0
03055 20090722  2.402 -101.59   36.60    30.3    17.7    24.0    23.6     0.0    28.95 R    61.1    16.9    31.0    73.8    32.8    54.2 -99.000 -99.000 -99.000 -99.000 -99.000 -9999.0 -9999.0 -9999.0 -9999.0 -9999.0
03055 20090723  2.402 -101.59   36.60    33.3    14.1    23.7    24.6     0.0    30.49 R    58.7    14.2    31.5    94.2    23.3    53.5 -99.000 -99.000 -99.000 -99.000 -99.000 -9999.0 -9999.0 -9999.0 -9999.0 -9999.0
03055 20090724  2.402 -101.59   36.60    36.5    18.3    27.4    27.9     0.0    30.01 R    62.1    17.6    34.6    89.2    17.5    45.5 -99.000 -99.000 -99.000 -99.000 -99.000 -9999.0 -9999.0 -9999.0 -9999.0 -9999.0
03055 20090725  2.402 -101.59   36.60    38.2    20.3    29.2    28.4     0.9    25.51 R    64.2    19.4    33.8    75.7    14.9    45.8 -99.000 -99.000 -99.000 -99.000 -99.000 -9999.0 -9999.0 -9999.0 -9999.0 -9999.0
03055 20090726  2.402 -101.59   36.60    31.9    16.9    24.4    23.9     0.7    22.25 R    63.0    17.4    30.9    97.3    34.7    66.9 -99.000 -99.000 -99.000 -99.000 -99.000 -9999.0 -9999.0 -9999.0 -9999.0 -9999.0
03055 20090727  2.402 -101.59   36.60    29.8    18.5    24.1    23.2    22.7    26.89 R    47.5    18.8    28.5    97.1    37.4    72.2 -99.000 -99.000 -99.000 -99.000 -99.000 -9999.0 -9999.0 -9999.0 -9999.0 -9999.0
03055 20090728  2.402 -101.59   36.60    29.5    16.2    22.8    21.5    12.0    20.80 R    47.5    15.6    25.5    95.1    45.3    75.9 -99.000 -99.000 -99.000 -99.000 -99.000 -9999.0 -9999.0 -9999.0 -9999.0 -9999.0
03055 20090729  2.402 -101.59   36.60    26.5    16.3    21.4    20.5     4.3    14.59 R    42.6    16.5    23.1    98.7    58.3    82.9 -99.000 -99.000 -99.000 -99.000 -99.000 -9999.0 -9999.0 -9999.0 -9999.0 -9999.0
03055 20090730  2.402 -101.59   36.60    23.9    15.3    19.6    18.5     0.0    23.01 R    41.2    15.2    22.5    94.2    42.0    69.7 -99.000 -99.000 -99.000 -99.000 -99.000 -9999.0 -9999.0 -9999.0 -9999.0 -9999.0
03055 20090731  2.402 -101.59   36.60    31.5    14.5    23.0    21.8     9.3    23.91 R    43.6    14.5    24.5    92.4    37.6    68.0 -99.000 -99.000 -99.000 -99.000 -99.000 -9999.0 -9999.0 -9999.0 -9999.0 -9999.0
03055 20090801  2.402 -101.59   36.60    26.6    15.8    21.2    20.4     0.0    28.99 R    41.3    15.6    24.4    94.8    38.2    68.2   0.297   0.296   0.213   0.316   0.236    24.5    24.6    24.0    23.9    23.8
03055 20090802  2.402 -101.59   36.60    34.0    14.7    24.4    24.7     0.0    27.76 R    44.6    14.8    26.9    94.4    34.7    63.2   0.265   0.277   0.213   0.317   0.248    24.8    24.9    24.4    23.9    23.7
03055 20090803  2.402 -101.59   36.60    36.0    16.3    26.1    27.4     0.0    28.16 R    47.8    15.7    29.2    90.6    14.5    49.2   0.241   0.260   0.212   0.317   0.253    26.3    26.1    25.1    24.2    23.8
03055 20090804  2.402 -101.59   36.60    34.8    17.2    26.0    26.9     0.0    28.28 R    50.4    15.9    30.0    78.6    29.0    49.3   0.219   0.245   0.205   0.318   0.253    27.5    27.2    25.8    24.6    24.0
03055 20090805  2.402 -101.59   36.60    35.0    17.5    26.3    26.9     0.0    27.32 R    49.7    17.1    30.9    96.4    36.4    64.7   0.201   0.230   0.204   0.320   0.255    28.4    28.1    26.6    25.1    24.3
03055 20090806  2.402 -101.59   36.60    36.5    19.8    28.1    27.7     0.0    28.19 R    51.7    19.6    31.5    94.8    20.1    55.4   0.183   0.215   0.200   0.320   0.254    28.8    28.6    27.2    25.6    24.6
03055 20090807  2.402 -101.59   36.60    36.8    21.5    29.1    28.7     0.0    23.18 R    49.5    20.1    30.5    60.9    19.1    40.1   0.167   0.197   0.192   0.321   0.250    27.4    27.6    26.8    25.7    24.7
03055 20090808  2.402 -101.59   36.60    38.2    22.7    30.4    29.9     0.0    29.58 R    57.3    20.6    33.5    51.8    11.7    30.8   0.155   0.182   0.188   0.321   0.249    28.0    27.9    26.7    25.6    24.7
03055 20090809  2.402 -101.59   36.60    32.5    18.0    25.3    26.6     0.0    20.24 R    53.0    17.4    30.2    79.6    30.7    46.9   0.143   0.171   0.181   0.320   0.254    27.7    27.8    26.8    25.8    24.9
03055 20090810  2.402 -101.59   36.60    35.4    15.0    25.2    25.3     0.0    27.82 R    62.7    14.3    32.0    87.9    23.8    54.5   0.131   0.163   0.177   0.320   0.254    28.0    27.8    26.6    25.6    24.9
03055 20090811  2.402 -101.59   36.60    31.5    19.0    25.2    24.7    10.9    27.50 R    48.4    19.4    29.2    95.5    36.2    63.6   0.169   0.169   0.174   0.320   0.253    28.4    28.3    27.1    25.8    25.0
03055 20090812  2.402 -101.59   36.60    33.1    16.8    24.9    25.7     0.9    27.60 R    52.2    17.1    30.4    95.5    28.1    57.6   0.167   0.169   0.173   0.323   0.251    28.1    27.9    26.9    25.8    25.1
03055 20090813  2.402 -101.59   36.60    34.2    16.4    25.3    25.2     0.0    27.08 R    51.6    16.5    29.1    94.3    30.2    59.4   0.153   0.161   0.171   0.322   0.238    27.0    27.0    26.4    25.7    25.0
03055 20090814  2.402 -101.59   36.60    34.7    19.1    26.9    23.9     0.6    17.58 R    52.3    18.8    26.7    92.7    27.4    67.3   0.143   0.155   0.169   0.321   0.237    26.5    26.8    26.3    25.5    24.9
03055 20090815  2.402 -101.59   36.60    35.5    16.7    26.1    25.9     0.0    27.23 R    58.4    16.3    31.4    94.1    24.8    58.2   0.137   0.151   0.166   0.320   0.243    27.1    26.9    25.9    25.3    24.8
03055 20090816  2.402 -101.59   36.60    29.5    15.9    22.7    23.4     0.0    26.51 R    56.1    15.1    29.3    80.3    36.8    56.4   0.129   0.147   0.161   0.321   0.248    27.2    27.3    26.2    25.4    24.8
03055 20090817  2.402 -101.59   36.60    29.7    17.2    23.5    22.0    16.3    24.08 R    55.6    16.6    29.0    98.3    44.0    74.3   0.126   0.145   0.158   0.320   0.245    27.5    27.4    26.2    25.4    24.8
03055 20090818  2.402 -101.59   36.60    25.5    15.6    20.5    19.7     6.3    14.01 R    35.2    15.8    21.3    97.0    63.0    81.7   0.271   0.244   0.157   0.320   0.248    24.4    25.1    25.5    25.2    24.7
03055 20090819  2.402 -101.59   36.60    32.0    14.2    23.1    22.5     0.0    27.31 R    44.6    14.3    25.5    92.1    32.8    64.5   0.253   0.252   0.156   0.320   0.246    24.4    24.5    24.2    24.4    24.2
03055 20090820  2.402 -101.59   36.60    28.0    15.7    21.8    21.2     0.0    27.20 R    44.0    15.1    25.0    87.8    35.0    61.6   0.214   0.228   0.157   0.319   0.233    25.1    25.3    24.7    24.3    24.1
03055 20090821  2.402 -101.59   36.60    31.6    13.2    22.4    22.6     0.0    27.32 R    46.1    12.8    25.7    94.6    22.8    59.0   0.190   0.205   0.158   0.319   0.237    24.9    25.0    24.6    24.3    24.0
03055 20090822  2.402 -101.59   36.60    34.0    15.2    24.6    23.7     0.0    26.51 R    48.9    15.3    28.1    91.6    34.4    65.7   0.171   0.185   0.160   0.319   0.251    26.6    26.3    25.1    24.3    24.0
03055 20090823  2.402 -101.59   36.60    37.0    17.6    27.3    27.3     0.0    27.28 R    52.4    17.0    30.4    92.4    19.1    51.4   0.153   0.168   0.159   0.321   0.255    27.0    26.9    25.7    24.7    24.2
03055 20090824  2.402 -101.59   36.60    36.8    17.2    27.0    27.4     0.0    26.63 R    53.1    16.6    30.6    82.5    17.2    44.3   0.139   0.155   0.158   0.320   0.256    27.1    27.0    25.9    24.9    24.3
03055 20090825  2.402 -101.59   36.60    32.9    16.5    24.7    24.6     0.0    23.02 R    59.1    16.1    30.4    85.1    35.5    57.3   0.126   0.147   0.153   0.320   0.240    27.4    27.3    26.0    25.1    24.4
03055 20090826  2.402 -101.59   36.60    30.1    18.5    24.3    23.2     0.0    20.67 R    57.8    18.7    29.6    90.3    37.5    63.4   0.114   0.143   0.151   0.321   0.234    27.6    27.5    26.2    25.2    24.5
03055 20090827  2.402 -101.59   36.60    31.0    16.2    23.6    22.7     0.0    23.80 R    58.5    15.1    29.2    85.4    21.0    55.0   0.103   0.140   0.149   0.321   0.237    27.3    27.2    26.2    25.3    24.6
03055 20090828  2.402 -101.59   36.60    32.8    12.5    22.7    22.7     0.0    25.99 R    57.1    12.5    28.6    87.6    18.9    50.8   0.094   0.136   0.145   0.320   0.245    26.8    26.7    25.8    25.1    24.5
03055 20090829  2.402 -101.59   36.60    28.5    12.8    20.7    20.5     0.0    25.09 R    52.4    12.9    27.1    95.6    35.4    62.6   0.087   0.134   0.143   0.320   0.248    26.9    26.6    25.7    25.1    24.5
03055 20090830  2.402 -101.59   36.60    24.6    14.5    19.5    19.1     0.0    14.95 R    47.5    14.9    23.7    82.3    42.7    60.5   0.080   0.131   0.140   0.320   0.246    26.0    26.0    25.6    25.0    24.5
03055 20090831  2.402 -101.59   36.60    27.1    14.0    20.6    19.9     0.0    18.39 R    43.2    13.9    23.7    82.4    42.9    62.2   0.077   0.129   0.138   0.320   0.244    25.4    25.3    24.9    24.7    24.3
03055 20090901  2.402 -101.59   36.60    35.0    14.5    24.7    24.0     0.0    23.71 R    54.6    13.5    28.0    86.8    19.9    52.8   0.076   0.128   0.137   0.318   0.232    26.0    25.5    24.8    24.4    24.2
03055 20090902  2.402 -101.59   36.60    35.0    18.1    26.5    26.2     0.0    21.82 R    57.4    17.5    30.7    81.0    20.8    44.2   0.074   0.128   0.137   0.317   0.251    27.5    26.7    25.4    24.6    24.2
03055 20090903  2.402 -101.59   36.60    31.9    15.4    23.7    22.5     0.8    21.84 R    54.3    14.8    27.9    94.5    24.4    62.6   0.072   0.126   0.136   0.317   0.242    28.0    27.3    25.9    24.9    24.4
03055 20090904  2.402 -101.59   36.60    30.3    10.5    20.4    20.7     0.0    24.65 R    54.6    10.4    26.7    95.3    27.1    63.3   0.069   0.123   0.134   0.316   0.236    26.3    26.2    25.5    24.9    24.4
03055 20090905  2.402 -101.59   36.60    29.1    16.9    23.0    21.1     0.0    17.58 R    54.7    16.8    27.3    93.6    37.7    72.9   0.070   0.122   0.135   0.315   0.243    27.2    26.8    25.6    24.9    24.4
03055 20090906  2.402 -101.59   36.60    31.8    15.5    23.7    23.3     0.0    21.15 R    53.6    14.2    27.6    96.0    23.7    59.5   0.069   0.120   0.133   0.315   0.249    27.0    26.6    25.6    24.9    24.4
03055 20090907  2.402 -101.59   36.60    33.0    17.6    25.3    24.6     0.0    21.11 R    52.1    16.9    28.2    77.8    25.4    52.9   0.067   0.118   0.133   0.314   0.242    27.0    26.5    25.6    24.9    24.4
03055 20090908  2.402 -101.59   36.60    33.8    16.4    25.1    24.9     0.0    24.05 R    53.9    16.0    29.3    87.0    23.9    53.7   0.066   0.117   0.132   0.316   0.243    27.4    26.8    25.7    24.9    24.5
03055 20090909  2.402 -101.59   36.60    28.6    16.1    22.3    21.6     0.0    20.24 R    53.5    15.1    26.4    90.7    40.7    66.7   0.064   0.116   0.132   0.315   0.244    27.3    26.9    25.9    25.0    24.5
03055 20090910  2.402 -101.59   36.60    26.4    15.0    20.7    20.3     0.0    19.28 R    53.4    13.0    25.8    96.4    41.4    67.5   0.062   0.114   0.131   0.314   0.236    26.7    26.5    25.6    25.0    24.5
03055 20090911  2.402 -101.59   36.60    28.7    11.1    19.9    20.3     0.0    21.62 R    57.1    11.5    26.5   100.0    31.6    67.9   0.061   0.112   0.130   0.311   0.241    26.3    26.0    25.2    24.8    24.4
03055 20090912  2.402 -101.59   36.60    20.7    15.1    17.9    17.7     0.0     7.74 R    38.9    14.5    20.6    94.3    62.3    77.4   0.058   0.110   0.129   0.311   0.243    24.3    24.9    24.9    24.7    24.3
03055 20090913  2.402 -101.59   36.60    23.9    14.8    19.3    18.3     0.0    11.04 R    41.1    13.5    22.1    97.7    46.6    75.6   0.060   0.108   0.129   0.310   0.235    24.1    24.2    24.0    24.2    24.0
03055 20090914  2.402 -101.59   36.60    25.3    13.0    19.2    18.7     0.0    14.76 R    49.6    11.3    23.2    94.6    43.3    70.8   0.060   0.107   0.128   0.309   0.236    24.5    24.4    23.9    23.9    23.8
03055 20090915  2.402 -101.59   36.60    26.2    10.0    18.1    17.9     0.0    20.27 R    52.3     9.6    24.1   100.0    38.7    72.9   0.059   0.107   0.128   0.309   0.238    24.7    24.5    23.9    23.8    23.7
03055 20090916  2.402 -101.59   36.60    23.6    12.7    18.1    18.1     0.0    15.26 R    49.2    12.4    22.6    93.7    41.9    67.7   0.058   0.106   0.128   0.307   0.240    24.1    24.2    23.9    23.8    23.7
03055 20090917  2.402 -101.59   36.60    25.2    10.2    17.7    17.8     0.0    18.38 R    48.8    10.4    22.1    91.9    30.1    61.5   0.057   0.105   0.127   0.307   0.235    23.9    24.0    23.6    23.6    23.5
03055 20090918  2.402 -101.59   36.60    25.1    10.1    17.6    16.9     0.0    18.50 R    50.2    10.0    22.5    92.7    35.6    63.8   0.056   0.104   0.127   0.306   0.233    23.7    23.7    23.3    23.4    23.3
03055 20090919  2.402 -101.59   36.60    29.0    10.3    19.6    19.3     0.0    19.82 R    53.4     9.1    24.4    82.7    24.9    55.1   0.056   0.104   0.126   0.305   0.239    24.2    24.0    23.4    23.3    23.2
03055 20090920  2.402 -101.59   36.60    32.7    13.4    23.1    22.5     0.0    22.05 R    49.7    12.5    26.1    83.7    17.5    50.2   0.056   0.104   0.127   0.305   0.238    24.9    24.5    23.7    23.4    23.3
03055 20090921  2.402 -101.59   36.60    21.3     7.7    14.5    15.0     9.6    13.30 R    45.9     9.0    18.5    94.7    45.4    70.9   0.063   0.102   0.126   0.304   0.234    22.5    23.5    23.5    23.4    23.3
03055 20090922  2.402 -101.59   36.60    19.1     5.1    12.1    11.3     0.0    18.50 R    35.9     5.4    13.9    92.3    27.2    63.6   0.192   0.097   0.122   0.302   0.238    16.5    18.8    20.8    22.4    22.6
03055 20090923  2.402 -101.59   36.60    17.5     4.9    11.2    10.2     0.0    13.03 R    33.6     5.1    11.8    93.4    41.4    70.1   0.169   0.098   0.119   0.299   0.232    14.9    16.8    18.8    21.1    21.8
03055 20090924  2.402 -101.59   36.60    19.0     3.6    11.3    10.6     0.0    15.87 R    41.2     2.8    13.2    93.4    34.5    70.2   0.157   0.100   0.118   0.297   0.232    15.2    16.5    18.0    20.1    21.1
03055 20090925  2.402 -101.59   36.60    21.5     5.2    13.3    13.2     0.0    17.11 R    44.0     4.7    16.0    94.5    32.6    65.4   0.148   0.102   0.118   0.295   0.230    16.3    17.2    17.9    19.6    20.6
03055 20090926  2.402 -101.59   36.60    30.5     7.4    19.0    18.0     0.0    22.05 R    46.9     6.5    20.4    88.4    10.7    46.9   0.140   0.105   0.120   0.295   0.231    18.5    18.8    18.7    19.5    20.4
03055 20090927  2.402 -101.59   36.60    34.4    11.8    23.1    23.1     0.0    21.76 R    52.5     9.9    25.1    54.0     9.0    28.0   0.131   0.109   0.120   0.295   0.228    20.3    20.4    19.6    19.9    20.5
03055 20090928  2.402 -101.59   36.60    21.0     6.3    13.7    13.4     0.0    21.33 R    44.3     5.5    18.1    72.6    14.3    39.1   0.120   0.110   0.121   0.298   0.233    19.5    20.3    20.1    20.3    20.6
03055 20090929  2.402 -101.59   36.60    30.1     7.0    18.6    18.1     0.0    20.81 R    41.2     5.3    20.2    66.4    21.3    39.0   0.110   0.109   0.120   0.296   0.234    18.8    19.4    19.5    20.1    20.5
03055 20090930  2.402 -101.59   36.60    35.9    14.8    25.3    24.9     0.0    20.16 R    47.9    12.8    25.9    77.5    11.0    39.5   0.106   0.112   0.121   0.295   0.226    21.3    21.2    20.3    20.3    20.6
03055 20091001  2.402 -101.59   36.60    20.7     3.8    12.2    14.5     0.0    21.68 R    39.6     1.5    16.7    59.4     8.7    29.7   0.093   0.111   0.121   0.297   0.229    19.3    20.4    20.4    20.5    20.7
03055 20091002  2.402 -101.59   36.60    21.4     0.6    11.0    10.8     0.0    21.29 R    44.6     0.2    15.8    63.8    13.6    34.5   0.083   0.108   0.120   0.295   0.230    17.1    18.1    18.9    20.0    20.4
03055 20091003  2.402 -101.59   36.60    21.3     3.9    12.6    12.0     0.0    18.55 R    39.1     2.7    15.6    74.2    25.5    44.4   0.078   0.108   0.119   0.293   0.229    17.6    18.2    18.7    19.7    20.2
03055 20091004  2.402 -101.59   36.60    18.5     8.1    13.3    12.7     0.3     4.92 R    29.3     8.0    14.1    98.8    62.2    86.7   0.074   0.108   0.119   0.294   0.231    17.5    18.1    18.7    19.6    20.0
03055 20091005  2.402 -101.59   36.60    31.1    11.8    21.5    18.2     0.0    15.82 R    40.6    12.2    19.6    97.8    14.8    68.1   0.074   0.108   0.120   0.293   0.230    19.0    19.0    18.8    19.4    19.9
03055 20091006  2.402 -101.59   36.60    14.9     5.0     9.9    10.4     0.0     9.98 R    34.8     3.3    13.3    74.1    29.8    53.6   0.071   0.107   0.120   0.293   0.230    17.3    18.3    18.8    19.4    19.8
03055 20091007  2.402 -101.59   36.60    17.1     4.9    11.0    11.3     0.8     6.76 R    24.5     4.3    11.7    76.5    26.4    57.6   0.066   0.104   0.118   0.292   0.231    15.2    16.3    17.5    18.9    19.5
03055 20091008  2.402 -101.59   36.60    15.4     3.7     9.5     8.7     7.0     2.92 R    42.1     4.8     9.7    96.5    77.6    90.6   0.090   0.102   0.117   0.289   0.228    13.7    15.4    16.9    18.4    19.2
03055 20091009  2.402 -101.59   36.60    12.9     2.4     7.6     6.1     0.0    17.04 R    30.1     2.4    10.8    98.1    48.7    78.3   0.117   0.101   0.115   0.288   0.225    13.2    14.4    15.5    17.5    18.5
03055 20091010  2.402 -101.59   36.60     5.5    -2.8     1.3    -0.4     1.5     3.84 R    11.5    -0.7     1.8    99.0    92.7    96.0   0.115   0.099   0.114   0.287   0.228     9.5    12.0    14.6    17.0    18.1
03055 20091011  2.402 -101.59   36.60     5.9    -2.6     1.6     0.8     0.5     3.61 R     9.9    -0.5     2.6    99.1    94.7    97.5   0.128   0.098   0.112   0.284   0.224     8.1    10.0    12.7    15.8    17.2
03055 20091012  2.402 -101.59   36.60    11.9     4.5     8.2     8.3     0.0     8.84 R    25.9     4.1    10.6    98.6    69.9    89.9   0.160   0.101   0.112   0.283   0.223    11.5    12.0    12.9    15.1    16.7
03055 20091013  2.402 -101.59   36.60    15.6     8.0    11.8    11.2     4.0     3.43 R    17.5     8.9    11.9    98.9    90.9    97.5   0.187   0.103   0.113   0.282   0.226    13.2    13.6    14.0    15.3    16.6
03055 20091014  2.402 -101.59   36.60    11.2     5.3     8.3     7.9     0.6     5.01 R    18.3     6.6     9.7    99.1    96.1    98.2   0.209   0.114   0.114   0.282   0.223    12.9    13.5    14.3    15.5    16.6
03055 20091015  2.402 -101.59   36.60    24.4     5.4    14.9    14.7     0.0    17.76 R    35.8     5.3    15.9    99.3    23.8    62.9   0.203   0.136   0.114   0.282   0.220    14.6    14.8    14.6    15.5    16.5
03055 20091016  2.402 -101.59   36.60    18.6     8.6    13.6    13.0     0.0    10.80 R    37.6     8.5    15.3    98.3    44.7    75.0   0.190   0.144   0.116   0.284   0.225    15.0    15.4    15.3    15.9    16.6
03055 20091017  2.402 -101.59   36.60    19.6     4.1    11.8    12.1     0.0    17.35 R    33.1     4.2    15.1    90.9    38.6    64.5   0.181   0.146   0.116   0.285   0.227    15.4    15.7    15.6    16.1    16.7
03055 20091018  2.402 -101.59   36.60    29.4     8.3    18.8    17.1     0.0    17.59 R    37.0     7.0    17.4    87.1    17.9    52.5   0.172   0.145   0.116   0.284   0.228    15.2    15.5    15.6    16.2    16.8
03055 20091019  2.402 -101.59   36.60    32.9     9.4    21.2    19.8     0.0    14.47 R    45.3     7.2    19.5    81.6    11.9    41.4   0.165   0.144   0.116   0.285   0.230    16.2    16.4    16.0    16.4    16.9
03055 20091020  2.402 -101.59   36.60    31.3    11.4    21.4    19.2    11.7    15.58 R    41.1     9.9    20.1    95.9    12.2    55.2   0.160   0.143   0.118   0.286   0.231    16.8    17.0    16.6    16.7    17.0
03055 20091021  2.402 -101.59   36.60    14.3     3.8     9.0     8.0    11.7     4.78 R    15.6     4.8     9.4    98.2    77.5    89.5   0.311   0.283   0.119   0.287   0.230    13.4    14.7    16.0    16.8    17.1
03055 20091022  2.402 -101.59   36.60     6.8     0.1     3.5     3.6     0.0     4.97 R    11.0     0.1     4.8    93.8    64.5    82.8   0.255   0.266   0.142   0.283   0.228     9.1    10.6    12.8    15.5    16.4
03055 20091023  2.402 -101.59   36.60    16.1    -1.6     7.3     6.9     0.0    16.60 R    26.4    -2.0     7.8    91.3    33.0    65.9   0.234   0.253   0.148   0.281   0.219     8.9     9.8    11.2    14.2    15.6
03055 20091024  2.402 -101.59   36.60    17.6     1.7     9.6     8.8     0.0     9.91 R    26.7     1.1     8.9    91.1    35.6    68.8   0.222   0.245   0.152   0.280   0.222     9.8    10.5    11.5    13.7    15.1
03055 20091025  2.402 -101.59   36.60    16.6     2.3     9.4     7.5     7.1     2.32 R    12.3     2.1     7.3    95.6    41.7    84.7   0.249   0.251   0.156   0.280   0.219     9.6    10.6    11.7    13.6    14.9
03055 20091026  2.402 -101.59   36.60    10.9    -0.4     5.3     4.8     0.0    14.98 R    26.6    -0.5     7.5    94.9    39.5    74.3   0.270   0.271   0.167   0.279   0.220     9.1     9.9    10.8    13.1    14.5
03055 20091027  2.402 -101.59   36.60    20.0    -0.9     9.5     8.0     0.0    14.58 R    24.2    -0.9     8.0    90.9    20.7    61.7   0.247   0.262   0.181   0.277   0.219     8.7     9.4    10.4    12.7    14.2
03055 20091028  2.402 -101.59   36.60     9.4     3.8     6.6     6.8    11.3     3.61 R    15.0     3.1     7.1    98.0    66.4    81.5   0.247   0.258   0.189   0.277   0.220     8.8     9.5    10.5    12.5    14.0
03055 20091029  2.402 -101.59   36.60     6.2    -0.2     3.0     2.9     6.2     3.04 R    15.5    -0.9     3.7    97.3    74.4    89.4   0.335   0.317   0.259   0.276   0.216     7.5     8.5     9.8    12.2    13.6
03055 20091030  2.402 -101.59   36.60    13.4    -2.2     5.6     4.1     0.0    13.78 R    21.7    -2.7     4.7    84.3    17.8    61.1   0.300   0.301   0.278   0.275   0.220     6.1     7.0     8.4    11.3    13.0
03055 20091031  2.402 -101.59   36.60    21.3     1.7    11.5    10.7     0.0    15.74 R    28.8     0.6    10.3    80.5    22.1    51.5   0.284   0.294   0.275   0.274   0.217     8.2     8.5     8.9    10.9    12.7
03055 20091101  2.402 -101.59   36.60    22.4     2.1    12.2    12.6     0.0    15.67 R    33.6     1.4    12.4    81.7    23.6    49.2   0.273   0.289   0.273   0.276   0.217    10.0    10.2    10.0    11.2    12.7
03055 20091102  2.402 -101.59   36.60    17.6     2.2     9.9     8.7     0.0    15.12 R    26.6     0.8     9.9    93.2    42.7    70.7   0.264   0.284   0.270   0.277   0.221    10.2    10.6    10.7    11.7    12.8
03055 20091103  2.402 -101.59   36.60    20.1    -0.4     9.9     8.7     0.0    15.02 R    25.4     0.0     9.0    96.5    35.2    71.1   0.256   0.278   0.266   0.279   0.221     9.5    10.1    10.6    11.8    12.8
03055 20091104  2.402 -101.59   36.60    16.8     2.9     9.9     8.6     0.0    14.86 R    27.0     2.1     9.3    94.1    32.3    63.9   0.249   0.274   0.264   0.279   0.222     9.9    10.4    10.6    11.8    12.8
03055 20091105  2.402 -101.59   36.60    25.1     2.5    13.8    13.1     0.0    14.75 R    29.3     2.0    12.5    96.5    19.6    59.7   0.243   0.270   0.261   0.281   0.219    10.2    10.6    10.7    11.8    12.8
03055 20091106  2.402 -101.59   36.60    30.8     7.2    19.0    17.4     0.0    14.97 R    36.6     4.8    16.1    70.0     7.8    36.5   0.238   0.267   0.258   0.281   0.216    11.7    11.9    11.5    12.1    13.0
03055 20091107  2.402 -101.59   36.60    29.1     9.1    19.1    16.8     0.0    13.91 R    37.8     6.2    16.2    56.6    11.1    34.5   0.232   0.264   0.255   0.282   0.217    12.5    12.7    12.3    12.6    13.2
03055 20091108  2.402 -101.59   36.60    23.3     8.2    15.7    13.5     0.0    13.18 R    32.6     6.8    13.9    92.0    25.9    62.2   0.227   0.259   0.252   0.286   0.224    12.4    12.7    12.5    12.9    13.5
03055 20091109  2.402 -101.59   36.60    13.7     6.7    10.2    10.0     0.0     5.52 R    21.2     5.2    11.4    91.2    55.9    75.9   0.223   0.255   0.249   0.285   0.226    12.0    12.5    12.5    13.1    13.6
03055 20091110  2.402 -101.59   36.60    16.6     2.8     9.7     8.2     0.0     8.18 R    26.7     3.1    10.1   100.0    58.8    90.8   0.219   0.252   0.245   0.287   0.226    11.6    12.0    12.2    13.0    13.6
03055 20091111  2.402 -101.59   36.60    17.2     5.2    11.2    10.6     0.0     9.41 R    24.6     4.9    11.8    99.4    56.9    83.5   0.217   0.249   0.243   0.286   0.226    11.6    12.0    12.1    12.9    13.6
03055 20091112  2.402 -101.59   36.60    22.2     9.0    15.6    15.3     0.0     7.61 R    24.7     7.7    14.0    86.6    31.1    52.1   0.214   0.247   0.241   0.286   0.227    11.9    12.2    12.2    12.9    13.6
03055 20091113  2.402 -101.59   36.60    20.0     6.1    13.1    15.7     0.0     3.76 R    21.0     5.7    14.0    93.9    34.5    46.7   0.210   0.244   0.239   0.288   0.227    12.3    12.6    12.6    13.1    13.6
03055 20091114  2.402 -101.59   36.60    11.9     3.7     7.8     7.0     3.4    11.29 R    26.2     4.1    10.5    98.0    52.1    80.3   0.206   0.241   0.237   0.289   0.228    11.7    12.2    12.4    13.1    13.6
03055 20091115  2.402 -101.59   36.60     7.6    -0.2     3.7     3.6     4.8     1.91 R    14.5     0.1     4.7    98.6    87.3    95.4   0.233   0.242   0.235   0.288   0.228     9.4    10.5    11.6    12.8    13.5
03055 20091116  2.402 -101.59   36.60     7.8    -2.5     2.6     1.5     0.0    13.35 R    14.2    -2.9     2.2    92.0    38.2    70.7   0.262   0.260   0.238   0.285   0.222     6.5     7.8     9.5    11.8    12.9
03055 20091117  2.402 -101.59   36.60    13.6    -4.5     4.5     3.8     0.0    13.71 R    24.2    -4.5     4.0    83.3    19.3    52.6   0.247   0.259   0.243   0.284   0.225     5.8     6.8     8.2    10.7    12.2
03055 20091118  2.402 -101.59   36.60    18.3    -5.1     6.6     4.7     0.0    13.50 R    25.1    -6.1     4.7    84.3    16.2    53.3   0.239   0.257   0.244   0.282   0.223     6.1     6.9     7.9    10.1    11.7
03055 20091119  2.402 -101.59   36.60    12.5    -4.2     4.2     2.7     0.0     9.56 R    20.7    -3.7     3.1    91.3    39.7    72.1   0.233   0.254   0.243   0.282   0.224     5.5     6.5     7.6     9.8    11.3
03055 20091120  2.402 -101.59   36.60    13.0    -2.9     5.0     4.2     0.0    13.13 R    24.0    -4.0     4.9    90.5    30.1    63.3   0.229   0.252   0.242   0.281   0.223     5.9     6.6     7.4     9.4    11.0
03055 20091121  2.402 -101.59   36.60    20.6    -4.0     8.3     7.2     0.0    12.74 R    23.3    -5.5     6.3    87.7    14.6    51.0   0.225   0.249   0.240   0.281   0.225     5.8     6.5     7.3     9.2    10.7
03055 20091122  2.402 -101.59   36.60    14.7    -0.1     7.3     6.6     0.0    12.53 R    23.5    -2.9     6.3    79.6    26.4    51.8   0.221   0.248   0.239   0.281   0.223     6.4     7.1     7.6     9.2    10.6
03055 20091123  2.402 -101.59   36.60    13.9    -1.0     6.5     4.8     0.0    12.56 R    19.1    -2.1     4.7    83.8    29.1    60.1   0.217   0.244   0.238   0.281   0.223     5.6     6.5     7.4     9.1    10.5
03055 20091124  2.402 -101.59   36.60    11.4    -4.6     3.4     2.6     0.0    12.92 R    22.6    -5.5     3.0    67.4    18.0    44.3   0.212   0.241   0.234   0.281   0.220     5.0     5.9     6.9     8.8    10.2
03055 20091125  2.402 -101.59   36.60    10.8    -4.6     3.1     2.2     0.0    12.29 R    22.9    -5.2     3.1    78.4    33.2    56.3   0.209   0.238   0.234   0.280   0.226     4.7     5.5     6.4     8.4     9.9
03055 20091126  2.402 -101.59   36.60    18.8    -2.2     8.3     6.8     0.0    12.43 R    29.2    -3.1     7.1    80.4    19.6    48.0   0.207   0.237   0.233   0.280   0.221     5.9     6.3     6.6     8.3     9.8
03055 20091127  2.402 -101.59   36.60    22.2    -3.6     9.3     7.9     0.0    12.59 R    30.4    -4.2     7.3    70.5    10.1    35.5   0.205   0.235   0.232   0.280   0.224     6.3     6.8     7.1     8.5     9.8
03055 20091128  2.402 -101.59   36.60    18.2    -4.2     7.0     7.1     0.0    10.38 R    27.2    -5.0     6.6    74.7    16.2    43.1   0.201   0.233   0.229   0.280   0.220     5.9     6.5     7.0     8.5     9.8
03055 20091129  2.402 -101.59   36.60     5.0    -5.4    -0.2     1.1     0.0     3.35 R     8.8    -5.7     1.6    84.1    48.2    70.6   0.198   0.230   0.228   0.281   0.224     5.2     6.1     7.0     8.5     9.7
03055 20091130  2.402 -101.59   36.60    13.4    -6.2     3.6     2.3     0.0    12.20 R    24.6    -6.2     3.2    87.4    20.2    56.5   0.194   0.227   0.226   0.280   0.224     4.3     5.1     6.0     8.0     9.4
03055 20091201  2.402 -101.59   36.60    13.1    -2.1     5.5     4.2     0.0     9.48 R    18.5    -3.4     3.9    72.7    20.8    49.3   0.192   0.225   0.225   0.279   0.220     4.5     5.2     6.0     7.8     9.2
03055 20091202  2.402 -101.59   36.60     1.4    -5.3    -1.9    -1.7     0.0     8.82 R    15.9    -6.0     0.1    76.5    44.6    57.4   0.190   0.223   0.223   0.278   0.223     3.6     4.6     5.7     7.6     9.0
03055 20091203  2.402 -101.59   36.60    -1.0   -13.1    -7.0    -6.3     0.0     9.53 R    14.1   -12.1    -3.4    71.3    29.0    51.4   0.187   0.221   0.221   0.279   0.219     2.3     3.5     4.8     7.1     8.6
03055 20091204  2.402 -101.59   36.60     2.6   -14.5    -5.9    -7.2     0.0    11.91 R     9.4   -13.9    -5.8    87.7    33.2    61.0 -99.000   0.217   0.218   0.277   0.223     0.4     1.8     3.6     6.4     8.1
03055 20091205  2.402 -101.59   36.60    11.1   -11.8    -0.4    -1.3     0.0     8.37 R    17.0   -11.6    -0.6    87.6    16.1    56.2 -99.000   0.216   0.216   0.275   0.220     0.6     1.6     2.9     5.7     7.6
03055 20091206  2.402 -101.59   36.60    -2.5    -8.8    -5.6    -4.7     0.0     2.57 R     0.8    -8.8    -3.2    92.1    70.1    78.7   0.182   0.215   0.216   0.275   0.218     1.0     1.9     3.0     5.4     7.3
03055 20091207  2.402 -101.59   36.60    -6.8    -9.8    -8.3    -8.1     0.0     2.28 R    -1.2    -8.4    -5.8    82.7    69.3    75.2 -99.000   0.214   0.214   0.274   0.218     0.2     1.3     2.6     5.1     7.1
03055 20091208  2.402 -101.59   36.60     6.8   -12.8    -3.0    -7.6     0.4     4.91 R    10.7   -12.4    -5.6    97.9    59.6    83.2 -99.000   0.215   0.212   0.273   0.220     0.2     1.1     2.3     4.8     6.7
03055 20091209  2.402 -101.59   36.60    -5.1   -16.5   -10.8   -11.7     0.0    11.78 R     9.0   -15.4    -8.1    74.2    32.5    56.5 -99.000 -99.000   0.211   0.272   0.218    -1.0     0.2     1.7     4.4     6.4
03055 20091210  2.402 -101.59   36.60    -2.3   -18.3   -10.3    -9.7     0.0     7.80 R     9.4   -16.7    -7.3    82.6    44.6    63.5 -99.000 -99.000   0.208   0.272   0.218    -1.4    -0.3     1.2     4.0     6.1
03055 20091211  2.402 -101.59   36.60     6.1   -13.9    -3.9    -3.4     0.0    10.59 R    19.1   -13.6    -1.9    86.8    34.1    61.8 -99.000 -99.000   0.205   0.270   0.216    -1.0    -0.4     0.9     3.6     5.7
03055 20091212  2.402 -101.59   36.60    16.3    -6.4     5.0     4.3     0.0     9.34 R    22.7    -8.2     2.8    88.1    18.0    50.6 -99.000 -99.000   0.205   0.271   0.216    -0.3     0.0     1.0     3.4     5.5
03055 20091213  2.402 -101.59   36.60    17.9    -3.0     7.5     7.9     0.0     9.68 R    21.5    -5.3     6.1    73.0    16.9    41.7 -99.000   0.214   0.206   0.271   0.215     1.4     1.5     1.5     3.4     5.3
03055 20091214  2.402 -101.59   36.60     8.7   -10.7    -1.0    -1.7     0.0     5.61 R    10.6   -10.4    -0.6    94.0    37.5    62.9   0.179   0.214   0.209   0.271   0.216     1.9     2.4     2.6     3.9     5.4
03055 20091215  2.402 -101.59   36.60     6.5   -13.5    -3.5    -4.6     0.0    11.34 R    15.8   -13.2    -2.0    90.3    39.1    68.6 -99.000   0.211   0.208   0.272   0.217     0.5     1.4     2.2     4.0     5.5
03055 20091216  2.402 -101.59   36.60    16.7    -7.0     4.8     3.9     0.0    11.54 R    20.4    -8.8     3.0    87.0    12.2    50.3 -99.000   0.210   0.208   0.271   0.217     1.4     1.9     2.2     3.9     5.5
03055 20091217  2.402 -101.59   36.60    15.1    -5.3     4.9     3.5     0.0    11.18 R    25.0    -6.6     3.9    73.5    26.8    51.8   0.177   0.210   0.208   0.272   0.218     2.7     3.0     2.9     4.2     5.6
03055 20091218  2.402 -101.59   36.60    11.9    -2.4     4.8     3.7     0.0    10.21 R    22.7    -3.9     4.1    85.8    31.8    59.5   0.178   0.210   0.208   0.273   0.219     3.2     3.6     3.6     4.6     5.8
03055 20091219  2.402 -101.59   36.60    10.7    -7.2     1.7     0.9     0.0    11.21 R    22.7    -7.8     2.0    85.6    28.2    58.0   0.176   0.208   0.208   0.275   0.219     2.5     3.1     3.5     4.8     5.9
03055 20091220  2.402 -101.59   36.60    14.3    -8.2     3.0     3.2     0.0    11.32 R    26.1    -9.4     3.1    90.1    17.7    49.5   0.175   0.207   0.208   0.275   0.219     2.7     3.2     3.5     4.8     6.0
03055 20091221  2.402 -101.59   36.60    16.8    -3.6     6.6     4.9     0.0    10.17 R    27.0    -6.8     4.2    68.7    15.7    43.4   0.174   0.206   0.207   0.274   0.219     3.0     3.4     3.7     4.9     6.0
03055 20091222  2.402 -101.59   36.60     6.0    -2.3     1.9     2.1     0.0     3.71 R     9.4    -3.2     2.3    99.1    45.7    65.9   0.173   0.205   0.207   0.275   0.220     3.2     3.7     4.0     5.1     6.1
03055 20091223  2.402 -101.59   36.60    -0.3    -2.9    -1.6    -1.8     0.2     3.26 R     4.7    -2.8    -0.5    99.4    73.4    88.6   0.171   0.204   0.206   0.275   0.219     2.6     3.3     3.8     5.1     6.2
03055 20091224  2.402 -101.59   36.60    -1.4   -10.3    -5.9    -5.4     0.0    11.14 R     6.4   -10.9    -3.9    79.8    28.3    56.2 -99.000   0.201   0.205   0.275   0.219     0.8     1.9     3.0     4.8     6.0
03055 20091225  2.402 -101.59   36.60     0.6   -13.2    -6.3    -5.6     0.0    11.38 R     8.2   -12.7    -5.0    74.1    28.0    50.1 -99.000   0.205   0.203   0.274   0.219    -0.5     0.6     2.0     4.2     5.6
03055 20091226  2.402 -101.59   36.60     1.7    -7.5    -2.9    -2.8     0.0     5.00 R     7.8    -8.6    -2.8    82.2    43.4    61.0 -99.000   0.207   0.202   0.272   0.217    -0.4     0.4     1.5     3.7     5.3
03055 20091227  2.402 -101.59   36.60     5.1    -7.7    -1.3    -1.8     0.0    11.20 R    16.5    -8.4    -0.6    81.9    40.0    63.3 -99.000   0.203   0.201   0.271   0.217     0.0     0.6     1.4     3.4     5.0
03055 20091228  2.402 -101.59   36.60     8.4   -10.4    -1.0    -2.3     0.0    11.26 R    20.5   -10.5    -0.8    88.2    30.8    64.7 -99.000   0.204   0.201   0.271   0.218    -0.1     0.6     1.4     3.3     4.8
03055 20091229  2.402 -101.59   36.60     4.5    -5.8    -0.6    -0.6     0.3     3.25 R     6.7    -7.9    -0.8    94.4    49.9    78.0 -99.000   0.199   0.201   0.271   0.214     0.3     0.9     1.5     3.3     4.7
03055 20091230  2.402 -101.59   36.60    10.6    -4.8     2.9     1.4     0.0    10.38 R    22.7    -6.1     1.7    94.6    26.3    60.9 -99.000   0.199   0.201   0.271   0.216     1.3     1.7     1.9     3.3     4.7
03055 20091231  2.402 -101.59   36.60     7.3    -7.1     0.1    -0.7     2.5     9.93 R    16.7    -7.8     0.0    96.6    40.1    72.6   0.161   0.197   0.201   0.271   0.220     1.4     1.9     2.2     3.5     4.8
