03761 20090101  1.302  -75.79   39.86    -2.8   -10.1    -6.4    -6.3     0.0     9.99 R     3.4   -10.6    -5.8 -9999.0 -9999.0 -9999.0 -99.000 -99.000 -99.000 -99.000 -99.000 -9999.0 -9999.0 -9999.0 -9999.0 -9999.0
03761 20090102  1.302  -75.79   39.86     2.5    -7.8    -2.7    -1.4     0.2     3.53 R     4.8    -6.2    -2.5 -9999.0 -9999.0 -9999.0 -99.000 -99.000 -99.000 -99.000 -99.000 -9999.0 -9999.0 -9999.0 -9999.0 -9999.0
03761 20090103  1.302  -75.79   39.86     2.2    -3.8    -0.8    -0.2     0.0     9.63 R     7.6    -7.6    -2.1 -9999.0 -9999.0 -9999.0 -99.000 -99.000 -99.000 -99.000 -99.000 -9999.0 -9999.0 -9999.0 -9999.0 -9999.0
03761 20090104  1.302  -75.79   39.86     4.9    -5.5    -0.3     0.8     0.0     5.84 R    12.0    -8.0     0.0 -9999.0 -9999.0 -9999.0 -99.000 -99.000 -99.000 -99.000 -99.000 -9999.0 -9999.0 -9999.0 -9999.0 -9999.0
03761 20090105  1.302  -75.79   39.86     6.7     1.7     4.2     4.2     0.0     5.22 R     8.8    -2.0     2.3 -9999.0 -9999.0 -9999.0 -99.000 -99.000 -99.000 -99.000 -99.000 -9999.0 -9999.0 -9999.0 -9999.0 -9999.0
03761 20090106  1.302  -75.79   39.86     2.6    -1.7     0.4     0.4     5.8     1.66 R     2.9    -1.3     0.0 -9999.0 -9999.0 -9999.0 -99.000 -99.000 -99.000 -99.000 -99.000 -9999.0 -9999.0 -9999.0 -9999.0 -9999.0
03761 20090107  1.302  -75.79   39.86     4.0    -0.3     1.9     1.5    32.7     0.99 R     5.0    -0.2     0.7 -9999.0 -9999.0 -9999.0 -99.000 -99.000 -99.000 -99.000 -99.000 -9999.0 -9999.0 -9999.0 -9999.0 -9999.0
03761 20090108  1.302  -75.79   39.86     3.4    -2.8     0.3     0.7     0.0     7.40 R     7.6    -4.6    -0.7 -9999.0 -9999.0 -9999.0 -99.000 -99.000 -99.000 -99.000 -99.000 -9999.0 -9999.0 -9999.0 -9999.0 -9999.0
03761 20090109  1.302  -75.79   39.86     0.3    -6.2    -3.0    -2.5     0.0     6.56 R     5.2    -7.2    -3.2 -9999.0 -9999.0 -9999.0 -99.000 -99.000 -99.000 -99.000 -99.000 -9999.0 -9999.0 -9999.0 -9999.0 -9999.0
03761 20090110  1.302  -75.79   39.86    -0.2    -5.3    -2.8    -1.8     0.5     2.71 R     2.0    -3.9    -1.2 -9999.0 -9999.0 -9999.0 -99.000 -99.000 -99.000 -99.000 -99.000 -9999.0 -9999.0 -9999.0 -9999.0 -9999.0
03761 20090111  1.302  -75.79   39.86     0.3    -7.1    -3.4    -1.7     0.7     5.43 R     2.5    -7.6    -1.9 -9999.0 -9999.0 -9999.0 -99.000 -99.000 -99.000 -99.000 -99.000 -9999.0 -9999.0 -9999.0 -9999.0 -9999.0
03761 20090112  1.302  -75.79   39.86     0.2    -7.8    -3.8    -3.4     0.0     8.67 R     6.1    -8.1    -3.4 -9999.0 -9999.0 -9999.0 -99.000 -99.000 -99.000 -99.000 -99.000 -9999.0 -9999.0 -9999.0 -9999.0 -9999.0
03761 20090113  1.302  -75.79   39.86     3.1    -7.6    -2.3    -1.6     0.0     4.02 R     3.7    -8.3    -2.8 -9999.0 -9999.0 -9999.0 -99.000 -99.000 -99.000 -99.000 -99.000 -9999.0 -9999.0 -9999.0 -9999.0 -9999.0
03761 20090114  1.302  -75.79   39.86     1.1    -8.6    -3.7    -5.9     0.0     8.99 R     3.1    -9.4    -4.5 -9999.0 -9999.0 -9999.0 -99.000 -99.000 -99.000 -99.000 -99.000 -9999.0 -9999.0 -9999.0 -9999.0 -9999.0
03761 20090115  1.302  -75.79   39.86    -5.2   -11.1    -8.1    -7.6     0.0     7.34 R     5.1   -13.3    -6.8 -9999.0 -9999.0 -9999.0 -99.000 -99.000 -99.000 -99.000 -99.000 -9999.0 -9999.0 -9999.0 -9999.0 -9999.0
03761 20090116  1.302  -75.79   39.86    -9.8   -14.5   -12.1   -11.9     0.0    10.96 R    -1.5   -16.0   -10.9 -9999.0 -9999.0 -9999.0 -99.000 -99.000 -99.000 -99.000 -99.000 -9999.0 -9999.0 -9999.0 -9999.0 -9999.0
03761 20090117  1.302  -75.79   39.86    -6.7   -18.4   -12.6   -11.7     0.0     8.41 R     4.2   -18.5    -9.1 -9999.0 -9999.0 -9999.0 -99.000 -99.000 -99.000 -99.000 -99.000 -9999.0 -9999.0 -9999.0 -9999.0 -9999.0
03761 20090118  1.302  -75.79   39.86     1.6    -6.7    -2.5    -2.9     0.4     2.88 R     8.2   -10.8    -3.0 -9999.0 -9999.0 -9999.0 -99.000 -99.000 -99.000 -99.000 -99.000 -9999.0 -9999.0 -9999.0 -9999.0 -9999.0
03761 20090119  1.302  -75.79   39.86    -2.3    -9.4    -5.9    -5.5     4.5     1.45 R     0.1   -18.0    -7.5 -9999.0 -9999.0 -9999.0 -99.000 -99.000 -99.000 -99.000 -99.000 -9999.0 -9999.0 -9999.0 -9999.0 -9999.0
03761 20090120  1.302  -75.79   39.86 -9999.0 -9999.0 -9999.0 -9999.0     0.3     9.81 R    -5.4   -19.0   -11.7 -9999.0 -9999.0 -9999.0 -99.000 -99.000 -99.000 -99.000 -99.000 -9999.0 -9999.0 -9999.0 -9999.0 -9999.0
03761 20090121  1.302  -75.79   39.86    -4.6   -10.5    -7.5    -7.5     0.0    11.09 R    -5.8   -18.2   -12.1 -9999.0 -9999.0 -9999.0 -99.000 -99.000 -99.000 -99.000 -99.000 -9999.0 -9999.0 -9999.0 -9999.0 -9999.0
03761 20090122  1.302  -75.79   39.86     3.9   -11.3    -3.7    -3.5     0.0    11.41 R     0.2   -18.3    -9.0 -9999.0 -9999.0 -9999.0 -99.000 -99.000 -99.000 -99.000 -99.000 -9999.0 -9999.0 -9999.0 -9999.0 -9999.0
03761 20090123  1.302  -75.79   39.86    10.4    -8.3     1.0     1.1     0.0    11.27 R    10.1   -10.8    -2.1 -9999.0 -9999.0 -9999.0 -99.000 -99.000 -99.000 -99.000 -99.000 -9999.0 -9999.0 -9999.0 -9999.0 -9999.0
03761 20090124  1.302  -75.79   39.86     8.4    -7.7     0.3     0.2     0.0     7.41 R     7.0    -9.1    -1.4 -9999.0 -9999.0 -9999.0 -99.000 -99.000 -99.000 -99.000 -99.000 -9999.0 -9999.0 -9999.0 -9999.0 -9999.0
03761 20090125  1.302  -75.79   39.86    -2.5   -11.3    -6.9    -6.0     0.0     9.97 R     6.0   -11.7    -4.5 -9999.0 -9999.0 -9999.0 -99.000 -99.000 -99.000 -99.000 -99.000 -9999.0 -9999.0 -9999.0 -9999.0 -9999.0
03761 20090126  1.302  -75.79   39.86    -3.2    -7.0    -5.1    -5.0     0.0     5.77 R     7.3    -6.7    -2.9 -9999.0 -9999.0 -9999.0 -99.000 -99.000 -99.000 -99.000 -99.000 -9999.0 -9999.0 -9999.0 -9999.0 -9999.0
03761 20090127  1.302  -75.79   39.86    -2.6    -4.6    -3.6    -3.7     4.4     2.55 R    -1.6    -4.7    -3.6 -9999.0 -9999.0 -9999.0 -99.000 -99.000 -99.000 -99.000 -99.000 -9999.0 -9999.0 -9999.0 -9999.0 -9999.0
03761 20090128  1.302  -75.79   39.86     5.0    -4.7     0.1    -0.4    18.6     1.40 R     0.4    -5.1    -1.2 -9999.0 -9999.0 -9999.0 -99.000 -99.000 -99.000 -99.000 -99.000 -9999.0 -9999.0 -9999.0 -9999.0 -9999.0
03761 20090129  1.302  -75.79   39.86    -1.2    -8.6    -4.9    -3.9     0.0    12.57 R    -1.0   -10.3    -6.3 -9999.0 -9999.0 -9999.0 -99.000 -99.000 -99.000 -99.000 -99.000 -9999.0 -9999.0 -9999.0 -9999.0 -9999.0
03761 20090130  1.302  -75.79   39.86     2.2    -9.5    -3.6    -3.8     0.0     7.33 R     0.1   -11.0    -5.9 -9999.0 -9999.0 -9999.0 -99.000 -99.000 -99.000 -99.000 -99.000 -9999.0 -9999.0 -9999.0 -9999.0 -9999.0
03761 20090131  1.302  -75.79   39.86    -3.8    -8.2    -6.0    -5.8     0.0    12.66 R    -1.7   -11.6    -7.4 -9999.0 -9999.0 -9999.0 -99.000 -99.000 -99.000 -99.000 -99.000 -9999.0 -9999.0 -9999.0 -9999.0 -9999.0
03761 20090201  1.302  -75.79   39.86    10.1    -5.6     2.3     2.3     0.0    12.68 R     3.5    -9.1    -2.7 -9999.0 -9999.0 -9999.0 -99.000 -99.000 -99.000 -99.000 -99.000 -9999.0 -9999.0 -9999.0 -9999.0 -9999.0
03761 20090202  1.302  -75.79   39.86    10.1    -3.0     3.6     3.4     0.3    11.98 R    10.5    -4.9     1.0 -9999.0 -9999.0 -9999.0 -99.000 -99.000 -99.000 -99.000 -99.000 -9999.0 -9999.0 -9999.0 -9999.0 -9999.0
03761 20090203  1.302  -75.79   39.86     1.0    -2.2    -0.6    -0.4     3.4     4.80 R     1.3    -5.4    -0.8 -9999.0 -9999.0 -9999.0 -99.000 -99.000 -99.000 -99.000 -99.000 -9999.0 -9999.0 -9999.0 -9999.0 -9999.0
03761 20090204  1.302  -75.79   39.86    -2.2    -6.1    -4.2    -4.1     0.6    13.37 R    -2.3   -10.8    -6.0 -9999.0 -9999.0 -9999.0 -99.000 -99.000 -99.000 -99.000 -99.000 -9999.0 -9999.0 -9999.0 -9999.0 -9999.0
03761 20090205  1.302  -75.79   39.86    -6.0   -13.4    -9.7    -9.8     0.0    14.10 R    -4.7   -15.0    -9.9 -9999.0 -9999.0 -9999.0 -99.000 -99.000 -99.000 -99.000 -99.000 -9999.0 -9999.0 -9999.0 -9999.0 -9999.0
03761 20090206  1.302  -75.79   39.86     1.5   -12.9    -5.7    -5.0     0.0    12.92 R     6.7   -14.3    -4.1 -9999.0 -9999.0 -9999.0 -99.000 -99.000 -99.000 -99.000 -99.000 -9999.0 -9999.0 -9999.0 -9999.0 -9999.0
03761 20090207  1.302  -75.79   39.86    10.8    -8.9     1.0     1.5     0.0    10.96 R    10.9    -8.3     0.3 -9999.0 -9999.0 -9999.0 -99.000 -99.000 -99.000 -99.000 -99.000 -9999.0 -9999.0 -9999.0 -9999.0 -9999.0
03761 20090208  1.302  -75.79   39.86    15.0     0.1     7.6    10.0     0.0    12.77 R    15.2    -3.5     5.2 -9999.0 -9999.0 -9999.0 -99.000 -99.000 -99.000 -99.000 -99.000 -9999.0 -9999.0 -9999.0 -9999.0 -9999.0
03761 20090209  1.302  -75.79   39.86     7.8    -4.5     1.6     2.1     0.0    14.16 R    12.4    -5.6     0.8 -9999.0 -9999.0 -9999.0 -99.000 -99.000 -99.000 -99.000 -99.000 -9999.0 -9999.0 -9999.0 -9999.0 -9999.0
03761 20090210  1.302  -75.79   39.86    10.7    -0.8     5.0     5.0     0.0     7.77 R    14.0    -2.4     3.7 -9999.0 -9999.0 -9999.0 -99.000 -99.000 -99.000 -99.000 -99.000 -9999.0 -9999.0 -9999.0 -9999.0 -9999.0
03761 20090211  1.302  -75.79   39.86    18.6     3.0    10.8    11.0     0.2    10.69 R    21.4    -0.1     8.8 -9999.0 -9999.0 -9999.0 -99.000 -99.000 -99.000 -99.000 -99.000 -9999.0 -9999.0 -9999.0 -9999.0 -9999.0
03761 20090212  1.302  -75.79   39.86    14.4     4.7     9.5     9.9     0.0    11.89 R    14.9     0.2     6.6 -9999.0 -9999.0 -9999.0 -99.000 -99.000 -99.000 -99.000 -99.000 -9999.0 -9999.0 -9999.0 -9999.0 -9999.0
03761 20090213  1.302  -75.79   39.86     5.2     2.4     3.8     4.1     0.0     4.23 R     6.6    -1.8     1.9 -9999.0 -9999.0 -9999.0 -99.000 -99.000 -99.000 -99.000 -99.000 -9999.0 -9999.0 -9999.0 -9999.0 -9999.0
03761 20090214  1.302  -75.79   39.86     5.0    -3.0     1.0     1.0     0.6     9.83 R    15.5    -5.1     1.6 -9999.0 -9999.0 -9999.0 -99.000 -99.000 -99.000 -99.000 -99.000 -9999.0 -9999.0 -9999.0 -9999.0 -9999.0
03761 20090215  1.302  -75.79   39.86     3.8    -4.9    -0.5    -0.7     0.0    15.61 R    10.6    -6.0    -1.0 -9999.0 -9999.0 -9999.0 -99.000 -99.000 -99.000 -99.000 -99.000 -9999.0 -9999.0 -9999.0 -9999.0 -9999.0
03761 20090216  1.302  -75.79   39.86     2.6    -3.9    -0.6    -1.2     0.0    15.02 R    11.4    -6.2    -1.1 -9999.0 -9999.0 -9999.0 -99.000 -99.000 -99.000 -99.000 -99.000 -9999.0 -9999.0 -9999.0 -9999.0 -9999.0
03761 20090217  1.302  -75.79   39.86     3.2    -6.2    -1.5    -1.9     0.0    15.82 R    12.4    -7.8    -1.6 -9999.0 -9999.0 -9999.0 -99.000 -99.000 -99.000 -99.000 -99.000 -9999.0 -9999.0 -9999.0 -9999.0 -9999.0
03761 20090218  1.302  -75.79   39.86     6.2    -6.2     0.0     0.3     4.0     1.31 R     4.1    -7.3    -1.1 -9999.0 -9999.0 -9999.0 -99.000 -99.000 -99.000 -99.000 -99.000 -9999.0 -9999.0 -9999.0 -9999.0 -9999.0
03761 20090219  1.302  -75.79   39.86     7.2    -4.5     1.3     2.3     1.0     7.89 R    11.6    -6.0     0.7 -9999.0 -9999.0 -9999.0 -99.000 -99.000 -99.000 -99.000 -99.000 -9999.0 -9999.0 -9999.0 -9999.0 -9999.0
03761 20090220  1.302  -75.79   39.86    -0.3    -6.1    -3.2    -3.4     0.0    14.39 R     7.5    -7.3    -3.0 -9999.0 -9999.0 -9999.0 -99.000 -99.000 -99.000 -99.000 -99.000 -9999.0 -9999.0 -9999.0 -9999.0 -9999.0
03761 20090221  1.302  -75.79   39.86     4.3    -5.7    -0.7    -1.3     0.0    16.47 R    13.2    -8.4    -0.9 -9999.0 -9999.0 -9999.0 -99.000 -99.000 -99.000 -99.000 -99.000 -9999.0 -9999.0 -9999.0 -9999.0 -9999.0
03761 20090222  1.302  -75.79   39.86     3.4    -2.6     0.4     0.6     0.8     5.54 R     5.1    -4.6    -0.4 -9999.0 -9999.0 -9999.0 -99.000 -99.000 -99.000 -99.000 -99.000 -9999.0 -9999.0 -9999.0 -9999.0 -9999.0
03761 20090223  1.302  -75.79   39.86     0.2    -4.9    -2.4    -2.4     0.0    15.89 R     8.8    -6.8    -2.2 -9999.0 -9999.0 -9999.0 -99.000 -99.000 -99.000 -99.000 -99.000 -9999.0 -9999.0 -9999.0 -9999.0 -9999.0
03761 20090224  1.302  -75.79   39.86     1.1    -8.0    -3.4    -4.1     0.0    17.45 R    11.0    -9.2    -3.1 -9999.0 -9999.0 -9999.0 -99.000 -99.000 -99.000 -99.000 -99.000 -9999.0 -9999.0 -9999.0 -9999.0 -9999.0
03761 20090225  1.302  -75.79   39.86     6.5    -9.7    -1.6    -1.7     0.0    16.98 R    15.8   -10.1    -0.8 -9999.0 -9999.0 -9999.0 -99.000 -99.000 -99.000 -99.000 -99.000 -9999.0 -9999.0 -9999.0 -9999.0 -9999.0
03761 20090226  1.302  -75.79   39.86     8.6    -3.4     2.6     2.2     0.0     7.23 R    17.7    -6.1     0.8 -9999.0 -9999.0 -9999.0 -99.000 -99.000 -99.000 -99.000 -99.000 -9999.0 -9999.0 -9999.0 -9999.0 -9999.0
03761 20090227  1.302  -75.79   39.86    16.7    -0.4     8.1     9.8     0.3     8.19 R    20.8    -2.8     6.4 -9999.0 -9999.0 -9999.0 -99.000 -99.000 -99.000 -99.000 -99.000 -9999.0 -9999.0 -9999.0 -9999.0 -9999.0
03761 20090228  1.302  -75.79   39.86    10.5     0.2     5.3     2.8     0.0     9.40 R     8.2    -1.2     2.4 -9999.0 -9999.0 -9999.0 -99.000 -99.000 -99.000 -99.000 -99.000 -9999.0 -9999.0 -9999.0 -9999.0 -9999.0
03761 20090301  1.302  -75.79   39.86     2.4    -4.0    -0.8    -0.4     5.4     6.74 R     8.0    -4.1     0.2 -9999.0 -9999.0 -9999.0 -99.000 -99.000 -99.000 -99.000 -99.000 -9999.0 -9999.0 -9999.0 -9999.0 -9999.0
03761 20090302  1.302  -75.79   39.86    -4.0   -10.5    -7.3    -6.8     7.5    10.19 R    -4.0   -14.3    -7.7 -9999.0 -9999.0 -9999.0 -99.000 -99.000 -99.000 -99.000 -99.000 -9999.0 -9999.0 -9999.0 -9999.0 -9999.0
03761 20090303  1.302  -75.79   39.86    -4.3   -13.8    -9.0    -9.3     0.0    19.38 R    -3.9   -16.8   -11.5 -9999.0 -9999.0 -9999.0 -99.000 -99.000 -99.000 -99.000 -99.000 -9999.0 -9999.0 -9999.0 -9999.0 -9999.0
03761 20090304  1.302  -75.79   39.86    -1.0   -15.3    -8.2    -6.9     0.0    19.34 R     4.5   -17.6    -7.3 -9999.0 -9999.0 -9999.0 -99.000 -99.000 -99.000 -99.000 -99.000 -9999.0 -9999.0 -9999.0 -9999.0 -9999.0
03761 20090305  1.302  -75.79   39.86     7.1   -11.6    -2.2    -1.8     0.0    18.67 R    14.3   -10.2    -0.2 -9999.0 -9999.0 -9999.0 -99.000 -99.000 -99.000 -99.000 -99.000 -9999.0 -9999.0 -9999.0 -9999.0 -9999.0
03761 20090306  1.302  -75.79   39.86    14.3     0.3     7.3     7.2     0.0    11.37 R    19.4    -2.7     6.3 -9999.0 -9999.0 -9999.0 -99.000 -99.000 -99.000 -99.000 -99.000 -9999.0 -9999.0 -9999.0 -9999.0 -9999.0
03761 20090307  1.302  -75.79   39.86    21.5     3.7    12.6    13.7     0.0    11.83 R    26.6     1.4    11.3 -9999.0 -9999.0 -9999.0 -99.000 -99.000 -99.000 -99.000 -99.000 -9999.0 -9999.0 -9999.0 -9999.0 -9999.0
03761 20090308  1.302  -75.79   39.86    20.1    12.0    16.1    16.3     0.0     6.14 R    23.8     7.7    13.2 -9999.0 -9999.0 -9999.0 -99.000 -99.000 -99.000 -99.000 -99.000 -9999.0 -9999.0 -9999.0 -9999.0 -9999.0
03761 20090309  1.302  -75.79   39.86    14.2     5.2     9.7     9.9     0.0    18.50 R    22.3     3.9     9.9 -9999.0 -9999.0 -9999.0 -99.000 -99.000 -99.000 -99.000 -99.000 -9999.0 -9999.0 -9999.0 -9999.0 -9999.0
03761 20090310  1.302  -75.79   39.86     7.6     1.9     4.8     4.8     0.0     5.87 R    14.6    -0.6     5.8 -9999.0 -9999.0 -9999.0 -99.000 -99.000 -99.000 -99.000 -99.000 -9999.0 -9999.0 -9999.0 -9999.0 -9999.0
03761 20090311  1.302  -75.79   39.86    17.4     4.2    10.8     9.3     0.0     4.11 R    16.0     4.1     8.5 -9999.0 -9999.0 -9999.0 -99.000 -99.000 -99.000 -99.000 -99.000 -9999.0 -9999.0 -9999.0 -9999.0 -9999.0
03761 20090312  1.302  -75.79   39.86     6.9    -0.7     3.1     2.5     0.0    15.40 R    20.1    -4.4     3.7 -9999.0 -9999.0 -9999.0 -99.000 -99.000 -99.000 -99.000 -99.000 -9999.0 -9999.0 -9999.0 -9999.0 -9999.0
03761 20090313  1.302  -75.79   39.86     5.0    -1.9     1.5     1.1     0.0    15.34 R    19.2    -2.5     3.5 -9999.0 -9999.0 -9999.0 -99.000 -99.000 -99.000 -99.000 -99.000 -9999.0 -9999.0 -9999.0 -9999.0 -9999.0
03761 20090314  1.302  -75.79   39.86     8.5    -2.4     3.0     3.1     0.3    12.66 R    19.8    -2.8     5.5 -9999.0 -9999.0 -9999.0 -99.000 -99.000 -99.000 -99.000 -99.000 -9999.0 -9999.0 -9999.0 -9999.0 -9999.0
03761 20090315  1.302  -75.79   39.86     6.5     3.0     4.8     4.7     0.3     2.95 R     9.7     2.2     5.7 -9999.0 -9999.0 -9999.0 -99.000 -99.000 -99.000 -99.000 -99.000 -9999.0 -9999.0 -9999.0 -9999.0 -9999.0
03761 20090316  1.302  -75.79   39.86     9.9     1.0     5.4     6.3     0.2     5.35 R    13.4    -0.1     6.3 -9999.0 -9999.0 -9999.0 -99.000 -99.000 -99.000 -99.000 -99.000 -9999.0 -9999.0 -9999.0 -9999.0 -9999.0
03761 20090317  1.302  -75.79   39.86    12.6     3.0     7.8     6.4     1.0    15.12 R    26.4    -0.6     7.6 -9999.0 -9999.0 -9999.0 -99.000 -99.000 -99.000 -99.000 -99.000 -9999.0 -9999.0 -9999.0 -9999.0 -9999.0
03761 20090318  1.302  -75.79   39.86    15.5     1.9     8.7     8.2     0.0    17.31 R    24.8    -0.8     9.2 -9999.0 -9999.0 -9999.0 -99.000 -99.000 -99.000 -99.000 -99.000 -9999.0 -9999.0 -9999.0 -9999.0 -9999.0
03761 20090319  1.302  -75.79   39.86    10.2     2.4     6.3     6.6     3.7     5.66 R    11.9     1.3     5.9 -9999.0 -9999.0 -9999.0 -99.000 -99.000 -99.000 -99.000 -99.000 -9999.0 -9999.0 -9999.0 -9999.0 -9999.0
03761 20090320  1.302  -75.79   39.86     6.8    -1.7     2.6     2.8     4.1    13.29 R    20.2    -4.8     3.4 -9999.0 -9999.0 -9999.0 -99.000 -99.000 -99.000 -99.000 -99.000 -9999.0 -9999.0 -9999.0 -9999.0 -9999.0
03761 20090321  1.302  -75.79   39.86     8.2    -5.4     1.4     2.0     0.0    20.46 R    23.0    -7.0     3.6 -9999.0 -9999.0 -9999.0 -99.000 -99.000 -99.000 -99.000 -99.000 -9999.0 -9999.0 -9999.0 -9999.0 -9999.0
03761 20090322  1.302  -75.79   39.86    12.6    -3.5     4.5     5.0     0.0    19.81 R    25.1    -5.8     5.5 -9999.0 -9999.0 -9999.0 -99.000 -99.000 -99.000 -99.000 -99.000 -9999.0 -9999.0 -9999.0 -9999.0 -9999.0
03761 20090323  1.302  -75.79   39.86     6.2    -2.7     1.8     1.8     0.0    23.30 R    18.7    -6.8     2.8 -9999.0 -9999.0 -9999.0 -99.000 -99.000 -99.000 -99.000 -99.000 -9999.0 -9999.0 -9999.0 -9999.0 -9999.0
03761 20090324  1.302  -75.79   39.86     7.5    -5.6     0.9     0.4     0.0    22.28 R    21.7    -8.8     1.9 -9999.0 -9999.0 -9999.0 -99.000 -99.000 -99.000 -99.000 -99.000 -9999.0 -9999.0 -9999.0 -9999.0 -9999.0
03761 20090325  1.302  -75.79   39.86    11.1    -6.3     2.4     3.4     0.0    19.60 R    24.3    -7.5     5.5 -9999.0 -9999.0 -9999.0 -99.000 -99.000 -99.000 -99.000 -99.000 -9999.0 -9999.0 -9999.0 -9999.0 -9999.0
03761 20090326  1.302  -75.79   39.86     7.1     4.3     5.7     5.8     7.2     1.93 R     9.4     4.5     6.3 -9999.0 -9999.0 -9999.0 -99.000 -99.000 -99.000 -99.000 -99.000 -9999.0 -9999.0 -9999.0 -9999.0 -9999.0
03761 20090327  1.302  -75.79   39.86    15.4     2.9     9.2     9.8     0.5    16.33 R    25.3     0.6    10.9 -9999.0 -9999.0 -9999.0 -99.000 -99.000 -99.000 -99.000 -99.000 -9999.0 -9999.0 -9999.0 -9999.0 -9999.0
03761 20090328  1.302  -75.79   39.86    11.4     6.9     9.2     9.2     5.1     3.97 R    12.3     7.1     9.4 -9999.0 -9999.0 -9999.0 -99.000 -99.000 -99.000 -99.000 -99.000 -9999.0 -9999.0 -9999.0 -9999.0 -9999.0
03761 20090329  1.302  -75.79   39.86    22.0     7.4    14.7    11.2     5.3     8.35 R    26.7     4.0    11.3 -9999.0 -9999.0 -9999.0 -99.000 -99.000 -99.000 -99.000 -99.000 -9999.0 -9999.0 -9999.0 -9999.0 -9999.0
03761 20090330  1.302  -75.79   39.86     8.9     2.9     5.9     6.3     0.0    12.37 R    18.2     2.3     7.1 -9999.0 -9999.0 -9999.0 -99.000 -99.000 -99.000 -99.000 -99.000 -9999.0 -9999.0 -9999.0 -9999.0 -9999.0
03761 20090331  1.302  -75.79   39.86    14.3    -1.5     6.4     6.3     0.0    23.62 R    24.8    -1.2     8.8 -9999.0 -9999.0 -9999.0 -99.000 -99.000 -99.000 -99.000 -99.000 -9999.0 -9999.0 -9999.0 -9999.0 -9999.0
03761 20090401  1.302  -75.79   39.86    10.1     4.1     7.1     7.9     3.8     2.95 R    16.1     3.5     8.2 -9999.0 -9999.0 -9999.0 -99.000 -99.000 -99.000 -99.000 -99.000 -9999.0 -9999.0 -9999.0 -9999.0 -9999.0
03761 20090402  1.302  -75.79   39.86    18.4     7.9    13.2    12.1     0.0    11.31 R    27.5     8.2    13.6 -9999.0 -9999.0 -9999.0 -99.000 -99.000 -99.000 -99.000 -99.000 -9999.0 -9999.0 -9999.0 -9999.0 -9999.0
03761 20090403  1.302  -75.79   39.86    20.1    11.0    15.5    14.4    31.2     8.43 R    25.0     8.2    14.6 -9999.0 -9999.0 -9999.0 -99.000 -99.000 -99.000 -99.000 -99.000 -9999.0 -9999.0 -9999.0 -9999.0 -9999.0
03761 20090404  1.302  -75.79   39.86    14.2     7.3    10.7    10.3     0.0    24.41 R    21.1     4.5    10.4 -9999.0 -9999.0 -9999.0 -99.000 -99.000 -99.000 -99.000 -99.000 -9999.0 -9999.0 -9999.0 -9999.0 -9999.0
03761 20090405  1.302  -75.79   39.86    18.0     5.3    11.6    11.1     0.0    24.49 R    24.3     1.3    10.4 -9999.0 -9999.0 -9999.0 -99.000 -99.000 -99.000 -99.000 -99.000 -9999.0 -9999.0 -9999.0 -9999.0 -9999.0
03761 20090406  1.302  -75.79   39.86    14.7     6.5    10.6    10.5    10.0     6.86 R    20.9     5.1    10.1 -9999.0 -9999.0 -9999.0 -99.000 -99.000 -99.000 -99.000 -99.000 -9999.0 -9999.0 -9999.0 -9999.0 -9999.0
03761 20090407  1.302  -75.79   39.86     7.1     1.1     4.1     3.8     0.0    14.98 R    19.2    -1.4     4.4 -9999.0 -9999.0 -9999.0 -99.000 -99.000 -99.000 -99.000 -99.000 -9999.0 -9999.0 -9999.0 -9999.0 -9999.0
03761 20090408  1.302  -75.79   39.86    10.9     0.5     5.7     5.1     0.0    14.93 R    19.0    -2.2     4.8 -9999.0 -9999.0 -9999.0 -99.000 -99.000 -99.000 -99.000 -99.000 -9999.0 -9999.0 -9999.0 -9999.0 -9999.0
03761 20090409  1.302  -75.79   39.86    15.3    -1.6     6.8     8.1     0.0    25.11 R    24.8    -3.4     7.7 -9999.0 -9999.0 -9999.0 -99.000 -99.000 -99.000 -99.000 -99.000 -9999.0 -9999.0 -9999.0 -9999.0 -9999.0
03761 20090410  1.302  -75.79   39.86    19.3     2.6    11.0    11.3     0.0    13.39 R    23.4    -0.2    10.7 -9999.0 -9999.0 -9999.0 -99.000 -99.000 -99.000 -99.000 -99.000 -9999.0 -9999.0 -9999.0 -9999.0 -9999.0
03761 20090411  1.302  -75.79   39.86    10.9     4.0     7.5     8.1    17.9     4.75 R    12.0     1.1     7.6 -9999.0 -9999.0 -9999.0 -99.000 -99.000 -99.000 -99.000 -99.000 -9999.0 -9999.0 -9999.0 -9999.0 -9999.0
03761 20090412  1.302  -75.79   39.86     9.9     1.0     5.4     5.2     0.0    26.73 R    18.1    -3.0     5.5 -9999.0 -9999.0 -9999.0 -99.000 -99.000 -99.000 -99.000 -99.000 -9999.0 -9999.0 -9999.0 -9999.0 -9999.0
03761 20090413  1.302  -75.79   39.86    11.6    -3.0     4.3     5.4     4.9    21.54 R    20.7    -5.4     6.8 -9999.0 -9999.0 -9999.0 -99.000 -99.000 -99.000 -99.000 -99.000 -9999.0 -9999.0 -9999.0 -9999.0 -9999.0
03761 20090414  1.302  -75.79   39.86     8.2     4.7     6.5     6.5    11.9     2.31 R     9.8     5.7     7.1 -9999.0 -9999.0 -9999.0 -99.000 -99.000 -99.000 -99.000 -99.000 -9999.0 -9999.0 -9999.0 -9999.0 -9999.0
03761 20090415  1.302  -75.79   39.86     7.7     2.5     5.1     5.5    16.3     3.99 R     8.3     1.3     5.9 -9999.0 -9999.0 -9999.0 -99.000 -99.000 -99.000 -99.000 -99.000 -9999.0 -9999.0 -9999.0 -9999.0 -9999.0
03761 20090416  1.302  -75.79   39.86    15.9     1.2     8.6     8.9     0.0    26.71 R    25.4    -0.1     9.3 -9999.0 -9999.0 -9999.0 -99.000 -99.000 -99.000 -99.000 -99.000 -9999.0 -9999.0 -9999.0 -9999.0 -9999.0
03761 20090417  1.302  -75.79   39.86    18.6    -1.2     8.7    10.6     0.0    27.16 R    24.6    -2.2    10.4 -9999.0 -9999.0 -9999.0 -99.000 -99.000 -99.000 -99.000 -99.000 -9999.0 -9999.0 -9999.0 -9999.0 -9999.0
03761 20090418  1.302  -75.79   39.86    23.5     5.7    14.6    16.0     0.0    26.66 R    27.4     2.4    13.1 -9999.0 -9999.0 -9999.0 -99.000 -99.000 -99.000 -99.000 -99.000 -9999.0 -9999.0 -9999.0 -9999.0 -9999.0
03761 20090419  1.302  -75.79   39.86    19.4     6.4    12.9    12.6     0.0    17.34 R    25.3     4.0    12.0 -9999.0 -9999.0 -9999.0 -99.000 -99.000 -99.000 -99.000 -99.000 -9999.0 -9999.0 -9999.0 -9999.0 -9999.0
03761 20090420  1.302  -75.79   39.86     9.3     7.2     8.3     8.2    13.8     2.11 R     9.7     6.6     8.2 -9999.0 -9999.0 -9999.0 -99.000 -99.000 -99.000 -99.000 -99.000 -9999.0 -9999.0 -9999.0 -9999.0 -9999.0
03761 20090421  1.302  -75.79   39.86    19.4     7.5    13.5    12.1     3.0    23.05 R    26.4     5.6    13.7 -9999.0 -9999.0 -9999.0 -99.000 -99.000 -99.000 -99.000 -99.000 -9999.0 -9999.0 -9999.0 -9999.0 -9999.0
03761 20090422  1.302  -75.79   39.86    12.9     4.4     8.7     8.2     0.7    12.53 R    21.4     1.7     8.2 -9999.0 -9999.0 -9999.0 -99.000 -99.000 -99.000 -99.000 -99.000 -9999.0 -9999.0 -9999.0 -9999.0 -9999.0
03761 20090423  1.302  -75.79   39.86    13.6     3.3     8.5     8.6     0.5    24.63 R    20.1     0.4     8.3 -9999.0 -9999.0 -9999.0 -99.000 -99.000 -99.000 -99.000 -99.000 -9999.0 -9999.0 -9999.0 -9999.0 -9999.0
03761 20090424  1.302  -75.79   39.86    21.8    -0.6    10.6    12.4     0.0    26.83 R    26.1    -1.2    11.8 -9999.0 -9999.0 -9999.0 -99.000 -99.000 -99.000 -99.000 -99.000 -9999.0 -9999.0 -9999.0 -9999.0 -9999.0
03761 20090425  1.302  -75.79   39.86    29.9     7.5    18.7    19.9     0.0    22.73 R    31.7     5.9    17.3 -9999.0 -9999.0 -9999.0 -99.000 -99.000 -99.000 -99.000 -99.000 -9999.0 -9999.0 -9999.0 -9999.0 -9999.0
03761 20090426  1.302  -75.79   39.86    30.8    15.2    23.0    24.2     0.0    26.61 R    30.8    11.1    20.0 -9999.0 -9999.0 -9999.0 -99.000 -99.000 -99.000 -99.000 -99.000 -9999.0 -9999.0 -9999.0 -9999.0 -9999.0
03761 20090427  1.302  -75.79   39.86    30.7    15.0    22.8    24.0     0.0    26.90 R    32.0    11.5    20.4 -9999.0 -9999.0 -9999.0 -99.000 -99.000 -99.000 -99.000 -99.000 -9999.0 -9999.0 -9999.0 -9999.0 -9999.0
03761 20090428  1.302  -75.79   39.86    28.7    16.7    22.7    23.2     0.0    26.31 R    33.6     9.9    19.5 -9999.0 -9999.0 -9999.0 -99.000 -99.000 -99.000 -99.000 -99.000 -9999.0 -9999.0 -9999.0 -9999.0 -9999.0
03761 20090429  1.302  -75.79   39.86    18.5     9.5    14.0    12.1     2.4     6.59 R    16.0     9.7    12.4 -9999.0 -9999.0 -9999.0 -99.000 -99.000 -99.000 -99.000 -99.000 -9999.0 -9999.0 -9999.0 -9999.0 -9999.0
03761 20090430  1.302  -75.79   39.86    16.9     8.8    12.9    12.6     0.0    14.38 R    33.3     8.5    13.7 -9999.0 -9999.0 -9999.0 -99.000 -99.000 -99.000 -99.000 -99.000 -9999.0 -9999.0 -9999.0 -9999.0 -9999.0
03761 20090501  1.302  -75.79   39.86    20.6    13.1    16.9    16.9     4.3     6.12 R    22.5    12.9    16.6 -9999.0 -9999.0 -9999.0 -99.000 -99.000 -99.000 -99.000 -99.000 -9999.0 -9999.0 -9999.0 -9999.0 -9999.0
03761 20090502  1.302  -75.79   39.86    18.5    13.4    15.9    15.5     2.7    11.22 R    25.4    12.0    16.3 -9999.0 -9999.0 -9999.0 -99.000 -99.000 -99.000 -99.000 -99.000 -9999.0 -9999.0 -9999.0 -9999.0 -9999.0
03761 20090503  1.302  -75.79   39.86    13.9    11.6    12.7    12.8    17.7     3.71 R    16.2    12.1    13.9 -9999.0 -9999.0 -9999.0 -99.000 -99.000 -99.000 -99.000 -99.000 -9999.0 -9999.0 -9999.0 -9999.0 -9999.0
03761 20090504  1.302  -75.79   39.86    11.9     9.6    10.7    11.1    18.0     2.30 R    13.3    10.1    11.8 -9999.0 -9999.0 -9999.0 -99.000 -99.000 -99.000 -99.000 -99.000 -9999.0 -9999.0 -9999.0 -9999.0 -9999.0
03761 20090505  1.302  -75.79   39.86    13.3     9.6    11.5    11.4     7.8     5.05 R    17.0    10.2    12.5 -9999.0 -9999.0 -9999.0 -99.000 -99.000 -99.000 -99.000 -99.000 -9999.0 -9999.0 -9999.0 -9999.0 -9999.0
03761 20090506  1.302  -75.79   39.86    16.7    10.7    13.7    13.0    29.3     7.70 R    21.4    10.9    14.4 -9999.0 -9999.0 -9999.0 -99.000 -99.000 -99.000 -99.000 -99.000 -9999.0 -9999.0 -9999.0 -9999.0 -9999.0
03761 20090507  1.302  -75.79   39.86    21.3    12.0    16.6    17.3    21.9    10.97 R    26.2    11.8    17.4 -9999.0 -9999.0 -9999.0 -99.000 -99.000 -99.000 -99.000 -99.000 -9999.0 -9999.0 -9999.0 -9999.0 -9999.0
03761 20090508  1.302  -75.79   39.86    24.4     9.5    17.0    17.8     0.6    20.75 R    30.7     8.4    18.6 -9999.0 -9999.0 -9999.0 -99.000 -99.000 -99.000 -99.000 -99.000 -9999.0 -9999.0 -9999.0 -9999.0 -9999.0
03761 20090509  1.302  -75.79   39.86    27.4    15.2    21.3    21.6     0.0    21.72 R    30.8    12.6    21.2 -9999.0 -9999.0 -9999.0 -99.000 -99.000 -99.000 -99.000 -99.000 -9999.0 -9999.0 -9999.0 -9999.0 -9999.0
03761 20090510  1.302  -75.79   39.86    19.7    11.0    15.4    15.4     0.0    28.51 R    27.1     8.7    16.0 -9999.0 -9999.0 -9999.0 -99.000 -99.000 -99.000 -99.000 -99.000 -9999.0 -9999.0 -9999.0 -9999.0 -9999.0
03761 20090511  1.302  -75.79   39.86    15.9     7.2    11.5    11.7     0.0    12.88 R    21.9     6.8    12.7 -9999.0 -9999.0 -9999.0 -99.000 -99.000 -99.000 -99.000 -99.000 -9999.0 -9999.0 -9999.0 -9999.0 -9999.0
03761 20090512  1.302  -75.79   39.86    18.0     5.3    11.7    12.2     0.0    26.22 R    26.6     3.9    13.1 -9999.0 -9999.0 -9999.0 -99.000 -99.000 -99.000 -99.000 -99.000 -9999.0 -9999.0 -9999.0 -9999.0 -9999.0
03761 20090513  1.302  -75.79   39.86    20.6     2.7    11.7    13.1     0.0    26.67 R    26.6     1.7    14.2 -9999.0 -9999.0 -9999.0 -99.000 -99.000 -99.000 -99.000 -99.000 -9999.0 -9999.0 -9999.0 -9999.0 -9999.0
03761 20090514  1.302  -75.79   39.86    23.0    12.7    17.8    17.1    22.6    10.02 R    27.1    12.4    17.4 -9999.0 -9999.0 -9999.0 -99.000 -99.000 -99.000 -99.000 -99.000 -9999.0 -9999.0 -9999.0 -9999.0 -9999.0
03761 20090515  1.302  -75.79   39.86    25.1    17.2    21.2    20.2     0.0    20.26 R    30.0    15.8    21.2 -9999.0 -9999.0 -9999.0 -99.000 -99.000 -99.000 -99.000 -99.000 -9999.0 -9999.0 -9999.0 -9999.0 -9999.0
03761 20090516  1.302  -75.79   39.86    24.7    17.1    20.9    20.2     4.7    11.84 R    29.6    18.2    21.3 -9999.0 -9999.0 -9999.0 -99.000 -99.000 -99.000 -99.000 -99.000 -9999.0 -9999.0 -9999.0 -9999.0 -9999.0
03761 20090517  1.302  -75.79   39.86    19.2     9.2    14.2    13.5     1.7    12.77 R    19.6     9.1    14.0 -9999.0 -9999.0 -9999.0 -99.000 -99.000 -99.000 -99.000 -99.000 -9999.0 -9999.0 -9999.0 -9999.0 -9999.0
03761 20090518  1.302  -75.79   39.86    14.3     3.0     8.6     9.6     0.0    24.47 R    26.7     2.3    11.3 -9999.0 -9999.0 -9999.0 -99.000 -99.000 -99.000 -99.000 -99.000 -9999.0 -9999.0 -9999.0 -9999.0 -9999.0
03761 20090519  1.302  -75.79   39.86    19.4     0.9    10.2    11.2     0.0    31.06 R    33.5     0.4    15.3 -9999.0 -9999.0 -9999.0 -99.000 -99.000 -99.000 -99.000 -99.000 -9999.0 -9999.0 -9999.0 -9999.0 -9999.0
03761 20090520  1.302  -75.79   39.86    24.5     4.3    14.4    15.3     0.0    30.16 R    35.7     5.0    18.4 -9999.0 -9999.0 -9999.0 -99.000 -99.000 -99.000 -99.000 -99.000 -9999.0 -9999.0 -9999.0 -9999.0 -9999.0
03761 20090521  1.302  -75.79   39.86    25.5     7.0    16.2    17.5     0.0    30.54 R    36.1     6.6    19.5 -9999.0 -9999.0 -9999.0 -99.000 -99.000 -99.000 -99.000 -99.000 -9999.0 -9999.0 -9999.0 -9999.0 -9999.0
03761 20090522  1.302  -75.79   39.86    26.2     9.2    17.7    18.9     0.0    24.44 R    35.5     9.0    20.9 -9999.0 -9999.0 -9999.0 -99.000 -99.000 -99.000 -99.000 -99.000 -9999.0 -9999.0 -9999.0 -9999.0 -9999.0
03761 20090523  1.302  -75.79   39.86    27.7    12.7    20.2    21.5     0.0    28.31 R    37.6    12.3    23.7 -9999.0 -9999.0 -9999.0 -99.000 -99.000 -99.000 -99.000 -99.000 -9999.0 -9999.0 -9999.0 -9999.0 -9999.0
03761 20090524  1.302  -75.79   39.86    26.4    16.8    21.6    21.9     9.5    19.26 R    34.6    15.0    23.5 -9999.0 -9999.0 -9999.0 -99.000 -99.000 -99.000 -99.000 -99.000 -9999.0 -9999.0 -9999.0 -9999.0 -9999.0
03761 20090525  1.302  -75.79   39.86    25.9    16.1    21.0    21.3     0.0    27.02 R    34.7    16.8    23.8 -9999.0 -9999.0 -9999.0 -99.000 -99.000 -99.000 -99.000 -99.000 -9999.0 -9999.0 -9999.0 -9999.0 -9999.0
03761 20090526  1.302  -75.79   39.86    19.3     8.9    14.1    12.7     2.3     5.36 R    20.1    11.8    14.3 -9999.0 -9999.0 -9999.0 -99.000 -99.000 -99.000 -99.000 -99.000 -9999.0 -9999.0 -9999.0 -9999.0 -9999.0
03761 20090527  1.302  -75.79   39.86    23.1     9.8    16.4    15.4     0.2    14.77 R    31.2    12.1    18.3 -9999.0 -9999.0 -9999.0 -99.000 -99.000 -99.000 -99.000 -99.000 -9999.0 -9999.0 -9999.0 -9999.0 -9999.0
03761 20090528  1.302  -75.79   39.86    24.3    14.7    19.5    19.5     4.2    13.67 R    36.8    16.7    22.2 -9999.0 -9999.0 -9999.0 -99.000 -99.000 -99.000 -99.000 -99.000 -9999.0 -9999.0 -9999.0 -9999.0 -9999.0
03761 20090529  1.302  -75.79   39.86    24.3    14.2    19.3    17.2    15.0    12.65 R    34.9    15.7    20.3 -9999.0 -9999.0 -9999.0 -99.000 -99.000 -99.000 -99.000 -99.000 -9999.0 -9999.0 -9999.0 -9999.0 -9999.0
03761 20090530  1.302  -75.79   39.86    24.6    10.6    17.6    17.9     0.0    27.35 R    34.1    10.7    20.0 -9999.0 -9999.0 -9999.0 -99.000 -99.000 -99.000 -99.000 -99.000 -9999.0 -9999.0 -9999.0 -9999.0 -9999.0
03761 20090531  1.302  -75.79   39.86    26.3     9.2    17.8    17.9     0.0    24.74 R    34.9     8.8    19.3 -9999.0 -9999.0 -9999.0 -99.000 -99.000 -99.000 -99.000 -99.000 -9999.0 -9999.0 -9999.0 -9999.0 -9999.0
03761 20090601  1.302  -75.79   39.86    21.2     5.4    13.3    14.8     0.0    25.93 R    32.4     5.6    17.6 -9999.0 -9999.0 -9999.0 -99.000 -99.000 -99.000 -99.000 -99.000 -9999.0 -9999.0 -9999.0 -9999.0 -9999.0
03761 20090602  1.302  -75.79   39.86    27.6    11.1    19.4    19.6     5.5    21.70 R    35.7    11.6    21.6 -9999.0 -9999.0 -9999.0 -99.000 -99.000 -99.000 -99.000 -99.000 -9999.0 -9999.0 -9999.0 -9999.0 -9999.0
03761 20090603  1.302  -75.79   39.86    23.1    12.7    17.9    18.0    13.3    14.43 R    32.7    14.7    20.5 -9999.0 -9999.0 -9999.0 -99.000 -99.000 -99.000 -99.000 -99.000 -9999.0 -9999.0 -9999.0 -9999.0 -9999.0
03761 20090604  1.302  -75.79   39.86    15.8    12.3    14.0    13.9     9.6     7.58 R    24.1    14.4    16.7 -9999.0 -9999.0 -9999.0 -99.000 -99.000 -99.000 -99.000 -99.000 -9999.0 -9999.0 -9999.0 -9999.0 -9999.0
03761 20090605  1.302  -75.79   39.86    15.5    12.8    14.1    13.9    20.1     4.96 R    18.2    13.6    15.0 -9999.0 -9999.0 -9999.0 -99.000 -99.000 -99.000 -99.000 -99.000 -9999.0 -9999.0 -9999.0 -9999.0 -9999.0
03761 20090606  1.302  -75.79   39.86    23.0    13.6    18.3    17.6     0.0    19.92 R    32.2    13.3    19.3 -9999.0 -9999.0 -9999.0 -99.000 -99.000 -99.000 -99.000 -99.000 -9999.0 -9999.0 -9999.0 -9999.0 -9999.0
03761 20090607  1.302  -75.79   39.86    25.9    14.3    20.1    20.3     0.0    29.30 R    33.7    12.7    22.4 -9999.0 -9999.0 -9999.0 -99.000 -99.000 -99.000 -99.000 -99.000 -9999.0 -9999.0 -9999.0 -9999.0 -9999.0
03761 20090608  1.302  -75.79   39.86    27.8    15.5    21.7    21.5     0.0    21.97 R    36.9    17.2    24.6 -9999.0 -9999.0 -9999.0 -99.000 -99.000 -99.000 -99.000 -99.000 -9999.0 -9999.0 -9999.0 -9999.0 -9999.0
03761 20090609  1.302  -75.79   39.86    25.1    16.5    20.8    20.0     6.6    10.17 R    34.8    17.9    22.0 -9999.0 -9999.0 -9999.0 -99.000 -99.000 -99.000 -99.000 -99.000 -9999.0 -9999.0 -9999.0 -9999.0 -9999.0
03761 20090610  1.302  -75.79   39.86    26.4    14.4    20.4    20.6     0.0    20.47 R    35.3    14.8    23.3 -9999.0 -9999.0 -9999.0 -99.000 -99.000 -99.000 -99.000 -99.000 -9999.0 -9999.0 -9999.0 -9999.0 -9999.0
03761 20090611  1.302  -75.79   39.86    20.7    17.6    19.2    19.2     0.5     5.66 R    25.1    19.3    21.2 -9999.0 -9999.0 -9999.0 -99.000 -99.000 -99.000 -99.000 -99.000 -9999.0 -9999.0 -9999.0 -9999.0 -9999.0
03761 20090612  1.302  -75.79   39.86    27.2    20.3    23.7    23.1     0.0    20.84 R    34.6    20.2    24.6 -9999.0 -9999.0 -9999.0 -99.000 -99.000 -99.000 -99.000 -99.000 -9999.0 -9999.0 -9999.0 -9999.0 -9999.0
03761 20090613  1.302  -75.79   39.86    24.9    17.0    20.9    20.6     1.3    15.60 R    33.8    18.0    22.7 -9999.0 -9999.0 -9999.0 -99.000 -99.000 -99.000 -99.000 -99.000 -9999.0 -9999.0 -9999.0 -9999.0 -9999.0
03761 20090614  1.302  -75.79   39.86    24.8    15.1    20.0    19.6     0.0    23.21 R    33.7    15.9    22.6 -9999.0 -9999.0 -9999.0 -99.000 -99.000 -99.000 -99.000 -99.000 -9999.0 -9999.0 -9999.0 -9999.0 -9999.0
03761 20090615  1.302  -75.79   39.86    24.4    16.3    20.4    19.4     0.0    22.36 R    31.6    15.9    21.4 -9999.0 -9999.0 -9999.0 -99.000 -99.000 -99.000 -99.000 -99.000 -9999.0 -9999.0 -9999.0 -9999.0 -9999.0
03761 20090616  1.302  -75.79   39.86    18.6    13.3    16.0    16.7     0.0     9.58 R    24.5    12.4    17.8 -9999.0 -9999.0 -9999.0 -99.000 -99.000 -99.000 -99.000 -99.000 -9999.0 -9999.0 -9999.0 -9999.0 -9999.0
03761 20090617  1.302  -75.79   39.86    18.5    12.0    15.3    15.1     5.2    10.85 R    22.5    12.0    16.3 -9999.0 -9999.0 -9999.0 -99.000 -99.000 -99.000 -99.000 -99.000 -9999.0 -9999.0 -9999.0 -9999.0 -9999.0
03761 20090618  1.302  -75.79   39.86    21.5    15.7    18.6    18.4    17.5     4.06 R    23.6    15.4    19.0 -9999.0 -9999.0 -9999.0 -99.000 -99.000 -99.000 -99.000 -99.000 -9999.0 -9999.0 -9999.0 -9999.0 -9999.0
03761 20090619  1.302  -75.79   39.86    23.8    14.9    19.3    19.2     0.0    22.29 R    29.9    13.9    20.0 -9999.0 -9999.0 -9999.0 -99.000 -99.000 -99.000 -99.000 -99.000 -9999.0 -9999.0 -9999.0 -9999.0 -9999.0
03761 20090620  1.302  -75.79   39.86    24.6    14.9    19.7    19.6    31.6     5.54 R    27.0    15.0    19.5 -9999.0 -9999.0 -9999.0 -99.000 -99.000 -99.000 -99.000 -99.000 -9999.0 -9999.0 -9999.0 -9999.0 -9999.0
03761 20090621  1.302  -75.79   39.86    24.3    18.8    21.5    21.0     0.0    16.69 R    30.9    17.5    20.3 -9999.0 -9999.0 -9999.0 -99.000 -99.000 -99.000 -99.000 -99.000 -9999.0 -9999.0 -9999.0 -9999.0 -9999.0
03761 20090622  1.302  -75.79   39.86    26.2    17.0    21.6    22.1     0.0    22.92 R    31.8    15.2    22.0 -9999.0 -9999.0 -9999.0 -99.000 -99.000 -99.000 -99.000 -99.000 -9999.0 -9999.0 -9999.0 -9999.0 -9999.0
03761 20090623  1.302  -75.79   39.86    26.1    18.1    22.1    21.5     0.0    22.28 R    34.5    17.5    22.5 -9999.0 -9999.0 -9999.0 -99.000 -99.000 -99.000 -99.000 -99.000 -9999.0 -9999.0 -9999.0 -9999.0 -9999.0
03761 20090624  1.302  -75.79   39.86    27.2    16.0    21.6    22.1     0.0    18.62 R    33.5    15.7    22.5 -9999.0 -9999.0 -9999.0 -99.000 -99.000 -99.000 -99.000 -99.000 -9999.0 -9999.0 -9999.0 -9999.0 -9999.0
03761 20090625  1.302  -75.79   39.86    29.2    16.7    23.0    22.9     0.0    27.06 R    36.4    16.2    24.5 -9999.0 -9999.0 -9999.0 -99.000 -99.000 -99.000 -99.000 -99.000 -9999.0 -9999.0 -9999.0 -9999.0 -9999.0
03761 20090626  1.302  -75.79   39.86    29.4    18.2    23.8    23.5     0.0    19.67 R    36.1    17.4    24.4 -9999.0 -9999.0 -9999.0 -99.000 -99.000 -99.000 -99.000 -99.000 -9999.0 -9999.0 -9999.0 -9999.0 -9999.0
03761 20090627  1.302  -75.79   39.86    25.4    15.7    20.5    20.8     0.0    24.48 R    34.2    15.1    21.8 -9999.0 -9999.0 -9999.0 -99.000 -99.000 -99.000 -99.000 -99.000 -9999.0 -9999.0 -9999.0 -9999.0 -9999.0
03761 20090628  1.302  -75.79   39.86    26.9    15.6    21.2    20.7     0.4    23.48 R    34.4    14.4    21.9 -9999.0 -9999.0 -9999.0 -99.000 -99.000 -99.000 -99.000 -99.000 -9999.0 -9999.0 -9999.0 -9999.0 -9999.0
03761 20090629  1.302  -75.79   39.86    26.7    15.2    20.9    21.3     0.0    28.64 R    33.1    14.7    22.2 -9999.0 -9999.0 -9999.0 -99.000 -99.000 -99.000 -99.000 -99.000 -9999.0 -9999.0 -9999.0 -9999.0 -9999.0
03761 20090630  1.302  -75.79   39.86    27.8    15.2    21.5    21.3     4.0    24.61 R    34.9    14.4    22.4 -9999.0 -9999.0 -9999.0 -99.000 -99.000 -99.000 -99.000 -99.000 -9999.0 -9999.0 -9999.0 -9999.0 -9999.0
03761 20090701  1.302  -75.79   39.86    26.8    15.6    21.2    20.8     2.8    23.55 R    33.0    15.4    22.6 -9999.0 -9999.0 -9999.0 -99.000 -99.000 -99.000 -99.000 -99.000 -9999.0 -9999.0 -9999.0 -9999.0 -9999.0
03761 20090702  1.302  -75.79   39.86    24.7    17.2    21.0    20.7     0.6    19.27 R    31.8    16.0    21.7 -9999.0 -9999.0 -9999.0 -99.000 -99.000 -99.000 -99.000 -99.000 -9999.0 -9999.0 -9999.0 -9999.0 -9999.0
03761 20090703  1.302  -75.79   39.86    24.4    16.3    20.4    20.2     0.0    25.11 R    31.7    15.3    20.8 -9999.0 -9999.0 -9999.0 -99.000 -99.000 -99.000 -99.000 -99.000 -9999.0 -9999.0 -9999.0 -9999.0 -9999.0
03761 20090704  1.302  -75.79   39.86    25.5    14.4    19.9    20.8     0.0    26.87 R    31.6    13.0    20.7 -9999.0 -9999.0 -9999.0 -99.000 -99.000 -99.000 -99.000 -99.000 -9999.0 -9999.0 -9999.0 -9999.0 -9999.0
03761 20090705  1.302  -75.79   39.86    23.9    12.7    18.3    19.0     0.0    26.69 R    33.1    10.9    20.0 -9999.0 -9999.0 -9999.0 -99.000 -99.000 -99.000 -99.000 -99.000 -9999.0 -9999.0 -9999.0 -9999.0 -9999.0
03761 20090706  1.302  -75.79   39.86 -9999.0 -9999.0 -9999.0 -9999.0     0.0 -9999.00 U -9999.0 -9999.0 -9999.0 -9999.0 -9999.0 -9999.0 -99.000 -99.000 -99.000 -99.000 -99.000 -9999.0 -9999.0 -9999.0 -9999.0 -9999.0
03761 20090707  1.302  -75.79   39.86    27.9    14.0    21.0    21.4     0.0    26.91 R    34.7    12.6    21.2 -9999.0 -9999.0 -9999.0 -99.000 -99.000 -99.000 -99.000 -99.000 -9999.0 -9999.0 -9999.0 -9999.0 -9999.0
03761 20090708  1.302  -75.79   39.86    23.9    12.0    18.0    18.5     0.0    25.42 R    32.8    10.5    19.3 -9999.0 -9999.0 -9999.0 -99.000 -99.000 -99.000 -99.000 -99.000 -9999.0 -9999.0 -9999.0 -9999.0 -9999.0
03761 20090709  1.302  -75.79   39.86    24.8    11.7    18.2    18.8     0.0    26.50 R    43.2    10.1    20.8 -9999.0 -9999.0 -9999.0 -99.000 -99.000 -99.000 -99.000 -99.000 -9999.0 -9999.0 -9999.0 -9999.0 -9999.0
03761 20090710  1.302  -75.79   39.86    25.7    11.9    18.8    18.9     0.0    23.87 R    39.4    10.7    22.0 -9999.0 -9999.0 -9999.0 -99.000 -99.000 -99.000 -99.000 -99.000 -9999.0 -9999.0 -9999.0 -9999.0 -9999.0
03761 20090711  1.302  -75.79   39.86    25.2    14.8    20.0    20.9     5.8    19.19 R    35.7    13.6    22.5 -9999.0 -9999.0 -9999.0 -99.000 -99.000 -99.000 -99.000 -99.000 -9999.0 -9999.0 -9999.0 -9999.0 -9999.0
03761 20090712  1.302  -75.79   39.86    26.6    14.1    20.4    21.5     1.0    29.37 R    36.8    13.0    23.8 -9999.0 -9999.0 -9999.0 -99.000 -99.000 -99.000 -99.000 -99.000 -9999.0 -9999.0 -9999.0 -9999.0 -9999.0
03761 20090713  1.302  -75.79   39.86    26.4    12.4    19.4    19.5     0.0    26.22 R    37.5    11.7    21.9 -9999.0 -9999.0 -9999.0 -99.000 -99.000 -99.000 -99.000 -99.000 -9999.0 -9999.0 -9999.0 -9999.0 -9999.0
03761 20090714  1.302  -75.79   39.86    26.1    10.9    18.5    18.9     0.0    29.97 R    37.1     9.6    21.1 -9999.0 -9999.0 -9999.0 -99.000 -99.000 -99.000 -99.000 -99.000 -9999.0 -9999.0 -9999.0 -9999.0 -9999.0
03761 20090715  1.302  -75.79   39.86    27.9    10.7    19.3    20.4     0.0    28.75 R    39.5     9.2    23.1 -9999.0 -9999.0 -9999.0 -99.000 -99.000 -99.000 -99.000 -99.000 -9999.0 -9999.0 -9999.0 -9999.0 -9999.0
03761 20090716  1.302  -75.79   39.86    30.4    18.8    24.6    23.6     1.7    21.51 R    42.5    17.9    25.9 -9999.0 -9999.0 -9999.0 -99.000 -99.000 -99.000 -99.000 -99.000 -9999.0 -9999.0 -9999.0 -9999.0 -9999.0
03761 20090717  1.302  -75.79   39.86    28.9    17.2    23.0    22.0    10.1    12.80 R    37.1    16.1    23.4 -9999.0 -9999.0 -9999.0 -99.000 -99.000 -99.000 -99.000 -99.000 -9999.0 -9999.0 -9999.0 -9999.0 -9999.0
03761 20090718  1.302  -75.79   39.86    25.2    15.1    20.2    20.8     0.0    26.27 R    35.1    13.0    22.3 -9999.0 -9999.0 -9999.0 -99.000 -99.000 -99.000 -99.000 -99.000 -9999.0 -9999.0 -9999.0 -9999.0 -9999.0
03761 20090719  1.302  -75.79   39.86    25.9    11.9    18.9    19.4     0.0    30.15 R    36.5    11.0    22.3 -9999.0 -9999.0 -9999.0 -99.000 -99.000 -99.000 -99.000 -99.000 -9999.0 -9999.0 -9999.0 -9999.0 -9999.0
03761 20090720  1.302  -75.79   39.86    27.3    13.6    20.4    20.8     0.0    20.40 R    37.6    13.1    22.7 -9999.0 -9999.0 -9999.0 -99.000 -99.000 -99.000 -99.000 -99.000 -9999.0 -9999.0 -9999.0 -9999.0 -9999.0
03761 20090721  1.302  -75.79   39.86    21.6    16.7    19.2    19.5     2.1     7.60 R    26.9    16.0    20.8 -9999.0 -9999.0 -9999.0 -99.000 -99.000 -99.000 -99.000 -99.000 -9999.0 -9999.0 -9999.0 -9999.0 -9999.0
03761 20090722  1.302  -75.79   39.86    27.9    16.2    22.1    21.5     0.0    17.60 R    38.0    17.9    24.1 -9999.0 -9999.0 -9999.0 -99.000 -99.000 -99.000 -99.000 -99.000 -9999.0 -9999.0 -9999.0 -9999.0 -9999.0
03761 20090723  1.302  -75.79   39.86    23.8    18.3    21.1    21.0    27.0     8.16 R    28.6    17.6    21.9 -9999.0 -9999.0 -9999.0 -99.000 -99.000 -99.000 -99.000 -99.000 -9999.0 -9999.0 -9999.0 -9999.0 -9999.0
03761 20090724  1.302  -75.79   39.86    26.4    14.9    20.7    19.6     1.7    19.75 R    35.3    15.2    22.5 -9999.0 -9999.0 -9999.0 -99.000 -99.000 -99.000 -99.000 -99.000 -9999.0 -9999.0 -9999.0 -9999.0 -9999.0
03761 20090725  1.302  -75.79   39.86    29.2    13.9    21.5    21.8     1.5    25.69 R    37.0    14.0    24.7 -9999.0 -9999.0 -9999.0 -99.000 -99.000 -99.000 -99.000 -99.000 -9999.0 -9999.0 -9999.0 -9999.0 -9999.0
03761 20090726  1.302  -75.79   39.86    28.6    19.2    23.9    23.0    12.7    19.65 R    37.9    18.5    24.8 -9999.0 -9999.0 -9999.0 -99.000 -99.000 -99.000 -99.000 -99.000 -9999.0 -9999.0 -9999.0 -9999.0 -9999.0
03761 20090727  1.302  -75.79   39.86    28.2    18.0    23.1    23.4     0.0    23.08 R    36.1    18.3    25.3 -9999.0 -9999.0 -9999.0 -99.000 -99.000 -99.000 -99.000 -99.000 -9999.0 -9999.0 -9999.0 -9999.0 -9999.0
03761 20090728  1.302  -75.79   39.86    28.9    17.9    23.4    23.7     0.0    19.07 R    37.2    17.8    25.3 -9999.0 -9999.0 -9999.0 -99.000 -99.000 -99.000 -99.000 -99.000 -9999.0 -9999.0 -9999.0 -9999.0 -9999.0
03761 20090729  1.302  -75.79   39.86    27.7    21.8    24.8    23.9     4.9    10.73 R    33.5    21.6    24.9 -9999.0 -9999.0 -9999.0 -99.000 -99.000 -99.000 -99.000 -99.000 -9999.0 -9999.0 -9999.0 -9999.0 -9999.0
03761 20090730  1.302  -75.79   39.86    28.5    20.3    24.4    24.1     0.0    25.36 R    35.4    20.1    25.6 -9999.0 -9999.0 -9999.0 -99.000 -99.000 -99.000 -99.000 -99.000 -9999.0 -9999.0 -9999.0 -9999.0 -9999.0
03761 20090731  1.302  -75.79   39.86    28.1    18.8    23.5    23.0    19.3    13.65 R    35.6    18.4    24.1 -9999.0 -9999.0 -9999.0 -99.000 -99.000 -99.000 -99.000 -99.000 -9999.0 -9999.0 -9999.0 -9999.0 -9999.0
03761 20090801  1.302  -75.79   39.86    27.8    16.9    22.4    22.6     0.0    22.34 R    35.2    16.9    24.2 -9999.0 -9999.0 -9999.0 -99.000 -99.000 -99.000 -99.000 -99.000 -9999.0 -9999.0 -9999.0 -9999.0 -9999.0
03761 20090802  1.302  -75.79   39.86    25.6    19.9    22.7    22.3    29.0    11.47 R    32.4    19.4    23.3 -9999.0 -9999.0 -9999.0 -99.000 -99.000 -99.000 -99.000 -99.000 -9999.0 -9999.0 -9999.0 -9999.0 -9999.0
03761 20090803  1.302  -75.79   39.86    26.9    17.2    22.0    22.4     0.0    26.43 R    34.5    17.5    23.9 -9999.0 -9999.0 -9999.0 -99.000 -99.000 -99.000 -99.000 -99.000 -9999.0 -9999.0 -9999.0 -9999.0 -9999.0
03761 20090804  1.302  -75.79   39.86    28.9    16.2    22.6    23.0     0.0    23.75 R    37.4    16.4    25.2 -9999.0 -9999.0 -9999.0 -99.000 -99.000 -99.000 -99.000 -99.000 -9999.0 -9999.0 -9999.0 -9999.0 -9999.0
03761 20090805  1.302  -75.79   39.86    27.5    19.2    23.3    23.4     0.0    21.60 R    35.2    19.0    24.9 -9999.0 -9999.0 -9999.0 -99.000 -99.000 -99.000 -99.000 -99.000 -9999.0 -9999.0 -9999.0 -9999.0 -9999.0
03761 20090806  1.302  -75.79   39.86    23.5    15.1    19.3    19.5     0.7    12.13 R    31.5    14.7    20.8 -9999.0 -9999.0 -9999.0 -99.000 -99.000 -99.000 -99.000 -99.000 -9999.0 -9999.0 -9999.0 -9999.0 -9999.0
03761 20090807  1.302  -75.79   39.86    25.2    13.4    19.3    19.5     0.0    24.64 R    33.4    12.6    21.0 -9999.0 -9999.0 -9999.0 -99.000 -99.000 -99.000 -99.000 -99.000 -9999.0 -9999.0 -9999.0 -9999.0 -9999.0
03761 20090808  1.302  -75.79   39.86    25.9    16.5    21.2    21.0     0.3    22.29 R    34.8    16.0    23.2 -9999.0 -9999.0 -9999.0 -99.000 -99.000 -99.000 -99.000 -99.000 -9999.0 -9999.0 -9999.0 -9999.0 -9999.0
03761 20090809  1.302  -75.79   39.86    29.2    19.2    24.2    22.3    30.1    13.47 R    33.5    19.5    23.7 -9999.0 -9999.0 -9999.0 -99.000 -99.000 -99.000 -99.000 -99.000 -9999.0 -9999.0 -9999.0 -9999.0 -9999.0
03761 20090810  1.302  -75.79   39.86    32.0    18.8    25.4    26.3     0.0    23.64 R    36.2    19.1    26.3 -9999.0 -9999.0 -9999.0 -99.000 -99.000 -99.000 -99.000 -99.000 -9999.0 -9999.0 -9999.0 -9999.0 -9999.0
03761 20090811  1.302  -75.79   39.86    29.1    22.1    25.6    25.0     0.0    23.14 R    35.3    20.1    25.7 -9999.0 -9999.0 -9999.0 -99.000 -99.000 -99.000 -99.000 -99.000 -9999.0 -9999.0 -9999.0 -9999.0 -9999.0
03761 20090812  1.302  -75.79   39.86    28.6    20.4    24.5    23.2     0.4    15.94 R    34.4    20.7    24.6 -9999.0 -9999.0 -9999.0 -99.000 -99.000 -99.000 -99.000 -99.000 -9999.0 -9999.0 -9999.0 -9999.0 -9999.0
03761 20090813  1.302  -75.79   39.86    24.7    18.3    21.5    21.3    37.0    14.02 R    32.7    17.8    22.5 -9999.0 -9999.0 -9999.0 -99.000 -99.000 -99.000 -99.000 -99.000 -9999.0 -9999.0 -9999.0 -9999.0 -9999.0
03761 20090814  1.302  -75.79   39.86    26.9    17.7    22.3    21.6     0.0    19.38 R    34.4    17.3    23.3 -9999.0 -9999.0 -9999.0 -99.000 -99.000 -99.000 -99.000 -99.000 -9999.0 -9999.0 -9999.0 -9999.0 -9999.0
03761 20090815  1.302  -75.79   39.86    29.2    17.3    23.2    23.0     0.0    24.75 R    33.9    17.1    24.1 -9999.0 -9999.0 -9999.0 -99.000 -99.000 -99.000 -99.000 -99.000 -9999.0 -9999.0 -9999.0 -9999.0 -9999.0
03761 20090816  1.302  -75.79   39.86    30.8    17.5    24.1    23.7     0.0    26.13 R    34.1    16.6    24.1 -9999.0 -9999.0 -9999.0 -99.000 -99.000 -99.000 -99.000 -99.000 -9999.0 -9999.0 -9999.0 -9999.0 -9999.0
03761 20090817  1.302  -75.79   39.86    31.9    17.4    24.6    23.9     0.0    24.54 R    34.8    16.8    23.8 -9999.0 -9999.0 -9999.0 -99.000 -99.000 -99.000 -99.000 -99.000 -9999.0 -9999.0 -9999.0 -9999.0 -9999.0
03761 20090818  1.302  -75.79   39.86    31.0    17.6    24.3    23.5     9.3    20.80 R    35.1    16.9    24.3 -9999.0 -9999.0 -9999.0 -99.000 -99.000 -99.000 -99.000 -99.000 -9999.0 -9999.0 -9999.0 -9999.0 -9999.0
03761 20090819  1.302  -75.79   39.86    30.4    19.8    25.1    24.6     0.6    21.28 R    34.3    20.0    25.4 -9999.0 -9999.0 -9999.0 -99.000 -99.000 -99.000 -99.000 -99.000 -9999.0 -9999.0 -9999.0 -9999.0 -9999.0
03761 20090820  1.302  -75.79   39.86    30.3    20.0    25.1    25.0     0.0    16.98 R    34.3    19.7    25.2 -9999.0 -9999.0 -9999.0 -99.000 -99.000 -99.000 -99.000 -99.000 -9999.0 -9999.0 -9999.0 -9999.0 -9999.0
03761 20090821  1.302  -75.79   39.86    31.1    20.4    25.7    24.3    19.7    14.27 R    37.6    20.6    25.1 -9999.0 -9999.0 -9999.0 -99.000 -99.000 -99.000 -99.000 -99.000 -9999.0 -9999.0 -9999.0 -9999.0 -9999.0
03761 20090822  1.302  -75.79   39.86    27.0    20.3    23.6    23.2    17.9     9.32 R    33.8    20.4    24.5 -9999.0 -9999.0 -9999.0 -99.000 -99.000 -99.000 -99.000 -99.000 -9999.0 -9999.0 -9999.0 -9999.0 -9999.0
03761 20090823  1.302  -75.79   39.86    28.2    19.6    23.9    23.9     0.0    19.24 R    37.0    19.5    25.5 -9999.0 -9999.0 -9999.0 -99.000 -99.000 -99.000 -99.000 -99.000 -9999.0 -9999.0 -9999.0 -9999.0 -9999.0
03761 20090824  1.302  -75.79   39.86    26.7    17.2    21.9    21.3     0.0    22.60 R    35.0    17.2    23.2 -9999.0 -9999.0 -9999.0 -99.000 -99.000 -99.000 -99.000 -99.000 -9999.0 -9999.0 -9999.0 -9999.0 -9999.0
03761 20090825  1.302  -75.79   39.86    27.8    16.1    21.9    21.7     0.0    24.40 R    35.9    15.8    23.6 -9999.0 -9999.0 -9999.0 -99.000 -99.000 -99.000 -99.000 -99.000 -9999.0 -9999.0 -9999.0 -9999.0 -9999.0
03761 20090826  1.302  -75.79   39.86    29.0    17.7    23.3    23.1     0.0    22.54 R    35.7    17.4    24.5 -9999.0 -9999.0 -9999.0 -99.000 -99.000 -99.000 -99.000 -99.000 -9999.0 -9999.0 -9999.0 -9999.0 -9999.0
03761 20090827  1.302  -75.79   39.86    25.7    18.5    22.1    21.9     0.0    19.12 R    34.9    18.2    23.7 -9999.0 -9999.0 -9999.0 -99.000 -99.000 -99.000 -99.000 -99.000 -9999.0 -9999.0 -9999.0 -9999.0 -9999.0
03761 20090828  1.302  -75.79   39.86    22.7    19.6    21.1    20.7    12.1     6.37 R    28.4    20.4    21.9 -9999.0 -9999.0 -9999.0 -99.000 -99.000 -99.000 -99.000 -99.000 -9999.0 -9999.0 -9999.0 -9999.0 -9999.0
03761 20090829  1.302  -75.79   39.86    27.7    19.2    23.4    22.5    25.1    11.46 R    33.3    18.8    23.8 -9999.0 -9999.0 -9999.0 -99.000 -99.000 -99.000 -99.000 -99.000 -9999.0 -9999.0 -9999.0 -9999.0 -9999.0
03761 20090830  1.302  -75.79   39.86    26.6    14.4    20.5    21.3     0.0    22.23 R    33.0    14.4    22.4 -9999.0 -9999.0 -9999.0 -99.000 -99.000 -99.000 -99.000 -99.000 -9999.0 -9999.0 -9999.0 -9999.0 -9999.0
03761 20090831  1.302  -75.79   39.86    20.9    12.5    16.7    16.1     0.0    18.59 R    29.6    11.3    17.5 -9999.0 -9999.0 -9999.0 -99.000 -99.000 -99.000 -99.000 -99.000 -9999.0 -9999.0 -9999.0 -9999.0 -9999.0
03761 20090901  1.302  -75.79   39.86    21.9    10.6    16.2    15.6     0.0    24.23 R    29.9     9.3    16.9 -9999.0 -9999.0 -9999.0 -99.000 -99.000 -99.000 -99.000 -99.000 -9999.0 -9999.0 -9999.0 -9999.0 -9999.0
03761 20090902  1.302  -75.79   39.86    23.3     9.3    16.3    16.2     0.0    23.99 R    32.5     8.5    17.8 -9999.0 -9999.0 -9999.0 -99.000 -99.000 -99.000 -99.000 -99.000 -9999.0 -9999.0 -9999.0 -9999.0 -9999.0
03761 20090903  1.302  -75.79   39.86    24.5    12.0    18.3    17.8     0.0    24.06 R    32.6    10.8    19.3 -9999.0 -9999.0 -9999.0 -99.000 -99.000 -99.000 -99.000 -99.000 -9999.0 -9999.0 -9999.0 -9999.0 -9999.0
03761 20090904  1.302  -75.79   39.86    25.1    13.9    19.5    19.6     0.0    14.03 R    33.0    13.0    20.4 -9999.0 -9999.0 -9999.0 -99.000 -99.000 -99.000 -99.000 -99.000 -9999.0 -9999.0 -9999.0 -9999.0 -9999.0
03761 20090905  1.302  -75.79   39.86    27.1    14.3    20.7    19.8     0.0    23.48 R    33.8    12.7    20.5 -9999.0 -9999.0 -9999.0 -99.000 -99.000 -99.000 -99.000 -99.000 -9999.0 -9999.0 -9999.0 -9999.0 -9999.0
03761 20090906  1.302  -75.79   39.86    24.1    14.6    19.3    19.3     0.0    17.90 R    33.4    13.4    20.2 -9999.0 -9999.0 -9999.0 -99.000 -99.000 -99.000 -99.000 -99.000 -9999.0 -9999.0 -9999.0 -9999.0 -9999.0
03761 20090907  1.302  -75.79   39.86    21.9    15.2    18.5    18.4     0.0    10.32 R    29.9    14.2    19.2 -9999.0 -9999.0 -9999.0 -99.000 -99.000 -99.000 -99.000 -99.000 -9999.0 -9999.0 -9999.0 -9999.0 -9999.0
03761 20090908  1.302  -75.79   39.86    22.0    15.2    18.6    18.2     0.0    10.27 R    30.1    14.0    19.2 -9999.0 -9999.0 -9999.0 -99.000 -99.000 -99.000 -99.000 -99.000 -9999.0 -9999.0 -9999.0 -9999.0 -9999.0
03761 20090909  1.302  -75.79   39.86    21.4    16.6    19.0    18.8     3.1     9.33 R    27.0    16.5    19.8 -9999.0 -9999.0 -9999.0 -99.000 -99.000 -99.000 -99.000 -99.000 -9999.0 -9999.0 -9999.0 -9999.0 -9999.0
03761 20090910  1.302  -75.79   39.86    20.0    13.5    16.8    16.2     1.1    16.43 R    29.1    14.0    17.4 -9999.0 -9999.0 -9999.0 -99.000 -99.000 -99.000 -99.000 -99.000 -9999.0 -9999.0 -9999.0 -9999.0 -9999.0
03761 20090911  1.302  -75.79   39.86    16.9    12.8    14.8    14.9    67.3     2.99 R    18.4    12.9    15.4 -9999.0 -9999.0 -9999.0 -99.000 -99.000 -99.000 -99.000 -99.000 -9999.0 -9999.0 -9999.0 -9999.0 -9999.0
03761 20090912  1.302  -75.79   39.86    18.8    15.5    17.1    17.0     2.7     5.78 R    22.3    15.7    18.1 -9999.0 -9999.0 -9999.0 -99.000 -99.000 -99.000 -99.000 -99.000 -9999.0 -9999.0 -9999.0 -9999.0 -9999.0
03761 20090913  1.302  -75.79   39.86    24.6    15.1    19.9    19.5     0.0    19.12 R    31.3    13.8    20.1 -9999.0 -9999.0 -9999.0 -99.000 -99.000 -99.000 -99.000 -99.000 -9999.0 -9999.0 -9999.0 -9999.0 -9999.0
03761 20090914  1.302  -75.79   39.86    24.9    12.7    18.8    18.4     0.0    21.15 R    30.6    11.3    19.0 -9999.0 -9999.0 -9999.0 -99.000 -99.000 -99.000 -99.000 -99.000 -9999.0 -9999.0 -9999.0 -9999.0 -9999.0
03761 20090915  1.302  -75.79   39.86    25.5    13.7    19.6    19.1     0.0    20.61 R    31.4    12.7    19.6 -9999.0 -9999.0 -9999.0 -99.000 -99.000 -99.000 -99.000 -99.000 -9999.0 -9999.0 -9999.0 -9999.0 -9999.0
03761 20090916  1.302  -75.79   39.86    18.7    15.4    17.0    16.8     0.0     6.74 R    25.9    14.6    17.2 -9999.0 -9999.0 -9999.0 -99.000 -99.000 -99.000 -99.000 -99.000 -9999.0 -9999.0 -9999.0 -9999.0 -9999.0
03761 20090917  1.302  -75.79   39.86    17.4    12.6    15.0    14.8     0.9     8.34 R    26.1    11.7    15.8 -9999.0 -9999.0 -9999.0 -99.000 -99.000 -99.000 -99.000 -99.000 -9999.0 -9999.0 -9999.0 -9999.0 -9999.0
03761 20090918  1.302  -75.79   39.86    23.0    13.4    18.2    17.1     0.0    13.04 R    28.7    13.1    17.7 -9999.0 -9999.0 -9999.0 -99.000 -99.000 -99.000 -99.000 -99.000 -9999.0 -9999.0 -9999.0 -9999.0 -9999.0
03761 20090919  1.302  -75.79   39.86    19.5     7.6    13.5    14.0     0.0    22.58 R    26.4     6.1    14.7 -9999.0 -9999.0 -9999.0 -99.000 -99.000 -99.000 -99.000 -99.000 -9999.0 -9999.0 -9999.0 -9999.0 -9999.0
03761 20090920  1.302  -75.79   39.86    21.5     5.2    13.4    13.1     0.0    21.96 R    27.6     3.7    13.9 -9999.0 -9999.0 -9999.0 -99.000 -99.000 -99.000 -99.000 -99.000 -9999.0 -9999.0 -9999.0 -9999.0 -9999.0
03761 20090921  1.302  -75.79   39.86    23.6     7.8    15.7    15.7     0.0    18.40 R    29.8     6.6    16.4 -9999.0 -9999.0 -9999.0 -99.000 -99.000 -99.000 -99.000 -99.000 -9999.0 -9999.0 -9999.0 -9999.0 -9999.0
03761 20090922  1.302  -75.79   39.86    24.6    14.0    19.3    19.4     0.0    11.51 R    29.8    13.2    20.0 -9999.0 -9999.0 -9999.0 -99.000 -99.000 -99.000 -99.000 -99.000 -9999.0 -9999.0 -9999.0 -9999.0 -9999.0
03761 20090923  1.302  -75.79   39.86    26.3    17.8    22.0    21.8     1.0    11.87 R    32.2    17.6    22.3 -9999.0 -9999.0 -9999.0 -99.000 -99.000 -99.000 -99.000 -99.000 -9999.0 -9999.0 -9999.0 -9999.0 -9999.0
03761 20090924  1.302  -75.79   39.86    26.0    19.1    22.6    22.0     0.2    14.30 R    31.5    17.6    22.4 -9999.0 -9999.0 -9999.0 -99.000 -99.000 -99.000 -99.000 -99.000 -9999.0 -9999.0 -9999.0 -9999.0 -9999.0
03761 20090925  1.302  -75.79   39.86    21.5    10.5    16.0    16.9     0.0    15.83 R    31.2     9.2    17.4 -9999.0 -9999.0 -9999.0 -99.000 -99.000 -99.000 -99.000 -99.000 -9999.0 -9999.0 -9999.0 -9999.0 -9999.0
03761 20090926  1.302  -75.79   39.86    18.6     8.3    13.4    13.5    11.0    11.85 R    30.6     7.4    15.1 -9999.0 -9999.0 -9999.0 -99.000 -99.000 -99.000 -99.000 -99.000 -9999.0 -9999.0 -9999.0 -9999.0 -9999.0
03761 20090927  1.302  -75.79   39.86    22.5    13.7    18.1    17.5    13.0     7.83 R    29.4    12.0    17.7 -9999.0 -9999.0 -9999.0 -99.000 -99.000 -99.000 -99.000 -99.000 -9999.0 -9999.0 -9999.0 -9999.0 -9999.0
03761 20090928  1.302  -75.79   39.86    23.1    10.3    16.7    16.0     3.5    14.34 R    29.8     8.8    16.3 -9999.0 -9999.0 -9999.0 -99.000 -99.000 -99.000 -99.000 -99.000 -9999.0 -9999.0 -9999.0 -9999.0 -9999.0
03761 20090929  1.302  -75.79   39.86 -9999.0 -9999.0 -9999.0 -9999.0 -9999.0 -9999.00 U -9999.0 -9999.0 -9999.0 -9999.0 -9999.0 -9999.0 -99.000 -99.000 -99.000 -99.000 -99.000 -9999.0 -9999.0 -9999.0 -9999.0 -9999.0
03761 20090930  1.302  -75.79   39.86    16.3     5.9    11.1    12.3     0.0     7.47 R    24.9     4.3    12.4 -9999.0 -9999.0 -9999.0 -99.000 -99.000 -99.000 -99.000 -99.000 -9999.0 -9999.0 -9999.0 -9999.0 -9999.0
03761 20091001  1.302  -75.79   39.86    13.1     4.3     8.7     8.3     0.0    15.06 R    23.8     2.9     9.1 -9999.0 -9999.0 -9999.0 -99.000 -99.000 -99.000 -99.000 -99.000 -9999.0 -9999.0 -9999.0 -9999.0 -9999.0
03761 20091002  1.302  -75.79   39.86    18.2     4.8    11.5    13.6     2.8     7.15 R    22.5     5.5    14.1 -9999.0 -9999.0 -9999.0 -99.000 -99.000 -99.000 -99.000 -99.000 -9999.0 -9999.0 -9999.0 -9999.0 -9999.0
03761 20091003  1.302  -75.79   39.86    22.6    11.3    17.0    17.6     1.6    11.35 R    28.5     9.6    17.8 -9999.0 -9999.0 -9999.0 -99.000 -99.000 -99.000 -99.000 -99.000 -9999.0 -9999.0 -9999.0 -9999.0 -9999.0
03761 20091004  1.302  -75.79   39.86    20.2     8.7    14.4    14.0     0.0    17.47 R    26.2     7.5    13.7 -9999.0 -9999.0 -9999.0 -99.000 -99.000 -99.000 -99.000 -99.000 -9999.0 -9999.0 -9999.0 -9999.0 -9999.0
03761 20091005  1.302  -75.79   39.86    17.8     5.9    11.9    12.0     0.0    17.27 R    24.3     4.4    11.7 -9999.0 -9999.0 -9999.0 -99.000 -99.000 -99.000 -99.000 -99.000 -9999.0 -9999.0 -9999.0 -9999.0 -9999.0
03761 20091006  1.302  -75.79   39.86    18.4     4.3    11.4    12.3     0.0    14.98 R    25.6     2.9    13.4 -9999.0 -9999.0 -9999.0 -99.000 -99.000 -99.000 -99.000 -99.000 -9999.0 -9999.0 -9999.0 -9999.0 -9999.0
03761 20091007  1.302  -75.79   39.86    19.6    11.4    15.5    16.1     0.9    15.99 R    25.1     7.7    15.6 -9999.0 -9999.0 -9999.0 -99.000 -99.000 -99.000 -99.000 -99.000 -9999.0 -9999.0 -9999.0 -9999.0 -9999.0
03761 20091008  1.302  -75.79   39.86    17.8     6.7    12.2    12.7     0.0    15.96 R    24.5     3.7    12.8 -9999.0 -9999.0 -9999.0 -99.000 -99.000 -99.000 -99.000 -99.000 -9999.0 -9999.0 -9999.0 -9999.0 -9999.0
03761 20091009  1.302  -75.79   39.86    23.6    12.3    17.9    18.4     2.1    13.99 R    28.5    13.0    18.6 -9999.0 -9999.0 -9999.0 -99.000 -99.000 -99.000 -99.000 -99.000 -9999.0 -9999.0 -9999.0 -9999.0 -9999.0
03761 20091010  1.302  -75.79   39.86    18.7     6.4    12.6    14.6     1.4     6.84 R    21.4     4.7    13.9 -9999.0 -9999.0 -9999.0 -99.000 -99.000 -99.000 -99.000 -99.000 -9999.0 -9999.0 -9999.0 -9999.0 -9999.0
03761 20091011  1.302  -75.79   39.86    15.9     3.1     9.5     9.3     0.0    15.35 R    23.4     1.6     9.2 -9999.0 -9999.0 -9999.0 -99.000 -99.000 -99.000 -99.000 -99.000 -9999.0 -9999.0 -9999.0 -9999.0 -9999.0
03761 20091012  1.302  -75.79   39.86    10.9     4.5     7.7     7.5     0.0     5.96 R    14.0     2.9     7.4 -9999.0 -9999.0 -9999.0 -99.000 -99.000 -99.000 -99.000 -99.000 -9999.0 -9999.0 -9999.0 -9999.0 -9999.0
03761 20091013  1.302  -75.79   39.86    17.5     6.7    12.1    11.3     0.0    11.49 R    22.0     4.6    11.4 -9999.0 -9999.0 -9999.0 -99.000 -99.000 -99.000 -99.000 -99.000 -9999.0 -9999.0 -9999.0 -9999.0 -9999.0
03761 20091014  1.302  -75.79   39.86     9.9     2.2     6.1     6.9     0.0     9.36 R    18.6     0.4     7.9 -9999.0 -9999.0 -9999.0 -99.000 -99.000 -99.000 -99.000 -99.000 -9999.0 -9999.0 -9999.0 -9999.0 -9999.0
03761 20091015  1.302  -75.79   39.86     6.9     3.3     5.1     5.2    18.5     1.49 R     7.7     4.0     6.1 -9999.0 -9999.0 -9999.0 -99.000 -99.000 -99.000 -99.000 -99.000 -9999.0 -9999.0 -9999.0 -9999.0 -9999.0
03761 20091016  1.302  -75.79   39.86     5.2     3.1     4.1     4.1     9.3     1.87 R     7.0     3.9     5.2 -9999.0 -9999.0 -9999.0 -99.000 -99.000 -99.000 -99.000 -99.000 -9999.0 -9999.0 -9999.0 -9999.0 -9999.0
03761 20091017  1.302  -75.79   39.86     6.4     4.3     5.3     5.2    31.9     3.95 R     9.9     4.6     6.0 -9999.0 -9999.0 -9999.0 -99.000 -99.000 -99.000 -99.000 -99.000 -9999.0 -9999.0 -9999.0 -9999.0 -9999.0
03761 20091018  1.302  -75.79   39.86     9.6     1.1     5.4     5.5     5.8     6.26 R    12.6    -0.4     5.4 -9999.0 -9999.0 -9999.0 -99.000 -99.000 -99.000 -99.000 -99.000 -9999.0 -9999.0 -9999.0 -9999.0 -9999.0
03761 20091019  1.302  -75.79   39.86    11.7     0.8     6.3     5.5     0.0    16.11 R    18.4    -1.4     5.2 -9999.0 -9999.0 -9999.0 -99.000 -99.000 -99.000 -99.000 -99.000 -9999.0 -9999.0 -9999.0 -9999.0 -9999.0
03761 20091020  1.302  -75.79   39.86    18.2     0.7     9.4     9.3     0.0    12.19 R    23.1    -0.8     8.8 -9999.0 -9999.0 -9999.0 -99.000 -99.000 -99.000 -99.000 -99.000 -9999.0 -9999.0 -9999.0 -9999.0 -9999.0
03761 20091021  1.302  -75.79   39.86    21.3     5.1    13.2    12.2     0.0    12.13 R    24.7     3.3    10.8 -9999.0 -9999.0 -9999.0 -99.000 -99.000 -99.000 -99.000 -99.000 -9999.0 -9999.0 -9999.0 -9999.0 -9999.0
03761 20091022  1.302  -75.79   39.86    23.4     7.8    15.6    14.1     0.0    11.99 R    26.8     5.6    12.5 -9999.0 -9999.0 -9999.0 -99.000 -99.000 -99.000 -99.000 -99.000 -9999.0 -9999.0 -9999.0 -9999.0 -9999.0
03761 20091023  1.302  -75.79   39.86    17.4     9.0    13.2    13.2     6.2     5.98 R    21.7     7.2    12.7 -9999.0 -9999.0 -9999.0 -99.000 -99.000 -99.000 -99.000 -99.000 -9999.0 -9999.0 -9999.0 -9999.0 -9999.0
03761 20091024  1.302  -75.79   39.86    21.0    14.1    17.6    18.3    49.1     2.42 R    22.5    11.8    17.4 -9999.0 -9999.0 -9999.0 -99.000 -99.000 -99.000 -99.000 -99.000 -9999.0 -9999.0 -9999.0 -9999.0 -9999.0
03761 20091025  1.302  -75.79   39.86    14.5     4.1     9.3    10.3     0.0    13.44 R    20.1     2.7     9.7 -9999.0 -9999.0 -9999.0 -99.000 -99.000 -99.000 -99.000 -99.000 -9999.0 -9999.0 -9999.0 -9999.0 -9999.0
03761 20091026  1.302  -75.79   39.86    15.8     3.3     9.5     9.3     0.0    13.14 R    21.5     1.8     8.8 -9999.0 -9999.0 -9999.0 -99.000 -99.000 -99.000 -99.000 -99.000 -9999.0 -9999.0 -9999.0 -9999.0 -9999.0
03761 20091027  1.302  -75.79   39.86    13.9     7.2    10.5    11.6    21.8     2.12 R    16.3     8.4    12.1 -9999.0 -9999.0 -9999.0 -99.000 -99.000 -99.000 -99.000 -99.000 -9999.0 -9999.0 -9999.0 -9999.0 -9999.0
03761 20091028  1.302  -75.79   39.86    17.9    12.3    15.1    14.4    23.2     6.42 R    22.2    12.2    14.6 -9999.0 -9999.0 -9999.0 -99.000 -99.000 -99.000 -99.000 -99.000 -9999.0 -9999.0 -9999.0 -9999.0 -9999.0
03761 20091029  1.302  -75.79   39.86    13.4     9.9    11.6    11.5     0.0     4.55 R    16.4    10.7    12.5 -9999.0 -9999.0 -9999.0 -99.000 -99.000 -99.000 -99.000 -99.000 -9999.0 -9999.0 -9999.0 -9999.0 -9999.0
03761 20091030  1.302  -75.79   39.86    13.7     7.9    10.8    11.4     0.5     3.91 R    16.3     5.8    12.0 -9999.0 -9999.0 -9999.0 -99.000 -99.000 -99.000 -99.000 -99.000 -9999.0 -9999.0 -9999.0 -9999.0 -9999.0
03761 20091031  1.302  -75.79   39.86    20.2    12.5    16.3    15.6     2.9     1.88 R    19.5    11.7    15.4 -9999.0 -9999.0 -9999.0 -99.000 -99.000 -99.000 -99.000 -99.000 -9999.0 -9999.0 -9999.0 -9999.0 -9999.0
03761 20091101  1.302  -75.79   39.86    13.2     7.7    10.5     9.9     3.5     4.37 R    14.9     5.9     9.8 -9999.0 -9999.0 -9999.0 -99.000 -99.000 -99.000 -99.000 -99.000 -9999.0 -9999.0 -9999.0 -9999.0 -9999.0
03761 20091102  1.302  -75.79   39.86    13.4     3.4     8.4     8.9     0.0     8.92 R    20.8     1.7     8.9 -9999.0 -9999.0 -9999.0 -99.000 -99.000 -99.000 -99.000 -99.000 -9999.0 -9999.0 -9999.0 -9999.0 -9999.0
03761 20091103  1.302  -75.79   39.86    15.1     1.3     8.2     8.4     0.0    11.80 R    20.4     0.8     7.4 -9999.0 -9999.0 -9999.0 -99.000 -99.000 -99.000 -99.000 -99.000 -9999.0 -9999.0 -9999.0 -9999.0 -9999.0
03761 20091104  1.302  -75.79   39.86    10.1    -0.6     4.7     5.9     0.0    10.64 R    17.3    -1.9     6.3 -9999.0 -9999.0 -9999.0 -99.000 -99.000 -99.000 -99.000 -99.000 -9999.0 -9999.0 -9999.0 -9999.0 -9999.0
03761 20091105  1.302  -75.79   39.86    10.9     0.3     5.6     5.8     1.1     8.99 R    17.5    -0.7     6.0 -9999.0 -9999.0 -9999.0 -99.000 -99.000 -99.000 -99.000 -99.000 -9999.0 -9999.0 -9999.0 -9999.0 -9999.0
03761 20091106  1.302  -75.79   39.86     7.0    -3.0     2.0     3.0     0.0    13.05 R    12.6    -4.3     2.4 -9999.0 -9999.0 -9999.0 -99.000 -99.000 -99.000 -99.000 -99.000 -9999.0 -9999.0 -9999.0 -9999.0 -9999.0
03761 20091107  1.302  -75.79   39.86    12.7    -4.5     4.1     4.4     0.0    11.67 R    16.3    -5.4     3.4 -9999.0 -9999.0 -9999.0 -99.000 -99.000 -99.000 -99.000 -99.000 -9999.0 -9999.0 -9999.0 -9999.0 -9999.0
03761 20091108  1.302  -75.79   39.86    19.4     1.4    10.4     9.8     0.0    11.61 R    21.3     0.3     8.0 -9999.0 -9999.0 -9999.0 -99.000 -99.000 -99.000 -99.000 -99.000 -9999.0 -9999.0 -9999.0 -9999.0 -9999.0
03761 20091109  1.302  -75.79   39.86    19.4     3.0    11.2    11.5     0.0     9.28 R    21.7     1.4     9.7 -9999.0 -9999.0 -9999.0 -99.000 -99.000 -99.000 -99.000 -99.000 -9999.0 -9999.0 -9999.0 -9999.0 -9999.0
03761 20091110  1.302  -75.79   39.86    18.0     6.6    12.3    12.6     0.0     4.90 R    18.2     5.7    11.1 -9999.0 -9999.0 -9999.0 -99.000 -99.000 -99.000 -99.000 -99.000 -9999.0 -9999.0 -9999.0 -9999.0 -9999.0
03761 20091111  1.302  -75.79   39.86    13.1     6.2     9.6     9.2     6.2     2.49 R    11.2     5.8     8.1 -9999.0 -9999.0 -9999.0 -99.000 -99.000 -99.000 -99.000 -99.000 -9999.0 -9999.0 -9999.0 -9999.0 -9999.0
03761 20091112  1.302  -75.79   39.86    10.2     5.0     7.6     7.4     4.9     2.52 R     8.5     4.5     6.5 -9999.0 -9999.0 -9999.0 -99.000 -99.000 -99.000 -99.000 -99.000 -9999.0 -9999.0 -9999.0 -9999.0 -9999.0
03761 20091113  1.302  -75.79   39.86    12.6     8.4    10.5    10.3     4.3     1.98 R    11.6     7.4     9.5 -9999.0 -9999.0 -9999.0 -99.000 -99.000 -99.000 -99.000 -99.000 -9999.0 -9999.0 -9999.0 -9999.0 -9999.0
03761 20091114  1.302  -75.79   39.86    13.4    10.6    12.0    12.1     1.0     2.97 R    14.7    10.1    12.2 -9999.0 -9999.0 -9999.0 -99.000 -99.000 -99.000 -99.000 -99.000 -9999.0 -9999.0 -9999.0 -9999.0 -9999.0
03761 20091115  1.302  -75.79   39.86    20.2     9.6    14.9    14.3     0.0    10.83 R    22.2     7.0    12.9 -9999.0 -9999.0 -9999.0 -99.000 -99.000 -99.000 -99.000 -99.000 -9999.0 -9999.0 -9999.0 -9999.0 -9999.0
03761 20091116  1.302  -75.79   39.86    15.1     6.0    10.5    10.9     0.0    10.45 R    18.7     2.6     8.6 -9999.0 -9999.0 -9999.0 -99.000 -99.000 -99.000 -99.000 -99.000 -9999.0 -9999.0 -9999.0 -9999.0 -9999.0
03761 20091117  1.302  -75.79   39.86    13.2     4.6     8.9     8.5     0.0    10.70 R    16.2     1.6     6.3 -9999.0 -9999.0 -9999.0 -99.000 -99.000 -99.000 -99.000 -99.000 -9999.0 -9999.0 -9999.0 -9999.0 -9999.0
03761 20091118  1.302  -75.79   39.86    13.6     3.5     8.5     9.0     0.0    10.30 R    17.9     1.0     8.5 -9999.0 -9999.0 -9999.0 -99.000 -99.000 -99.000 -99.000 -99.000 -9999.0 -9999.0 -9999.0 -9999.0 -9999.0
03761 20091119  1.302  -75.79   39.86    15.3     9.6    12.4    12.1     6.3     1.93 R    15.1     9.6    12.2 -9999.0 -9999.0 -9999.0 -99.000 -99.000 -99.000 -99.000 -99.000 -9999.0 -9999.0 -9999.0 -9999.0 -9999.0
03761 20091120  1.302  -75.79   39.86    15.2     1.5     8.3    10.0     3.4     9.96 R    18.0     0.0     8.8 -9999.0 -9999.0 -9999.0 -99.000 -99.000 -99.000 -99.000 -99.000 -9999.0 -9999.0 -9999.0 -9999.0 -9999.0
03761 20091121  1.302  -75.79   39.86    12.4     0.0     6.2     6.2     0.0     8.67 R    15.8    -0.7     4.7 -9999.0 -9999.0 -9999.0 -99.000 -99.000 -99.000 -99.000 -99.000 -9999.0 -9999.0 -9999.0 -9999.0 -9999.0
03761 20091122  1.302  -75.79   39.86    12.4     0.6     6.5     6.6     0.0    10.28 R    16.0    -0.8     5.4 -9999.0 -9999.0 -9999.0 -99.000 -99.000 -99.000 -99.000 -99.000 -9999.0 -9999.0 -9999.0 -9999.0 -9999.0
03761 20091123  1.302  -75.79   39.86     9.1     6.6     7.9     7.6     2.9     2.82 R    12.4     4.2     7.5 -9999.0 -9999.0 -9999.0 -99.000 -99.000 -99.000 -99.000 -99.000 -9999.0 -9999.0 -9999.0 -9999.0 -9999.0
03761 20091124  1.302  -75.79   39.86    10.0     7.7     8.9     8.9     5.6     1.42 R    12.2     7.8     9.3 -9999.0 -9999.0 -9999.0 -99.000 -99.000 -99.000 -99.000 -99.000 -9999.0 -9999.0 -9999.0 -9999.0 -9999.0
03761 20091125  1.302  -75.79   39.86    11.1     7.9     9.5     9.8     2.6     1.55 R    12.8     7.2    10.3 -9999.0 -9999.0 -9999.0 -99.000 -99.000 -99.000 -99.000 -99.000 -9999.0 -9999.0 -9999.0 -9999.0 -9999.0
03761 20091126  1.302  -75.79   39.86    11.6     5.5     8.5     8.7     0.0     2.53 R    13.9     4.1     9.2 -9999.0 -9999.0 -9999.0 -99.000 -99.000 -99.000 -99.000 -99.000 -9999.0 -9999.0 -9999.0 -9999.0 -9999.0
03761 20091127  1.302  -75.79   39.86     8.7     3.5     6.1     5.5    10.6     4.17 R    10.3     1.3     4.9 -9999.0 -9999.0 -9999.0 -99.000 -99.000 -99.000 -99.000 -99.000 -9999.0 -9999.0 -9999.0 -9999.0 -9999.0
03761 20091128  1.302  -75.79   39.86     9.0    -0.3     4.4     5.9     0.0     9.95 R    11.9    -2.3     4.3 -9999.0 -9999.0 -9999.0 -99.000 -99.000 -99.000 -99.000 -99.000 -9999.0 -9999.0 -9999.0 -9999.0 -9999.0
03761 20091129  1.302  -75.79   39.86    16.3    -2.2     7.0     7.3     0.0     9.74 R    17.8    -3.5     5.5 -9999.0 -9999.0 -9999.0 -99.000 -99.000 -99.000 -99.000 -99.000 -9999.0 -9999.0 -9999.0 -9999.0 -9999.0
03761 20091130  1.302  -75.79   39.86    12.8     3.4     8.1     8.2     6.4     1.13 R    10.9     1.0     6.1 -9999.0 -9999.0 -9999.0 -99.000 -99.000 -99.000 -99.000 -99.000 -9999.0 -9999.0 -9999.0 -9999.0 -9999.0
03761 20091201  1.302  -75.79   39.86     9.3    -0.8     4.2     3.9     0.0     9.55 R    11.5    -2.9     2.4 -9999.0 -9999.0 -9999.0 -99.000 -99.000 -99.000 -99.000 -99.000 -9999.0 -9999.0 -9999.0 -9999.0 -9999.0
03761 20091202  1.302  -75.79   39.86    13.5    -2.3     5.6     5.5    24.6     2.54 R    13.1    -3.3     5.1 -9999.0 -9999.0 -9999.0 -99.000 -99.000 -99.000 -99.000 -99.000 -9999.0 -9999.0 -9999.0 -9999.0 -9999.0
03761 20091203  1.302  -75.79   39.86    18.7     6.6    12.6    12.4    17.1     5.81 R    18.5     2.5    10.6 -9999.0 -9999.0 -9999.0 -99.000 -99.000 -99.000 -99.000 -99.000 -9999.0 -9999.0 -9999.0 -9999.0 -9999.0
03761 20091204  1.302  -75.79   39.86     8.8     1.0     4.9     5.6     0.0     6.06 R    13.5    -1.4     4.4 -9999.0 -9999.0 -9999.0 -99.000 -99.000 -99.000 -99.000 -99.000 -9999.0 -9999.0 -9999.0 -9999.0 -9999.0
03761 20091205  1.302  -75.79   39.86     4.5     0.3     2.4     2.1    11.5     0.56 R     4.0    -0.3     1.7 -9999.0 -9999.0 -9999.0 -99.000 -99.000 -99.000 -99.000 -99.000 -9999.0 -9999.0 -9999.0 -9999.0 -9999.0
03761 20091206  1.302  -75.79   39.86     1.0    -2.7    -0.9    -1.0     0.0     9.45 R     1.4    -5.1    -2.5 -9999.0 -9999.0 -9999.0 -99.000 -99.000 -99.000 -99.000 -99.000 -9999.0 -9999.0 -9999.0 -9999.0 -9999.0
03761 20091207  1.302  -75.79   39.86     3.7    -4.5    -0.4    -0.3     0.0     5.93 R     4.5    -7.3    -1.5 -9999.0 -9999.0 -9999.0 -99.000 -99.000 -99.000 -99.000 -99.000 -9999.0 -9999.0 -9999.0 -9999.0 -9999.0
03761 20091208  1.302  -75.79   39.86     4.7    -2.1     1.3     2.4     0.0     7.37 R     8.9    -4.8     1.7 -9999.0 -9999.0 -9999.0 -99.000 -99.000 -99.000 -99.000 -99.000 -9999.0 -9999.0 -9999.0 -9999.0 -9999.0
03761 20091209  1.302  -75.79   39.86    11.0     0.2     5.6     7.5    45.0     4.42 R    14.4     0.1     6.4 -9999.0 -9999.0 -9999.0 -99.000 -99.000 -99.000 -99.000 -99.000 -9999.0 -9999.0 -9999.0 -9999.0 -9999.0
03761 20091210  1.302  -75.79   39.86     7.0    -4.3     1.3     1.7     0.0     7.58 R     8.2    -5.8     0.8 -9999.0 -9999.0 -9999.0 -99.000 -99.000 -99.000 -99.000 -99.000 -9999.0 -9999.0 -9999.0 -9999.0 -9999.0
03761 20091211  1.302  -75.79   39.86    -0.9    -7.0    -4.0    -4.2     0.0     9.49 R     2.8    -9.4    -4.7 -9999.0 -9999.0 -9999.0 -99.000 -99.000 -99.000 -99.000 -99.000 -9999.0 -9999.0 -9999.0 -9999.0 -9999.0
03761 20091212  1.302  -75.79   39.86     3.4    -7.0    -1.8    -1.2     0.0     9.36 R     7.4    -9.5    -3.5 -9999.0 -9999.0 -9999.0 -99.000 -99.000 -99.000 -99.000 -99.000 -9999.0 -9999.0 -9999.0 -9999.0 -9999.0
03761 20091213  1.302  -75.79   39.86     8.2    -2.2     3.0     2.4    22.5     0.30 R     7.3    -5.7     1.1 -9999.0 -9999.0 -9999.0 -99.000 -99.000 -99.000 -99.000 -99.000 -9999.0 -9999.0 -9999.0 -9999.0 -9999.0
03761 20091214  1.302  -75.79   39.86     9.3     1.7     5.5     5.7     0.0     7.59 R    13.3     0.0     4.9 -9999.0 -9999.0 -9999.0 -99.000 -99.000 -99.000 -99.000 -99.000 -9999.0 -9999.0 -9999.0 -9999.0 -9999.0
03761 20091215  1.302  -75.79   39.86    10.3     2.9     6.6     6.7     0.3     4.08 R    13.2    -0.3     6.0 -9999.0 -9999.0 -9999.0 -99.000 -99.000 -99.000 -99.000 -99.000 -9999.0 -9999.0 -9999.0 -9999.0 -9999.0
03761 20091216  1.302  -75.79   39.86     3.1    -3.5    -0.2    -0.4     0.0     9.12 R     5.6    -5.0    -1.2 -9999.0 -9999.0 -9999.0 -99.000 -99.000 -99.000 -99.000 -99.000 -9999.0 -9999.0 -9999.0 -9999.0 -9999.0
03761 20091217  1.302  -75.79   39.86     0.0    -5.0    -2.5    -2.8     0.0     8.73 R     4.7    -7.0    -3.3 -9999.0 -9999.0 -9999.0 -99.000 -99.000 -99.000 -99.000 -99.000 -9999.0 -9999.0 -9999.0 -9999.0 -9999.0
03761 20091218  1.302  -75.79   39.86    -0.5    -7.9    -4.2    -3.3     0.0     5.43 R     4.9    -8.5    -2.9 -9999.0 -9999.0 -9999.0 -99.000 -99.000 -99.000 -99.000 -99.000 -9999.0 -9999.0 -9999.0 -9999.0 -9999.0
03761 20091219  1.302  -75.79   39.86    -1.8    -6.6    -4.2    -5.1    31.3     1.10 R    -1.8    -6.5    -5.0 -9999.0 -9999.0 -9999.0 -99.000 -99.000 -99.000 -99.000 -99.000 -9999.0 -9999.0 -9999.0 -9999.0 -9999.0
03761 20091220  1.302  -75.79   39.86    -0.6    -5.4    -3.0    -3.1     0.2     7.39 R    -3.1   -10.8    -6.2 -9999.0 -9999.0 -9999.0 -99.000 -99.000 -99.000 -99.000 -99.000 -9999.0 -9999.0 -9999.0 -9999.0 -9999.0
03761 20091221  1.302  -75.79   39.86     1.5    -3.8    -1.2    -1.0     0.0     9.03 R    -1.7   -10.5    -5.8 -9999.0 -9999.0 -9999.0 -99.000 -99.000 -99.000 -99.000 -99.000 -9999.0 -9999.0 -9999.0 -9999.0 -9999.0
03761 20091222  1.302  -75.79   39.86     2.0    -6.1    -2.1     0.0     0.0     7.16 R    -0.2   -13.1    -4.1 -9999.0 -9999.0 -9999.0 -99.000 -99.000 -99.000 -99.000 -99.000 -9999.0 -9999.0 -9999.0 -9999.0 -9999.0
03761 20091223  1.302  -75.79   39.86    -2.3    -8.5    -5.4    -4.8     0.0     9.57 R    -5.8   -16.9   -10.8 -9999.0 -9999.0 -9999.0 -99.000 -99.000 -99.000 -99.000 -99.000 -9999.0 -9999.0 -9999.0 -9999.0 -9999.0
03761 20091224  1.302  -75.79   39.86     1.8    -8.8    -3.5    -4.0     0.0     9.31 R    -1.3   -14.3    -9.1 -9999.0 -9999.0 -9999.0 -99.000 -99.000 -99.000 -99.000 -99.000 -9999.0 -9999.0 -9999.0 -9999.0 -9999.0
03761 20091225  1.302  -75.79   39.86     4.9    -9.2    -2.1     1.0     9.3     1.75 R     1.6   -12.8    -0.9 -9999.0 -9999.0 -9999.0 -99.000 -99.000 -99.000 -99.000 -99.000 -9999.0 -9999.0 -9999.0 -9999.0 -9999.0
03761 20091226  1.302  -75.79   39.86    11.3     4.5     7.9     8.8    33.7     1.40 R    10.9     1.3     6.8 -9999.0 -9999.0 -9999.0 -99.000 -99.000 -99.000 -99.000 -99.000 -9999.0 -9999.0 -9999.0 -9999.0 -9999.0
03761 20091227  1.302  -75.79   39.86     8.0    -2.4     2.8     4.3     0.0     9.27 R    11.1    -4.8     2.3 -9999.0 -9999.0 -9999.0 -99.000 -99.000 -99.000 -99.000 -99.000 -9999.0 -9999.0 -9999.0 -9999.0 -9999.0
03761 20091228  1.302  -75.79   39.86     3.6    -1.8     0.9     0.3     0.0     7.91 R     7.1    -3.8    -0.4 -9999.0 -9999.0 -9999.0 -99.000 -99.000 -99.000 -99.000 -99.000 -9999.0 -9999.0 -9999.0 -9999.0 -9999.0
03761 20091229  1.302  -75.79   39.86    -0.8    -7.3    -4.1    -3.8     0.0     9.70 R     1.4    -9.8    -3.9 -9999.0 -9999.0 -9999.0 -99.000 -99.000 -99.000 -99.000 -99.000 -9999.0 -9999.0 -9999.0 -9999.0 -9999.0
03761 20091230  1.302  -75.79   39.86    -1.3   -10.0    -5.7    -4.8     0.0     5.49 R     6.3   -10.5    -4.0 -9999.0 -9999.0 -9999.0 -99.000 -99.000 -99.000 -99.000 -99.000 -9999.0 -9999.0 -9999.0 -9999.0 -9999.0
03761 20091231  1.302  -75.79   39.86     0.0    -3.1    -1.6    -1.2     7.6     1.55 R     1.1    -3.9    -0.8 -9999.0 -9999.0 -9999.0 -99.000 -99.000 -99.000 -99.000 -99.000 -9999.0 -9999.0 -9999.0 -9999.0 -9999.0
