03728 20090101  1.302  -79.36   33.15     6.4    -1.8     2.3     2.4     0.0    13.01 R    17.4    -4.7     2.7 -9999.0 -9999.0 -9999.0 -99.000 -99.000 -99.000 -99.000 -99.000 -9999.0 -9999.0 -9999.0 -9999.0 -9999.0
03728 20090102  1.302  -79.36   33.15    18.3     1.6     9.9    10.9     0.3     6.94 R    26.4    -0.8    10.7 -9999.0 -9999.0 -9999.0 -99.000 -99.000 -99.000 -99.000 -99.000 -9999.0 -9999.0 -9999.0 -9999.0 -9999.0
03728 20090103  1.302  -79.36   33.15    14.6     9.9    12.2    12.4     0.0     3.57 R    20.2     8.1    13.7 -9999.0 -9999.0 -9999.0 -99.000 -99.000 -99.000 -99.000 -99.000 -9999.0 -9999.0 -9999.0 -9999.0 -9999.0
03728 20090104  1.302  -79.36   33.15    18.1    13.1    15.6    15.1     6.1     3.46 R    24.4    11.5    16.2 -9999.0 -9999.0 -9999.0 -99.000 -99.000 -99.000 -99.000 -99.000 -9999.0 -9999.0 -9999.0 -9999.0 -9999.0
03728 20090105  1.302  -79.36   33.15    22.4    11.1    16.8    16.1     0.0    11.46 R    30.5     9.5    16.7 -9999.0 -9999.0 -9999.0 -99.000 -99.000 -99.000 -99.000 -99.000 -9999.0 -9999.0 -9999.0 -9999.0 -9999.0
03728 20090106  1.302  -79.36   33.15    19.8    15.5    17.7    17.0     0.0     9.67 R    27.6    14.5    18.2 -9999.0 -9999.0 -9999.0 -99.000 -99.000 -99.000 -99.000 -99.000 -9999.0 -9999.0 -9999.0 -9999.0 -9999.0
03728 20090107  1.302  -79.36   33.15    19.1    10.5    14.8    16.5     2.1     4.44 R    22.8     5.1    15.7 -9999.0 -9999.0 -9999.0 -99.000 -99.000 -99.000 -99.000 -99.000 -9999.0 -9999.0 -9999.0 -9999.0 -9999.0
03728 20090108  1.302  -79.36   33.15    16.3     6.6    11.4    11.3     0.0    10.64 R    25.5     3.0     9.9 -9999.0 -9999.0 -9999.0 -99.000 -99.000 -99.000 -99.000 -99.000 -9999.0 -9999.0 -9999.0 -9999.0 -9999.0
03728 20090109  1.302  -79.36   33.15    10.8     0.5     5.7     5.3     0.0    13.49 R    20.8    -2.6     5.1 -9999.0 -9999.0 -9999.0 -99.000 -99.000 -99.000 -99.000 -99.000 -9999.0 -9999.0 -9999.0 -9999.0 -9999.0
03728 20090110  1.302  -79.36   33.15    19.6     3.5    11.5    11.8     0.0    12.97 R    27.2     0.5    11.9 -9999.0 -9999.0 -9999.0 -99.000 -99.000 -99.000 -99.000 -99.000 -9999.0 -9999.0 -9999.0 -9999.0 -9999.0
03728 20090111  1.302  -79.36   33.15    19.6    11.7    15.7    15.6     1.7     5.03 R    25.7    11.1    16.3 -9999.0 -9999.0 -9999.0 -99.000 -99.000 -99.000 -99.000 -99.000 -9999.0 -9999.0 -9999.0 -9999.0 -9999.0
03728 20090112  1.302  -79.36   33.15    11.7     4.1     7.9     7.7     0.0    12.83 R    20.6     1.3     8.6 -9999.0 -9999.0 -9999.0 -99.000 -99.000 -99.000 -99.000 -99.000 -9999.0 -9999.0 -9999.0 -9999.0 -9999.0
03728 20090113  1.302  -79.36   33.15     7.8     3.4     5.6     6.0     7.6     0.88 R     9.8     1.6     6.9 -9999.0 -9999.0 -9999.0 -99.000 -99.000 -99.000 -99.000 -99.000 -9999.0 -9999.0 -9999.0 -9999.0 -9999.0
03728 20090114  1.302  -79.36   33.15    10.2     0.4     5.3     4.9     0.0    13.67 R    19.9    -1.1     5.6 -9999.0 -9999.0 -9999.0 -99.000 -99.000 -99.000 -99.000 -99.000 -9999.0 -9999.0 -9999.0 -9999.0 -9999.0
03728 20090115  1.302  -79.36   33.15    13.9     2.5     8.2     7.0     0.0    11.34 R    20.7    -0.4     6.4 -9999.0 -9999.0 -9999.0 -99.000 -99.000 -99.000 -99.000 -99.000 -9999.0 -9999.0 -9999.0 -9999.0 -9999.0
03728 20090116  1.302  -79.36   33.15     2.9    -4.2    -0.6    -1.0     0.0    14.15 R    14.9    -7.2     0.9 -9999.0 -9999.0 -9999.0 -99.000 -99.000 -99.000 -99.000 -99.000 -9999.0 -9999.0 -9999.0 -9999.0 -9999.0
03728 20090117  1.302  -79.36   33.15     3.8    -6.5    -1.3    -1.1     0.0    14.24 R    16.8    -8.8     0.6 -9999.0 -9999.0 -9999.0 -99.000 -99.000 -99.000 -99.000 -99.000 -9999.0 -9999.0 -9999.0 -9999.0 -9999.0
03728 20090118  1.302  -79.36   33.15    10.7     1.5     6.1     7.2     9.7     1.86 R    13.5     2.6     7.8 -9999.0 -9999.0 -9999.0 -99.000 -99.000 -99.000 -99.000 -99.000 -9999.0 -9999.0 -9999.0 -9999.0 -9999.0
03728 20090119  1.302  -79.36   33.15    13.5     1.6     7.5     7.6     0.0     8.06 R    20.4     0.9     8.9 -9999.0 -9999.0 -9999.0 -99.000 -99.000 -99.000 -99.000 -99.000 -9999.0 -9999.0 -9999.0 -9999.0 -9999.0
03728 20090120  1.302  -79.36   33.15     8.8    -2.9     3.0     2.4     1.4     2.71 R     9.6    -4.9     4.0 -9999.0 -9999.0 -9999.0 -99.000 -99.000 -99.000 -99.000 -99.000 -9999.0 -9999.0 -9999.0 -9999.0 -9999.0
03728 20090121  1.302  -79.36   33.15     4.8    -5.1    -0.1    -1.1     0.0    14.57 R    16.2    -6.4     0.6 -9999.0 -9999.0 -9999.0 -99.000 -99.000 -99.000 -99.000 -99.000 -9999.0 -9999.0 -9999.0 -9999.0 -9999.0
03728 20090122  1.302  -79.36   33.15    10.0    -2.4     3.8     3.9     0.0    14.70 R    21.5    -5.6     4.7 -9999.0 -9999.0 -9999.0 -99.000 -99.000 -99.000 -99.000 -99.000 -9999.0 -9999.0 -9999.0 -9999.0 -9999.0
03728 20090123  1.302  -79.36   33.15    15.1     1.8     8.5     8.7     0.0    13.18 R    26.3    -0.9    10.1 -9999.0 -9999.0 -9999.0 -99.000 -99.000 -99.000 -99.000 -99.000 -9999.0 -9999.0 -9999.0 -9999.0 -9999.0
03728 20090124  1.302  -79.36   33.15    14.7    10.1    12.4    12.3     6.6     1.80 R    19.3     9.5    14.4 -9999.0 -9999.0 -9999.0 -99.000 -99.000 -99.000 -99.000 -99.000 -9999.0 -9999.0 -9999.0 -9999.0 -9999.0
03728 20090125  1.302  -79.36   33.15    10.1     5.9     8.0     7.6     0.0     6.25 R    18.2     6.8    11.3 -9999.0 -9999.0 -9999.0 -99.000 -99.000 -99.000 -99.000 -99.000 -9999.0 -9999.0 -9999.0 -9999.0 -9999.0
03728 20090126  1.302  -79.36   33.15     7.5     4.3     5.9     6.1     0.0     2.18 R    13.2     8.4     9.7 -9999.0 -9999.0 -9999.0 -99.000 -99.000 -99.000 -99.000 -99.000 -9999.0 -9999.0 -9999.0 -9999.0 -9999.0
03728 20090127  1.302  -79.36   33.15    13.5     5.4     9.4     8.2     0.0     9.28 R    26.1     8.5    12.8 -9999.0 -9999.0 -9999.0 -99.000 -99.000 -99.000 -99.000 -99.000 -9999.0 -9999.0 -9999.0 -9999.0 -9999.0
03728 20090128  1.302  -79.36   33.15    18.2    10.5    14.3    15.3     0.3     5.27 R    26.3    13.2    17.9 -9999.0 -9999.0 -9999.0 -99.000 -99.000 -99.000 -99.000 -99.000 -9999.0 -9999.0 -9999.0 -9999.0 -9999.0
03728 20090129  1.302  -79.36   33.15    13.4     5.9     9.7    10.3     2.8     4.31 R    18.8     3.4    12.2 -9999.0 -9999.0 -9999.0 -99.000 -99.000 -99.000 -99.000 -99.000 -9999.0 -9999.0 -9999.0 -9999.0 -9999.0
03728 20090130  1.302  -79.36   33.15    13.5     3.9     8.7     7.3     0.0    11.16 R    24.4    -0.1     8.1 -9999.0 -9999.0 -9999.0 -99.000 -99.000 -99.000 -99.000 -99.000 -9999.0 -9999.0 -9999.0 -9999.0 -9999.0
03728 20090131  1.302  -79.36   33.15    11.9    -1.7     5.1     4.6     0.0    16.04 R    23.3    -4.9     5.0 -9999.0 -9999.0 -9999.0 -99.000 -99.000 -99.000 -99.000 -99.000 -9999.0 -9999.0 -9999.0 -9999.0 -9999.0
03728 20090201  1.302  -79.36   33.15    14.8     3.4     9.1     8.5     0.0    14.55 R    24.9    -1.0     8.1 -9999.0 -9999.0 -9999.0 -99.000 -99.000 -99.000 -99.000 -99.000 -9999.0 -9999.0 -9999.0 -9999.0 -9999.0
03728 20090202  1.302  -79.36   33.15    16.1     4.4    10.2     9.7     1.8     7.15 R    26.2     1.6    10.2 -9999.0 -9999.0 -9999.0 -99.000 -99.000 -99.000 -99.000 -99.000 -9999.0 -9999.0 -9999.0 -9999.0 -9999.0
03728 20090203  1.302  -79.36   33.15    10.5     3.3     6.9     7.2     0.0    16.12 R    21.7    -0.9     9.0 -9999.0 -9999.0 -9999.0 -99.000 -99.000 -99.000 -99.000 -99.000 -9999.0 -9999.0 -9999.0 -9999.0 -9999.0
03728 20090204  1.302  -79.36   33.15     6.4    -2.9     1.7     0.8     0.0    15.62 R    16.6    -7.5     1.8 -9999.0 -9999.0 -9999.0 -99.000 -99.000 -99.000 -99.000 -99.000 -9999.0 -9999.0 -9999.0 -9999.0 -9999.0
03728 20090205  1.302  -79.36   33.15     4.1    -5.8    -0.9    -1.8     0.0    16.96 R    17.8    -9.1    -0.7 -9999.0 -9999.0 -9999.0 -99.000 -99.000 -99.000 -99.000 -99.000 -9999.0 -9999.0 -9999.0 -9999.0 -9999.0
03728 20090206  1.302  -79.36   33.15    10.0    -4.6     2.7     3.1     0.0    16.23 R    22.8    -8.8     3.0 -9999.0 -9999.0 -9999.0 -99.000 -99.000 -99.000 -99.000 -99.000 -9999.0 -9999.0 -9999.0 -9999.0 -9999.0
03728 20090207  1.302  -79.36   33.15    18.4     2.5    10.5     9.5     0.0    15.93 R    29.2    -1.9     9.7 -9999.0 -9999.0 -9999.0 -99.000 -99.000 -99.000 -99.000 -99.000 -9999.0 -9999.0 -9999.0 -9999.0 -9999.0
03728 20090208  1.302  -79.36   33.15    22.8     5.9    14.3    12.7     0.0    15.98 R    31.9     2.3    12.7 -9999.0 -9999.0 -9999.0 -99.000 -99.000 -99.000 -99.000 -99.000 -9999.0 -9999.0 -9999.0 -9999.0 -9999.0
03728 20090209  1.302  -79.36   33.15    19.2     8.7    13.9    12.4     0.0    15.66 R    30.5     4.5    12.6 -9999.0 -9999.0 -9999.0 -99.000 -99.000 -99.000 -99.000 -99.000 -9999.0 -9999.0 -9999.0 -9999.0 -9999.0
03728 20090210  1.302  -79.36   33.15    20.7     8.7    14.7    13.4     0.0     8.64 R    30.9     5.6    13.4 -9999.0 -9999.0 -9999.0 -99.000 -99.000 -99.000 -99.000 -99.000 -9999.0 -9999.0 -9999.0 -9999.0 -9999.0
03728 20090211  1.302  -79.36   33.15    22.3    10.9    16.6    16.3     0.0    12.21 R    31.3     7.9    16.2 -9999.0 -9999.0 -9999.0 -99.000 -99.000 -99.000 -99.000 -99.000 -9999.0 -9999.0 -9999.0 -9999.0 -9999.0
03728 20090212  1.302  -79.36   33.15    23.0     9.8    16.4    16.8     0.0    17.03 R    33.3     2.7    14.8 -9999.0 -9999.0 -9999.0 -99.000 -99.000 -99.000 -99.000 -99.000 -9999.0 -9999.0 -9999.0 -9999.0 -9999.0
03728 20090213  1.302  -79.36   33.15    21.3     5.6    13.4    13.1     0.0    15.79 R    32.6     0.2    12.2 -9999.0 -9999.0 -9999.0 -99.000 -99.000 -99.000 -99.000 -99.000 -9999.0 -9999.0 -9999.0 -9999.0 -9999.0
03728 20090214  1.302  -79.36   33.15    13.8     9.7    11.7    11.5    15.8     1.42 R    14.2     9.7    11.5 -9999.0 -9999.0 -9999.0 -99.000 -99.000 -99.000 -99.000 -99.000 -9999.0 -9999.0 -9999.0 -9999.0 -9999.0
03728 20090215  1.302  -79.36   33.15    11.8     7.3     9.5     9.3     0.6    12.30 R    23.7     5.1    10.2 -9999.0 -9999.0 -9999.0 -99.000 -99.000 -99.000 -99.000 -99.000 -9999.0 -9999.0 -9999.0 -9999.0 -9999.0
03728 20090216  1.302  -79.36   33.15    11.0     1.0     6.0     6.2     0.0     8.64 R    22.4    -2.7     6.2 -9999.0 -9999.0 -9999.0 -99.000 -99.000 -99.000 -99.000 -99.000 -9999.0 -9999.0 -9999.0 -9999.0 -9999.0
03728 20090217  1.302  -79.36   33.15     8.3    -1.9     3.2     3.3     0.0    18.24 R    22.9    -5.8     4.3 -9999.0 -9999.0 -9999.0 -99.000 -99.000 -99.000 -99.000 -99.000 -9999.0 -9999.0 -9999.0 -9999.0 -9999.0
03728 20090218  1.302  -79.36   33.15    16.0     5.7    10.9    12.8     2.9     3.78 R    18.1     3.2    12.3 -9999.0 -9999.0 -9999.0 -99.000 -99.000 -99.000 -99.000 -99.000 -9999.0 -9999.0 -9999.0 -9999.0 -9999.0
03728 20090219  1.302  -79.36   33.15    20.4     7.8    14.1    15.0    19.9    18.25 R    29.0     2.3    15.1 -9999.0 -9999.0 -9999.0 -99.000 -99.000 -99.000 -99.000 -99.000 -9999.0 -9999.0 -9999.0 -9999.0 -9999.0
03728 20090220  1.302  -79.36   33.15    10.5     0.3     5.4     4.6     0.0    19.32 R    23.5    -4.8     5.4 -9999.0 -9999.0 -9999.0 -99.000 -99.000 -99.000 -99.000 -99.000 -9999.0 -9999.0 -9999.0 -9999.0 -9999.0
03728 20090221  1.302  -79.36   33.15    12.9    -1.9     5.5     5.5     0.0    19.23 R    25.6    -6.1     5.9 -9999.0 -9999.0 -9999.0 -99.000 -99.000 -99.000 -99.000 -99.000 -9999.0 -9999.0 -9999.0 -9999.0 -9999.0
03728 20090222  1.302  -79.36   33.15    16.0     3.1     9.5     9.5     0.0    13.83 R    26.2    -1.9     8.4 -9999.0 -9999.0 -9999.0 -99.000 -99.000 -99.000 -99.000 -99.000 -9999.0 -9999.0 -9999.0 -9999.0 -9999.0
03728 20090223  1.302  -79.36   33.15    10.5    -1.5     4.5     3.3     0.0    19.47 R    24.1    -6.3     3.9 -9999.0 -9999.0 -9999.0 -99.000 -99.000 -99.000 -99.000 -99.000 -9999.0 -9999.0 -9999.0 -9999.0 -9999.0
03728 20090224  1.302  -79.36   33.15     6.2    -2.8     1.7     1.4     0.0    18.94 R    22.6    -7.8     2.3 -9999.0 -9999.0 -9999.0 -99.000 -99.000 -99.000 -99.000 -99.000 -9999.0 -9999.0 -9999.0 -9999.0 -9999.0
03728 20090225  1.302  -79.36   33.15    12.5     1.1     6.8     6.7     0.0    17.20 R    26.5    -0.7     8.5 -9999.0 -9999.0 -9999.0 -99.000 -99.000 -99.000 -99.000 -99.000 -9999.0 -9999.0 -9999.0 -9999.0 -9999.0
03728 20090226  1.302  -79.36   33.15    16.7     4.0    10.4    11.2     0.0    12.74 R    30.2     0.4    12.0 -9999.0 -9999.0 -9999.0 -99.000 -99.000 -99.000 -99.000 -99.000 -9999.0 -9999.0 -9999.0 -9999.0 -9999.0
03728 20090227  1.302  -79.36   33.15    21.4    11.9    16.6    16.1     0.0    16.20 R    34.6     6.6    16.7 -9999.0 -9999.0 -9999.0 -99.000 -99.000 -99.000 -99.000 -99.000 -9999.0 -9999.0 -9999.0 -9999.0 -9999.0
03728 20090228  1.302  -79.36   33.15    18.1    12.6    15.4    15.5     0.5     4.02 R    22.9    10.0    15.1 -9999.0 -9999.0 -9999.0 -99.000 -99.000 -99.000 -99.000 -99.000 -9999.0 -9999.0 -9999.0 -9999.0 -9999.0
03728 20090301  1.302  -79.36   33.15    15.4     4.0     9.7    10.5    32.8     4.12 R    19.2     2.8    10.6 -9999.0 -9999.0 -9999.0 -99.000 -99.000 -99.000 -99.000 -99.000 -9999.0 -9999.0 -9999.0 -9999.0 -9999.0
03728 20090302  1.302  -79.36   33.15     5.7    -1.2     2.2     2.7     0.0     6.73 R    16.4    -4.4     3.4 -9999.0 -9999.0 -9999.0 -99.000 -99.000 -99.000 -99.000 -99.000 -9999.0 -9999.0 -9999.0 -9999.0 -9999.0
03728 20090303  1.302  -79.36   33.15     5.4    -4.1     0.6    -0.2     0.0    20.18 R    20.7    -7.8     1.6 -9999.0 -9999.0 -9999.0 -99.000 -99.000 -99.000 -99.000 -99.000 -9999.0 -9999.0 -9999.0 -9999.0 -9999.0
03728 20090304  1.302  -79.36   33.15     7.8    -3.9     1.9     1.9     0.0    20.34 R    23.9    -8.2     3.6 -9999.0 -9999.0 -9999.0 -99.000 -99.000 -99.000 -99.000 -99.000 -9999.0 -9999.0 -9999.0 -9999.0 -9999.0
03728 20090305  1.302  -79.36   33.15    13.5    -1.1     6.2     6.5     0.0    21.34 R    28.9    -5.1     7.6 -9999.0 -9999.0 -9999.0 -99.000 -99.000 -99.000 -99.000 -99.000 -9999.0 -9999.0 -9999.0 -9999.0 -9999.0
03728 20090306  1.302  -79.36   33.15    20.2     7.5    13.9    14.0     0.0    20.39 R    32.4     3.5    14.7 -9999.0 -9999.0 -9999.0 -99.000 -99.000 -99.000 -99.000 -99.000 -9999.0 -9999.0 -9999.0 -9999.0 -9999.0
03728 20090307  1.302  -79.36   33.15    21.0    10.0    15.5    15.9     0.0    19.69 R    33.0     5.9    16.7 -9999.0 -9999.0 -9999.0 -99.000 -99.000 -99.000 -99.000 -99.000 -9999.0 -9999.0 -9999.0 -9999.0 -9999.0
03728 20090308  1.302  -79.36   33.15    23.2    11.4    17.3    17.3     0.0    20.58 R    34.3     6.5    18.0 -9999.0 -9999.0 -9999.0 -99.000 -99.000 -99.000 -99.000 -99.000 -9999.0 -9999.0 -9999.0 -9999.0 -9999.0
03728 20090309  1.302  -79.36   33.15    28.7    14.4    21.5    19.3     0.0    19.52 R    37.3    10.1    19.3 -9999.0 -9999.0 -9999.0 -99.000 -99.000 -99.000 -99.000 -99.000 -9999.0 -9999.0 -9999.0 -9999.0 -9999.0
03728 20090310  1.302  -79.36   33.15    18.1    11.8    14.9    14.7     0.0    15.30 R    32.5     8.9    16.4 -9999.0 -9999.0 -9999.0 -99.000 -99.000 -99.000 -99.000 -99.000 -9999.0 -9999.0 -9999.0 -9999.0 -9999.0
03728 20090311  1.302  -79.36   33.15    23.2    11.9    17.6    17.6     0.0    19.68 R    34.7     9.1    19.0 -9999.0 -9999.0 -9999.0 -99.000 -99.000 -99.000 -99.000 -99.000 -9999.0 -9999.0 -9999.0 -9999.0 -9999.0
03728 20090312  1.302  -79.36   33.15    17.7    11.2    14.4    14.0     0.0    14.98 R    29.9     8.2    14.7 -9999.0 -9999.0 -9999.0 -99.000 -99.000 -99.000 -99.000 -99.000 -9999.0 -9999.0 -9999.0 -9999.0 -9999.0
03728 20090313  1.302  -79.36   33.15    12.7     7.0     9.8    10.4     0.0     6.08 R    20.6     7.8    12.1 -9999.0 -9999.0 -9999.0 -99.000 -99.000 -99.000 -99.000 -99.000 -9999.0 -9999.0 -9999.0 -9999.0 -9999.0
03728 20090314  1.302  -79.36   33.15    12.0     6.4     9.2     9.5     0.2     4.62 R    17.4     7.4    11.3 -9999.0 -9999.0 -9999.0 -99.000 -99.000 -99.000 -99.000 -99.000 -9999.0 -9999.0 -9999.0 -9999.0 -9999.0
03728 20090315  1.302  -79.36   33.15    20.9    11.4    16.1    14.5     0.3     8.91 R    33.2    12.0    16.5 -9999.0 -9999.0 -9999.0 -99.000 -99.000 -99.000 -99.000 -99.000 -9999.0 -9999.0 -9999.0 -9999.0 -9999.0
03728 20090316  1.302  -79.36   33.15    15.2    12.2    13.7    14.0     7.7     2.96 R    18.7    12.4    15.2 -9999.0 -9999.0 -9999.0 -99.000 -99.000 -99.000 -99.000 -99.000 -9999.0 -9999.0 -9999.0 -9999.0 -9999.0
03728 20090317  1.302  -79.36   33.15    17.2    10.9    14.0    12.8     0.9    12.41 R    29.1     7.6    14.7 -9999.0 -9999.0 -9999.0 -99.000 -99.000 -99.000 -99.000 -99.000 -9999.0 -9999.0 -9999.0 -9999.0 -9999.0
03728 20090318  1.302  -79.36   33.15    17.9     9.7    13.8    12.6     0.0    22.71 R    31.4     5.6    14.9 -9999.0 -9999.0 -9999.0 -99.000 -99.000 -99.000 -99.000 -99.000 -9999.0 -9999.0 -9999.0 -9999.0 -9999.0
03728 20090319  1.302  -79.36   33.15    22.2     9.1    15.7    15.0     0.0    18.04 R    35.8     6.7    16.3 -9999.0 -9999.0 -9999.0 -99.000 -99.000 -99.000 -99.000 -99.000 -9999.0 -9999.0 -9999.0 -9999.0 -9999.0
03728 20090320  1.302  -79.36   33.15    17.3     8.1    12.7    12.7     0.0    21.18 R    32.0     2.6    14.2 -9999.0 -9999.0 -9999.0 -99.000 -99.000 -99.000 -99.000 -99.000 -9999.0 -9999.0 -9999.0 -9999.0 -9999.0
03728 20090321  1.302  -79.36   33.15    14.8     5.5    10.1     9.8     0.0    22.27 R    30.4     0.2    11.0 -9999.0 -9999.0 -9999.0 -99.000 -99.000 -99.000 -99.000 -99.000 -9999.0 -9999.0 -9999.0 -9999.0 -9999.0
03728 20090322  1.302  -79.36   33.15    16.1     3.6     9.8     9.3     0.0    24.09 R    32.3    -1.0    10.2 -9999.0 -9999.0 -9999.0 -99.000 -99.000 -99.000 -99.000 -99.000 -9999.0 -9999.0 -9999.0 -9999.0 -9999.0
03728 20090323  1.302  -79.36   33.15    20.1     4.6    12.4    12.4     0.0    23.14 R    35.3     0.4    13.2 -9999.0 -9999.0 -9999.0 -99.000 -99.000 -99.000 -99.000 -99.000 -9999.0 -9999.0 -9999.0 -9999.0 -9999.0
03728 20090324  1.302  -79.36   33.15    16.9     9.6    13.3    13.3     0.0    22.47 R    32.3     4.2    15.2 -9999.0 -9999.0 -9999.0 -99.000 -99.000 -99.000 -99.000 -99.000 -9999.0 -9999.0 -9999.0 -9999.0 -9999.0
03728 20090325  1.302  -79.36   33.15    17.0    11.9    14.4    14.6    12.9     2.55 R    21.5    10.9    15.0 -9999.0 -9999.0 -9999.0 -99.000 -99.000 -99.000 -99.000 -99.000 -9999.0 -9999.0 -9999.0 -9999.0 -9999.0
03728 20090326  1.302  -79.36   33.15    21.6    15.1    18.3    17.5     1.1     8.13 R    29.2    14.6    17.9 -9999.0 -9999.0 -9999.0 -99.000 -99.000 -99.000 -99.000 -99.000 -9999.0 -9999.0 -9999.0 -9999.0 -9999.0
03728 20090327  1.302  -79.36   33.15    22.3    15.6    18.9    18.3     6.8     8.14 R    30.5    13.3    19.1 -9999.0 -9999.0 -9999.0 -99.000 -99.000 -99.000 -99.000 -99.000 -9999.0 -9999.0 -9999.0 -9999.0 -9999.0
03728 20090328  1.302  -79.36   33.15    22.4    16.4    19.4    19.2    15.4     8.08 R    28.9    15.9    20.0 -9999.0 -9999.0 -9999.0 -99.000 -99.000 -99.000 -99.000 -99.000 -9999.0 -9999.0 -9999.0 -9999.0 -9999.0
03728 20090329  1.302  -79.36   33.15    24.6    10.4    17.5    18.6     1.5    22.55 R    34.4     7.9    19.9 -9999.0 -9999.0 -9999.0 -99.000 -99.000 -99.000 -99.000 -99.000 -9999.0 -9999.0 -9999.0 -9999.0 -9999.0
03728 20090330  1.302  -79.36   33.15    18.0     6.6    12.3    12.1     0.0    24.37 R    33.3     3.0    14.3 -9999.0 -9999.0 -9999.0 -99.000 -99.000 -99.000 -99.000 -99.000 -9999.0 -9999.0 -9999.0 -9999.0 -9999.0
03728 20090331  1.302  -79.36   33.15    19.6     8.9    14.3    14.4     0.0    13.69 R    29.8     5.4    15.4 -9999.0 -9999.0 -9999.0 -99.000 -99.000 -99.000 -99.000 -99.000 -9999.0 -9999.0 -9999.0 -9999.0 -9999.0
03728 20090401  1.302  -79.36   33.15    19.7    15.2    17.5    17.1     5.2     6.25 R    24.5    13.8    18.0 -9999.0 -9999.0 -9999.0 -99.000 -99.000 -99.000 -99.000 -99.000 -9999.0 -9999.0 -9999.0 -9999.0 -9999.0
03728 20090402  1.302  -79.36   33.15    18.1    15.9    17.0    16.9    79.7     1.99 R    22.1    15.8    17.8 -9999.0 -9999.0 -9999.0 -99.000 -99.000 -99.000 -99.000 -99.000 -9999.0 -9999.0 -9999.0 -9999.0 -9999.0
03728 20090403  1.302  -79.36   33.15    25.1    15.9    20.5    20.3     0.0    24.65 R    35.6    11.7    21.7 -9999.0 -9999.0 -9999.0 -99.000 -99.000 -99.000 -99.000 -99.000 -9999.0 -9999.0 -9999.0 -9999.0 -9999.0
03728 20090404  1.302  -79.36   33.15    20.0     9.6    14.8    15.3     0.0    25.62 R    33.7     6.7    17.7 -9999.0 -9999.0 -9999.0 -99.000 -99.000 -99.000 -99.000 -99.000 -9999.0 -9999.0 -9999.0 -9999.0 -9999.0
03728 20090405  1.302  -79.36   33.15    23.5    11.1    17.3    17.7     0.0    12.82 R    32.9     7.7    17.8 -9999.0 -9999.0 -9999.0 -99.000 -99.000 -99.000 -99.000 -99.000 -9999.0 -9999.0 -9999.0 -9999.0 -9999.0
03728 20090406  1.302  -79.36   33.15    23.8     8.8    16.3    18.1     0.5    14.09 R    30.8     6.8    18.5 -9999.0 -9999.0 -9999.0 -99.000 -99.000 -99.000 -99.000 -99.000 -9999.0 -9999.0 -9999.0 -9999.0 -9999.0
03728 20090407  1.302  -79.36   33.15    12.7     5.2     9.0     8.8     0.0    15.48 R    30.1     3.7    10.5 -9999.0 -9999.0 -9999.0 -99.000 -99.000 -99.000 -99.000 -99.000 -9999.0 -9999.0 -9999.0 -9999.0 -9999.0
03728 20090408  1.302  -79.36   33.15    15.9     2.4     9.2    10.3     0.0    25.27 R    29.8     0.7    12.9 -9999.0 -9999.0 -9999.0 -99.000 -99.000 -99.000 -99.000 -99.000 -9999.0 -9999.0 -9999.0 -9999.0 -9999.0
03728 20090409  1.302  -79.36   33.15    23.9    12.1    18.0    17.0     0.0    25.42 R    35.8     9.3    18.7 -9999.0 -9999.0 -9999.0 -99.000 -99.000 -99.000 -99.000 -99.000 -9999.0 -9999.0 -9999.0 -9999.0 -9999.0
03728 20090410  1.302  -79.36   33.15    22.6    15.2    18.9    18.9     0.0    24.36 R    35.5    12.8    20.6 -9999.0 -9999.0 -9999.0 -99.000 -99.000 -99.000 -99.000 -99.000 -9999.0 -9999.0 -9999.0 -9999.0 -9999.0
03728 20090411  1.302  -79.36   33.15    24.1    13.7    18.9    19.5     2.4    23.37 R    36.2    10.0    20.9 -9999.0 -9999.0 -9999.0 -99.000 -99.000 -99.000 -99.000 -99.000 -9999.0 -9999.0 -9999.0 -9999.0 -9999.0
03728 20090412  1.302  -79.36   33.15    17.9     9.7    13.8    14.4     0.0    26.09 R    34.1     6.4    16.2 -9999.0 -9999.0 -9999.0 -99.000 -99.000 -99.000 -99.000 -99.000 -9999.0 -9999.0 -9999.0 -9999.0 -9999.0
03728 20090413  1.302  -79.36   33.15    20.0    11.6    15.8    16.7     7.3     6.88 R    25.1     7.3    16.7 -9999.0 -9999.0 -9999.0 -99.000 -99.000 -99.000 -99.000 -99.000 -9999.0 -9999.0 -9999.0 -9999.0 -9999.0
03728 20090414  1.302  -79.36   33.15    23.7    17.2    20.4    19.6     1.3    12.37 R    31.0    16.0    20.1 -9999.0 -9999.0 -9999.0 -99.000 -99.000 -99.000 -99.000 -99.000 -9999.0 -9999.0 -9999.0 -9999.0 -9999.0
03728 20090415  1.302  -79.36   33.15    22.2    10.8    16.5    15.9     0.0    15.10 R    34.8     9.4    17.3 -9999.0 -9999.0 -9999.0 -99.000 -99.000 -99.000 -99.000 -99.000 -9999.0 -9999.0 -9999.0 -9999.0 -9999.0
03728 20090416  1.302  -79.36   33.15    19.7     8.7    14.2    13.5     0.0    25.36 R    34.6     5.3    16.0 -9999.0 -9999.0 -9999.0 -99.000 -99.000 -99.000 -99.000 -99.000 -9999.0 -9999.0 -9999.0 -9999.0 -9999.0
03728 20090417  1.302  -79.36   33.15    18.8     5.4    12.1    12.5     0.0    27.79 R    33.8     2.1    14.2 -9999.0 -9999.0 -9999.0 -99.000 -99.000 -99.000 -99.000 -99.000 -9999.0 -9999.0 -9999.0 -9999.0 -9999.0
03728 20090418  1.302  -79.36   33.15    22.1     6.5    14.3    14.6     0.0    26.36 R    37.2     3.2    16.5 -9999.0 -9999.0 -9999.0 -99.000 -99.000 -99.000 -99.000 -99.000 -9999.0 -9999.0 -9999.0 -9999.0 -9999.0
03728 20090419  1.302  -79.36   33.15    21.9    11.9    16.9    17.5     0.0    16.53 R    32.8     8.3    18.0 -9999.0 -9999.0 -9999.0 -99.000 -99.000 -99.000 -99.000 -99.000 -9999.0 -9999.0 -9999.0 -9999.0 -9999.0
03728 20090420  1.302  -79.36   33.15    23.1    17.7    20.4    19.8     1.6    15.67 R    36.4    15.3    21.0 -9999.0 -9999.0 -9999.0 -99.000 -99.000 -99.000 -99.000 -99.000 -9999.0 -9999.0 -9999.0 -9999.0 -9999.0
03728 20090421  1.302  -79.36   33.15    23.9    13.6    18.8    18.6     0.0    25.32 R    37.8    11.4    20.4 -9999.0 -9999.0 -9999.0 -99.000 -99.000 -99.000 -99.000 -99.000 -9999.0 -9999.0 -9999.0 -9999.0 -9999.0
03728 20090422  1.302  -79.36   33.15    22.1    12.6    17.3    17.0     0.0    27.04 R    36.1     7.5    18.2 -9999.0 -9999.0 -9999.0 -99.000 -99.000 -99.000 -99.000 -99.000 -9999.0 -9999.0 -9999.0 -9999.0 -9999.0
03728 20090423  1.302  -79.36   33.15    25.2    11.4    18.3    18.7     0.0    26.36 R    40.3     7.3    20.7 -9999.0 -9999.0 -9999.0 -99.000 -99.000 -99.000 -99.000 -99.000 -9999.0 -9999.0 -9999.0 -9999.0 -9999.0
03728 20090424  1.302  -79.36   33.15    27.1    16.7    21.9    21.7     0.0    26.24 R    42.5    13.4    24.1 -9999.0 -9999.0 -9999.0 -99.000 -99.000 -99.000 -99.000 -99.000 -9999.0 -9999.0 -9999.0 -9999.0 -9999.0
03728 20090425  1.302  -79.36   33.15    26.5    18.0    22.3    21.5     0.0    25.61 R    42.3    13.9    23.8 -9999.0 -9999.0 -9999.0 -99.000 -99.000 -99.000 -99.000 -99.000 -9999.0 -9999.0 -9999.0 -9999.0 -9999.0
03728 20090426  1.302  -79.36   33.15    25.7    15.5    20.6    20.2     0.0    24.77 R    42.6    12.4    22.5 -9999.0 -9999.0 -9999.0 -99.000 -99.000 -99.000 -99.000 -99.000 -9999.0 -9999.0 -9999.0 -9999.0 -9999.0
03728 20090427  1.302  -79.36   33.15    25.1    15.1    20.1    19.5     0.0    25.89 R    43.2    11.3    21.7 -9999.0 -9999.0 -9999.0 -99.000 -99.000 -99.000 -99.000 -99.000 -9999.0 -9999.0 -9999.0 -9999.0 -9999.0
03728 20090428  1.302  -79.36   33.15    25.1    14.6    19.8    19.4     0.0    25.97 R    43.5    10.5    21.6 -9999.0 -9999.0 -9999.0 -99.000 -99.000 -99.000 -99.000 -99.000 -9999.0 -9999.0 -9999.0 -9999.0 -9999.0
03728 20090429  2.402  -79.36   33.15 -9999.0 -9999.0 -9999.0 -9999.0 -9999.0 -9999.00 U -9999.0 -9999.0 -9999.0 -9999.0 -9999.0 -9999.0 -99.000 -99.000 -99.000 -99.000 -99.000 -9999.0 -9999.0 -9999.0 -9999.0 -9999.0
03728 20090430  2.402  -79.36   33.15    25.6    16.3    20.9    20.8     0.0    19.29 R    52.0    11.9    23.7    98.8    67.5    85.8 -99.000 -99.000 -99.000 -99.000 -99.000 -9999.0 -9999.0 -9999.0 -9999.0 -9999.0
03728 20090501  2.402  -79.36   33.15    26.3    18.4    22.3    22.5     0.0    23.47 R    50.8    13.4    26.1    96.6    55.9    76.1 -99.000 -99.000 -99.000 -99.000 -99.000 -9999.0 -9999.0 -9999.0 -9999.0 -9999.0
03728 20090502  2.402  -79.36   33.15    27.1    21.1    24.1    22.7     0.4    17.95 R    53.7    18.3    25.8    91.0    67.2    81.5 -99.000 -99.000 -99.000 -99.000 -99.000 -9999.0 -9999.0 -9999.0 -9999.0 -9999.0
03728 20090503  2.402  -79.36   33.15    27.5    21.0    24.2    23.4     0.0    25.41 R    53.3    18.5    28.6    91.0    58.9    79.3 -99.000 -99.000 -99.000 -99.000 -99.000 -9999.0 -9999.0 -9999.0 -9999.0 -9999.0
03728 20090504  2.402  -79.36   33.15    28.2    21.1    24.6    23.7     0.0    20.49 R    55.1    19.3    28.6    95.5    64.4    82.1 -99.000 -99.000 -99.000 -99.000 -99.000 -9999.0 -9999.0 -9999.0 -9999.0 -9999.0
03728 20090505  2.402  -79.36   33.15    26.4    19.8    23.1    22.5     0.0    12.39 R    46.2    15.7    24.3    96.4    71.1    87.5 -99.000 -99.000 -99.000 -99.000 -99.000 -9999.0 -9999.0 -9999.0 -9999.0 -9999.0
03728 20090506  2.402  -79.36   33.15    26.6    19.8    23.2    23.5     0.0    21.93 R    56.0    15.7    28.3    96.6    65.7    82.4 -99.000 -99.000 -99.000 -99.000 -99.000 -9999.0 -9999.0 -9999.0 -9999.0 -9999.0
03728 20090507  2.402  -79.36   33.15    28.9    21.6    25.3    24.3     0.0    22.42 R    57.7    17.9    29.7    93.5    51.8    79.0 -99.000 -99.000 -99.000 -99.000 -99.000 -9999.0 -9999.0 -9999.0 -9999.0 -9999.0
03728 20090508  2.402  -79.36   33.15    29.3    20.7    25.0    24.3     0.0    23.90 R    58.9    16.8    30.0    97.8    63.8    81.2 -99.000 -99.000 -99.000 -99.000 -99.000 -9999.0 -9999.0 -9999.0 -9999.0 -9999.0
03728 20090509  2.402  -79.36   33.15    29.0    21.9    25.4    24.8     0.0    27.65 R    57.7    18.8    31.0    94.3    57.7    76.9 -99.000 -99.000 -99.000 -99.000 -99.000 -9999.0 -9999.0 -9999.0 -9999.0 -9999.0
03728 20090510  2.402  -79.36   33.15    28.7    20.0    24.4    23.0    10.5    11.01 R    56.6    17.3    25.8    98.7    57.0    83.4 -99.000 -99.000 -99.000 -99.000 -99.000 -9999.0 -9999.0 -9999.0 -9999.0 -9999.0
03728 20090511  2.402  -79.36   33.15    27.8    14.9    21.3    21.3     0.0    19.03 R    52.4    13.9    25.6   100.0    59.9    82.9 -99.000 -99.000 -99.000 -99.000 -99.000 -9999.0 -9999.0 -9999.0 -9999.0 -9999.0
03728 20090512  2.402  -79.36   33.15    22.6    11.9    17.2    17.1     0.0    22.25 R    50.9     9.5    22.4    89.5    43.4    70.0 -99.000 -99.000 -99.000 -99.000 -99.000 -9999.0 -9999.0 -9999.0 -9999.0 -9999.0
03728 20090513  2.402  -79.36   33.15    24.6    14.3    19.4    20.6     0.2    10.61 R    45.7     9.5    22.4    95.0    63.2    78.5 -99.000 -99.000 -99.000 -99.000 -99.000 -9999.0 -9999.0 -9999.0 -9999.0 -9999.0
03728 20090514  2.402  -79.36   33.15    25.6    20.6    23.1    22.6     1.0    15.11 R    50.3    19.0    25.9    96.4    75.0    87.8 -99.000 -99.000 -99.000 -99.000 -99.000 -9999.0 -9999.0 -9999.0 -9999.0 -9999.0
03728 20090515  2.402  -79.36   33.15    25.1    19.6    22.4    21.8    16.8     9.08 R    37.8    17.4    22.6    98.6    79.3    93.1 -99.000 -99.000 -99.000 -99.000 -99.000 -9999.0 -9999.0 -9999.0 -9999.0 -9999.0
03728 20090516  2.402  -79.36   33.15    27.7    19.0    23.4    22.9     0.2    23.17 R    54.1    17.1    27.4    98.8    62.1    85.2 -99.000 -99.000 -99.000 -99.000 -99.000 -9999.0 -9999.0 -9999.0 -9999.0 -9999.0
03728 20090517  2.402  -79.36   33.15    26.2    13.0    19.6    20.7    23.0     7.06 R    41.7    14.5    21.9    98.1    71.0    91.9 -99.000 -99.000 -99.000 -99.000 -99.000 -9999.0 -9999.0 -9999.0 -9999.0 -9999.0
03728 20090518  2.402  -79.36   33.15    14.9    10.9    12.9    12.7     7.2     2.90 R    15.9    12.1    13.6    95.2    53.3    81.9 -99.000 -99.000 -99.000 -99.000 -99.000 -9999.0 -9999.0 -9999.0 -9999.0 -9999.0
03728 20090519  2.402  -79.36   33.15    19.1    12.0    15.5    16.0     0.0    10.19 R    28.5    11.2    17.7    76.6    48.8    65.6 -99.000 -99.000 -99.000 -99.000 -99.000 -9999.0 -9999.0 -9999.0 -9999.0 -9999.0
03728 20090520  2.402  -79.36   33.15    24.0    14.7    19.4    18.9     0.0    16.62 R    47.7    14.5    22.9    94.6    73.7    82.3 -99.000 -99.000 -99.000 -99.000 -99.000 -9999.0 -9999.0 -9999.0 -9999.0 -9999.0
03728 20090521  2.402  -79.36   33.15    25.1    19.2    22.1    21.3     0.0    15.84 R    51.0    17.4    24.4    94.1    64.7    83.6 -99.000 -99.000 -99.000 -99.000 -99.000 -9999.0 -9999.0 -9999.0 -9999.0 -9999.0
03728 20090522  2.402  -79.36   33.15    26.6    18.8    22.7    22.5     0.0    21.16 R    54.7    15.6    26.8    97.5    63.4    82.9 -99.000 -99.000 -99.000 -99.000 -99.000 -9999.0 -9999.0 -9999.0 -9999.0 -9999.0
03728 20090523  2.402  -79.36   33.15    26.2    19.6    22.9    22.3     9.4    17.19 R    45.4    19.1    25.0    97.5    65.9    86.8 -99.000 -99.000 -99.000 -99.000 -99.000 -9999.0 -9999.0 -9999.0 -9999.0 -9999.0
03728 20090524  2.402  -79.36   33.15    26.4    20.3    23.4    22.6     8.2    16.92 R    44.5    19.2    25.4    97.3    72.7    87.3 -99.000 -99.000 -99.000 -99.000 -99.000 -9999.0 -9999.0 -9999.0 -9999.0 -9999.0
03728 20090525  2.402  -79.36   33.15    26.0    20.3    23.1    23.1     0.0    18.93 R    49.5    19.4    27.2    97.6    72.1    86.0 -99.000 -99.000 -99.000 -99.000 -99.000 -9999.0 -9999.0 -9999.0 -9999.0 -9999.0
03728 20090526  2.402  -79.36   33.15    27.0    20.8    23.9    23.5     2.4    25.30 R    50.1    18.8    28.5    97.6    66.9    86.1 -99.000 -99.000 -99.000 -99.000 -99.000 -9999.0 -9999.0 -9999.0 -9999.0 -9999.0
03728 20090527  2.402  -79.36   33.15    27.1    20.0    23.5    23.2     0.0    22.28 R    54.5    17.9    27.4    98.6    66.1    85.6 -99.000 -99.000 -99.000 -99.000 -99.000 -9999.0 -9999.0 -9999.0 -9999.0 -9999.0
03728 20090528  2.402  -79.36   33.15    28.5    20.8    24.6    24.5     0.0    26.25 R    52.1    19.0    30.1    97.4    66.1    85.6 -99.000 -99.000 -99.000 -99.000 -99.000 -9999.0 -9999.0 -9999.0 -9999.0 -9999.0
03728 20090529  2.402  -79.36   33.15    29.8    20.1    24.9    24.5    12.2    18.99 R    52.7    20.3    27.6    97.3    69.9    88.4 -99.000 -99.000 -99.000 -99.000 -99.000 -9999.0 -9999.0 -9999.0 -9999.0 -9999.0
03728 20090530  2.402  -79.36   33.15    28.3    19.9    24.1    23.2     0.0    22.83 R    49.7    17.7    26.8    98.2    63.3    86.4 -99.000 -99.000 -99.000 -99.000 -99.000 -9999.0 -9999.0 -9999.0 -9999.0 -9999.0
03728 20090531  2.402  -79.36   33.15    31.5    19.6    25.5    25.3     0.0    28.29 R    51.6    16.7    29.4    98.3    41.1    72.8 -99.000 -99.000 -99.000 -99.000 -99.000 -9999.0 -9999.0 -9999.0 -9999.0 -9999.0
03728 20090601  2.402  -79.36   33.15    30.6    22.0    26.3    25.6     0.0    24.35 R    51.9    19.1    29.7    95.0    59.4    76.0 -99.000 -99.000 -99.000 -99.000 -99.000 -9999.0 -9999.0 -9999.0 -9999.0 -9999.0
03728 20090602  2.402  -79.36   33.15    28.9    20.5    24.7    24.8     0.0    26.66 R    51.7    17.7    29.4    98.5    56.6    79.5 -99.000 -99.000 -99.000 -99.000 -99.000 -9999.0 -9999.0 -9999.0 -9999.0 -9999.0
03728 20090603  2.402  -79.36   33.15    28.5    20.4    24.5    24.5     0.0    24.70 R    53.0    17.0    28.9    98.5    64.4    82.9 -99.000 -99.000 -99.000 -99.000 -99.000 -9999.0 -9999.0 -9999.0 -9999.0 -9999.0
03728 20090604  2.402  -79.36   33.15    27.4    20.7    24.0    23.4     5.4    10.53 R    40.8    18.2    24.8    98.2    73.2    88.7 -99.000 -99.000 -99.000 -99.000 -99.000 -9999.0 -9999.0 -9999.0 -9999.0 -9999.0
03728 20090605  2.402  -79.36   33.15    28.0    20.5    24.3    24.1     3.5    21.58 R    45.9    20.7    27.1    96.7    70.6    86.4 -99.000 -99.000 -99.000 -99.000 -99.000 -9999.0 -9999.0 -9999.0 -9999.0 -9999.0
03728 20090606  2.402  -79.36   33.15    26.7    20.1    23.4    22.8    26.3    11.69 R    40.4    19.5    24.5    98.3    74.3    91.3 -99.000 -99.000 -99.000 -99.000 -99.000 -9999.0 -9999.0 -9999.0 -9999.0 -9999.0
03728 20090607  2.402  -79.36   33.15    27.4    21.1    24.3    24.2    14.9    23.42 R    43.3    19.6    27.2    98.3    70.1    85.9 -99.000 -99.000 -99.000 -99.000 -99.000 -9999.0 -9999.0 -9999.0 -9999.0 -9999.0
03728 20090608  2.402  -79.36   33.15    28.8    21.2    25.0    24.4     0.0    17.34 R    47.1    19.7    26.6    98.5    67.7    86.0 -99.000 -99.000 -99.000 -99.000 -99.000 -9999.0 -9999.0 -9999.0 -9999.0 -9999.0
03728 20090609  2.402  -79.36   33.15    28.9    21.6    25.3    25.1     0.0    24.22 R    46.2    19.7    28.5    98.5    65.7    84.6 -99.000 -99.000 -99.000 -99.000 -99.000 -9999.0 -9999.0 -9999.0 -9999.0 -9999.0
03728 20090610  2.402  -79.36   33.15    28.3    19.1    23.7    24.2     1.7    26.84 R    45.5    18.7    28.2    97.5    64.9    83.6 -99.000 -99.000 -99.000 -99.000 -99.000 -9999.0 -9999.0 -9999.0 -9999.0 -9999.0
03728 20090611  2.402  -79.36   33.15    29.8    20.9    25.3    25.3     6.7    17.71 R    43.9    21.4    27.9    97.8    67.2    87.2 -99.000 -99.000 -99.000 -99.000 -99.000 -9999.0 -9999.0 -9999.0 -9999.0 -9999.0
03728 20090612  2.402  -79.36   33.15    32.8    21.0    26.9    26.0    30.2    21.03 R    44.3    20.6    28.0    98.0    55.6    84.2 -99.000 -99.000 -99.000 -99.000 -99.000 -9999.0 -9999.0 -9999.0 -9999.0 -9999.0
03728 20090613  2.402  -79.36   33.15    31.8    22.4    27.1    25.6     9.4    23.69 R    43.3    21.7    28.2    98.3    56.2    85.7 -99.000 -99.000 -99.000 -99.000 -99.000 -9999.0 -9999.0 -9999.0 -9999.0 -9999.0
03728 20090614  2.402  -79.36   33.15    31.8    21.9    26.8    25.8     0.0    19.52 R    42.2    21.2    27.5    98.4    59.1    85.2 -99.000 -99.000 -99.000 -99.000 -99.000 -9999.0 -9999.0 -9999.0 -9999.0 -9999.0
03728 20090615  2.402  -79.36   33.15    30.3    22.4    26.3    26.0     0.0    21.79 R    44.3    20.9    27.9    98.3    68.8    86.4 -99.000 -99.000 -99.000 -99.000 -99.000 -9999.0 -9999.0 -9999.0 -9999.0 -9999.0
03728 20090616  2.402  -79.36   33.15    29.9    21.3    25.6    24.3    20.8    15.24 R    41.0    20.9    26.1    98.1    67.6    91.8 -99.000 -99.000 -99.000 -99.000 -99.000 -9999.0 -9999.0 -9999.0 -9999.0 -9999.0
03728 20090617  2.402  -79.36   33.15    28.9    21.2    25.1    24.9     0.0    20.30 R    40.4    21.6    27.0    97.8    67.1    85.5 -99.000 -99.000 -99.000 -99.000 -99.000 -9999.0 -9999.0 -9999.0 -9999.0 -9999.0
03728 20090618  2.402  -79.36   33.15    30.7    21.4    26.0    25.5     2.6    21.80 R    40.2    21.8    27.4    96.2    61.0    83.6 -99.000 -99.000 -99.000 -99.000 -99.000 -9999.0 -9999.0 -9999.0 -9999.0 -9999.0
03728 20090619  2.402  -79.36   33.15    32.6    22.6    27.6    27.2     0.0    26.29 R    44.1    21.4    29.3    95.8    49.8    77.7 -99.000 -99.000 -99.000 -99.000 -99.000 -9999.0 -9999.0 -9999.0 -9999.0 -9999.0
03728 20090620  2.402  -79.36   33.15    34.7    24.2    29.5    29.2     0.0    23.43 R    46.2    22.2    30.2    97.4    50.5    75.1 -99.000 -99.000 -99.000 -99.000 -99.000 -9999.0 -9999.0 -9999.0 -9999.0 -9999.0
03728 20090621  2.402  -79.36   33.15    34.2    23.9    29.0    28.7     0.0    22.13 R    47.7    21.6    30.1    94.6    54.6    74.1 -99.000 -99.000 -99.000 -99.000 -99.000 -9999.0 -9999.0 -9999.0 -9999.0 -9999.0
03728 20090622  2.402  -79.36   33.15    32.1    21.4    26.7    26.3     0.0    26.86 R    48.0    19.6    29.0    94.8    47.2    74.2 -99.000 -99.000 -99.000 -99.000 -99.000 -9999.0 -9999.0 -9999.0 -9999.0 -9999.0
03728 20090623  2.402  -79.36   33.15    30.9    22.4    26.7    26.1     0.0    25.00 R    48.1    19.8    28.7    98.2    49.7    76.9 -99.000 -99.000 -99.000 -99.000 -99.000 -9999.0 -9999.0 -9999.0 -9999.0 -9999.0
03728 20090624  2.402  -79.36   33.15    29.8    21.6    25.7    25.7     0.0    19.50 R    46.9    19.4    27.5    97.8    59.4    77.3 -99.000 -99.000 -99.000 -99.000 -99.000 -9999.0 -9999.0 -9999.0 -9999.0 -9999.0
03728 20090625  2.402  -79.36   33.15    33.2    22.4    27.8    27.1     0.0    21.55 R    48.0    20.2    29.5    95.5    47.2    77.7 -99.000 -99.000 -99.000 -99.000 -99.000 -9999.0 -9999.0 -9999.0 -9999.0 -9999.0
03728 20090626  2.402  -79.36   33.15    31.7    20.7    26.2    27.4    19.6    23.64 R    42.7    20.5    29.1    96.7    59.6    78.1 -99.000 -99.000 -99.000 -99.000 -99.000 -9999.0 -9999.0 -9999.0 -9999.0 -9999.0
03728 20090627  2.402  -79.36   33.15    35.4    25.1    30.3    29.0     0.0    26.34 R    46.8    23.7    31.2    90.2    49.5    71.7 -99.000 -99.000 -99.000 -99.000 -99.000 -9999.0 -9999.0 -9999.0 -9999.0 -9999.0
03728 20090628  2.402  -79.36   33.15    31.9    23.7    27.8    27.8     0.0    25.79 R    45.9    21.8    30.5    96.6    48.3    78.5 -99.000 -99.000 -99.000 -99.000 -99.000 -9999.0 -9999.0 -9999.0 -9999.0 -9999.0
03728 20090629  2.402  -79.36   33.15    32.3    21.0    26.7    27.3    15.4    23.02 R    44.8    21.2    30.3    98.0    60.7    81.9   0.047   0.056   0.082   0.160   0.377    29.5    29.0    28.6    27.2    25.5
03728 20090630  2.402  -79.36   33.15    32.5    21.5    27.0    26.8     0.0    29.53 R    43.0    20.2    28.8    98.1    32.2    72.0   0.061   0.081   0.105   0.160   0.377    28.9    28.4    28.1    27.1    25.5
03728 20090701  2.402  -79.36   33.15    32.9    22.6    27.7    27.7     0.0    28.09 R    45.6    19.3    29.7    83.7    37.2    66.1   0.045   0.067   0.088   0.159   0.377    29.3    28.7    28.2    27.1    25.6
03728 20090702  2.402  -79.36   33.15    31.9    25.3    28.6    28.2     0.0    26.58 R    46.0    23.3    31.2    92.7    57.6    77.8   0.040   0.051   0.074   0.157   0.377    30.1    29.3    28.6    27.2    25.6
03728 20090703  2.402  -79.36   33.15    29.9    22.0    26.0    25.7     0.0    28.00 R    45.5    19.6    28.6    96.5    52.4    76.1   0.037   0.042   0.060   0.155   0.377    29.7    29.2    28.6    27.4    25.7
03728 20090704  2.402  -79.36   33.15    30.8    19.2    25.0    25.1     0.0    28.41 R    47.6    16.4    28.1    97.4    44.5    73.2   0.033   0.036   0.046   0.151   0.378    29.0    28.5    28.2    27.3    25.8
03728 20090705  2.402  -79.36   33.15    31.0    21.8    26.4    27.2    18.0    16.91 R    45.4    21.3    29.0    96.5    68.3    84.1   0.033   0.034   0.039   0.148   0.377    28.9    28.5    28.1    27.2    25.9
03728 20090706  2.402  -79.36   33.15    29.7    21.3    25.5    24.6     6.5    13.82 R    38.8    21.7    26.1    97.5    71.6    88.8   0.069   0.085   0.118   0.149   0.378    27.4    27.3    27.4    27.0    25.8
03728 20090707  2.402  -79.36   33.15    29.3    21.9    25.6    24.2    14.8    11.72 R    36.8    21.8    25.7    97.9    71.8    91.9   0.078   0.093   0.116   0.154   0.378    27.4    27.3    27.3    26.8    25.7
03728 20090708  2.402  -79.36   33.15    28.6    21.2    24.9    24.9     6.5    16.73 R    38.0    21.8    26.9    98.1    62.9    87.7   0.079   0.097   0.115   0.167   0.378    27.9    27.6    27.3    26.7    25.7
03728 20090709  2.402  -79.36   33.15    27.7    20.1    23.9    23.5     0.0    16.22 R    38.4    19.7    25.2    97.5    62.0    85.0   0.083   0.102   0.115   0.168   0.378    27.4    27.2    27.2    26.7    25.7
03728 20090710  2.402  -79.36   33.15    27.9    20.1    24.0    23.8     0.0    27.60 R    41.3    18.5    26.3    97.0    53.2    77.9   0.068   0.094   0.104   0.167   0.378    27.9    27.5    27.2    26.6    25.6
03728 20090711  2.402  -79.36   33.15    28.3    19.9    24.1    23.8     0.0    27.67 R    42.9    18.1    26.5    97.6    53.7    76.9   0.055   0.087   0.096   0.164   0.379    28.0    27.5    27.3    26.6    25.6
03728 20090712  2.402  -79.36   33.15    30.9    20.3    25.6    25.5     0.0    27.52 R    46.0    18.4    28.3    95.2    53.9    75.3   0.048   0.075   0.089   0.162   0.379    28.3    27.8    27.5    26.6    25.6
03728 20090713  2.402  -79.36   33.15    30.6    23.0    26.8    26.0     5.1    15.76 R    45.1    22.7    27.9    97.9    64.1    84.5   0.050   0.065   0.082   0.160   0.378    28.3    27.9    27.7    26.9    25.6
03728 20090714  2.402  -79.36   33.15    30.3    22.2    26.3    25.2     0.0    23.44 R    41.1    20.3    27.3    97.9    44.6    82.7   0.063   0.061   0.082   0.158   0.373    28.6    28.1    27.7    26.8    25.7
03728 20090715  2.402  -79.36   33.15    29.6    21.1    25.4    25.2     0.0    26.83 R    44.0    19.2    27.6    98.4    55.3    80.5   0.053   0.056   0.076   0.156   0.369    28.6    28.1    27.7    26.9    25.7
03728 20090716  2.402  -79.36   33.15    30.6    21.0    25.8    25.5     6.4    23.60 R    45.1    18.9    28.4    98.0    69.3    87.3   0.050   0.050   0.068   0.154   0.364    28.6    28.2    27.8    27.0    25.8
03728 20090717  2.402  -79.36   33.15    31.6    23.7    27.7    27.4     0.0    25.36 R    43.1    23.5    29.9    95.4    72.4    83.7   0.068   0.054   0.065   0.152   0.358    29.6    28.9    28.4    27.1    25.8
03728 20090718  2.402  -79.36   33.15    31.2    22.8    27.0    26.0     0.0    21.50 R    45.0    20.3    28.3    96.0    52.0    79.1   0.055   0.052   0.063   0.151   0.349    29.3    28.9    28.5    27.3    25.9
03728 20090719  2.402  -79.36   33.15    30.3    21.5    25.9    25.8     0.0    26.16 R    45.6    19.3    28.7    97.4    53.8    79.5   0.047   0.045   0.057   0.150   0.342    29.1    28.5    28.2    27.3    26.0
03728 20090720  2.402  -79.36   33.15    29.2    21.4    25.3    24.4     0.0    12.28 R    36.2    19.4    25.0    95.4    55.4    80.5   0.042   0.041   0.049   0.148   0.336    27.7    27.6    27.7    27.2    26.0
03728 20090721  2.402  -79.36   33.15    29.5    20.9    25.2    25.1     0.0    24.77 R    46.2    18.5    27.9    98.1    51.4    79.2   0.039   0.037   0.043   0.146   0.329    28.0    27.5    27.3    26.9    26.0
03728 20090722  2.402  -79.36   33.15    30.1    22.2    26.2    25.9     0.0    21.18 R    46.2    20.4    28.5    97.8    59.7    81.2   0.036   0.034   0.035   0.143   0.321    28.4    27.9    27.6    26.9    26.0
03728 20090723  2.402  -79.36   33.15    31.7    21.6    26.6    26.6     0.0    23.81 R    49.1    19.7    29.9    98.1    59.0    81.3   0.032   0.030   0.030   0.139   0.310    28.8    28.2    27.7    26.9    25.9
03728 20090724  2.402  -79.36   33.15    31.5    25.1    28.3    27.5     0.0    18.80 R    50.0    23.1    30.2    94.5    58.9    78.1   0.030   0.029   0.026   0.134   0.289    29.1    28.6    28.1    27.1    26.0
03728 20090725  2.402  -79.36   33.15    32.4    25.8    29.1    28.3     0.0    26.50 R    50.4    24.5    32.3    92.1    45.4    73.9   0.029   0.027   0.023   0.130   0.269    29.9    29.0    28.4    27.2    26.0
03728 20090726  2.402  -79.36   33.15    32.0    25.1    28.5    28.1     0.0    26.85 R    50.8    23.3    32.2    90.1    54.3    73.6   0.028   0.025   0.020   0.125   0.248    30.2    29.4    28.7    27.3    26.0
03728 20090727  2.402  -79.36   33.15    31.4    24.5    27.9    27.6     0.0    23.15 R    50.3    22.6    31.5    93.1    59.6    77.5   0.025   0.023   0.018   0.120   0.231    30.1    29.5    28.8    27.5    26.2
03728 20090728  2.402  -79.36   33.15    32.3    22.9    27.6    27.5     0.0    26.04 R    51.2    21.2    31.6    95.1    61.7    77.2   0.024   0.022   0.016   0.116   0.217    30.2    29.5    28.8    27.6    26.3
03728 20090729  2.402  -79.36   33.15    32.0    22.7    27.4    26.6     5.1    17.95 R    54.6    22.7    29.2    95.5    61.3    81.8   0.026   0.020   0.017   0.112   0.205    29.3    29.0    28.8    27.7    26.3
03728 20090730  2.402  -79.36   33.15    31.6    22.8    27.2    26.4     2.7    20.69 R    43.7    22.2    28.8    95.8    66.0    83.1   0.036   0.023   0.015   0.111   0.196    28.8    28.5    28.2    27.5    26.3
03728 20090731  2.402  -79.36   33.15    32.1    23.3    27.7    27.1    11.0    23.03 R    44.9    22.4    29.6    97.3    68.0    85.9   0.043   0.028   0.025   0.111   0.189    29.3    28.8    28.5    27.4    26.3
03728 20090801  2.402  -79.36   33.15    31.1    23.7    27.4    26.9     0.0    21.73 R    44.0    23.6    29.3    97.4    65.0    84.3   0.051   0.047   0.084   0.112   0.182    29.4    28.9    28.6    27.6    26.3
03728 20090802  2.402  -79.36   33.15    30.5    22.8    26.7    26.0    18.3    12.21 R    41.4    23.7    27.2    96.9    66.3    86.2   0.062   0.056   0.089   0.111   0.177    28.4    28.3    28.4    27.7    26.4
03728 20090803  2.402  -79.36   33.15    31.0    22.6    26.8    25.9    19.1    16.81 R    42.1    22.9    27.4    97.3    69.2    88.8   0.085   0.077   0.115   0.115   0.173    28.2    27.9    27.9    27.4    26.5
03728 20090804  2.402  -79.36   33.15    32.0    22.9    27.5    26.9     0.0    20.14 R    41.0    22.0    28.4    96.2    60.9    82.2   0.077   0.081   0.106   0.157   0.169    28.8    28.4    28.1    27.4    26.4
03728 20090805  2.402  -79.36   33.15    30.9    24.0    27.5    27.4     0.0    25.43 R    43.8    22.7    30.0    97.4    65.9    83.1   0.063   0.079   0.097   0.159   0.167    29.4    28.9    28.5    27.6    26.5
03728 20090806  2.402  -79.36   33.15    31.3    21.7    26.5    26.2    43.0    22.33 R    45.1    21.7    28.8    97.6    61.6    82.3   0.071   0.085   0.105   0.163   0.167    28.7    28.5    28.5    27.9    26.5
03728 20090807  2.402  -79.36   33.15    30.2    23.1    26.6    25.7     0.0    21.15 R    40.9    21.6    27.5    98.0    61.9    86.2   0.083   0.090   0.106   0.168   0.200    28.4    28.1    27.9    27.6    26.6
03728 20090808  2.402  -79.36   33.15    30.7    22.7    26.7    26.1     0.0    25.65 R    42.9    21.0    28.2    98.2    54.0    82.0   0.064   0.083   0.094   0.161   0.213    28.8    28.4    28.2    27.5    26.6
03728 20090809  2.402  -79.36   33.15    31.9    21.7    26.8    26.3     0.0    25.64 R    44.2    20.1    28.3    98.2    47.4    79.1   0.051   0.076   0.088   0.157   0.214    28.8    28.4    28.2    27.6    26.6
03728 20090810  2.402  -79.36   33.15    33.0    21.9    27.4    27.2     0.0    25.36 R    46.0    20.2    29.4    96.7    54.0    77.0   0.044   0.067   0.081   0.154   0.211    29.1    28.6    28.3    27.6    26.5
03728 20090811  2.402  -79.36   33.15    33.2    24.2    28.7    27.9     0.0    23.99 R    47.6    22.5    30.7    90.7    61.6    79.5   0.040   0.056   0.074   0.152   0.206    29.7    29.1    28.7    27.7    26.6
03728 20090812  2.402  -79.36   33.15    32.7    23.9    28.3    27.1     1.0    21.13 R    48.0    23.4    29.9    96.4    60.0    84.3   0.038   0.047   0.067   0.150   0.201    29.7    29.2    28.9    28.0    26.7
03728 20090813  2.402  -79.36   33.15    27.8    22.7    25.3    24.8    10.4    13.21 R    33.6    23.1    26.1    97.3    68.6    90.5   0.057   0.055   0.081   0.148   0.196    28.3    28.2    28.3    27.9    26.7
03728 20090814  2.402  -79.36   33.15    27.4    22.1    24.8    24.6     1.8    12.04 R    34.9    21.1    25.6    97.4    71.9    90.5   0.076   0.073   0.092   0.146   0.191    27.9    27.8    27.8    27.6    26.7
03728 20090815  2.402  -79.36   33.15    29.5    21.6    25.5    24.7     0.0    16.21 R    42.1    20.4    26.0    97.9    66.5    86.6   0.068   0.074   0.086   0.145   0.187    27.5    27.3    27.4    27.3    26.6
03728 20090816  2.402  -79.36   33.15    30.6    22.2    26.4    25.7     0.0    16.75 R    43.0    20.7    27.2    98.0    65.6    86.7   0.057   0.069   0.079   0.144   0.183    27.7    27.5    27.4    27.1    26.5
03728 20090817  2.402  -79.36   33.15    31.3    23.7    27.5    26.8     0.0    21.88 R    44.4    22.5    28.9    97.7    60.2    83.8   0.049   0.063   0.074   0.144   0.179    28.8    28.2    27.9    27.2    26.5
03728 20090818  2.402  -79.36   33.15    31.0    23.0    27.0    26.7     0.0    23.84 R    45.5    21.3    29.2    98.0    59.9    83.0   0.042   0.053   0.067   0.143   0.176    29.1    28.7    28.3    27.4    26.5
03728 20090819  2.402  -79.36   33.15    32.0    23.6    27.8    27.5     0.0    23.23 R    47.0    22.1    29.8    97.9    58.7    81.0   0.039   0.045   0.057   0.141   0.173    29.3    28.8    28.5    27.6    26.5
03728 20090820  2.402  -79.36   33.15    32.2    24.3    28.2    27.9     0.0    22.11 R    47.0    22.7    30.3    97.8    58.7    81.4   0.036   0.039   0.048   0.139   0.170    29.5    29.0    28.6    27.7    26.6
03728 20090821  2.402  -79.36   33.15    31.8    23.7    27.7    27.3    40.6    11.32 R    43.9    23.9    27.9    96.6    64.8    87.5   0.063   0.066   0.088   0.152   0.168    28.3    28.2    28.2    27.8    26.7
03728 20090822  2.402  -79.36   33.15    30.9    22.5    26.7    25.4     1.6    15.62 R    43.6    21.8    26.7    97.4    65.0    87.7   0.076   0.087   0.107   0.169   0.171    27.8    27.7    27.7    27.5    26.7
03728 20090823  2.402  -79.36   33.15    30.3    21.7    26.0    25.6     0.0    25.09 R    41.2    20.0    27.4    97.7    55.1    81.1   0.075   0.086   0.101   0.164   0.174    28.3    28.0    27.8    27.3    26.6
03728 20090824  2.402  -79.36   33.15    31.1    20.9    26.0    25.5     0.0    25.04 R    43.3    19.3    27.4    96.8    42.3    76.2   0.060   0.081   0.094   0.161   0.174    28.0    27.8    27.6    27.3    26.6
03728 20090825  2.402  -79.36   33.15    29.9    22.3    26.1    25.7     0.0    19.86 R    43.9    20.5    27.5    97.4    65.7    85.9   0.050   0.076   0.088   0.158   0.173    28.3    27.9    27.7    27.3    26.6
03728 20090826  2.402  -79.36   33.15    30.6    23.0    26.8    26.1     0.0    19.57 R    44.7    21.5    28.0    97.4    60.3    83.7   0.045   0.070   0.084   0.156   0.171    28.4    28.1    27.9    27.3    26.5
03728 20090827  2.402  -79.36   33.15    30.2    22.6    26.4    26.0     0.0    12.54 R    40.4    21.9    27.1    97.8    65.9    86.6   0.042   0.064   0.079   0.153   0.169    27.8    27.6    27.6    27.3    26.5
03728 20090828  2.402  -79.36   33.15    30.5    22.7    26.6    25.7     2.4    11.60 R    41.5    22.3    26.7    97.7    67.6    88.6   0.040   0.061   0.076   0.151   0.167    27.7    27.5    27.5    27.2    26.5
03728 20090829  2.402  -79.36   33.15    31.0    22.1    26.6    25.8     0.0    20.47 R    41.7    22.4    27.8    97.6    57.4    83.9   0.045   0.057   0.073   0.149   0.165    28.3    27.9    27.6    27.1    26.5
03728 20090830  2.402  -79.36   33.15    31.7    24.0    27.9    27.3     0.8    22.23 R    44.5    23.0    29.5    96.0    54.7    78.8   0.041   0.050   0.066   0.147   0.163    28.9    28.3    28.0    27.3    26.5
03728 20090831  2.402  -79.36   33.15    28.5    22.5    25.5    24.4    24.1     9.81 R    37.1    22.5    25.2    97.6    70.9    90.1   0.068   0.077   0.103   0.149   0.160    27.3    27.3    27.4    27.3    26.5
03728 20090901  2.402  -79.36   33.15    26.2    20.1    23.1    22.6     8.5     7.61 R    32.0    20.2    23.2    96.1    70.2    84.3   0.085   0.097   0.119   0.164   0.159    26.2    26.3    26.6    26.9    26.5
03728 20090902  2.402  -79.36   33.15    24.4    19.0    21.7    21.9     0.0     6.62 R    30.2    19.1    22.4    87.3    66.9    76.8   0.076   0.092   0.108   0.166   0.158    25.1    25.3    25.8    26.4    26.4
03728 20090903  2.402  -79.36   33.15    29.0    19.6    24.3    23.3     0.0    20.88 R    40.7    19.0    25.2    94.0    56.8    78.2   0.067   0.088   0.100   0.163   0.159    26.2    26.0    25.9    26.0    26.1
03728 20090904  2.402  -79.36   33.15    28.4    19.3    23.8    22.5     0.0    18.14 R    38.8    18.2    24.0    97.3    48.5    81.0   0.057   0.084   0.095   0.161   0.159    26.0    25.9    26.0    26.0    26.0
03728 20090905  2.402  -79.36   33.15    29.1    18.1    23.6    23.2     0.0    22.33 R    41.4    17.3    25.0    97.9    52.1    80.9   0.050   0.079   0.090   0.157   0.158    26.1    25.9    25.9    25.9    25.9
03728 20090906  2.402  -79.36   33.15    28.3    19.6    23.9    22.4     5.8    13.81 R    40.2    18.8    23.6    96.5    66.1    87.7   0.055   0.076   0.087   0.155   0.157    25.7    25.7    25.8    25.9    25.8
03728 20090907  2.402  -79.36   33.15    27.2    20.4    23.8    23.2     0.0    11.73 R    36.5    19.7    24.1    92.4    71.2    82.7   0.071   0.083   0.090   0.153   0.155    25.6    25.5    25.6    25.7    25.6
03728 20090908  2.402  -79.36   33.15    28.7    20.4    24.5    23.5     0.0    15.89 R    41.4    19.1    24.9    96.2    59.8    82.4   0.064   0.080   0.086   0.152   0.154    26.1    25.8    25.8    25.7    25.6
03728 20090909  2.402  -79.36   33.15    28.1    19.1    23.6    22.7     0.0    20.27 R    41.4    18.4    24.6    96.5    62.0    83.5   0.054   0.075   0.082   0.151   0.153    25.8    25.6    25.7    25.7    25.6
03728 20090910  2.402  -79.36   33.15    27.9    19.3    23.6    22.5     0.0    18.82 R    40.2    18.3    24.3    97.0    56.5    80.4   0.048   0.069   0.079   0.149   0.151    25.6    25.5    25.6    25.6    25.5
03728 20090911  2.402  -79.36   33.15    27.2    17.1    22.1    21.3     0.0    21.69 R    40.3    16.2    23.8    96.5    57.0    82.4   0.044   0.061   0.074   0.148   0.149    25.5    25.4    25.4    25.5    25.4
03728 20090912  2.402  -79.36   33.15    27.9    18.0    22.9    22.4     0.0    20.22 R    40.6    17.0    24.5    97.8    51.3    82.4   0.040   0.054   0.068   0.146   0.148    25.3    25.2    25.3    25.4    25.4
03728 20090913  2.402  -79.36   33.15    29.2    19.9    24.6    23.7     0.0    20.79 R    42.1    18.9    25.9    97.7    57.2    82.6   0.038   0.049   0.062   0.145   0.146    25.8    25.5    25.4    25.4    25.3
03728 20090914  2.402  -79.36   33.15    29.1    19.5    24.3    23.3     0.0    22.99 R    44.0    17.8    25.5    97.2    45.0    77.3   0.037   0.043   0.054   0.143   0.145    26.0    25.7    25.6    25.5    25.3
03728 20090915  2.402  -79.36   33.15    29.9    18.5    24.2    23.4     0.0    22.03 R    43.0    16.6    25.4    97.4    39.6    78.5   0.035   0.038   0.047   0.141   0.143    25.7    25.5    25.5    25.4    25.3
03728 20090916  2.402  -79.36   33.15    30.4    19.5    25.0    24.1     0.0    21.02 R    42.8    17.8    26.1    98.0    48.6    79.6   0.032   0.034   0.039   0.139   0.142    25.9    25.7    25.5    25.4    25.3
03728 20090917  2.402  -79.36   33.15    28.0    21.3    24.6    24.5     0.0    13.71 R    37.6    20.3    25.9    96.5    63.6    82.0   0.031   0.031   0.034   0.138   0.140    26.1    25.9    25.7    25.5    25.3
03728 20090918  2.402  -79.36   33.15    27.0    21.0    24.0    23.6     1.9     8.13 R    33.4    19.4    23.8    97.0    69.1    87.5   0.029   0.031   0.032   0.136   0.139    25.8    25.7    25.7    25.6    25.3
03728 20090919  2.402  -79.36   33.15    28.9    20.3    24.6    24.6     0.0    21.25 R    41.7    19.1    26.6    97.6    62.9    82.7   0.029   0.030   0.031   0.134   0.138    26.1    25.7    25.5    25.5    25.3
03728 20090920  2.402  -79.36   33.15    27.6    22.5    25.1    24.6     2.0    11.04 R    35.8    21.2    25.2    94.9    68.4    86.0   0.029   0.029   0.029   0.133   0.137    26.3    26.1    25.9    25.6    25.2
03728 20090921  2.402  -79.36   33.15    28.7    21.9    25.3    25.3     0.0    20.72 R    39.8    19.6    26.5    93.2    47.2    74.6   0.030   0.028   0.028   0.132   0.135    26.6    26.2    25.9    25.7    25.3
03728 20090922  2.402  -79.36   33.15    29.6    21.8    25.7    24.9     2.9    13.58 R    41.5    20.3    26.5    96.9    65.6    86.1   0.028   0.027   0.025   0.130   0.134    26.5    26.1    26.0    25.7    25.3
03728 20090923  2.402  -79.36   33.15    29.3    22.2    25.7    24.8    35.8    16.74 R    40.1    21.7    26.1    97.2    67.4    88.3   0.060   0.070   0.102   0.138   0.133    26.6    26.3    26.1    25.7    25.3
03728 20090924  2.402  -79.36   33.15    30.2    22.4    26.3    25.3     0.0    19.01 R    41.4    21.3    27.1    97.7    64.1    86.6   0.061   0.079   0.104   0.158   0.132    26.8    26.4    26.2    25.8    25.3
03728 20090925  2.402  -79.36   33.15    30.9    22.7    26.8    25.7    41.9    16.25 R    42.0    21.6    27.6    97.7    56.1    87.1   0.065   0.085   0.105   0.159   0.131    26.8    26.5    26.3    26.0    25.4
03728 20090926  2.402  -79.36   33.15    27.6    20.2    23.9    23.3     0.0     9.76 R    34.1    20.6    24.6    97.2    72.0    90.4   0.085   0.098   0.116   0.172   0.143    26.1    25.9    25.9    26.0    25.4
03728 20090927  2.402  -79.36   33.15    28.7    20.0    24.4    24.5     1.9    16.29 R    38.9    17.9    25.4    96.3    48.8    78.9   0.080   0.090   0.102   0.163   0.150    26.4    26.1    26.1    25.9    25.4
03728 20090928  2.402  -79.36   33.15    30.1    18.3    24.2    24.1     0.0    20.60 R    39.4    16.6    25.2    86.5    52.9    73.1   0.071   0.085   0.096   0.159   0.151    25.4    25.2    25.4    25.7    25.4
03728 20090929  2.402  -79.36   33.15    25.2    14.7    19.9    20.1     0.0    22.08 R    37.0    11.4    21.0    82.4    30.5    53.5   0.063   0.081   0.091   0.157   0.152    24.5    24.6    25.0    25.5    25.3
03728 20090930  2.402  -79.36   33.15    24.3    10.9    17.6    16.7     0.0    21.30 R    36.6     8.8    18.2    92.5    43.0    70.8   0.054   0.077   0.087   0.155   0.151    22.6    22.8    23.5    24.7    25.2
03728 20091001  2.402  -79.36   33.15    25.3    12.4    18.8    18.2     0.0    20.72 R    38.8     9.8    19.6    93.1    51.2    75.5   0.048   0.072   0.084   0.152   0.150    22.4    22.4    22.9    24.1    24.9
03728 20091002  2.402  -79.36   33.15    28.3    16.8    22.5    21.8     0.0    13.84 R    38.9    15.0    22.7    97.1    52.6    80.7   0.046   0.067   0.081   0.151   0.148    23.2    23.0    23.2    23.8    24.6
03728 20091003  2.402  -79.36   33.15    29.1    17.8    23.4    22.8     0.0    18.89 R    41.0    15.5    24.0    95.2    49.9    75.5   0.043   0.063   0.077   0.150   0.147    23.9    23.7    23.7    23.9    24.5
03728 20091004  2.402  -79.36   33.15    26.5    13.3    19.9    19.6     0.0    16.57 R    38.1    10.1    20.3    88.8    33.3    66.2   0.037   0.056   0.073   0.148   0.145    23.0    23.1    23.4    24.0    24.4
03728 20091005  2.402  -79.36   33.15    20.7    15.6    18.2    18.1    22.2     1.40 R    21.3    16.1    18.3    97.1    86.8    95.0   0.064   0.071   0.094   0.147   0.143    21.9    22.2    22.8    23.7    24.2
03728 20091006  2.402  -79.36   33.15    23.7    16.5    20.1    18.7     0.5    11.75 R    33.1    16.5    20.2    97.6    74.7    92.0   0.082   0.092   0.115   0.151   0.142    22.6    22.5    22.7    23.4    24.1
03728 20091007  2.402  -79.36   33.15    29.1    18.3    23.7    23.8     0.0    10.63 R    38.5    18.1    24.6    95.9    70.2    86.4   0.076   0.088   0.106   0.156   0.140    23.6    23.3    23.2    23.4    24.0
03728 20091008  2.402  -79.36   33.15    24.2    14.0    19.1    19.8     0.0    19.48 R    37.3    11.5    21.8    96.5    62.2    80.1   0.071   0.087   0.100   0.157   0.138    23.1    23.1    23.3    23.6    23.9
03728 20091009  2.402  -79.36   33.15    29.5    18.7    24.1    24.8     0.0    18.24 R    42.0    17.5    26.9    97.6    61.3    86.6   0.065   0.083   0.095   0.155   0.138    24.2    23.7    23.6    23.6    23.9
03728 20091010  2.402  -79.36   33.15    31.5    21.4    26.5    26.0     0.5    15.43 R    44.8    19.9    27.6    97.3    61.5    85.3   0.060   0.082   0.092   0.154   0.137    25.9    25.3    24.9    24.1    23.9
03728 20091011  2.402  -79.36   33.15    23.0    18.9    20.9    21.3     0.0     5.29 R    30.2    17.6    22.2    97.7    79.5    90.8   0.056   0.080   0.090   0.152   0.136    24.3    24.3    24.5    24.5    24.1
03728 20091012  2.402  -79.36   33.15    25.2    16.3    20.7    19.4    19.8     4.49 R    36.7    16.5    19.9    96.5    73.2    91.0   0.076   0.090   0.102   0.151   0.135    22.9    23.1    23.6    24.2    24.2
03728 20091013  2.402  -79.36   33.15    26.0    15.6    20.8    19.4     0.5    18.12 R    37.0    14.3    21.4    97.0    53.4    82.0   0.088   0.096   0.114   0.161   0.135    22.9    22.8    23.0    23.6    24.0
03728 20091014  2.402  -79.36   33.15    20.4    14.3    17.3    17.1    13.5     1.73 R    22.2    14.2    17.1    97.4    91.2    95.4   0.098   0.101   0.117   0.164   0.134    21.1    21.4    22.1    23.3    23.9
03728 20091015  2.402  -79.36   33.15    18.8    12.6    15.7    15.4     0.5     9.16 R    28.4    13.3    17.3    97.0    78.5    91.8   0.097   0.100   0.116   0.170   0.135    20.9    21.0    21.5    22.7    23.6
03728 20091016  2.402  -79.36   33.15    17.2    12.7    15.0    15.0     6.4     2.57 R    19.1    10.8    15.8    97.0    83.9    93.7   0.099   0.100   0.113   0.167   0.137    20.4    20.7    21.3    22.4    23.4
03728 20091017  2.402  -79.36   33.15    17.2     9.7    13.4    12.6     0.0     7.21 R    27.5     8.8    13.8    95.9    68.7    85.5   0.097   0.099   0.113   0.167   0.138    18.9    19.3    20.1    21.8    23.1
03728 20091018  2.402  -79.36   33.15    15.5     6.8    11.1    10.3     0.0    15.11 R    28.5     5.7    12.3    88.5    47.3    71.0   0.089   0.095   0.107   0.165   0.140    17.7    18.2    19.1    21.1    22.8
03728 20091019  2.402  -79.36   33.15    17.4     4.7    11.0    10.2     0.0    18.46 R    30.2     3.6    12.1    96.1    44.8    73.9   0.084   0.092   0.102   0.162   0.140    17.0    17.4    18.3    20.4    22.4
03728 20091020  2.402  -79.36   33.15    20.0     6.0    13.0    12.1     0.0    18.32 R    33.3     3.8    13.5    95.9    37.3    76.6   0.079   0.090   0.099   0.160   0.141    16.6    17.0    17.7    19.8    21.9
03728 20091021  2.402  -79.36   33.15    22.2     8.1    15.1    14.6     0.0    18.28 R    35.5     5.7    15.9    96.1    49.2    80.3   0.075   0.088   0.096   0.158   0.140    17.2    17.3    17.8    19.5    21.6
03728 20091022  2.402  -79.36   33.15    26.0    12.7    19.3    18.7     0.0    14.21 R    37.5    10.9    19.8    97.7    61.7    86.9   0.071   0.085   0.094   0.156   0.139    18.8    18.6    18.7    19.6    21.4
03728 20091023  2.402  -79.36   33.15    27.3    17.5    22.4    22.2     6.9    14.09 R    41.6    15.2    23.6    97.8    65.6    86.1   0.073   0.087   0.092   0.155   0.139    20.7    20.3    20.1    20.2    21.3
03728 20091024  2.402  -79.36   33.15    27.8    19.0    23.4    23.9     0.0    15.05 R    37.8    17.6    24.5    94.1    69.9    82.8   0.085   0.091   0.097   0.154   0.138    22.5    22.0    21.6    21.0    21.4
03728 20091025  2.402  -79.36   33.15    23.6    13.7    18.7    18.5     0.0    13.72 R    35.0    12.9    20.6    89.3    64.1    77.5   0.082   0.088   0.095   0.154   0.136    21.7    21.5    21.6    21.5    21.7
03728 20091026  2.402  -79.36   33.15    16.7    13.4    15.0    15.3     0.8     4.92 R    21.8    14.4    16.7    96.1    73.3    86.4   0.079   0.087   0.093   0.153   0.136    20.5    20.6    21.0    21.5    21.8
03728 20091027  2.402  -79.36   33.15    24.2    14.3    19.2    18.6     1.7     4.57 R    26.2    14.9    19.7    97.0    81.1    91.9   0.079   0.086   0.092   0.153   0.135    20.5    20.4    20.6    21.2    21.8
03728 20091028  2.402  -79.36   33.15    28.0    17.7    22.8    23.1    22.0     9.08 R    35.9    16.4    23.4    95.7    69.0    88.8   0.126   0.117   0.123   0.166   0.134    22.9    22.4    22.1    21.6    21.8
03728 20091029  2.402  -79.36   33.15    24.2    14.1    19.2    18.8     0.0    15.81 R    34.3    12.5    19.9    97.5    57.4    82.4   0.104   0.101   0.110   0.168   0.135    21.1    21.1    21.4    21.8    21.9
03728 20091030  2.402  -79.36   33.15    20.6    14.3    17.5    18.1     0.2     6.65 R    27.1    12.7    19.1    95.9    77.1    88.1   0.097   0.096   0.105   0.165   0.137    20.7    20.7    21.0    21.6    21.9
03728 20091031  2.402  -79.36   33.15    26.5    19.4    23.0    22.5     5.9     9.94 R    33.6    19.6    23.3    97.4    70.9    92.3   0.112   0.101   0.105   0.162   0.138    22.5    22.1    21.8    21.6    21.9
03728 20091101  2.402  -79.36   33.15    23.5    14.8    19.2    19.8     0.0    14.70 R    35.5    14.7    21.7    96.4    46.3    79.7   0.108   0.098   0.105   0.163   0.138    22.4    22.2    22.2    22.0    22.0
03728 20091102  2.402  -79.36   33.15    14.9    11.2    13.0    13.2     0.3     2.62 R    18.6     9.3    14.3    94.8    80.1    88.4   0.101   0.095   0.101   0.161   0.138    19.8    20.2    20.9    21.8    22.1
03728 20091103  2.402  -79.36   33.15    21.3     9.1    15.2    13.9     0.0    15.87 R    31.3     7.3    14.8    97.1    46.1    80.8   0.095   0.093   0.099   0.159   0.138    18.6    18.8    19.5    21.0    21.9
03728 20091104  2.402  -79.36   33.15    22.8     9.0    15.9    15.2     0.0    14.44 R    33.3     6.9    15.7    97.5    55.0    83.9   0.089   0.090   0.097   0.158   0.138    18.0    18.2    18.8    20.4    21.7
03728 20091105  2.402  -79.36   33.15    22.0     8.3    15.1    14.2     0.0    15.79 R    31.9     4.1    13.9    97.8    29.7    71.1   0.084   0.088   0.094   0.156   0.138    17.5    17.8    18.5    20.0    21.4
03728 20091106  2.402  -79.36   33.15    17.8     5.1    11.4    10.4     0.0    15.91 R    29.8     1.6    10.2    95.8    35.5    69.4   0.080   0.086   0.093   0.154   0.137    15.8    16.3    17.3    19.4    21.1
03728 20091107  2.402  -79.36   33.15    20.1     6.1    13.1    12.4     0.0    15.26 R    31.2     3.2    12.5    97.0    54.3    82.6   0.077   0.084   0.091   0.153   0.136    15.6    15.9    16.7    18.7    20.8
03728 20091108  2.402  -79.36   33.15    23.7     8.6    16.2    14.8     0.0    14.99 R    34.0     6.1    15.2    97.8    39.5    82.1   0.074   0.083   0.090   0.152   0.135    16.2    16.4    16.9    18.4    20.4
03728 20091109  2.402  -79.36   33.15    24.3    13.7    19.0    18.6     0.0    10.51 R    33.8    10.8    18.9    97.5    66.4    87.2   0.071   0.082   0.087   0.151   0.135    17.5    17.4    17.6    18.5    20.2
03728 20091110  2.402  -79.36   33.15    24.6    17.9    21.3    20.5    24.9     4.63 R    29.4    16.2    20.5    96.4    76.4    92.7   0.117   0.103   0.106   0.151   0.134    19.5    19.2    19.0    19.0    20.1
03728 20091111  2.402  -79.36   33.15    21.8    12.3    17.0    17.3    72.9     1.49 R    21.9    12.4    17.5    96.4    91.2    94.8   0.180   0.164   0.147   0.178   0.150    19.3    19.3    19.6    19.7    20.2
03728 20091112  2.402  -79.36   33.15    12.3     9.9    11.1    10.5     1.1     2.81 R    13.2    10.4    11.3    93.9    83.7    89.4   0.130   0.119   0.116   0.169   0.265    16.6    17.0    17.8    19.3    20.2
03728 20091113  2.402  -79.36   33.15    14.6    10.2    12.4    12.7     0.0     3.64 R    20.1    10.5    13.2    90.0    75.6    84.2   0.117   0.108   0.107   0.164   0.285    16.0    16.3    17.0    18.6    20.1
03728 20091114  2.402  -79.36   33.15    20.1    11.8    15.9    15.1     0.0     8.02 R    28.8     9.0    15.4    97.6    67.9    84.6   0.111   0.104   0.103   0.161   0.288    17.0    17.1    17.4    18.5    19.9
03728 20091115  2.402  -79.36   33.15    24.0    11.0    17.5    15.6     0.0    13.16 R    31.4     8.7    15.5    98.0    54.2    86.1   0.105   0.100   0.100   0.160   0.289    16.6    16.7    17.2    18.4    19.8
03728 20091116  2.402  -79.36   33.15    22.2    10.3    16.2    14.9     0.0    14.16 R    31.5     7.6    14.6    98.1    56.3    87.9   0.100   0.097   0.098   0.158   0.290    16.3    16.5    17.0    18.3    19.7
03728 20091117  2.402  -79.36   33.15    21.1    10.9    16.0    15.9     0.0     9.75 R    28.9     8.1    16.1    98.1    58.8    82.6   0.097   0.095   0.096   0.156   0.289    16.4    16.5    16.9    18.1    19.6
03728 20091118  2.402  -79.36   33.15    20.3    14.2    17.2    16.8    13.8     4.87 R    25.8    14.5    17.2    97.3    78.5    92.9   0.134   0.116   0.111   0.157   0.289    17.7    17.6    17.7    18.3    19.5
03728 20091119  2.402  -79.36   33.15    24.7    15.9    20.3    19.0     0.0     8.90 R    33.3    13.7    19.6    98.3    73.1    92.9   0.124   0.112   0.112   0.163   0.289    19.0    18.7    18.6    18.7    19.5
03728 20091120  2.402  -79.36   33.15    21.4    12.2    16.8    16.3     0.0    13.16 R    30.1     9.6    17.0    97.8    60.4    84.6   0.115   0.106   0.106   0.162   0.291    18.4    18.3    18.6    18.9    19.6
03728 20091121  2.402  -79.36   33.15    18.2    10.6    14.4    14.0     0.0     9.11 R    27.3     8.3    14.6    96.0    57.9    79.0   0.109   0.102   0.103   0.160   0.292    17.3    17.5    17.9    18.8    19.6
03728 20091122  2.402  -79.36   33.15    15.0     9.8    12.4    12.1     4.7     3.03 R    20.2     7.5    12.3    94.5    71.5    84.5   0.109   0.100   0.101   0.159   0.292    16.1    16.4    17.1    18.5    19.6
03728 20091123  2.402  -79.36   33.15    17.1    13.1    15.1    15.0     0.0     4.73 R    22.2    13.7    16.2    95.9    84.8    93.0   0.125   0.106   0.103   0.158   0.292    17.3    17.2    17.4    18.2    19.4
03728 20091124  2.402  -79.36   33.15    13.2    11.5    12.3    12.3     0.7     2.10 R    16.1    11.1    13.3    95.7    87.0    92.1   0.117   0.104   0.103   0.158   0.291    16.8    16.9    17.4    18.3    19.3
03728 20091125  2.402  -79.36   33.15    12.7    10.6    11.6    11.9     6.0     2.09 R    15.3    10.2    12.6    96.6    87.0    94.1   0.133   0.110   0.106   0.158   0.291    16.2    16.4    16.9    18.1    19.3
03728 20091126  2.402  -79.36   33.15    17.5     8.4    12.9    12.0     0.0    12.14 R    25.4     4.1    12.6    99.9    52.6    79.7   0.127   0.110   0.108   0.159   0.291    15.8    15.9    16.5    17.8    19.1
03728 20091127  2.402  -79.36   33.15    14.9     3.2     9.1     8.5     0.0    13.40 R    23.7     0.5     8.5    77.6    39.1    61.2   0.118   0.105   0.104   0.159   0.292    13.6    14.1    15.2    17.3    19.0
03728 20091128  2.402  -79.36   33.15    16.7     2.6     9.6     9.0     0.0    13.44 R    25.3    -0.3     8.9    90.0    27.9    63.5   0.112   0.102   0.102   0.158   0.292    12.7    13.2    14.2    16.6    18.7
03728 20091129  2.402  -79.36   33.15    19.3     7.2    13.2    12.3     0.0    10.37 R    28.6     4.8    12.0    88.9    35.9    70.0   0.107   0.100   0.100   0.157   0.292    13.5    13.7    14.3    16.1    18.4
03728 20091130  2.402  -79.36   33.15    21.3    10.0    15.6    15.7     0.3    11.52 R    31.2     6.6    15.6    93.8    38.9    71.4   0.103   0.098   0.098   0.156   0.291    14.6    14.6    14.9    16.2    18.1
03728 20091201  2.402  -79.36   33.15    13.7     4.2     8.9     9.8     0.0    13.15 R    23.2     0.9    10.3    93.8    54.7    72.3   0.100   0.096   0.096   0.155   0.290    14.1    14.4    15.0    16.4    18.0
03728 20091202  2.402  -79.36   33.15    22.0    13.3    17.7    18.6    74.7     1.76 R    21.9    12.1    18.2    97.0    71.8    91.1   0.154   0.140   0.134   0.171   0.302    16.4    16.0    15.8    16.3    17.9
03728 20091203  2.402  -79.36   33.15    19.6     9.0    14.3    15.1     0.3    11.93 R    25.9     6.4    15.0    94.4    51.7    76.5   0.140   0.129   0.128   0.181   0.335    17.0    17.0    17.1    17.1    17.9
03728 20091204  2.402  -79.36   33.15    13.8     6.6    10.2    10.2     6.6     4.15 R    17.7     4.7    10.5    97.2    76.0    88.6   0.128   0.116   0.114   0.179   0.339    14.3    14.6    15.4    16.9    18.0
03728 20091205  2.402  -79.36   33.15    12.6     4.9     8.7    10.2    16.3     3.46 R    17.1     2.7    10.3    97.5    76.4    90.3   0.161   0.141   0.136   0.187   0.341    14.2    14.5    15.1    16.5    17.9
03728 20091206  2.402  -79.36   33.15    10.6     3.9     7.2     6.6     0.0     8.31 R    19.5     1.7     7.8    91.8    60.6    79.5   0.133   0.123   0.125   0.192   0.343    12.7    13.1    14.1    16.0    17.7
03728 20091207  2.402  -79.36   33.15    16.3     6.4    11.3    10.2     0.0     6.23 R    23.8     5.1    11.4    95.0    72.5    85.3   0.126   0.119   0.122   0.191   0.345    13.4    13.6    14.1    15.7    17.5
03728 20091208  2.402  -79.36   33.15    19.2     7.4    13.3    12.0     1.4     4.40 R    20.7     4.8    11.9    97.2    71.6    89.1   0.121   0.117   0.119   0.190   0.345    13.6    13.7    14.3    15.7    17.3
03728 20091209  2.402  -79.36   33.15    21.9    18.6    20.3    19.8    13.4     4.68 R    26.1    17.7    19.6    95.9    79.9    91.7   0.141   0.129   0.126   0.192   0.346    17.1    16.6    16.2    16.1    17.2
03728 20091210  2.402  -79.36   33.15    20.1     5.0    12.5    12.6     0.7     8.96 R    22.6     1.9    11.9    92.9    22.7    46.5   0.138   0.129   0.130   0.204   0.348    15.7    16.0    16.4    16.8    17.3
03728 20091211  2.402  -79.36   33.15     8.7     1.8     5.3     4.6     0.0     9.15 R    20.1    -0.4     5.6    62.0    24.3    41.7   0.128   0.123   0.125   0.202   0.349    11.9    12.6    13.9    16.1    17.3
03728 20091212  2.402  -79.36   33.15    12.3     1.7     7.0     7.4     3.0     2.03 R    13.2    -0.4     7.7    97.1    53.3    73.1   0.123   0.119   0.122   0.199   0.351    11.4    11.8    12.9    15.3    17.2
03728 20091213  2.402  -79.36   33.15    20.0     9.6    14.8    16.3    11.2     2.01 R    20.7    10.2    16.2    97.8    91.8    95.2   0.158   0.138   0.133   0.208   0.352    14.7    14.4    14.4    15.1    16.9
03728 20091214  2.402  -79.36   33.15    14.4     9.6    12.0    11.9     0.0     3.73 R    17.5    10.6    13.4   100.0    89.9    96.2   0.138   0.130   0.133   0.221   0.352    15.2    15.1    15.3    15.7    16.8
03728 20091215  2.402  -79.36   33.15    23.5    14.2    18.8    18.4     7.2     8.84 R    30.5    14.5    19.0    98.0    66.8    88.7   0.150   0.136   0.137   0.231   0.354    16.9    16.5    16.2    16.1    16.8
03728 20091216  2.402  -79.36   33.15    17.2     3.3    10.2     9.8     0.0    12.41 R    22.4     0.7     9.8    87.3    35.7    61.6   0.135   0.130   0.134   0.235   0.355    14.8    15.2    15.9    16.5    17.0
03728 20091217  2.402  -79.36   33.15    10.4     0.6     5.5     5.5     0.0    10.58 R    20.0    -1.5     5.9    91.2    41.7    70.0   0.129   0.125   0.130   0.231   0.356    11.5    12.2    13.4    15.7    17.0
03728 20091218  2.402  -79.36   33.15    15.9     5.8    10.8    11.7   153.4     0.48 R    16.2     4.8    11.5    96.8    79.6    91.5   0.235   0.216   0.205   0.270   0.358    12.6    12.7    13.3    15.0    16.8
03728 20091219  2.402  -79.36   33.15    11.4     3.8     7.6     6.8     0.5     6.99 R    13.7     5.0     8.3    96.8    69.6    83.4   0.444   0.393   0.360   0.335   0.360    12.8    13.0    13.6    14.9    16.6
03728 20091220  2.402  -79.36   33.15    11.2     3.2     7.2     6.4     0.0    11.27 R    18.4     1.5     6.8    91.2    48.4    74.8   0.445   0.398   0.364   0.338   0.361    11.3    11.7    12.6    14.5    16.3
03728 20091221  2.402  -79.36   33.15    10.5     0.3     5.4     5.0     0.0     9.65 R    18.6    -0.4     5.4    94.0    45.1    77.4   0.409   0.384   0.366   0.340   0.362    10.1    10.5    11.5    13.8    16.1
03728 20091222  2.402  -79.36   33.15    11.6     0.6     6.1     5.6     0.0    12.09 R    19.9    -0.8     5.9    96.8    59.4    83.7   0.366   0.368   0.368   0.342   0.363     9.7    10.1    10.9    13.2    15.7
03728 20091223  2.402  -79.36   33.15    13.1     2.2     7.6     6.6     0.0    11.02 R    21.2     0.2     6.9    97.0    43.2    82.1   0.325   0.351   0.368   0.343   0.365     9.6     9.8    10.6    12.8    15.4
03728 20091224  2.402  -79.36   33.15    14.7     6.0    10.3    10.5     2.4     9.04 R    22.1     3.8    10.9    97.6    70.2    86.5   0.290   0.331   0.367   0.345   0.365    10.7    10.7    11.1    12.6    15.0
03728 20091225  2.402  -79.36   33.15    19.7    10.5    15.1    16.4    14.0     1.65 R    20.0     8.1    15.4    96.8    78.3    90.7   0.344   0.355   0.366   0.345   0.366    13.4    13.0    12.8    13.1    14.8
03728 20091226  2.402  -79.36   33.15    14.8     6.5    10.6     9.8     0.0    10.44 R    21.1     5.4    10.3    96.7    50.8    81.4   0.405   0.382   0.366   0.346   0.367    12.8    12.8    13.2    13.7    14.9
03728 20091227  2.402  -79.36   33.15    12.8     5.2     9.0     8.4     0.5     7.48 R    21.6     4.0     9.3    92.8    35.6    68.8   0.365   0.366   0.368   0.347   0.367    11.8    11.9    12.4    13.6    15.0
03728 20091228  2.402  -79.36   33.15    11.7     3.1     7.4     7.8     0.0    11.90 R    19.3     0.0     7.7    76.9    41.5    60.6   0.325   0.352   0.368   0.348   0.367    11.2    11.5    12.1    13.4    15.0
03728 20091229  2.402  -79.36   33.15    10.9    -0.2     5.4     3.8     0.0    13.09 R    18.6    -2.1     4.0    81.2    26.1    59.4   0.270   0.325   0.365   0.349   0.368     9.3     9.8    10.8    12.9    14.8
03728 20091230  2.402  -79.36   33.15    11.2    -1.1     5.0     5.6     2.0     6.80 R    19.4    -2.8     6.3    96.6    63.7    78.5   0.233   0.299   0.361   0.351   0.369     9.0     9.3    10.1    12.2    14.6
03728 20091231  2.402  -79.36   33.15    15.2     7.1    11.1    10.1     9.4     3.33 R    16.8     7.8    10.9    97.6    89.5    95.5   0.306   0.344   0.365   0.351   0.370    11.0    10.9    11.2    12.2    14.3
