63869 20240101  2.622  -87.88   30.55    18.8     3.7    11.3    10.9     0.0     9.16 C    23.4     0.7     8.7    96.2    55.1    73.6   0.168   0.152   0.187   0.206   0.236    12.1    12.6    13.2    14.3    14.7
63869 20240102  2.622  -87.88   30.55    12.2    -0.5     5.8     4.8     0.0    12.01 C    19.9    -3.1     4.2    96.9    41.0    69.9   0.167   0.151   0.187   0.204   0.236    11.9    12.3    13.1    14.2    14.6
63869 20240103  2.622  -87.88   30.55    10.4     2.7     6.5     6.8     8.6     3.00 C    16.0     0.3     6.9    94.7    67.4    85.6   0.172   0.151   0.186   0.201   0.234    11.5    11.9    12.7    14.0    14.4
63869 20240104  2.622  -87.88   30.55    14.2     1.8     8.0     6.8     0.0    12.53 C    19.4    -1.2     5.0    94.4    35.8    72.9   0.177   0.153   0.189   0.204   0.234    11.3    11.8    12.5    13.7    14.2
63869 20240105  2.622  -87.88   30.55    18.2     1.9    10.0    11.1    11.7     6.92 C    21.7    -1.3    10.3    92.5    67.7    80.9   0.179   0.154   0.189   0.205   0.234    11.3    11.7    12.4    13.5    14.0
63869 20240106  2.622  -87.88   30.55    18.6     7.0    12.8    12.7     0.0    11.95 C    20.8     4.5    12.3    93.6    56.3    78.5   0.197   0.160   0.199   0.212   0.241    13.1    13.2    13.3    13.7    14.0
63869 20240107  2.622  -87.88   30.55    13.6     3.8     8.7     8.4     0.0    10.00 C    18.6     1.6     7.5    93.8    47.2    73.0   0.189   0.160   0.200   0.217   0.244    12.5    12.8    13.3    14.0    14.3
63869 20240108  2.622  -87.88   30.55    21.3     6.2    13.8    12.7     1.8     3.58 C    21.9     3.1    12.0    93.6    61.6    77.2   0.183   0.158   0.198   0.218   0.245    12.3    12.6    13.1    13.9    14.2
63869 20240109  2.622  -87.88   30.55    21.9     7.1    14.5    12.8    28.2    10.47 C    20.4     3.4    12.1    92.2    48.4    71.0   0.235   0.200   0.221   0.240   0.266    14.0    13.9    13.9    14.2    14.3
63869 20240110  2.622  -87.88   30.55    12.0     4.0     8.0     7.4     0.0    12.93 C    20.2    -0.8     6.5    91.2    45.4    66.1   0.208   0.189   0.223   0.248   0.272    12.5    12.8    13.4    14.3    14.5
63869 20240111  2.622  -87.88   30.55    20.3     3.8    12.1    12.6     0.0     9.38 C    26.5     2.2    12.1    96.3    44.4    78.0   0.194   0.177   0.214   0.242   0.270    12.3    12.6    13.1    14.0    14.3
63869 20240112  2.622  -87.88   30.55    21.8     8.4    15.1    17.9     2.6     4.58 C    23.2     5.6    16.0    90.9    25.1    70.8   0.189   0.169   0.208   0.234   0.268    14.2    14.2    14.0    14.2    14.4
63869 20240113  2.622  -87.88   30.55    10.9     1.2     6.1     5.4     0.0     9.96 C    17.6    -2.4     4.7    92.6    32.3    56.9   0.184   0.166   0.205   0.229   0.264    13.0    13.3    13.8    14.5    14.7
63869 20240114  2.622  -87.88   30.55    16.7    -1.1     7.8     7.0     0.0    13.00 C    23.4    -3.6     5.8    97.9    24.1    72.9   0.180   0.163   0.202   0.226   0.262    11.7    12.2    12.9    14.1    14.4
63869 20240115  2.622  -87.88   30.55    20.4     1.3    10.8    11.2     1.6    10.75 C    26.7    -1.5    11.2    97.6    49.0    81.1   0.178   0.159   0.198   0.223   0.258    11.7    12.1    12.7    13.7    14.1
63869 20240116  2.622  -87.88   30.55     8.6    -4.7     2.0    -0.4     2.0    11.11 C     8.8    -6.4     0.8    91.7    53.6    73.2   0.180   0.160   0.197   0.221   0.255    11.5    12.0    12.7    13.7    14.0
63869 20240117  2.622  -87.88   30.55     6.5    -7.6    -0.6    -1.9     0.0    12.97 C    15.2    -8.9    -1.1    83.8    24.3    55.2   0.180   0.159   0.198   0.221   0.252     9.4    10.1    11.3    13.1    13.6
63869 20240118  2.622  -87.88   30.55    16.8    -4.8     6.0     7.0     3.8     3.10 C    16.5    -7.1     6.6    93.3    58.7    76.5   0.178   0.158   0.195   0.219   0.252     9.0     9.6    10.7    12.3    12.9
63869 20240119  2.622  -87.88   30.55    16.6     2.1     9.4    10.0     1.1    13.10 C    18.1    -0.8     9.5    94.9    38.7    64.7   0.182   0.157   0.194   0.217   0.251    11.1    11.3    11.6    12.4    12.8
63869 20240120  2.622  -87.88   30.55     5.4    -2.6     1.4     0.9     0.0    13.60 C    14.9    -5.1     1.5    67.3    28.8    46.6   0.181   0.158   0.195   0.217   0.250     9.9    10.4    11.3    12.5    12.8
63869 20240121  2.622  -87.88   30.55     8.6    -4.4     2.1     1.0     0.0    12.74 C    19.5    -5.9     2.1    82.7    23.9    48.3   0.178   0.158   0.196   0.218   0.250     8.9     9.5    10.5    12.0    12.5
63869 20240122  2.622  -87.88   30.55    15.0     2.3     8.6     9.1     0.0     7.30 C    22.4    -1.5     9.2    76.8    39.8    63.7   0.175   0.157   0.194   0.216   0.248     9.3     9.7    10.4    11.7    12.2
63869 20240123  2.622  -87.88   30.55    18.8    13.4    16.1    15.9     0.0     3.55 C    24.2    11.4    15.5    93.0    69.2    84.5   0.173   0.154   0.190   0.212   0.249    11.5    11.5    11.5    12.0    12.3
63869 20240124  2.622  -87.88   30.55    22.2    16.8    19.5    19.6     1.7     2.45 C    23.6    15.1    19.1    94.7    85.3    91.2   0.171   0.153   0.189   0.209   0.247    13.5    13.3    12.9    12.7    12.8
63869 20240125  2.622  -87.88   30.55    24.9    16.4    20.7    19.8    11.9     4.90 C    30.1    15.4    19.7    95.9    82.8    91.9   0.178   0.152   0.189   0.207   0.246    15.4    15.1    14.4    13.7    13.7
63869 20240126  2.622  -87.88   30.55    23.3    14.2    18.8    17.7     0.0     5.31 C    29.4    12.3    17.2    96.4    71.9    89.8   0.193   0.159   0.198   0.214   0.246    15.6    15.5    15.0    14.6    14.4
63869 20240127  2.622  -87.88   30.55    19.8    11.7    15.7    16.8    40.6     1.39 C    21.2     9.0    16.0    95.9    75.4    90.9   0.236   0.195   0.222   0.243   0.269    15.9    15.8    15.4    15.1    15.0
63869 20240128  2.622  -87.88   30.55    13.9     6.3    10.1    10.3     0.0    10.54 C    19.8     2.9    10.1    84.6    58.0    73.1   0.213   0.187   0.228   0.254   0.283    14.8    14.9    15.1    15.3    15.3
63869 20240129  2.622  -87.88   30.55    15.2     2.9     9.0     8.2     0.0    14.67 C    22.2    -0.9     7.0    90.6    39.4    68.4   0.197   0.177   0.218   0.243   0.278    13.3    13.7    14.2    15.0    15.1
63869 20240130  2.622  -87.88   30.55    16.8    -0.6     8.1     9.0     0.0    13.98 C    25.6    -2.6     8.8    97.8    38.5    76.6   0.190   0.171   0.213   0.238   0.271    12.3    12.7    13.4    14.4    14.7
63869 20240131  2.622  -87.88   30.55    19.1     4.3    11.7    12.7     0.0    14.79 C    25.9     0.1    10.3    85.3    34.7    62.4   0.183   0.165   0.207   0.231   0.266    12.8    13.1    13.5    14.2    14.4
63869 20240201  2.622  -87.88   30.55    16.0     2.2     9.1     9.2     0.0    11.84 C    24.4    -0.7     8.9    95.2    43.8    76.2   0.178   0.162   0.204   0.227   0.262    12.3    12.7    13.2    14.0    14.3
63869 20240202  2.622  -87.88   30.55    18.8     3.8    11.3    10.8     0.0    14.61 C    27.4     0.6    10.7    97.6    42.2    79.0   0.175   0.158   0.199   0.223   0.260    12.6    12.9    13.2    13.9    14.2
63869 20240203  2.622  -87.88   30.55    18.0     2.7    10.3    12.1     2.9     5.96 C    21.6     0.3    11.0    98.9    50.9    78.2   0.174   0.157   0.198   0.221   0.258    12.4    12.7    13.1    13.9    14.1
63869 20240204  2.622  -87.88   30.55    19.1     9.0    14.1    13.5    25.5    12.18 C    25.8     7.9    14.4    93.2    55.1    82.6   0.206   0.164   0.202   0.221   0.257    13.5    13.5    13.6    14.0    14.1
63869 20240205  2.622  -87.88   30.55    13.0     7.1    10.0     9.3     0.3     4.63 C    18.1     3.6     9.4    93.2    71.6    84.4   0.227   0.183   0.222   0.243   0.267    13.2    13.4    13.7    14.2    14.3
63869 20240206  2.622  -87.88   30.55    19.9     5.1    12.5    11.4     0.0    15.62 C    26.3     0.7     9.7    94.8    29.2    66.6   0.204   0.176   0.219   0.243   0.272    12.7    13.0    13.3    14.0    14.2
63869 20240207  2.622  -87.88   30.55    18.4     3.2    10.8    10.5     0.0    13.98 C    28.7    -0.4     9.3    91.9    39.7    70.0   0.192   0.170   0.214   0.238   0.270    12.3    12.6    13.1    13.9    14.1
63869 20240208  2.622  -87.88   30.55    19.8     4.6    12.2    13.7     0.0    10.47 C    29.3     1.1    13.0    93.8    58.9    77.4   0.185   0.165   0.209   0.233   0.268    12.6    12.8    13.1    13.8    14.0
63869 20240209  2.622  -87.88   30.55    22.6    13.7    18.1    17.7     2.7     7.51 C    29.2    10.1    17.3    94.5    65.3    87.0   0.181   0.161   0.206   0.229   0.265    14.2    14.1    13.9    14.1    14.2
63869 20240210  2.622  -87.88   30.55    22.3    17.2    19.8    19.1     8.2     5.65 C    28.7    15.7    19.1    95.5    75.7    90.4   0.197   0.163   0.206   0.226   0.262    15.5    15.3    14.9    14.6    14.6
63869 20240211  2.622  -87.88   30.55    24.0    17.5    20.8    20.9     1.6     4.58 C    27.4    15.3    20.6    96.3    81.4    91.4   0.194   0.164   0.209   0.230   0.263    16.5    16.3    15.7    15.3    15.2
63869 20240212  2.622  -87.88   30.55    21.4     9.1    15.2    17.3     9.0     5.57 C    23.9     6.8    17.1    95.4    56.7    82.1   0.207   0.167   0.213   0.234   0.267    17.3    17.1    16.5    16.0    15.8
63869 20240213  2.622  -87.88   30.55    15.7     4.1     9.9    10.1     0.0    15.55 C    25.4     0.6    11.0    92.4    40.6    63.5   0.198   0.167   0.214   0.237   0.269    15.4    15.6    15.8    16.1    16.0
63869 20240214  2.622  -87.88   30.55    16.8     0.3     8.6     8.6     0.0    16.50 C    27.9    -1.7     9.3    96.8    35.1    71.8   0.189   0.165   0.211   0.233   0.268    13.9    14.3    14.8    15.6    15.7
63869 20240215  2.622  -87.88   30.55    19.2     6.5    12.9    12.1     0.0    10.63 C    27.8     5.4    13.0    93.7    53.5    78.9   0.183   0.161   0.206   0.230   0.264    14.0    14.2    14.5    15.2    15.4
63869 20240216  2.622  -87.88   30.55    16.3     9.6    13.0    13.6     0.9     2.59 C    18.3     8.5    13.6    96.0    81.9    92.3   0.181   0.158   0.203   0.227   0.262    14.3    14.4    14.6    15.1    15.3
63869 20240217  2.622  -87.88   30.55    15.7     5.1    10.4    10.1     4.3     2.85 C    14.8     4.4    10.1    95.6    52.2    79.7   0.183   0.159   0.201   0.222   0.261    14.4    14.6    14.8    15.2    15.3
63869 20240218  2.622  -87.88   30.55    12.0     1.2     6.6     5.9     0.0    10.94 C    19.2    -2.1     6.0    90.6    30.6    52.4   0.185   0.160   0.202   0.222   0.258    12.8    13.1    13.8    14.9    15.1
63869 20240219  2.622  -87.88   30.55    15.4    -2.3     6.6     6.3     0.0    17.57 C    25.5    -4.7     6.4    93.4    25.0    64.8   0.181   0.158   0.201   0.222   0.258    11.8    12.3    13.0    14.2    14.6
63869 20240220  2.622  -87.88   30.55    17.3    -0.1     8.6     8.6     0.0    16.84 C    27.7    -2.5     9.0    96.7    40.8    77.6   0.178   0.157   0.198   0.220   0.255    11.7    12.1    12.7    13.8    14.2
63869 20240221  2.622  -87.88   30.55    19.8     3.2    11.5    11.5     0.0    16.73 C    29.2     1.2    11.5    97.5    40.6    79.7   0.175   0.155   0.196   0.218   0.253    12.4    12.6    12.9    13.7    14.0
63869 20240222  2.622  -87.88   30.55    22.2     6.2    14.2    15.3     0.0    10.94 C    30.0     3.4    14.9    97.5    60.4    84.1   0.172   0.153   0.194   0.217   0.252    13.1    13.2    13.3    13.8    14.0
63869 20240223  2.622  -87.88   30.55    22.8    13.7    18.2    18.6     1.3    16.29 C    30.2     6.2    17.4    92.7    37.9    66.8   0.168   0.151   0.190   0.212   0.250    14.8    14.8    14.4    14.3    14.4
63869 20240224  2.622  -87.88   30.55    22.0     4.2    13.1    13.8     0.0    17.48 C    31.1     0.5    12.4    95.9    25.4    61.5   0.165   0.150   0.188   0.210   0.246    14.3    14.4    14.5    14.7    14.8
63869 20240225  2.622  -87.88   30.55    20.8     2.7    11.8    11.7     0.0    17.97 C    32.0    -0.8    11.2    92.8    29.9    66.2   0.162   0.148   0.186   0.208   0.244    13.7    13.9    14.2    14.7    14.8
63869 20240226  2.622  -87.88   30.55    22.8     6.5    14.6    15.9     0.0    16.10 C    32.6     3.3    16.2    96.7    56.0    80.3   0.158   0.146   0.184   0.205   0.244    13.9    14.0    14.1    14.6    14.8
63869 20240227  2.622  -87.88   30.55    23.3    18.0    20.6    20.6     0.0     9.58 C    29.8    15.9    20.3    92.0    74.2    83.7   0.155   0.145   0.181   0.199   0.241    15.7    15.5    15.1    15.0    15.0
63869 20240228  2.622  -87.88   30.55    24.7    12.0    18.4    19.8     0.0    13.30 C    34.8    10.1    20.7    92.7    48.5    75.6   0.152   0.145   0.179   0.197   0.236    16.9    16.7    16.1    15.6    15.5
63869 20240229  2.622  -87.88   30.55    13.7    10.3    12.0    12.1     0.0     7.39 C    21.7     9.7    13.2    51.5    26.4    36.9   0.150   0.142   0.178   0.195   0.237    15.7    15.7    15.8    16.0    15.9
63869 20240301  2.622  -87.88   30.55    20.0    10.4    15.2    15.4    22.1     2.94 C    21.3    10.1    15.6    96.9    47.6    86.8   0.172   0.146   0.181   0.192   0.232    15.2    15.2    15.3    15.7    15.8
63869 20240302  2.622  -87.88   30.55    21.0    14.9    18.0    17.4     0.0     6.51 C    27.2    13.4    18.6    97.0    82.8    92.6   0.187   0.154   0.195   0.208   0.238    16.2    16.1    15.8    15.8    15.8
63869 20240303  2.622  -87.88   30.55    25.8    15.0    20.4    19.4     0.0    14.06 C    35.2    11.9    20.7    96.6    54.7    83.4   0.180   0.154   0.196   0.213   0.241    17.1    16.9    16.5    16.2    16.1
63869 20240304  2.622  -87.88   30.55    21.0    17.4    19.2    18.9    14.0     4.89 C    26.5    17.6    19.8    96.5    83.8    92.1   0.176   0.152   0.193   0.213   0.243    17.5    17.3    16.9    16.7    16.5
63869 20240305  2.622  -87.88   30.55    21.6    13.6    17.6    17.9    12.0     3.78 C    25.1    11.5    17.7    95.9    72.7    89.2   0.222   0.172   0.214   0.229   0.250    17.6    17.5    17.2    17.0    16.8
63869 20240306  2.622  -87.88   30.55    24.3    13.0    18.7    18.4     0.0    17.03 C    33.1    10.5    19.5    97.0    59.1    84.6   0.203   0.171   0.219   0.243   0.265    17.7    17.6    17.3    17.1    17.0
63869 20240307  2.622  -87.88   30.55    24.2    10.0    17.1    16.7     0.0    15.41 C    34.0     7.7    17.5    97.6    53.3    82.9   0.190   0.164   0.211   0.236   0.264    17.4    17.3    17.2    17.2    17.1
63869 20240308  2.622  -87.88   30.55    23.3    11.1    17.2    19.2    25.6     4.56 C    25.4     8.8    18.8    97.9    82.4    92.2   0.192   0.161   0.207   0.232   0.264    17.4    17.3    17.2    17.2    17.1
63869 20240309  2.622  -87.88   30.55    21.7    12.4    17.1    18.1    72.7     5.77 C    22.7    11.3    18.2    95.7    68.9    82.3   0.244   0.203   0.245   0.270   0.307    19.1    18.8    18.4    18.0    17.8
63869 20240310  2.622  -87.88   30.55    18.4     7.5    13.0    12.8     0.0    18.55 C    28.7     4.2    13.9    80.4    34.8    58.0   0.202   0.175   0.222   0.245   0.291    17.5    17.6    17.7    17.9    17.8
63869 20240311  2.622  -87.88   30.55    17.2     4.2    10.7    11.1     0.0    13.93 C    31.1     2.1    11.4    87.9    23.7    55.9   0.189   0.167   0.215   0.235   0.279    16.0    16.2    16.7    17.4    17.4
63869 20240312  2.622  -87.88   30.55    20.1     2.9    11.5    11.6     0.0    19.74 C    33.0     0.7    13.1    97.3    33.1    73.9   0.182   0.162   0.207   0.228   0.273    15.2    15.4    15.9    16.8    17.0
63869 20240313  2.622  -87.88   30.55 -9999.0 -9999.0 -9999.0 -9999.0 -9999.0 -9999.00 U -9999.0 -9999.0 -9999.0 -9999.0 -9999.0 -9999.0 -99.000 -99.000 -99.000 -99.000 -99.000 -9999.0 -9999.0 -9999.0 -9999.0 -9999.0
63869 20240314  2.622  -87.88   30.55    23.0    13.0    18.0    19.2     0.0     9.14 C    32.1     9.8    19.7    96.8    82.7    91.9   0.175   0.157   0.199   0.221   0.265    16.4    16.4    16.3    16.6    16.6
63869 20240315  2.622  -87.88   30.55    25.8    16.4    21.1    20.7     5.4     5.12 C    35.9    15.3    21.0    92.8    81.0    90.6   0.174   0.155   0.196   0.218   0.261    17.9    17.7    17.3    17.0    16.9
63869 20240316  2.622  -87.88   30.55    23.8    15.0    19.4    18.2     0.3    15.25 C    34.2    13.2    20.4    94.6    59.1    84.2   0.176   0.154   0.194   0.214   0.258    18.2    18.0    17.6    17.4    17.3
63869 20240317  2.622  -87.88   30.55    19.0    13.4    16.2    16.7    21.9     4.17 C    21.9    12.4    17.2    96.9    79.8    92.4   0.202   0.160   0.201   0.215   0.257    17.8    17.8    17.6    17.6    17.5
63869 20240318  2.622  -87.88   30.55    18.7     7.4    13.1    14.5     0.0    18.16 C    30.0     4.9    16.0    94.7    27.9    58.4   0.211   0.170   0.218   0.233   0.264    17.6    17.6    17.5    17.6    17.5
63869 20240319  2.622  -87.88   30.55    15.2     1.4     8.3     8.8     0.0    22.88 C    29.8    -0.4    11.8    70.7    23.3    50.5   0.193   0.165   0.214   0.232   0.268    15.9    16.2    16.6    17.3    17.4
63869 20240320  2.622  -87.88   30.55    19.2     2.7    11.0    11.8     0.0    22.02 C    35.1     1.0    14.4    93.0    29.5    64.1   0.184   0.162   0.208   0.229   0.267    15.2    15.4    15.9    16.8    16.9
63869 20240321  2.622  -87.88   30.55    19.1     5.4    12.3    13.4     0.0    11.74 C    31.8     3.7    14.7    97.3    48.3    76.1   0.178   0.158   0.204   0.223   0.267    15.2    15.4    15.8    16.5    16.6
63869 20240322  2.622  -87.88   30.55    22.2    11.4    16.8    16.7     4.5    12.21 C    31.9     9.2    17.5    93.0    67.5    85.0   0.176   0.156   0.201   0.221   0.264    16.0    16.0    16.1    16.4    16.5
63869 20240323  2.622  -87.88   30.55    21.6     9.9    15.8    16.9     0.0    16.56 C    32.8     5.6    17.7    89.3    48.7    69.3   0.176   0.155   0.198   0.219   0.260    16.8    16.7    16.6    16.7    16.7
63869 20240324  2.622  -87.88   30.55    20.7     7.3    14.0    14.5     0.0    15.73 C    29.8     3.3    15.2    90.7    51.6    70.3   0.171   0.153   0.194   0.216   0.258    16.2    16.3    16.4    16.8    16.8
63869 20240325  2.622  -87.88   30.55    22.1    15.5    18.8    18.8     0.0     5.36 C    23.5    15.4    18.8    87.4    76.1    80.6   0.168   0.151   0.192   0.212   0.256    16.6    16.6    16.6    16.8    16.8
63869 20240326  2.622  -87.88   30.55    22.2    11.1    16.7    16.9    26.5     7.11 C    25.8     8.5    17.1    94.1    66.0    84.3   0.216   0.164   0.204   0.216   0.255    17.1    17.0    16.9    17.0    16.9
63869 20240327  2.622  -87.88   30.55    23.7     9.3    16.5    16.7     0.0    22.40 C    36.0     7.5    18.1    96.2    30.7    62.7   0.210   0.169   0.218   0.234   0.265    16.7    16.7    16.7    17.0    17.0
63869 20240328  2.622  -87.88   30.55    21.3     6.5    13.9    14.2     0.0    23.98 C    35.2     2.9    15.6    79.5    22.2    48.1   0.191   0.162   0.212   0.232   0.268    16.6    16.6    16.7    17.0    17.0
63869 20240329  2.622  -87.88   30.55    21.5     3.8    12.6    13.1     0.0    23.75 C    38.0     1.5    15.2    91.5    25.4    62.7   0.179   0.159   0.206   0.226   0.266    15.7    15.9    16.2    16.8    16.9
63869 20240330  2.622  -87.88   30.55    23.3     7.6    15.5    15.8     0.0    21.80 C    38.9     6.1    18.3    96.8    54.1    78.7   0.174   0.157   0.201   0.222   0.264    16.1    16.1    16.2    16.6    16.7
63869 20240331  2.622  -87.88   30.55    25.4    11.1    18.2    19.3     0.0    19.24 C    40.9     9.4    21.7    97.1    56.5    80.6   0.168   0.154   0.195   0.218   0.260    16.9    16.8    16.7    16.8    16.8
63869 20240401  2.622  -87.88   30.55    25.4    19.8    22.6    22.0     0.0    12.42 C    36.0    18.4    23.0    93.3    76.2    86.2   0.163   0.151   0.192   0.214   0.256    18.2    18.0    17.5    17.2    17.1
63869 20240402  2.622  -87.88   30.55    24.8    20.0    22.4    22.9     0.9     7.55 C    29.8    17.9    23.2    94.0    81.0    88.8   0.161   0.149   0.187   0.210   0.253    19.0    18.8    18.2    17.8    17.6
63869 20240403  2.622  -87.88   30.55    22.1    10.0    16.1    17.9     0.2    23.03 C    36.4     5.2    20.0    93.8    34.4    57.2   0.157   0.145   0.184   0.207   0.248    19.1    18.9    18.6    18.2    18.0
63869 20240404  2.622  -87.88   30.55    21.3     6.0    13.6    14.7     0.0    24.70 C    37.4     2.1    16.7    88.7    31.0    55.2   0.151   0.142   0.179   0.198   0.245    17.7    17.8    17.9    18.1    18.0
63869 20240405  2.622  -87.88   30.55    23.5     5.6    14.5    14.9     0.0    24.61 C    41.0     3.0    17.6    97.1    25.6    66.9   0.146   0.139   0.176   0.195   0.241    17.2    17.3    17.5    17.9    17.8
63869 20240406  2.622  -87.88   30.55    21.2     7.2    14.2    14.1     0.0    21.80 C    40.3     3.9    16.9    96.3    38.5    69.7   0.141   0.135   0.173   0.189   0.234    17.0    17.1    17.3    17.7    17.7
63869 20240407  2.622  -87.88   30.55 -9999.0 -9999.0 -9999.0 -9999.0 -9999.0 -9999.00 U -9999.0 -9999.0 -9999.0 -9999.0 -9999.0 -9999.0 -99.000 -99.000 -99.000 -99.000 -99.000 -9999.0 -9999.0 -9999.0 -9999.0 -9999.0
