96407 20240101  2.515 -159.00   66.56   -10.3   -14.6   -12.5   -12.7     0.0     0.00 C   -12.3   -18.3   -15.8    74.0    66.7    70.9 -99.000 -99.000 -99.000 -99.000 -99.000 -9999.0 -9999.0 -9999.0 -9999.0 -9999.0
96407 20240102  2.515 -159.00   66.56    -8.4   -11.5    -9.9   -10.0     0.0     0.00 C   -10.6   -15.3   -12.9    71.6    54.6    64.3 -99.000 -99.000 -99.000 -99.000 -99.000 -9999.0 -9999.0 -9999.0 -9999.0 -9999.0
96407 20240103  2.515 -159.00   66.56   -10.1   -13.2   -11.7   -11.7     0.0     0.00 C   -13.0   -17.5   -15.4    74.9    47.3    56.6 -99.000 -99.000 -99.000 -99.000 -99.000 -9999.0 -9999.0 -9999.0 -9999.0 -9999.0
96407 20240104  2.515 -159.00   66.56   -10.7   -16.6   -13.6   -12.7     0.0     0.00 C   -13.4   -22.8   -16.7    65.1    40.6    50.5 -99.000 -99.000 -99.000 -99.000 -99.000 -9999.0 -9999.0 -9999.0 -9999.0 -9999.0
96407 20240105  2.515 -159.00   66.56   -12.9   -20.5   -16.7   -17.2     0.0     0.00 C   -15.8   -25.2   -22.4    74.8    63.3    68.8 -99.000 -99.000 -99.000 -99.000 -99.000 -9999.0 -9999.0 -9999.0 -9999.0 -9999.0
96407 20240106  2.515 -159.00   66.56   -10.9   -18.3   -14.6   -12.9     0.0     0.00 C   -11.6   -22.8   -15.3    69.8    57.1    64.2 -99.000 -99.000 -99.000 -99.000 -99.000 -9999.0 -9999.0 -9999.0 -9999.0 -9999.0
96407 20240107  2.515 -159.00   66.56    -6.4   -12.0    -9.2    -8.5     6.3     0.00 C    -7.3   -14.1    -9.4    84.4    60.2    74.3 -99.000 -99.000 -99.000 -99.000 -99.000 -9999.0 -9999.0 -9999.0 -9999.0 -9999.0
96407 20240108  2.515 -159.00   66.56    -6.9    -9.3    -8.1    -7.8     0.0     0.00 C    -8.2   -15.3   -10.5    82.5    69.7    76.8 -99.000 -99.000 -99.000 -99.000 -99.000 -9999.0 -9999.0 -9999.0 -9999.0 -9999.0
96407 20240109  2.515 -159.00   66.56    -7.6   -12.4   -10.0    -9.8     0.9     0.01 C    -8.5   -12.6   -10.5    85.7    74.7    79.4 -99.000 -99.000 -99.000 -99.000 -99.000 -9999.0 -9999.0 -9999.0 -9999.0 -9999.0
96407 20240110  2.515 -159.00   66.56   -11.9   -21.0   -16.5   -16.2     0.0     0.00 C   -12.2   -28.8   -19.3    76.2    51.0    66.0 -99.000 -99.000 -99.000 -99.000 -99.000 -9999.0 -9999.0 -9999.0 -9999.0 -9999.0
96407 20240111  2.515 -159.00   66.56    -7.0   -14.2   -10.6    -9.9     0.0     0.00 C    -8.2   -15.2   -10.9    69.7    44.7    57.8 -99.000 -99.000 -99.000 -99.000 -99.000 -9999.0 -9999.0 -9999.0 -9999.0 -9999.0
96407 20240112  2.515 -159.00   66.56    -5.5   -10.5    -8.0    -7.8     0.2     0.06 C    -7.1   -15.2    -9.9    81.6    47.7    63.7 -99.000 -99.000 -99.000 -99.000 -99.000 -9999.0 -9999.0 -9999.0 -9999.0 -9999.0
96407 20240113  2.515 -159.00   66.56    -8.5   -15.4   -12.0   -12.4     0.0     0.01 C   -11.5   -20.2   -15.3    67.1    53.9    60.6 -99.000 -99.000 -99.000 -99.000 -99.000 -9999.0 -9999.0 -9999.0 -9999.0 -9999.0
96407 20240114  2.515 -159.00   66.56   -13.5   -16.3   -14.9   -14.9     0.5     0.00 C   -13.5   -16.4   -14.9    81.0    58.6    75.5 -99.000 -99.000 -99.000 -99.000 -99.000 -9999.0 -9999.0 -9999.0 -9999.0 -9999.0
96407 20240115  2.515 -159.00   66.56     1.6   -14.7    -6.6    -7.6     1.3     0.00 C    -0.1   -17.5    -8.2    90.0    75.6    82.0 -99.000 -99.000 -99.000 -99.000 -99.000 -9999.0 -9999.0 -9999.0 -9999.0 -9999.0
96407 20240116  2.515 -159.00   66.56     1.5   -14.1    -6.3    -5.9     3.0     0.02 C    -0.1   -18.3    -7.9    93.2    71.7    80.9 -99.000 -99.000 -99.000 -99.000 -99.000 -9999.0 -9999.0 -9999.0 -9999.0 -9999.0
96407 20240117  2.515 -159.00   66.56   -13.0   -21.1   -17.1   -18.1     0.0     0.36 C   -16.7   -23.6   -20.8    81.5    67.2    77.6 -99.000 -99.000 -99.000 -99.000 -99.000 -9999.0 -9999.0 -9999.0 -9999.0 -9999.0
96407 20240118  2.515 -159.00   66.56   -13.7   -19.5   -16.6   -17.1     0.0     0.43 C   -13.5   -21.3   -18.2    79.4    73.4    76.1 -99.000 -99.000 -99.000 -99.000 -99.000 -9999.0 -9999.0 -9999.0 -9999.0 -9999.0
96407 20240119  2.515 -159.00   66.56   -11.8   -22.8   -17.3   -18.2     0.0     0.19 C   -16.1   -55.8   -23.5    82.6    54.5    77.1 -99.000 -99.000 -99.000 -99.000 -99.000 -9999.0 -9999.0 -9999.0 -9999.0 -9999.0
96407 20240120  2.515 -159.00   66.56   -13.2   -29.5   -21.3   -21.3     0.0     0.25 U -9999.0 -9999.0 -9999.0    74.0    50.1    61.3 -99.000 -99.000 -99.000 -99.000 -99.000 -9999.0 -9999.0 -9999.0 -9999.0 -9999.0
96407 20240121  2.515 -159.00   66.56   -27.7   -37.0   -32.4   -33.9     0.0     0.25 C   -32.9   -59.5   -41.1    75.4    67.5    70.4 -99.000 -99.000 -99.000 -99.000 -99.000 -9999.0 -9999.0 -9999.0 -9999.0 -9999.0
96407 20240122  2.515 -159.00   66.56   -20.8   -37.2   -29.0   -29.8     0.0     0.20 C     0.0 -9999.0   -38.6    72.2    61.7    67.5 -99.000 -99.000 -99.000 -99.000 -99.000 -9999.0 -9999.0 -9999.0 -9999.0 -9999.0
96407 20240123  2.515 -159.00   66.56   -20.7   -33.4   -27.1   -25.1     0.0     0.17 C   -28.5   -51.4   -37.6    79.3    67.7    73.3 -99.000 -99.000 -99.000 -99.000 -99.000 -9999.0 -9999.0 -9999.0 -9999.0 -9999.0
96407 20240124  2.515 -159.00   66.56   -28.7   -39.4   -34.0   -32.0     0.0     0.10 C   -28.7   -53.6   -35.4    71.9    66.7    69.5 -99.000 -99.000 -99.000 -99.000 -99.000 -9999.0 -9999.0 -9999.0 -9999.0 -9999.0
96407 20240125  2.515 -159.00   66.56   -37.4   -42.4   -39.9   -40.7     0.0     0.30 C   -42.4   -45.5   -43.8    69.3    63.5    65.7 -99.000 -99.000 -99.000 -99.000 -99.000 -9999.0 -9999.0 -9999.0 -9999.0 -9999.0
96407 20240126  2.515 -159.00   66.56   -42.0   -44.5   -43.2   -43.5     0.0     0.35 C   -44.6   -46.8   -45.8    64.0    62.0    62.8 -99.000 -99.000 -99.000 -99.000 -99.000 -9999.0 -9999.0 -9999.0 -9999.0 -9999.0
96407 20240127  2.515 -159.00   66.56   -43.7   -45.6   -44.7   -44.8     0.0     0.40 C   -45.4   -47.7   -46.6    62.5    61.2    61.7 -99.000 -99.000 -99.000 -99.000 -99.000 -9999.0 -9999.0 -9999.0 -9999.0 -9999.0
96407 20240128  2.515 -159.00   66.56   -42.0   -46.8   -44.4   -44.1     0.0     0.46 C   -44.7   -49.5   -46.6    63.5    60.9    61.8 -99.000 -99.000 -99.000 -99.000 -99.000 -9999.0 -9999.0 -9999.0 -9999.0 -9999.0
96407 20240129  2.515 -159.00   66.56   -27.8   -47.0   -37.4   -38.3     0.2     0.16 C   -27.9 -9999.0   -41.9    71.0    60.9    65.3 -99.000 -99.000 -99.000 -99.000 -99.000 -9999.0 -9999.0 -9999.0 -9999.0 -9999.0
96407 20240130  2.515 -159.00   66.56   -26.5   -40.2   -33.3   -30.5     0.2     0.72 C   -27.7 -9999.0   -45.7    71.3    65.2    69.0 -99.000 -99.000 -99.000 -99.000 -99.000 -9999.0 -9999.0 -9999.0 -9999.0 -9999.0
96407 20240131  2.515 -159.00   66.56   -39.4   -44.8   -42.1   -41.7     0.0     0.78 C   -42.7   -48.2   -45.0    68.6    62.5    65.2 -99.000 -99.000 -99.000 -99.000 -99.000 -9999.0 -9999.0 -9999.0 -9999.0 -9999.0
96407 20240201  2.515 -159.00   66.56   -26.0   -42.2   -34.1   -30.9     0.0     0.68 C   -26.6 -9999.0   -37.7    73.3    63.8    70.2 -99.000 -99.000 -99.000 -99.000 -99.000 -9999.0 -9999.0 -9999.0 -9999.0 -9999.0
96407 20240202  2.515 -159.00   66.56   -31.1   -39.7   -35.4   -36.9     0.0     0.74 C   -35.9   -42.2   -40.0    72.7    64.9    67.6 -99.000 -99.000 -99.000 -99.000 -99.000 -9999.0 -9999.0 -9999.0 -9999.0 -9999.0
96407 20240203  2.515 -159.00   66.56   -36.3   -40.0   -38.2   -38.1     0.0     0.84 C   -38.8   -43.0   -40.7    67.1    64.4    65.3 -99.000 -99.000 -99.000 -99.000 -99.000 -9999.0 -9999.0 -9999.0 -9999.0 -9999.0
96407 20240204  2.515 -159.00   66.56   -18.7   -39.9   -29.3   -31.9     0.3     0.68 C   -19.4   -56.7   -37.6    74.4    64.2    68.7 -99.000 -99.000 -99.000 -99.000 -99.000 -9999.0 -9999.0 -9999.0 -9999.0 -9999.0
96407 20240205  2.515 -159.00   66.56   -11.7   -19.7   -15.7   -15.2     0.6     0.74 C   -12.2   -27.7   -17.1    84.4    70.4    77.4 -99.000 -99.000 -99.000 -99.000 -99.000 -9999.0 -9999.0 -9999.0 -9999.0 -9999.0
96407 20240206  2.515 -159.00   66.56    -9.2   -13.3   -11.3   -11.3     0.5     0.57 C    -9.8   -15.9   -12.2    82.7    73.4    79.1 -99.000 -99.000 -99.000 -99.000 -99.000 -9999.0 -9999.0 -9999.0 -9999.0 -9999.0
96407 20240207  2.515 -159.00   66.56    -6.3   -12.6    -9.4    -9.7     0.0     1.04 C    -6.7   -16.5   -12.3    84.9    73.1    78.8 -99.000 -99.000 -99.000 -99.000 -99.000 -9999.0 -9999.0 -9999.0 -9999.0 -9999.0
96407 20240208  2.515 -159.00   66.56    -4.6   -11.7    -8.1    -7.5     0.3     0.77 C    -5.9   -16.8    -9.3    84.9    70.4    76.4 -99.000 -99.000 -99.000 -99.000 -99.000 -9999.0 -9999.0 -9999.0 -9999.0 -9999.0
96407 20240209  2.515 -159.00   66.56    -6.4   -11.2    -8.8    -9.1     0.0     1.47 C    -8.3   -15.6   -11.8    76.9    65.3    71.6 -99.000 -99.000 -99.000 -99.000 -99.000 -9999.0 -9999.0 -9999.0 -9999.0 -9999.0
96407 20240210  2.515 -159.00   66.56    -4.6   -10.1    -7.3    -7.1     0.9     0.75 C    -5.5   -15.5    -8.5    89.0    71.1    81.1 -99.000 -99.000 -99.000 -99.000 -99.000 -9999.0 -9999.0 -9999.0 -9999.0 -9999.0
96407 20240211  2.515 -159.00   66.56    -3.1   -11.7    -7.4    -5.9     1.6     0.92 C    -3.7   -16.9    -8.1    91.0    78.6    85.6 -99.000 -99.000 -99.000 -99.000 -99.000 -9999.0 -9999.0 -9999.0 -9999.0 -9999.0
96407 20240212  2.515 -159.00   66.56    -3.0    -9.6    -6.3    -6.3     1.2     1.39 C    -3.8   -12.8    -8.6    89.6    69.4    78.7 -99.000 -99.000 -99.000 -99.000 -99.000 -9999.0 -9999.0 -9999.0 -9999.0 -9999.0
96407 20240213  2.515 -159.00   66.56     3.2    -3.1     0.0     0.6     0.5     0.78 C     0.0    -3.8    -1.1    90.1    61.5    79.2 -99.000 -99.000 -99.000 -99.000 -99.000 -9999.0 -9999.0 -9999.0 -9999.0 -9999.0
96407 20240214  2.515 -159.00   66.56     2.2    -9.9    -3.9    -5.6     1.2     1.02 C    -0.1   -11.9    -6.3    91.1    71.5    81.1 -99.000 -99.000 -99.000 -99.000 -99.000 -9999.0 -9999.0 -9999.0 -9999.0 -9999.0
96407 20240215  2.515 -159.00   66.56    -9.1   -14.3   -11.7   -11.3     0.4     1.10 C    -8.6   -13.8   -10.7    85.9    79.1    82.3 -99.000 -99.000 -99.000 -99.000 -99.000 -9999.0 -9999.0 -9999.0 -9999.0 -9999.0
96407 20240216  2.515 -159.00   66.56   -10.5   -22.3   -16.4   -14.4     2.7     1.07 C   -10.0   -26.1   -15.1    87.5    78.6    81.8 -99.000 -99.000 -99.000 -99.000 -99.000 -9999.0 -9999.0 -9999.0 -9999.0 -9999.0
96407 20240217  2.515 -159.00   66.56   -11.4   -25.0   -18.2   -19.1     0.0     1.13 C   -11.7   -40.5   -20.4    85.6    70.9    77.5 -99.000 -99.000 -99.000 -99.000 -99.000 -9999.0 -9999.0 -9999.0 -9999.0 -9999.0
96407 20240218  2.515 -159.00   66.56    -9.0   -11.4   -10.2   -10.6     1.6     1.56 C    -9.3   -11.9   -10.9    84.9    63.8    75.0 -99.000 -99.000 -99.000 -99.000 -99.000 -9999.0 -9999.0 -9999.0 -9999.0 -9999.0
96407 20240219  2.515 -159.00   66.56    -4.9    -9.2    -7.0    -7.5     1.3     1.10 C    -5.6   -10.3    -8.0    86.7    77.1    81.8 -99.000 -99.000 -99.000 -99.000 -99.000 -9999.0 -9999.0 -9999.0 -9999.0 -9999.0
96407 20240220  2.515 -159.00   66.56    -3.2    -6.5    -4.9    -4.9    11.9     0.94 C    -3.3    -6.8    -5.3    91.0    77.7    85.3 -99.000 -99.000 -99.000 -99.000 -99.000 -9999.0 -9999.0 -9999.0 -9999.0 -9999.0
96407 20240221  2.515 -159.00   66.56    -4.6   -15.7   -10.2    -7.5     0.0     2.48 C    -6.0   -22.1   -10.5    89.4    68.3    79.4 -99.000 -99.000 -99.000 -99.000 -99.000 -9999.0 -9999.0 -9999.0 -9999.0 -9999.0
96407 20240222  2.515 -159.00   66.56    -2.6   -13.0    -7.8    -5.5     0.0     3.50 C    -3.5   -20.3    -8.3    87.0    70.7    79.1 -99.000 -99.000 -99.000 -99.000 -99.000 -9999.0 -9999.0 -9999.0 -9999.0 -9999.0
96407 20240223  2.515 -159.00   66.56    -6.5   -12.5    -9.5    -9.2     0.0     2.36 C    -7.6   -19.0   -11.3    88.1    77.2    82.5 -99.000 -99.000 -99.000 -99.000 -99.000 -9999.0 -9999.0 -9999.0 -9999.0 -9999.0
96407 20240224  2.515 -159.00   66.56    -6.0   -12.3    -9.1    -9.0     2.9     3.37 C    -6.6   -15.2   -10.0    88.4    77.8    83.2 -99.000 -99.000 -99.000 -99.000 -99.000 -9999.0 -9999.0 -9999.0 -9999.0 -9999.0
96407 20240225  2.515 -159.00   66.56   -10.2   -16.5   -13.4   -12.3     1.7     3.22 C   -10.0   -18.4   -12.4    84.5    79.5    81.8 -99.000 -99.000 -99.000 -99.000 -99.000 -9999.0 -9999.0 -9999.0 -9999.0 -9999.0
96407 20240226  2.515 -159.00   66.56   -13.9   -30.2   -22.1   -19.0     0.0     4.32 C   -14.4   -42.9   -22.5    83.0    63.5    74.8 -99.000 -99.000 -99.000 -99.000 -99.000 -9999.0 -9999.0 -9999.0 -9999.0 -9999.0
96407 20240227  2.515 -159.00   66.56   -21.9   -30.3   -26.1   -24.1     0.0     4.46 C   -24.2   -46.0   -28.0    84.0    71.8    74.1 -99.000 -99.000 -99.000 -99.000 -99.000 -9999.0 -9999.0 -9999.0 -9999.0 -9999.0
96407 20240228  2.515 -159.00   66.56   -25.8   -29.3   -27.6   -27.5     0.0     4.62 C   -27.3 -9999.0   -34.9    72.5    68.6    70.7 -99.000 -99.000 -99.000 -99.000 -99.000 -9999.0 -9999.0 -9999.0 -9999.0 -9999.0
96407 20240229  2.515 -159.00   66.56   -28.0   -37.8   -32.9   -31.0     0.0     5.22 C   -32.0   -54.0   -36.3    74.3    67.3    70.6 -99.000 -99.000 -99.000 -99.000 -99.000 -9999.0 -9999.0 -9999.0 -9999.0 -9999.0
96407 20240301  2.515 -159.00   66.56 -9999.0 -9999.0 -9999.0 -9999.0 -9999.0 -9999.00 U -9999.0 -9999.0 -9999.0 -9999.0 -9999.0 -9999.0 -99.000 -99.000 -99.000 -99.000 -99.000 -9999.0 -9999.0 -9999.0 -9999.0 -9999.0
96407 20240302  2.515 -159.00   66.56 -9999.0 -9999.0 -9999.0 -9999.0 -9999.0 -9999.00 U -9999.0 -9999.0 -9999.0 -9999.0 -9999.0 -9999.0 -99.000 -99.000 -99.000 -99.000 -99.000 -9999.0 -9999.0 -9999.0 -9999.0 -9999.0
96407 20240303  2.515 -159.00   66.56 -9999.0 -9999.0 -9999.0 -9999.0 -9999.0 -9999.00 U -9999.0 -9999.0 -9999.0 -9999.0 -9999.0 -9999.0 -99.000 -99.000 -99.000 -99.000 -99.000 -9999.0 -9999.0 -9999.0 -9999.0 -9999.0
96407 20240304  2.515 -159.00   66.56     0.0   -11.1    -5.5    -8.0 -9999.0     3.21 C     0.0   -11.4    -8.6 -9999.0 -9999.0 -9999.0 -99.000 -99.000 -99.000 -99.000 -99.000 -9999.0 -9999.0 -9999.0 -9999.0 -9999.0
96407 20240305  2.515 -159.00   66.56 -9999.0 -9999.0 -9999.0 -9999.0 -9999.0 -9999.00 U -9999.0 -9999.0 -9999.0 -9999.0 -9999.0 -9999.0 -99.000 -99.000 -99.000 -99.000 -99.000 -9999.0 -9999.0 -9999.0 -9999.0 -9999.0
96407 20240306  2.515 -159.00   66.56 -9999.0 -9999.0 -9999.0 -9999.0 -9999.0 -9999.00 U -9999.0 -9999.0 -9999.0 -9999.0 -9999.0 -9999.0 -99.000 -99.000 -99.000 -99.000 -99.000 -9999.0 -9999.0 -9999.0 -9999.0 -9999.0
96407 20240307  2.515 -159.00   66.56   -15.9   -28.8   -22.4   -22.1     0.0     6.55 C   -19.6   -48.4   -27.6    82.0    62.5    71.6 -99.000 -99.000 -99.000 -99.000 -99.000 -9999.0 -9999.0 -9999.0 -9999.0 -9999.0
96407 20240308  2.515 -159.00   66.56     0.0   -36.2   -18.1   -29.3 -9999.0     6.92 U -9999.0 -9999.0 -9999.0 -9999.0 -9999.0 -9999.0 -99.000 -99.000 -99.000 -99.000 -99.000 -9999.0 -9999.0 -9999.0 -9999.0 -9999.0
96407 20240309  2.515 -159.00   66.56     0.0   -34.3   -17.2   -27.8 -9999.0     7.40 U -9999.0 -9999.0 -9999.0 -9999.0 -9999.0 -9999.0 -99.000 -99.000 -99.000 -99.000 -99.000 -9999.0 -9999.0 -9999.0 -9999.0 -9999.0
96407 20240310  2.515 -159.00   66.56 -9999.0 -9999.0 -9999.0 -9999.0 -9999.0 -9999.00 U -9999.0 -9999.0 -9999.0 -9999.0 -9999.0 -9999.0 -99.000 -99.000 -99.000 -99.000 -99.000 -9999.0 -9999.0 -9999.0 -9999.0 -9999.0
96407 20240311  2.515 -159.00   66.56 -9999.0 -9999.0 -9999.0 -9999.0 -9999.0 -9999.00 U -9999.0 -9999.0 -9999.0 -9999.0 -9999.0 -9999.0 -99.000 -99.000 -99.000 -99.000 -99.000 -9999.0 -9999.0 -9999.0 -9999.0 -9999.0
96407 20240312  2.515 -159.00   66.56 -9999.0 -9999.0 -9999.0 -9999.0 -9999.0 -9999.00 U -9999.0 -9999.0 -9999.0 -9999.0 -9999.0 -9999.0 -99.000 -99.000 -99.000 -99.000 -99.000 -9999.0 -9999.0 -9999.0 -9999.0 -9999.0
96407 20240313  2.515 -159.00   66.56 -9999.0 -9999.0 -9999.0 -9999.0 -9999.0 -9999.00 U -9999.0 -9999.0 -9999.0 -9999.0 -9999.0 -9999.0 -99.000 -99.000 -99.000 -99.000 -99.000 -9999.0 -9999.0 -9999.0 -9999.0 -9999.0
96407 20240314  2.515 -159.00   66.56 -9999.0 -9999.0 -9999.0 -9999.0 -9999.0 -9999.00 U -9999.0 -9999.0 -9999.0 -9999.0 -9999.0 -9999.0 -99.000 -99.000 -99.000 -99.000 -99.000 -9999.0 -9999.0 -9999.0 -9999.0 -9999.0
96407 20240315  2.515 -159.00   66.56 -9999.0 -9999.0 -9999.0 -9999.0 -9999.0 -9999.00 U -9999.0 -9999.0 -9999.0 -9999.0 -9999.0 -9999.0 -99.000 -99.000 -99.000 -99.000 -99.000 -9999.0 -9999.0 -9999.0 -9999.0 -9999.0
96407 20240316  2.515 -159.00   66.56 -9999.0 -9999.0 -9999.0 -9999.0 -9999.0 -9999.00 U -9999.0 -9999.0 -9999.0 -9999.0 -9999.0 -9999.0 -99.000 -99.000 -99.000 -99.000 -99.000 -9999.0 -9999.0 -9999.0 -9999.0 -9999.0
96407 20240317  2.515 -159.00   66.56   -14.7   -29.3   -22.0   -17.9     0.3     5.84 C   -14.9   -28.9   -20.6    74.1    55.7    66.3 -99.000 -99.000 -99.000 -99.000 -99.000 -9999.0 -9999.0 -9999.0 -9999.0 -9999.0
96407 20240318  2.515 -159.00   66.56     0.0   -20.7   -10.4   -14.3 -9999.0     7.03 C     0.0   -28.8   -18.7 -9999.0 -9999.0 -9999.0 -99.000 -99.000 -99.000 -99.000 -99.000 -9999.0 -9999.0 -9999.0 -9999.0 -9999.0
96407 20240319  2.515 -159.00   66.56     0.0   -11.3    -5.6    -6.4     0.0     6.18 C     0.0   -14.2    -8.9    70.1    52.1    62.9 -99.000 -99.000 -99.000 -99.000 -99.000 -9999.0 -9999.0 -9999.0 -9999.0 -9999.0
96407 20240320  2.515 -159.00   66.56     0.5    -4.9    -2.2    -2.5     0.6     5.60 C    -1.3    -6.9    -4.0    88.2    63.6    75.7 -99.000 -99.000 -99.000 -99.000 -99.000 -9999.0 -9999.0 -9999.0 -9999.0 -9999.0
96407 20240321  2.515 -159.00   66.56     2.5    -1.6     0.4     1.1     1.4     3.35 C     0.0    -2.4    -0.5    91.5    74.8    82.8 -99.000 -99.000 -99.000 -99.000 -99.000 -9999.0 -9999.0 -9999.0 -9999.0 -9999.0
96407 20240322  2.515 -159.00   66.56     2.8    -1.9     0.5     1.3     0.2     6.18 C     0.1    -2.0    -0.4    87.7    65.3    77.4 -99.000 -99.000 -99.000 -99.000 -99.000 -9999.0 -9999.0 -9999.0 -9999.0 -9999.0
96407 20240323  2.515 -159.00   66.56    -1.8    -8.9    -5.3    -6.6     0.0     8.59 C    -1.7   -10.1    -5.8    91.5    73.1    85.7 -99.000 -99.000 -99.000 -99.000 -99.000 -9999.0 -9999.0 -9999.0 -9999.0 -9999.0
96407 20240324  2.515 -159.00   66.56    -0.9    -8.0    -4.4    -3.7     2.6     6.97 C    -0.3   -10.9    -3.9    91.0    75.8    86.8 -99.000 -99.000 -99.000 -99.000 -99.000 -9999.0 -9999.0 -9999.0 -9999.0 -9999.0
96407 20240325  2.515 -159.00   66.56    -2.1    -5.5    -3.8    -3.8     0.0     7.48 C    -2.6    -7.4    -4.5    84.0    64.2    72.3 -99.000 -99.000 -99.000 -99.000 -99.000 -9999.0 -9999.0 -9999.0 -9999.0 -9999.0
96407 20240326  2.515 -159.00   66.56    -0.1    -6.1    -3.1    -3.6     0.0     7.63 C    -1.0    -7.7    -4.5    83.8    66.7    73.5 -99.000 -99.000 -99.000 -99.000 -99.000 -9999.0 -9999.0 -9999.0 -9999.0 -9999.0
96407 20240327  2.515 -159.00   66.56    -0.9   -14.5    -7.7    -4.5     2.4     7.66 C    -2.2   -18.6    -5.1    92.4    69.7    83.3 -99.000 -99.000 -99.000 -99.000 -99.000 -9999.0 -9999.0 -9999.0 -9999.0 -9999.0
96407 20240328  2.515 -159.00   66.56    -7.4   -17.5   -12.5   -12.4     0.0     9.06 C    -7.7   -18.8   -12.3    87.7    79.5    83.6 -99.000 -99.000 -99.000 -99.000 -99.000 -9999.0 -9999.0 -9999.0 -9999.0 -9999.0
96407 20240329  2.515 -159.00   66.56    -0.7    -7.4    -4.1    -4.2     0.0    11.83 C    -2.0   -10.9    -6.1    88.2    68.3    77.1 -99.000 -99.000 -99.000 -99.000 -99.000 -9999.0 -9999.0 -9999.0 -9999.0 -9999.0
96407 20240330  2.515 -159.00   66.56     1.1    -5.1    -2.0    -1.2     0.6     8.96 C    -0.1    -7.6    -2.3    89.8    67.0    80.2 -99.000 -99.000 -99.000 -99.000 -99.000 -9999.0 -9999.0 -9999.0 -9999.0 -9999.0
96407 20240331  2.515 -159.00   66.56    -2.8   -18.5   -10.6   -11.1     0.4     8.18 C    -4.5   -19.5   -11.0    86.6    61.2    77.6 -99.000 -99.000 -99.000 -99.000 -99.000 -9999.0 -9999.0 -9999.0 -9999.0 -9999.0
96407 20240401  2.515 -159.00   66.56   -18.2   -23.0   -20.6   -19.9     0.6    11.23 C   -18.0   -35.6   -20.5    78.5    68.4    74.0 -99.000 -99.000 -99.000 -99.000 -99.000 -9999.0 -9999.0 -9999.0 -9999.0 -9999.0
96407 20240402  2.515 -159.00   66.56   -14.9   -26.1   -20.5   -21.0     0.0    13.71 C   -16.0   -36.0   -23.2    75.2    54.5    65.9 -99.000 -99.000 -99.000 -99.000 -99.000 -9999.0 -9999.0 -9999.0 -9999.0 -9999.0
96407 20240403  2.515 -159.00   66.56     0.0   -15.0    -7.5    -8.4     4.0     7.04 C    -0.8   -16.0    -9.0    91.2    52.5    79.2 -99.000 -99.000 -99.000 -99.000 -99.000 -9999.0 -9999.0 -9999.0 -9999.0 -9999.0
96407 20240404  2.515 -159.00   66.56     0.4    -4.9    -2.3    -2.0     1.5     8.66 C    -0.5    -7.0    -3.2    91.7    76.7    85.0 -99.000 -99.000 -99.000 -99.000 -99.000 -9999.0 -9999.0 -9999.0 -9999.0 -9999.0
96407 20240405  2.515 -159.00   66.56     1.1    -6.8    -2.8    -1.8     0.0     9.67 C     0.1    -7.2    -2.8    88.7    68.9    81.8 -99.000 -99.000 -99.000 -99.000 -99.000 -9999.0 -9999.0 -9999.0 -9999.0 -9999.0
96407 20240406  2.515 -159.00   66.56    -6.8   -15.0   -10.9    -9.9     0.0    11.55 C    -5.8   -16.8    -9.5    86.5    78.7    82.4 -99.000 -99.000 -99.000 -99.000 -99.000 -9999.0 -9999.0 -9999.0 -9999.0 -9999.0
96407 20240407  2.515 -159.00   66.56 -9999.0 -9999.0 -9999.0 -9999.0 -9999.0 -9999.00 U -9999.0 -9999.0 -9999.0 -9999.0 -9999.0 -9999.0 -99.000 -99.000 -99.000 -99.000 -99.000 -9999.0 -9999.0 -9999.0 -9999.0 -9999.0
