94078 20240101  2.623 -108.67   42.68     2.4    -9.0    -3.3    -4.5     0.0     9.00 C    -1.9   -17.1   -11.7    75.9    41.3    64.9 -99.000 -99.000 -99.000 -99.000 -99.000    -1.0    -0.7 -9999.0 -9999.0 -9999.0
94078 20240102  2.623 -108.67   42.68     2.3    -8.3    -3.0    -3.9     0.0     9.10 C    -2.2   -17.4   -11.2    68.8    39.6    53.6 -99.000 -99.000 -99.000 -99.000 -99.000    -1.1    -0.7 -9999.0 -9999.0 -9999.0
94078 20240103  2.623 -108.67   42.68    -3.4   -12.8    -8.1    -7.0     0.0     7.51 C    -3.9   -20.3   -13.1    72.8    46.0    61.4 -99.000 -99.000 -99.000 -99.000 -99.000    -1.2    -0.8 -9999.0 -9999.0 -9999.0
94078 20240104  2.623 -108.67   42.68     0.5    -8.9    -4.2    -5.4     0.0     4.83 C    -2.1   -14.6    -9.7    72.8    50.9    62.9 -99.000 -99.000 -99.000 -99.000 -99.000    -1.3    -0.9 -9999.0 -9999.0 -9999.0
94078 20240105  2.623 -108.67   42.68     1.4    -7.2    -2.9    -3.7     0.9     6.53 C    -0.8   -15.0    -8.4    90.1    35.7    59.2 -99.000 -99.000 -99.000 -99.000 -99.000    -1.2    -0.9 -9999.0 -9999.0 -9999.0
94078 20240106  2.623 -108.67   42.68    -1.3   -10.9    -6.1    -6.0     0.0     7.83 C    -4.7   -20.9   -11.4    71.8    37.0    50.9 -99.000 -99.000 -99.000 -99.000 -99.000    -1.2    -1.0 -9999.0 -9999.0 -9999.0
94078 20240107  2.623 -108.67   42.68    -2.5   -12.6    -7.6    -6.9     1.3     5.15 C    -3.6   -20.3    -9.6    89.1    48.0    70.3 -99.000 -99.000 -99.000 -99.000 -99.000    -1.4    -1.0 -9999.0 -9999.0 -9999.0
94078 20240108  2.623 -108.67   42.68    -6.2   -13.6    -9.9    -9.4     3.3     8.40 C    -7.7   -22.7   -13.9    88.3    43.5    66.1 -99.000 -99.000 -99.000 -99.000 -99.000    -1.2    -1.0 -9999.0 -9999.0 -9999.0
94078 20240109  2.623 -108.67   42.68     3.2   -13.7    -5.3    -5.6     0.0     5.50 C    -2.2   -23.5   -10.5    74.7    31.8    50.1 -99.000 -99.000 -99.000 -99.000 -99.000    -1.2    -1.0 -9999.0 -9999.0 -9999.0
94078 20240110  2.623 -108.67   42.68    -1.4    -9.9    -5.7    -4.6     0.0     7.68 C    -4.6   -20.8   -10.7    67.6    26.1    39.6 -99.000 -99.000 -99.000 -99.000 -99.000    -1.5    -1.1 -9999.0 -9999.0 -9999.0
94078 20240111  2.623 -108.67   42.68    -5.4   -12.2    -8.8    -9.4     0.5     9.53 C    -7.4   -22.3   -14.4    85.5    34.1    63.4 -99.000 -99.000 -99.000 -99.000 -99.000    -1.7    -1.3 -9999.0 -9999.0 -9999.0
94078 20240112  2.623 -108.67   42.68    -5.0   -24.3   -14.7   -14.6     1.6     5.43 C    -6.2   -25.8   -15.2    75.2    40.0    66.6 -99.000 -99.000 -99.000 -99.000 -99.000    -1.8    -1.4 -9999.0 -9999.0 -9999.0
94078 20240113  2.623 -108.67   42.68 -9999.0 -9999.0 -9999.0 -9999.0     0.2     7.83 C   -23.2   -41.0   -29.5    75.8    47.4    67.8 -99.000 -99.000 -99.000 -99.000 -99.000    -2.4    -1.7 -9999.0 -9999.0 -9999.0
94078 20240114  2.623 -108.67   42.68 -9999.0 -9999.0 -9999.0 -9999.0 -9999.0 -9999.00 U -9999.0 -9999.0 -9999.0 -9999.0 -9999.0 -9999.0 -99.000 -99.000 -99.000 -99.000 -99.000 -9999.0 -9999.0 -9999.0 -9999.0 -9999.0
94078 20240115  2.623 -108.67   42.68   -19.8   -27.6   -23.7   -23.2     1.4    10.19 C   -20.9   -37.9   -27.0    76.2    46.3    64.1 -99.000 -99.000 -99.000 -99.000 -99.000    -3.0    -2.3 -9999.0 -9999.0 -9999.0
94078 20240116  2.623 -108.67   42.68 -9999.0 -9999.0 -9999.0 -9999.0 -9999.0 -9999.00 U -9999.0 -9999.0 -9999.0 -9999.0 -9999.0 -9999.0 -99.000 -99.000 -99.000 -99.000 -99.000 -9999.0 -9999.0 -9999.0 -9999.0 -9999.0
94078 20240117  2.623 -108.67   42.68     4.8   -14.6    -4.9    -3.2     0.0     8.97 C    -0.5   -20.1    -9.3    68.0    30.1    49.0 -99.000 -99.000 -99.000 -99.000 -99.000    -3.0    -2.6 -9999.0 -9999.0 -9999.0
94078 20240118  2.623 -108.67   42.68     5.7   -14.5    -4.4    -6.6     0.0     6.48 C    -3.0   -21.0    -9.9    81.3    28.8    61.4 -99.000 -99.000 -99.000 -99.000 -99.000    -2.5    -2.2 -9999.0 -9999.0 -9999.0
94078 20240119  2.623 -108.67   42.68    -9.9   -17.8   -13.8   -13.3     0.0     4.05 C   -10.2   -22.9   -15.3    82.4    67.6    74.8 -99.000 -99.000 -99.000 -99.000 -99.000    -2.9    -2.4 -9999.0 -9999.0 -9999.0
94078 20240120  2.623 -108.67   42.68     5.2   -13.3    -4.1    -7.5     0.0     9.36 C    -0.5   -18.0    -9.7    79.2    52.1    66.5 -99.000 -99.000 -99.000 -99.000 -99.000    -2.8    -2.4 -9999.0 -9999.0 -9999.0
94078 20240121  2.623 -108.67   42.68     5.7    -9.4    -1.9    -0.6     0.0     8.42 C     1.3   -13.8    -4.8    80.6    43.8    63.0 -99.000 -99.000 -99.000 -99.000 -99.000    -2.4    -2.2 -9999.0 -9999.0 -9999.0
94078 20240122  2.623 -108.67   42.68     0.4    -6.9    -3.3    -2.8     0.0     9.76 C    -0.2   -13.5    -8.4    83.3    54.2    67.8 -99.000 -99.000 -99.000 -99.000 -99.000    -2.1    -1.9 -9999.0 -9999.0 -9999.0
94078 20240123  2.623 -108.67   42.68     2.2    -6.8    -2.3    -2.9     0.0    10.01 C     0.0   -14.4    -8.7    78.7    48.2    63.3 -99.000 -99.000 -99.000 -99.000 -99.000    -2.3    -2.0 -9999.0 -9999.0 -9999.0
94078 20240124  2.623 -108.67   42.68     4.7    -5.5    -0.4    -0.3     0.0    10.69 C     0.8   -12.5    -6.1    69.6    43.6    55.6 -99.000 -99.000 -99.000 -99.000 -99.000    -2.1    -2.0 -9999.0 -9999.0 -9999.0
94078 20240125  2.623 -108.67   42.68     1.6    -5.4    -1.9    -2.2     0.0     4.85 C    -0.5   -11.9    -5.7    75.1    48.1    61.2 -99.000 -99.000 -99.000 -99.000 -99.000    -2.0    -1.8 -9999.0 -9999.0 -9999.0
94078 20240126  2.623 -108.67   42.68     4.4    -4.8    -0.2    -0.2     0.0    10.88 C     0.7   -12.1    -5.3    76.5    42.7    59.2 -99.000 -99.000 -99.000 -99.000 -99.000    -1.8    -1.7 -9999.0 -9999.0 -9999.0
94078 20240127  2.623 -108.67   42.68     4.9    -6.2    -0.7    -1.2     0.0    11.24 C     1.0   -14.4    -7.5    71.9    29.5    50.1 -99.000 -99.000 -99.000 -99.000 -99.000    -1.9    -1.7 -9999.0 -9999.0 -9999.0
94078 20240128  2.623 -108.67   42.68     8.7    -3.9     2.4     3.4     0.0    10.17 C     1.8   -10.5    -3.3    75.1    40.8    56.7 -99.000 -99.000 -99.000 -99.000 -99.000    -1.7    -1.6 -9999.0 -9999.0 -9999.0
94078 20240129  2.623 -108.67   42.68    10.1    -1.8     4.2     3.9     0.0    11.57 C     2.3    -8.0    -2.9    82.3    36.6    58.2 -99.000 -99.000 -99.000 -99.000 -99.000    -1.3    -1.3 -9999.0 -9999.0 -9999.0
94078 20240130  2.623 -108.67   42.68     4.9    -2.5     1.2     0.3     0.0    11.79 C     1.8   -10.1    -5.0    75.8    50.1    64.0 -99.000 -99.000 -99.000 -99.000 -99.000    -0.9    -1.0 -9999.0 -9999.0 -9999.0
94078 20240131  2.623 -108.67   42.68     6.5    -4.3     1.1     0.2     0.0    11.93 C     2.1   -11.0    -5.1    80.9    47.8    66.9 -99.000 -99.000 -99.000 -99.000 -99.000    -1.0    -0.9 -9999.0 -9999.0 -9999.0
94078 20240201  2.623 -108.67   42.68     7.1    -5.2     1.0     0.5     0.0    11.78 C     2.0   -11.7    -4.5    76.8    35.9    60.6 -99.000 -99.000 -99.000 -99.000 -99.000    -1.0    -0.9 -9999.0 -9999.0 -9999.0
94078 20240202  2.623 -108.67   42.68     4.2    -2.4     0.9     1.4     1.7     5.56 C     1.7    -5.1    -1.2    83.5    51.4    69.6 -99.000 -99.000 -99.000 -99.000 -99.000    -0.7    -0.7 -9999.0 -9999.0 -9999.0
94078 20240203  2.623 -108.67   42.68     3.4    -0.3     1.6     0.9    24.8     1.08 C     0.4    -0.4     0.1    95.3    79.5    91.1 -99.000 -99.000 -99.000 -99.000 -99.000    -0.3    -0.4 -9999.0 -9999.0 -9999.0
94078 20240204  2.623 -108.67   42.68     2.4    -7.5    -2.5    -0.7     4.1    11.09 C    -0.1   -14.7    -3.5    95.2    35.0    68.9 -99.000 -99.000 -99.000 -99.000 -99.000    -0.2    -0.3 -9999.0 -9999.0 -9999.0
94078 20240205  2.623 -108.67   42.68     4.9    -8.9    -2.0    -0.6     0.0     9.47 C     0.7   -13.9    -4.0    91.8    50.5    68.6 -99.000 -99.000 -99.000 -99.000 -99.000    -0.2    -0.3 -9999.0 -9999.0 -9999.0
94078 20240206  2.623 -108.67   42.68     8.0    -4.3     1.9     2.6     0.2     9.18 C     2.8    -7.4    -1.4    86.9    40.3    67.2 -99.000 -99.000 -99.000 -99.000 -99.000    -0.2    -0.3 -9999.0 -9999.0 -9999.0
94078 20240207  2.623 -108.67   42.68     5.3    -1.2     2.0     2.8     0.0     9.81 C     2.8    -4.0    -0.3    79.0    58.1    68.3 -99.000 -99.000 -99.000 -99.000 -99.000    -0.2    -0.3 -9999.0 -9999.0 -9999.0
94078 20240208  2.623 -108.67   42.68     4.0    -5.2    -0.6    -0.6     0.0    12.98 C     2.3    -9.1    -3.8    81.8    29.3    53.1 -99.000 -99.000 -99.000 -99.000 -99.000    -0.2    -0.3 -9999.0 -9999.0 -9999.0
94078 20240209  2.623 -108.67   42.68     0.3    -8.3    -4.0    -3.6     0.0    11.03 C     1.9   -10.8    -5.9    68.0    37.7    51.6 -99.000 -99.000 -99.000 -99.000 -99.000    -0.2    -0.3 -9999.0 -9999.0 -9999.0
94078 20240210  2.623 -108.67   42.68    -2.9    -8.8    -5.9    -5.5     2.0    10.44 C     0.4   -15.0    -7.0    88.4    54.9    71.4 -99.000 -99.000 -99.000 -99.000 -99.000    -0.3    -0.3 -9999.0 -9999.0 -9999.0
94078 20240211  2.623 -108.67   42.68     1.0   -10.1    -4.6    -5.4     0.0    13.25 C    -0.4   -16.3    -8.3    73.5    34.1    52.3 -99.000 -99.000 -99.000 -99.000 -99.000    -0.4    -0.3 -9999.0 -9999.0 -9999.0
94078 20240212  2.623 -108.67   42.68     3.5    -7.1    -1.8    -2.4     0.0    10.86 C     1.9   -11.4    -6.1    79.5    39.9    59.7 -99.000 -99.000 -99.000 -99.000 -99.000    -0.4    -0.3 -9999.0 -9999.0 -9999.0
94078 20240213  2.623 -108.67   42.68     2.2    -8.2    -3.0    -1.7     0.0    10.57 C     1.5   -12.4    -6.1    70.0    36.1    50.0 -99.000 -99.000 -99.000 -99.000 -99.000    -0.5    -0.4 -9999.0 -9999.0 -9999.0
94078 20240214  2.623 -108.67   42.68     1.1    -8.3    -3.6    -3.1     0.0    14.31 C     0.6   -12.6    -6.4    76.7    44.1    63.3 -99.000 -99.000 -99.000 -99.000 -99.000    -0.5    -0.5 -9999.0 -9999.0 -9999.0
94078 20240215  2.623 -108.67   42.68     2.6    -6.9    -2.2    -3.8     0.0     8.49 C     0.6    -9.2    -3.8    85.1    55.4    75.7 -99.000 -99.000 -99.000 -99.000 -99.000    -0.5    -0.5 -9999.0 -9999.0 -9999.0
94078 20240216  2.623 -108.67   42.68    -6.6   -16.5   -11.6   -10.5     4.7     5.16 C    -5.4   -21.1   -10.2    88.9    71.2    80.5 -99.000 -99.000 -99.000 -99.000 -99.000    -0.7    -0.6 -9999.0 -9999.0 -9999.0
94078 20240217  2.623 -108.67   42.68    -7.1   -19.6   -13.4   -13.9     0.0    15.59 C    -8.0   -26.3   -18.1    83.5    63.4    73.9 -99.000 -99.000 -99.000 -99.000 -99.000    -1.1    -0.8 -9999.0 -9999.0 -9999.0
94078 20240218  2.623 -108.67   42.68    -1.0   -16.7    -8.9    -9.0     0.0    10.34 C    -2.7   -23.0   -11.8    83.4    55.3    70.7 -99.000 -99.000 -99.000 -99.000 -99.000    -1.3    -1.0 -9999.0 -9999.0 -9999.0
94078 20240219  2.623 -108.67   42.68     5.1    -6.0    -0.5     0.3     0.0    13.20 C     2.5   -13.1    -4.8    72.1    36.8    53.2 -99.000 -99.000 -99.000 -99.000 -99.000    -1.0    -0.9 -9999.0 -9999.0 -9999.0
94078 20240220  2.623 -108.67   42.68     8.4    -3.7     2.4     2.5     0.0    15.12 C     3.3    -8.6    -2.5    74.6    34.0    52.4 -99.000 -99.000 -99.000 -99.000 -99.000    -0.7    -0.7 -9999.0 -9999.0 -9999.0
94078 20240221  2.623 -108.67   42.68     4.2    -1.9     1.1     1.1     1.2     7.13 C     2.0    -3.3    -0.5    92.4    52.9    75.2 -99.000 -99.000 -99.000 -99.000 -99.000    -0.4    -0.5 -9999.0 -9999.0 -9999.0
94078 20240222  2.623 -108.67   42.68     6.1    -3.2     1.4     1.5     0.0    15.26 C     3.9    -6.9    -1.6    91.3    38.1    55.9 -99.000 -99.000 -99.000 -99.000 -99.000    -0.3    -0.4 -9999.0 -9999.0 -9999.0
94078 20240223  2.623 -108.67   42.68     6.3    -4.9     0.7     0.5     0.0    16.45 C     3.4    -8.7    -3.3    53.5    19.9    37.0 -99.000 -99.000 -99.000 -99.000 -99.000    -0.4    -0.4 -9999.0 -9999.0 -9999.0
94078 20240224  2.623 -108.67   42.68     9.4    -6.9     1.3     2.1     0.0    16.35 C     4.6    -8.9    -2.1    63.1    20.4    37.9 -99.000 -99.000 -99.000 -99.000 -99.000    -0.6    -0.5 -9999.0 -9999.0 -9999.0
94078 20240225  2.623 -108.67   42.68    10.8    -0.2     5.3     6.2     0.0    15.60 C     8.0    -4.0     0.5    51.3    21.8    31.1 -99.000 -99.000 -99.000 -99.000 -99.000    -0.4    -0.3 -9999.0 -9999.0 -9999.0
94078 20240226  2.623 -108.67   42.68     9.2    -0.8     4.2     5.0     1.3    12.82 C     8.6    -3.1     0.8    92.7    23.4    42.1 -99.000 -99.000 -99.000 -99.000 -99.000    -0.3    -0.3 -9999.0 -9999.0 -9999.0
94078 20240227  2.623 -108.67   42.68    -0.5    -8.2    -4.4    -5.1     0.0    11.47 C     2.7    -7.9    -4.0    94.7    25.9    58.2 -99.000 -99.000 -99.000 -99.000 -99.000    -0.2    -0.3 -9999.0 -9999.0 -9999.0
94078 20240228  2.623 -108.67   42.68     3.6   -12.0    -4.2    -3.2     0.0    14.18 C     7.3    -9.8    -2.6    66.3    30.1    44.4 -99.000 -99.000 -99.000 -99.000 -99.000    -0.6    -0.4 -9999.0 -9999.0 -9999.0
94078 20240229  2.623 -108.67   42.68    10.2    -4.5     2.9     3.1     0.0    14.52 C     9.4    -5.2     0.7    68.8    24.5    43.7 -99.000 -99.000 -99.000 -99.000 -99.000    -0.6    -0.5 -9999.0 -9999.0 -9999.0
94078 20240301  2.623 -108.67   42.68     9.2     4.2     6.7     6.7     0.0    12.55 C    10.4     0.2     3.2    61.1    30.4    42.6 -99.000 -99.000 -99.000 -99.000 -99.000     0.0    -0.2 -9999.0 -9999.0 -9999.0
94078 20240302  2.623 -108.67   42.68     8.9    -3.0     2.9     4.3     0.8     6.72 C     9.7    -3.2     1.9    88.2    18.3    44.1 -99.000 -99.000 -99.000 -99.000 -99.000     0.2    -0.1 -9999.0 -9999.0 -9999.0
94078 20240303  2.623 -108.67   42.68     0.6    -7.0    -3.2    -3.7     0.2    10.00 C     4.9    -6.7    -3.1    66.3    28.1    41.6 -99.000 -99.000 -99.000 -99.000 -99.000    -0.1    -0.2 -9999.0 -9999.0 -9999.0
94078 20240304  2.623 -108.67   42.68    -1.1    -8.8    -4.9    -4.9     0.0    11.08 C     3.1    -9.5    -4.4    63.4    19.3    37.8 -99.000 -99.000 -99.000 -99.000 -99.000    -1.2    -0.7 -9999.0 -9999.0 -9999.0
94078 20240305  2.623 -108.67   42.68     5.3    -8.7    -1.7    -0.9     0.0    17.93 C    13.0   -10.5    -1.0    55.2    26.5    37.8 -99.000 -99.000 -99.000 -99.000 -99.000    -1.7    -1.2 -9999.0 -9999.0 -9999.0
94078 20240306  2.623 -108.67   42.68     8.0    -3.4     2.3     2.3     0.0    17.57 C    17.7    -3.3     2.7    75.5    23.4    48.3 -99.000 -99.000 -99.000 -99.000 -99.000    -0.4    -0.5 -9999.0 -9999.0 -9999.0
94078 20240307  2.623 -108.67   42.68     3.2    -7.6    -2.2    -1.5     0.3    15.36 C    12.6    -6.1     1.0    80.8    47.3    64.1 -99.000 -99.000 -99.000 -99.000 -99.000    -0.2    -0.4 -9999.0 -9999.0 -9999.0
94078 20240308  2.623 -108.67   42.68     3.3    -5.2    -0.9    -1.7     1.6    19.31 C    14.6    -6.7     0.5    88.7    28.1    54.8 -99.000 -99.000 -99.000 -99.000 -99.000     0.4    -0.2 -9999.0 -9999.0 -9999.0
94078 20240309  2.623 -108.67   42.68    10.4    -6.1     2.1     2.5     0.0    16.56 C    17.2    -7.2     1.9    47.0     8.7    27.6 -99.000 -99.000 -99.000 -99.000 -99.000     0.5    -0.1 -9999.0 -9999.0 -9999.0
94078 20240310  2.623 -108.67   42.68    12.8    -1.7     5.5     6.3     0.0    18.41 C    16.0    -4.7     3.6    40.9     9.5    21.2 -99.000 -99.000 -99.000 -99.000 -99.000     0.7     0.1 -9999.0 -9999.0 -9999.0
94078 20240311  2.623 -108.67   42.68    12.4     1.3     6.8     6.7     0.0    17.27 C    23.5    -3.0     4.4    49.0    20.0    32.6   0.269   0.263 -99.000 -99.000 -99.000     1.4     0.5 -9999.0 -9999.0 -9999.0
94078 20240312  2.623 -108.67   42.68    10.8    -1.9     4.5     4.0     0.0     9.21 C    17.3    -3.7     2.1    65.0    30.9    46.4   0.265   0.258 -99.000 -99.000 -99.000     0.8     0.4 -9999.0 -9999.0 -9999.0
94078 20240313  2.623 -108.67   42.68     2.7    -1.2     0.7     0.3    13.4     4.68 C     4.8    -2.8     0.3    93.8    46.4    75.1   0.269   0.253 -99.000 -99.000 -99.000     0.4     0.3 -9999.0 -9999.0 -9999.0
94078 20240314  2.623 -108.67   42.68     0.6    -3.0    -1.2    -1.1    10.9    10.35 C     0.1    -4.6    -1.5    92.6    68.5    84.6   0.279   0.252 -99.000 -99.000 -99.000     0.1     0.1 -9999.0 -9999.0 -9999.0
94078 20240315  2.623 -108.67   42.68     2.3    -5.5    -1.6    -1.9     0.0    20.85 C     0.6   -11.8    -4.7    85.6    43.2    66.9 -99.000   0.253 -99.000 -99.000 -99.000     0.0     0.0 -9999.0 -9999.0 -9999.0
94078 20240316  2.623 -108.67   42.68     7.0    -3.4     1.8     2.1     0.0    15.59 C     3.8   -10.6    -1.7    70.8    42.3    56.7 -99.000 -99.000 -99.000 -99.000 -99.000     0.0     0.0 -9999.0 -9999.0 -9999.0
94078 20240317  2.623 -108.67   42.68     8.5     0.8     4.6     3.9     0.0    16.44 C    11.2    -2.4     2.2    78.0    41.1    60.9 -99.000 -99.000 -99.000 -99.000 -99.000     0.1     0.0 -9999.0 -9999.0 -9999.0
94078 20240318  2.623 -108.67   42.68    15.7     0.2     7.9     7.1     0.0    21.04 C    23.9    -3.4     6.1    60.7    15.9    41.0 -99.000 -99.000 -99.000 -99.000 -99.000     1.6     0.7 -9999.0 -9999.0 -9999.0
94078 20240319  2.623 -108.67   42.68    15.1     0.6     7.9     7.7     0.0    21.05 C    25.7    -2.1     7.7    59.5    21.2    41.5   0.294   0.323 -99.000 -99.000 -99.000     3.5     1.6 -9999.0 -9999.0 -9999.0
94078 20240320  2.623 -108.67   42.68    14.1    -0.5     6.8     7.0     0.0    21.36 C    25.0    -3.0     7.4    63.9    19.6    40.3   0.277   0.293 -99.000 -99.000 -99.000     4.3     2.4 -9999.0 -9999.0 -9999.0
94078 20240321  2.623 -108.67   42.68    15.9     1.1     8.5     8.7     0.0    15.83 C    25.0    -2.3     6.1    60.7    14.8    32.8   0.264   0.253 -99.000 -99.000 -99.000     4.0     3.0 -9999.0 -9999.0 -9999.0
94078 20240322  2.623 -108.67   42.68    14.5    -2.1     6.2     5.9     0.0    21.54 C    25.8    -4.2     7.7    68.2    19.6    45.7   0.255   0.233 -99.000 -99.000 -99.000     4.9     3.6 -9999.0 -9999.0 -9999.0
94078 20240323  2.623 -108.67   42.68    15.2    -0.7     7.2     7.0     0.0    20.41 C    27.0    -2.4     8.8    87.2    20.1    53.6   0.250   0.230 -99.000 -99.000 -99.000     6.1     4.9 -9999.0 -9999.0 -9999.0
94078 20240324  2.623 -108.67   42.68     6.6    -6.7    -0.1    -1.8     2.9     6.12 C     3.8    -5.3    -0.3    88.4    53.0    74.3   0.244   0.224 -99.000 -99.000 -99.000     3.1     3.7 -9999.0 -9999.0 -9999.0
94078 20240325  2.623 -108.67   42.68     3.3    -7.7    -2.2    -3.1     0.0    15.37 C    18.6    -6.3     1.8    83.0    45.0    66.8   0.244   0.221 -99.000 -99.000 -99.000     3.4     3.0 -9999.0 -9999.0 -9999.0
94078 20240326  2.623 -108.67   42.68     5.4    -4.5     0.4     0.5     0.0    18.25 C    23.6    -4.8     3.9    86.0    29.4    52.5   0.241   0.220 -99.000 -99.000 -99.000     4.1     3.5 -9999.0 -9999.0 -9999.0
94078 20240327  2.623 -108.67   42.68    10.1    -5.2     2.5     3.4     0.0    21.84 C    27.6    -6.6     6.3    57.1    13.2    32.1   0.233   0.217 -99.000 -99.000 -99.000     4.0     3.4 -9999.0 -9999.0 -9999.0
94078 20240328  2.623 -108.67   42.68     9.5    -1.5     4.0     4.7     0.0    18.14 C    25.7    -5.6     4.9    70.4    22.2    44.3   0.230   0.215 -99.000 -99.000 -99.000     4.4     4.0 -9999.0 -9999.0 -9999.0
94078 20240329  2.623 -108.67   42.68     9.4    -2.8     3.3     3.4     0.0    18.03 C    27.0    -6.0     5.7    53.7    20.0    35.8   0.225   0.213 -99.000 -99.000 -99.000     4.3     3.9 -9999.0 -9999.0 -9999.0
94078 20240330  2.623 -108.67   42.68     5.9    -0.8     2.6     2.1     1.3    10.54 C    16.6    -2.4     4.3    92.1    38.2    68.6   0.223   0.211 -99.000 -99.000 -99.000     4.8     4.4 -9999.0 -9999.0 -9999.0
94078 20240331  2.623 -108.67   42.68     1.6    -2.2    -0.3     0.0    13.2     6.32 C     1.5    -2.1     0.0    95.6    82.5    91.3   0.236   0.209 -99.000 -99.000 -99.000     2.6     3.3 -9999.0 -9999.0 -9999.0
94078 20240401  2.623 -108.67   42.68     7.1    -2.2     2.4     1.0     0.0    16.93 C    21.4    -2.6     2.9    94.3    46.0    72.2   0.274   0.226 -99.000 -99.000 -99.000     3.4     3.2 -9999.0 -9999.0 -9999.0
94078 20240402  2.623 -108.67   42.68    14.5    -1.1     6.7     7.4     0.0    23.82 C    27.4    -3.3     8.8    73.1    23.4    40.9   0.265   0.233 -99.000 -99.000 -99.000     5.8     4.5 -9999.0 -9999.0 -9999.0
94078 20240403  2.623 -108.67   42.68    19.5     3.8    11.7    11.9     0.0    24.02 C    34.3    -1.9    12.4    50.4    13.3    29.2   0.256   0.248 -99.000 -99.000 -99.000     7.7     6.2 -9999.0 -9999.0 -9999.0
94078 20240404  2.623 -108.67   42.68    19.7     3.8    11.7    12.7     0.0    22.15 C    32.3    -0.5    12.5    52.2    12.9    27.5   0.247   0.285 -99.000 -99.000 -99.000     8.4     7.2 -9999.0 -9999.0 -9999.0
94078 20240405  2.623 -108.67   42.68    19.1     6.6    12.9    12.6     0.0    21.32 C    31.2     4.3    12.9    45.0    10.6    22.2   0.238   0.281 -99.000 -99.000 -99.000     8.9     7.7 -9999.0 -9999.0 -9999.0
94078 20240406  2.623 -108.67   42.68     7.7    -2.7     2.5     1.3     9.0     6.15 C     5.2    -4.8     0.5    93.6    31.6    71.5   0.237   0.273 -99.000 -99.000 -99.000     4.9     5.9 -9999.0 -9999.0 -9999.0
94078 20240407  2.623 -108.67   42.68 -9999.0 -9999.0 -9999.0 -9999.0 -9999.0 -9999.00 U -9999.0 -9999.0 -9999.0 -9999.0 -9999.0 -9999.0 -99.000 -99.000 -99.000 -99.000 -99.000 -9999.0 -9999.0 -9999.0 -9999.0 -9999.0
