54856 20240101  2.623  -81.91   40.76     1.3    -0.7     0.3     0.0     0.7     1.32 C     4.0    -0.6     0.3    94.6    71.9    86.8   0.377   0.356 -99.000 -99.000 -99.000     5.2     6.0 -9999.0 -9999.0 -9999.0
54856 20240102  2.623  -81.91   40.76     2.6    -1.4     0.6    -0.1     0.0     4.55 C     9.7    -3.5     0.0    82.4    63.5    72.0   0.376   0.356 -99.000 -99.000 -99.000     4.7     5.6 -9999.0 -9999.0 -9999.0
54856 20240103  2.623  -81.91   40.76     3.1    -1.5     0.8     0.2     0.0     3.74 C    12.6    -3.6     0.6    90.3    66.2    78.4   0.373   0.354 -99.000 -99.000 -99.000     4.3     5.2 -9999.0 -9999.0 -9999.0
54856 20240104  2.623  -81.91   40.76    -0.1    -4.8    -2.4    -2.4     0.2     2.28 C     0.3    -5.4    -1.9    90.1    62.4    73.3   0.370   0.351 -99.000 -99.000 -99.000     4.1     5.0 -9999.0 -9999.0 -9999.0
54856 20240105  2.623  -81.91   40.76     0.0    -8.6    -4.3    -4.1     0.0     8.08 C     7.5   -11.9    -4.5    86.4    56.9    72.6   0.371   0.351 -99.000 -99.000 -99.000     3.0     4.3 -9999.0 -9999.0 -9999.0
54856 20240106  2.623  -81.91   40.76     1.3    -3.1    -0.9    -0.5     0.0     1.78 C     4.8    -4.0    -0.5    96.2    54.9    78.3   0.372   0.350 -99.000 -99.000 -99.000     2.8     4.0 -9999.0 -9999.0 -9999.0
54856 20240107  2.623  -81.91   40.76     1.0    -0.4     0.3     0.3     2.6     1.93 C     2.0    -0.8     0.2    96.6    82.5    91.5   0.376   0.351 -99.000 -99.000 -99.000     3.3     4.2 -9999.0 -9999.0 -9999.0
54856 20240108  2.623  -81.91   40.76     2.4    -3.1    -0.3     0.2     0.0     5.33 C     6.4    -6.9    -0.1    87.8    69.8    78.3   0.378   0.353 -99.000 -99.000 -99.000     3.4     4.2 -9999.0 -9999.0 -9999.0
54856 20240109  2.623  -81.91   40.76     9.2     0.5     4.8     4.1    32.7     0.77 C     7.5    -0.5     2.8    91.3    61.7    85.0   0.422   0.408 -99.000 -99.000 -99.000     3.4     4.0 -9999.0 -9999.0 -9999.0
54856 20240110  2.623  -81.91   40.76     3.3     0.0     1.7     1.4     0.2     0.98 C     2.4    -0.3     0.7    88.0    70.1    78.7   0.446   0.435 -99.000 -99.000 -99.000     3.7     4.3 -9999.0 -9999.0 -9999.0
54856 20240111  2.623  -81.91   40.76     3.1    -1.9     0.6     0.8     0.0     1.49 C     3.3    -4.8    -0.3    85.7    67.5    75.1   0.443   0.431 -99.000 -99.000 -99.000     3.3     4.1 -9999.0 -9999.0 -9999.0
54856 20240112  2.623  -81.91   40.76     7.5    -4.0     1.7     1.7     6.4     1.60 C     5.5    -5.8     0.1    86.8    50.1    78.3   0.442   0.430 -99.000 -99.000 -99.000     2.7     3.8 -9999.0 -9999.0 -9999.0
54856 20240113  2.623  -81.91   40.76     7.0    -5.9     0.5    -2.5     2.4     2.48 C     5.2    -5.1    -2.5    88.8    66.6    74.0   0.449   0.440 -99.000 -99.000 -99.000     2.8     3.7 -9999.0 -9999.0 -9999.0
54856 20240114  2.623  -81.91   40.76    -5.1   -15.4   -10.3   -12.1     0.8    10.27 C    -4.7   -15.8   -11.4    86.9    55.5    65.7   0.447   0.437 -99.000 -99.000 -99.000     1.6     2.9 -9999.0 -9999.0 -9999.0
54856 20240115  2.623  -81.91   40.76    -9.6   -16.3   -12.9   -12.9     0.0     9.44 C    -1.9   -18.0   -10.6    71.4    51.4    61.5   0.415   0.426 -99.000 -99.000 -99.000     1.1     2.4 -9999.0 -9999.0 -9999.0
54856 20240116  2.623  -81.91   40.76   -10.6   -14.6   -12.6   -12.5     1.3     9.34 C    -8.6   -19.0   -13.0    81.8    53.4    64.0   0.390   0.418 -99.000 -99.000 -99.000     0.9     2.2 -9999.0 -9999.0 -9999.0
54856 20240117  2.623  -81.91   40.76    -6.6   -16.4   -11.5   -11.2     0.0     7.95 C    -6.7   -20.2   -13.1    62.9    41.7    52.3   0.371   0.378 -99.000 -99.000 -99.000     0.8     2.0 -9999.0 -9999.0 -9999.0
54856 20240118  2.623  -81.91   40.76    -3.3    -6.6    -5.0    -5.2     0.0     4.41 C    -0.1    -8.0    -4.9    82.2    44.5    61.8   0.330   0.370 -99.000 -99.000 -99.000     0.7     1.8 -9999.0 -9999.0 -9999.0
54856 20240119  2.623  -81.91   40.76    -4.7   -10.3    -7.5    -6.5     4.9     5.33 C    -4.4   -17.9    -6.9    90.4    73.3    83.7   0.328   0.368 -99.000 -99.000 -99.000     0.7     1.7 -9999.0 -9999.0 -9999.0
54856 20240120  2.623  -81.91   40.76    -9.2   -13.0   -11.1   -10.8     0.0     8.45 C    -9.1   -19.0   -11.7    82.8    59.3    74.5   0.328   0.368 -99.000 -99.000 -99.000     0.7     1.7 -9999.0 -9999.0 -9999.0
54856 20240121  2.623  -81.91   40.76    -5.5   -10.9    -8.2    -8.2     0.0     8.37 C    -3.8   -17.2   -10.8    82.8    58.3    72.8   0.327   0.366 -99.000 -99.000 -99.000     0.6     1.6 -9999.0 -9999.0 -9999.0
54856 20240122  2.623  -81.91   40.76     3.2   -10.7    -3.7    -3.6     0.0     6.04 C    -0.4   -16.2    -6.2    75.6    35.9    56.8   0.325   0.364 -99.000 -99.000 -99.000     0.6     1.6 -9999.0 -9999.0 -9999.0
54856 20240123  2.623  -81.91   40.76     4.4     0.0     2.2     2.1     2.2     2.07 C     2.7    -0.5     0.8    94.4    36.6    75.9   0.338   0.377 -99.000 -99.000 -99.000     0.6     1.5 -9999.0 -9999.0 -9999.0
54856 20240124  2.623  -81.91   40.76    11.3     4.2     7.8     8.2     9.3     1.38 C     9.4     2.4     6.2    96.0    92.4    94.4   0.409   0.429 -99.000 -99.000 -99.000     0.5     1.5 -9999.0 -9999.0 -9999.0
54856 20240125  2.623  -81.91   40.76    13.0     8.3    10.6    11.0     5.9     3.29 C    13.8     5.7     8.9    96.2    91.6    94.8   0.441   0.435 -99.000 -99.000 -99.000     2.1     2.4 -9999.0 -9999.0 -9999.0
54856 20240126  2.623  -81.91   40.76    15.5     4.9    10.2     9.4     3.4     1.89 C    12.7     4.5     8.2    95.2    73.5    87.5   0.444   0.438 -99.000 -99.000 -99.000     5.1     4.3 -9999.0 -9999.0 -9999.0
54856 20240127  2.623  -81.91   40.76     5.8     3.3     4.6     4.7     4.8     2.24 C     8.3     3.2     5.0    94.7    83.0    90.2   0.447   0.441 -99.000 -99.000 -99.000     5.0     4.8 -9999.0 -9999.0 -9999.0
54856 20240128  2.623  -81.91   40.76     6.3     0.6     3.4     3.5     9.4     1.64 C     5.7     0.7     3.6    94.7    89.5    91.4   0.447   0.442 -99.000 -99.000 -99.000     4.9     4.9 -9999.0 -9999.0 -9999.0
54856 20240129  2.623  -81.91   40.76     0.9    -0.3     0.3     0.2     0.3     1.78 C     2.8    -0.3     0.6    90.6    79.6    85.2   0.449   0.444 -99.000 -99.000 -99.000     3.9     4.4 -9999.0 -9999.0 -9999.0
54856 20240130  2.623  -81.91   40.76     2.5    -0.3     1.1     0.9     0.3     3.41 C     5.8    -0.5     1.2    91.8    74.5    80.6   0.449   0.445 -99.000 -99.000 -99.000     3.5     4.1 -9999.0 -9999.0 -9999.0
54856 20240131  2.623  -81.91   40.76     3.1     0.7     1.9     1.8     0.0     2.12 C     6.7     0.3     2.1    96.1    78.1    88.0   0.449   0.446 -99.000 -99.000 -99.000     3.7     4.1 -9999.0 -9999.0 -9999.0
54856 20240201  2.623  -81.91   40.76    10.7     2.7     6.7     5.8     0.0    10.96 C    12.8     1.1     5.3    89.4    53.7    72.0   0.447   0.446 -99.000 -99.000 -99.000     4.2     4.3 -9999.0 -9999.0 -9999.0
54856 20240202  2.623  -81.91   40.76     3.5    -0.5     1.5     1.6     0.0     2.20 C     4.5    -0.2     2.2    90.2    75.6    83.1   0.446   0.444 -99.000 -99.000 -99.000     4.5     4.6 -9999.0 -9999.0 -9999.0
54856 20240203  2.623  -81.91   40.76     5.3    -2.6     1.3     0.3     0.0     9.35 C    15.1    -4.1     1.9    87.5    54.9    77.0   0.445   0.443 -99.000 -99.000 -99.000     4.0     4.3 -9999.0 -9999.0 -9999.0
54856 20240204  2.623  -81.91   40.76     9.9    -4.5     2.7     1.1     0.0    13.30 C    16.1    -6.2     0.8    92.4    34.8    70.6   0.445   0.442 -99.000 -99.000 -99.000     3.5     4.0 -9999.0 -9999.0 -9999.0
54856 20240205  2.623  -81.91   40.76     6.3    -3.3     1.5     0.4     0.0    11.56 C    13.7    -6.0     1.4    94.6    58.5    78.9   0.442   0.439 -99.000 -99.000 -99.000     3.2     3.8 -9999.0 -9999.0 -9999.0
54856 20240206  2.623  -81.91   40.76     6.7    -4.0     1.3     0.8     0.0    13.52 C    14.9    -6.5     0.8    86.6    34.5    63.9   0.431   0.434 -99.000 -99.000 -99.000     3.2     3.6 -9999.0 -9999.0 -9999.0
54856 20240207  2.623  -81.91   40.76    11.1    -4.1     3.5     3.5     0.0    12.60 C    18.3    -6.7     2.0    84.8    26.8    53.0   0.417   0.431 -99.000 -99.000 -99.000     3.0     3.5 -9999.0 -9999.0 -9999.0
54856 20240208  2.623  -81.91   40.76    16.6     1.2     8.9     9.0     0.0     9.22 C    20.0    -4.0     6.0    59.7    26.4    39.1   0.410   0.428 -99.000 -99.000 -99.000     3.7     3.9 -9999.0 -9999.0 -9999.0
54856 20240209  2.623  -81.91   40.76    17.3    10.0    13.7    12.5     0.0    12.45 C    21.9     5.5    10.5    77.5    28.8    57.7   0.405   0.423 -99.000 -99.000 -99.000     5.4     5.0 -9999.0 -9999.0 -9999.0
54856 20240210  2.623  -81.91   40.76    14.1     2.7     8.4    10.4     0.0     4.75 C    18.4     0.9     9.1    84.2    55.1    74.1   0.402   0.399 -99.000 -99.000 -99.000     6.6     6.0 -9999.0 -9999.0 -9999.0
54856 20240211  2.623  -81.91   40.76     5.2    -2.6     1.3     1.6     0.0     9.62 C    21.5    -6.8     3.0    85.6    57.3    73.1   0.400   0.383 -99.000 -99.000 -99.000     5.8     5.8 -9999.0 -9999.0 -9999.0
54856 20240212  2.623  -81.91   40.76     5.7    -3.6     1.0     0.3     0.0    11.56 C    19.7    -7.2     2.0    91.2    54.1    77.2   0.398   0.379 -99.000 -99.000 -99.000     4.7     5.1 -9999.0 -9999.0 -9999.0
54856 20240213  2.623  -81.91   40.76     5.8    -2.8     1.5     0.8     0.0     9.49 C    16.5    -5.9     1.6    88.4    43.9    71.1   0.396   0.377 -99.000 -99.000 -99.000     4.3     4.8 -9999.0 -9999.0 -9999.0
54856 20240214  2.623  -81.91   40.76     2.4    -4.0    -0.8    -1.3     0.0     8.18 C    17.7    -9.2    -1.3    87.1    47.2    67.0   0.394   0.373 -99.000 -99.000 -99.000     3.8     4.4 -9999.0 -9999.0 -9999.0
54856 20240215  2.623  -81.91   40.76     8.3    -4.3     2.0     1.2     0.3     3.79 C    11.4    -8.1    -0.1    71.4    50.5    63.9   0.393   0.370 -99.000 -99.000 -99.000     3.2     4.0 -9999.0 -9999.0 -9999.0
54856 20240216  2.623  -81.91   40.76     0.4    -5.1    -2.4    -2.6     5.4     7.54 C    14.3   -10.7    -2.1    90.5    51.1    73.1   0.392   0.369 -99.000 -99.000 -99.000     2.8     3.6 -9999.0 -9999.0 -9999.0
54856 20240217  2.623  -81.91   40.76    -4.5   -10.1    -7.3    -6.3     0.3    10.55 C    -1.9   -15.4    -8.1    90.8    51.6    71.2   0.391   0.368 -99.000 -99.000 -99.000     2.8     3.6 -9999.0 -9999.0 -9999.0
54856 20240218  2.623  -81.91   40.76     0.1   -10.4    -5.2    -5.5     0.0    15.73 C    -1.3   -13.8    -8.6    68.5    51.3    58.2   0.390   0.367 -99.000 -99.000 -99.000     1.9     3.0 -9999.0 -9999.0 -9999.0
54856 20240219  2.623  -81.91   40.76     4.6    -9.3    -2.4    -1.8     0.0    15.43 C    13.4   -15.4    -4.2    89.6    48.0    68.4   0.393   0.370 -99.000 -99.000 -99.000     1.7     2.6 -9999.0 -9999.0 -9999.0
54856 20240220  2.623  -81.91   40.76     9.6    -5.6     2.0     2.1     0.0    15.99 C    19.4    -9.3     0.4    81.8    27.1    55.4   0.390   0.371 -99.000 -99.000 -99.000     2.0     2.7 -9999.0 -9999.0 -9999.0
54856 20240221  2.623  -81.91   40.76    15.1    -2.9     6.1     7.3     0.0    14.57 C    21.4    -8.1     4.4    71.3    25.6    41.6   0.390   0.369 -99.000 -99.000 -99.000     2.6     3.0 -9999.0 -9999.0 -9999.0
54856 20240222  2.623  -81.91   40.76    11.6     5.5     8.6     7.4    15.1     2.22 C    14.6     3.6     6.4    95.5    33.2    80.0   0.415   0.406 -99.000 -99.000 -99.000     4.2     4.0 -9999.0 -9999.0 -9999.0
54856 20240223  2.623  -81.91   40.76    13.1    -0.2     6.5     5.6     0.0     9.83 C    20.0    -0.1     6.4    96.1    49.8    79.6   0.441   0.435 -99.000 -99.000 -99.000     5.4     4.8 -9999.0 -9999.0 -9999.0
54856 20240224  2.623  -81.91   40.76    -0.2    -7.0    -3.6    -4.1     2.1    15.03 C     9.3   -10.7    -2.8    85.8    47.8    66.9   0.437   0.429 -99.000 -99.000 -99.000     4.3     4.6 -9999.0 -9999.0 -9999.0
54856 20240225  2.623  -81.91   40.76     8.0    -7.4     0.3     0.7     0.0    16.26 C    13.7   -10.8     0.4    71.3    39.7    56.5   0.418   0.427 -99.000 -99.000 -99.000     3.1     3.8 -9999.0 -9999.0 -9999.0
54856 20240226  2.623  -81.91   40.76    17.3     0.3     8.8     9.6     0.0    15.35 C    25.8    -4.1     7.3    71.6    33.3    48.9   0.408   0.425 -99.000 -99.000 -99.000     4.2     4.1 -9999.0 -9999.0 -9999.0
54856 20240227  2.623  -81.91   40.76    20.2    10.5    15.4    15.2     0.0     8.27 C    26.9     2.7    13.0    85.0    43.5    57.8   0.404   0.403 -99.000 -99.000 -99.000     6.0     5.4 -9999.0 -9999.0 -9999.0
54856 20240228  2.623  -81.91   40.76    17.4    -5.5     5.9     6.6     6.6     2.29 C    15.0    -7.2     5.8    90.8    58.5    72.7   0.421   0.418 -99.000 -99.000 -99.000     7.3     6.5 -9999.0 -9999.0 -9999.0
54856 20240229  2.623  -81.91   40.76     2.2    -6.5    -2.2    -2.2     0.0    17.52 C    12.8    -7.8    -1.5    73.8    37.1    52.6   0.412   0.421 -99.000 -99.000 -99.000     4.4     5.1 -9999.0 -9999.0 -9999.0
54856 20240301  2.623  -81.91   40.76     7.8    -4.0     1.9     2.6     2.3     9.27 C    14.5    -7.6     2.0    88.8    30.7    55.6   0.405   0.386 -99.000 -99.000 -99.000     3.8     4.5 -9999.0 -9999.0 -9999.0
54856 20240302  2.623  -81.91   40.76     9.2     4.9     7.0     7.0     1.4     3.30 C    12.7     4.2     7.0    94.9    78.6    88.3   0.411   0.424 -99.000 -99.000 -99.000     5.1     5.0 -9999.0 -9999.0 -9999.0
54856 20240303  2.623  -81.91   40.76    16.5     6.6    11.5    10.5     0.0    11.31 C    24.2     2.7     9.4    87.5    50.3    71.5   0.409   0.420 -99.000 -99.000 -99.000     6.5     5.9 -9999.0 -9999.0 -9999.0
54856 20240304  2.623  -81.91   40.76    21.9     7.6    14.8    15.0     0.0    16.96 C    29.8     1.0    12.4    81.4    39.4    61.7   0.404   0.384 -99.000 -99.000 -99.000     7.5     6.7 -9999.0 -9999.0 -9999.0
54856 20240305  2.623  -81.91   40.76    21.7    11.1    16.4    15.4     2.2    12.14 C    31.5     5.6    13.6    90.7    53.2    68.2   0.402   0.379 -99.000 -99.000 -99.000     8.8     7.7 -9999.0 -9999.0 -9999.0
54856 20240306  2.623  -81.91   40.76    11.1     4.3     7.7     6.8    10.9     2.90 C    11.2     4.9     7.8    94.6    91.0    93.4   0.427   0.416 -99.000 -99.000 -99.000     8.8     8.0 -9999.0 -9999.0 -9999.0
54856 20240307  2.623  -81.91   40.76     7.9     3.5     5.7     5.8     0.0     4.55 C    13.2     3.9     7.1    94.9    77.5    86.5   0.448   0.443 -99.000 -99.000 -99.000     7.9     7.6 -9999.0 -9999.0 -9999.0
54856 20240308  2.623  -81.91   40.76    16.6     5.0    10.8    11.1     0.2     9.24 C    23.4     1.5    10.9    90.2    60.0    78.5   0.441   0.440 -99.000 -99.000 -99.000     8.4     7.8 -9999.0 -9999.0 -9999.0
54856 20240309  2.623  -81.91   40.76    13.0     1.1     7.0     8.3     6.6     2.89 C    14.6    -0.5     8.1    89.4    69.4    82.7   0.445   0.444 -99.000 -99.000 -99.000     9.0     8.4 -9999.0 -9999.0 -9999.0
54856 20240310  2.623  -81.91   40.76     1.9    -2.3    -0.2     0.3     0.2     7.44 C     9.2    -2.1     0.6    82.5    57.0    67.6   0.450   0.447 -99.000 -99.000 -99.000     6.8     7.3 -9999.0 -9999.0 -9999.0
54856 20240311  2.623  -81.91   40.76    10.6    -3.0     3.8     4.4     0.0    19.55 C    18.4    -5.3     4.3    71.2    27.8    49.6   0.442   0.443 -99.000 -99.000 -99.000     5.8     6.3 -9999.0 -9999.0 -9999.0
54856 20240312  2.623  -81.91   40.76    18.7     6.1    12.4    12.0     0.0    17.62 C    26.6     0.5    10.0    55.2    28.3    41.3   0.421   0.433 -99.000 -99.000 -99.000     6.9     6.7 -9999.0 -9999.0 -9999.0
54856 20240313  2.623  -81.91   40.76    20.6     8.8    14.7    14.7     0.0    17.71 C    30.2     2.4    12.2    50.1    31.3    41.3   0.409   0.397 -99.000 -99.000 -99.000     8.1     7.5 -9999.0 -9999.0 -9999.0
54856 20240314  2.623  -81.91   40.76    17.3     7.3    12.3    13.4    14.7     7.30 C    22.0     2.3    10.7    90.4    49.9    70.1   0.422   0.414 -99.000 -99.000 -99.000     8.8     8.1 -9999.0 -9999.0 -9999.0
54856 20240315  2.623  -81.91   40.76    15.9     3.5     9.7     7.3     0.2     3.26 C    13.3     0.4     7.8    92.7    78.9    87.3   0.450   0.445 -99.000 -99.000 -99.000     9.2     8.6 -9999.0 -9999.0 -9999.0
54856 20240316  2.623  -81.91   40.76    15.1     0.1     7.6     8.1     1.0    19.61 C    18.8    -0.9     8.3    96.3    36.3    66.4   0.450   0.446 -99.000 -99.000 -99.000     8.4     8.2 -9999.0 -9999.0 -9999.0
54856 20240317  2.623  -81.91   40.76     7.8    -1.6     3.1     3.8     0.0    12.42 C    18.1    -2.7     4.2    82.1    43.5    66.1   0.447   0.445 -99.000 -99.000 -99.000     8.1     8.0 -9999.0 -9999.0 -9999.0
54856 20240318  2.623  -81.91   40.76     0.0    -3.0    -1.5    -1.2     0.2     4.84 C     3.3    -4.8    -0.7    84.8    54.3    68.4   0.426   0.436 -99.000 -99.000 -99.000     6.2     6.9 -9999.0 -9999.0 -9999.0
54856 20240319  2.623  -81.91   40.76     7.8    -2.3     2.8     2.5     0.0    12.37 C    11.0    -3.4     2.6    79.0    35.0    51.9   0.416   0.427 -99.000 -99.000 -99.000     5.4     6.1 -9999.0 -9999.0 -9999.0
54856 20240320  2.623  -81.91   40.76     5.7    -3.8     0.9     2.1     0.0     9.57 C    15.6    -8.8     1.1    72.3    36.4    56.4   0.412   0.395 -99.000 -99.000 -99.000     5.4     5.9 -9999.0 -9999.0 -9999.0
54856 20240321  2.623  -81.91   40.76     2.4    -6.7    -2.2    -2.4     0.0    21.27 C    21.7   -10.8     1.0    69.0    30.1    50.3   0.408   0.385 -99.000 -99.000 -99.000     4.8     5.4 -9999.0 -9999.0 -9999.0
54856 20240322  2.623  -81.91   40.76     5.8    -4.9     0.4    -0.1     5.4     7.10 C    19.4    -6.8     1.3    91.8    37.8    63.5   0.406   0.382 -99.000 -99.000 -99.000     4.6     5.2 -9999.0 -9999.0 -9999.0
54856 20240323  2.623  -81.91   40.76     1.2    -4.4    -1.6    -0.9     2.0     7.92 C    11.7    -7.6     0.3    92.3    54.9    75.9   0.419   0.426 -99.000 -99.000 -99.000     4.5     5.0 -9999.0 -9999.0 -9999.0
54856 20240324  2.623  -81.91   40.76     7.6    -6.8     0.4     0.7     0.0    21.06 C    19.8    -9.4     2.0    79.7    25.6    49.7   0.413   0.411 -99.000 -99.000 -99.000     4.2     4.7 -9999.0 -9999.0 -9999.0
54856 20240325  2.623  -81.91   40.76    19.2     2.1    10.6    10.6     0.0    19.68 C    28.8    -3.2     9.5    47.6    16.0    30.0   0.407   0.386 -99.000 -99.000 -99.000     5.5     5.3 -9999.0 -9999.0 -9999.0
54856 20240326  2.623  -81.91   40.76    13.0     6.4     9.7    10.3    11.6     3.23 C    12.0     5.3     8.6    86.7    20.7    71.9   0.431   0.422 -99.000 -99.000 -99.000     6.7     6.2 -9999.0 -9999.0 -9999.0
54856 20240327  2.623  -81.91   40.76     7.8    -0.2     3.8     4.9     1.2    10.32 C    17.8    -5.0     5.1    90.7    66.0    77.1   0.449   0.443 -99.000 -99.000 -99.000     7.1     6.8 -9999.0 -9999.0 -9999.0
54856 20240328  2.623  -81.91   40.76     9.1    -3.6     2.7     3.5     0.0    19.99 C    20.6    -7.2     3.9    92.6    38.4    64.9   0.431   0.437 -99.000 -99.000 -99.000     6.3     6.3 -9999.0 -9999.0 -9999.0
54856 20240329  2.623  -81.91   40.76    11.4     0.1     5.7     6.1     0.0    23.35 C    25.2    -5.8     6.8    72.9    28.2    47.8   0.414   0.419 -99.000 -99.000 -99.000     7.0     6.6 -9999.0 -9999.0 -9999.0
54856 20240330  2.623  -81.91   40.76    16.3    -0.2     8.0     7.5     7.2     7.67 C    21.1    -3.4     6.6    91.8    55.2    75.5   0.422   0.416 -99.000 -99.000 -99.000     7.1     6.8 -9999.0 -9999.0 -9999.0
54856 20240331  2.623  -81.91   40.76    12.3     4.9     8.6     8.1     0.0    14.14 C    27.2     5.3    10.5    94.8    63.8    81.5   0.430   0.434 -99.000 -99.000 -99.000     8.3     7.5 -9999.0 -9999.0 -9999.0
54856 20240401  2.623  -81.91   40.76    12.8     7.0     9.9     9.4    16.4     6.77 C    18.4     7.0    10.4    93.2    74.8    86.1   0.444   0.443 -99.000 -99.000 -99.000     8.9     8.1 -9999.0 -9999.0 -9999.0
54856 20240402  2.623  -81.91   40.76    18.5     9.5    14.0    14.0    34.6     9.40 C    25.2     9.1    13.8    95.0    72.7    86.9   0.449   0.451 -99.000 -99.000 -99.000    10.0     8.9 -9999.0 -9999.0 -9999.0
54856 20240403  2.623  -81.91   40.76    15.9     2.3     9.1     6.8     3.4     8.62 C    18.3     1.8     8.0    90.3    52.3    75.1   0.448   0.452 -99.000 -99.000 -99.000    10.3     9.5 -9999.0 -9999.0 -9999.0
54856 20240404  2.623  -81.91   40.76     7.5     1.2     4.3     3.7     3.0    12.64 C    17.9     2.3     6.3    92.5    64.4    82.3   0.450   0.453 -99.000 -99.000 -99.000     9.1     8.9 -9999.0 -9999.0 -9999.0
54856 20240405  2.623  -81.91   40.76     5.4     1.0     3.2     3.4     0.2     8.89 C    11.0     1.4     4.7    88.6    50.0    71.1   0.451   0.454 -99.000 -99.000 -99.000     8.3     8.3 -9999.0 -9999.0 -9999.0
54856 20240406  2.623  -81.91   40.76    10.7     1.9     6.3     6.1     0.0    17.83 C    20.3    -1.1     6.6    80.1    44.4    62.0   0.451   0.452 -99.000 -99.000 -99.000     8.1     8.0 -9999.0 -9999.0 -9999.0
54856 20240407  2.623  -81.91   40.76 -9999.0 -9999.0 -9999.0 -9999.0 -9999.0 -9999.00 U -9999.0 -9999.0 -9999.0 -9999.0 -9999.0 -9999.0 -99.000 -99.000 -99.000 -99.000 -99.000 -9999.0 -9999.0 -9999.0 -9999.0 -9999.0
