54903 20240101  2.622  -90.17   44.06    -3.1    -5.3    -4.2    -4.2     0.0     1.54 C    -1.4    -4.9    -3.5    85.3    69.4    80.5   0.116   0.116   0.103   0.082   0.051     0.5     1.0     1.6     2.5     3.7
54903 20240102  2.622  -90.17   44.06    -0.8    -6.5    -3.7    -3.1     0.0     1.06 C    -0.6    -8.4    -3.3    92.7    84.4    88.9 -99.000   0.111   0.101   0.080   0.053     0.2     0.7     1.3     2.3     3.5
54903 20240103  2.622  -90.17   44.06     0.7    -3.7    -1.5    -0.7     0.0     0.99 C     1.8    -3.7    -0.9    87.5    57.6    73.4 -99.000   0.110   0.099   0.079   0.053     0.3     0.7     1.2     2.1     3.3
54903 20240104  2.622  -90.17   44.06    -3.2    -5.5    -4.4    -4.2     0.0     1.90 C    -0.6    -5.0    -3.4    71.1    62.1    66.5 -99.000   0.107   0.097   0.077   0.055     0.2     0.6     1.1     2.0     3.2
54903 20240105  2.622  -90.17   44.06     2.7    -4.6    -1.0    -1.7     0.0     3.63 C     8.6    -5.2    -1.6    87.2    59.0    74.6 -99.000   0.104   0.095   0.075   0.055     0.1     0.5     1.0     1.9     3.1
54903 20240106  2.622  -90.17   44.06     1.1    -2.5    -0.7    -0.9     0.0     1.93 C     4.9    -3.7    -0.6    94.1    75.7    85.2 -99.000   0.106   0.094   0.075   0.054     0.3     0.6     1.1     1.9     3.0
54903 20240107  2.622  -90.17   44.06     0.8    -2.0    -0.6    -0.8     0.0     2.81 C     6.7    -3.2    -0.7    84.5    69.3    78.8 -99.000   0.109   0.094   0.074   0.054     0.6     0.7     1.2     1.9     2.9
54903 20240108  2.622  -90.17   44.06    -0.9    -2.8    -1.9    -1.7     0.6     1.03 C     0.3    -4.6    -1.5    92.0    79.7    84.2   0.107   0.109   0.094   0.074   0.054     0.6     0.8     1.2     1.9     2.9
54903 20240109  2.622  -90.17   44.06     0.1    -2.0    -1.0    -0.7     8.6     0.67 C    -0.3    -5.1    -1.3    95.8    87.3    93.5   0.106   0.108   0.093   0.073   0.055     0.8     0.9     1.2     1.9     2.9
54903 20240110  2.622  -90.17   44.06     0.1    -3.9    -1.9    -1.6     0.4     2.91 C     0.3    -4.5    -2.3    90.9    77.0    86.1   0.106   0.107   0.093   0.072   0.054     1.2     1.1     1.4     2.0     2.8
54903 20240111  2.622  -90.17   44.06    -1.1    -5.1    -3.1    -3.4     1.6     1.74 C    -0.7    -8.1    -4.0    95.9    77.0    88.6   0.107   0.107   0.094   0.072   0.054     1.3     1.2     1.6     2.1     2.9
54903 20240112  2.622  -90.17   44.06    -1.7    -5.6    -3.6    -3.3    14.7     0.86 C    -2.1    -5.7    -3.6    94.6    89.8    92.6   0.107   0.108   0.094   0.071   0.054     1.4     1.3     1.6     2.1     2.9
54903 20240113  2.622  -90.17   44.06    -3.4   -17.4   -10.4    -9.0     2.3     3.91 C    -3.8   -18.7    -9.5    92.1    74.3    82.2   0.107   0.108   0.094   0.071   0.054     1.5     1.4     1.7     2.2     2.9
54903 20240114  2.622  -90.17   44.06   -16.8   -22.2   -19.5   -18.9     0.0     6.74 C   -16.4   -24.8   -19.9    79.1    67.0    73.0   0.106   0.108   0.093   0.071   0.055     1.4     1.4     1.7     2.2     3.0
54903 20240115  2.622  -90.17   44.06   -16.0   -22.8   -19.4   -19.2     0.2     8.88 C   -17.3   -26.3   -21.6    79.1    54.6    69.0   0.106   0.107   0.093   0.071   0.055     0.9     1.2     1.5     2.1     2.9
54903 20240116  2.622  -90.17   44.06   -15.6   -22.8   -19.2   -18.9     0.0     8.43 C   -16.6   -26.5   -21.8    78.7    51.0    66.5 -99.000   0.107   0.093   0.071   0.055     0.4     0.9     1.3     2.0     2.9
54903 20240117  2.622  -90.17   44.06   -10.3   -21.7   -16.0   -15.5     0.3     8.44 C   -11.5   -29.1   -19.0    80.3    53.0    66.9 -99.000   0.105   0.092   0.069   0.055     0.2     0.7     1.1     1.8     2.8
54903 20240118  2.622  -90.17   44.06   -10.8   -18.4   -14.6   -14.3     0.0     6.81 C   -10.3   -24.9   -17.0    87.5    54.1    71.2 -99.000   0.100   0.091   0.070   0.054     0.1     0.5     1.0     1.7     2.7
54903 20240119  2.622  -90.17   44.06   -13.4   -19.0   -16.2   -15.9     0.0     6.38 C   -12.6   -22.1   -17.9    82.0    62.2    73.3 -99.000   0.098   0.090   0.068   0.055     0.0     0.5     0.9     1.6     2.6
54903 20240120  2.622  -90.17   44.06   -10.0   -20.5   -15.3   -16.0     0.0     9.26 C    -9.9   -25.9   -19.6    85.2    51.5    71.7 -99.000   0.096   0.089   0.068   0.055     0.0     0.4     0.8     1.5     2.5
54903 20240121  2.622  -90.17   44.06    -7.0   -20.6   -13.8   -12.8     0.0     4.23 C    -6.7   -27.0   -14.6    81.2    49.0    65.5 -99.000   0.094   0.088   0.067   0.055    -0.1     0.3     0.7     1.5     2.5
54903 20240122  2.622  -90.17   44.06     0.5    -7.1    -3.3    -2.5     0.0     5.56 C    -0.4   -10.0    -4.4    83.3    64.9    71.3 -99.000 -99.000   0.086   0.066   0.055     0.0     0.3     0.7     1.4     2.4
54903 20240123  2.622  -90.17   44.06     0.1    -2.1    -1.0    -1.0     0.0     2.44 C    -0.3    -3.1    -1.6    94.7    80.1    87.6 -99.000   0.093   0.085   0.066   0.055     0.0     0.3     0.7     1.4     2.3
54903 20240124  2.622  -90.17   44.06     2.5    -0.7     0.9     0.5     0.0     3.13 C     2.5    -1.1     0.0    98.5    87.6    94.4 -99.000   0.093   0.085   0.065   0.055     0.0     0.4     0.8     1.4     2.3
54903 20240125  2.622  -90.17   44.06     2.6     0.5     1.6     1.3     9.6     1.48 C     1.0     0.1     0.3    98.9    96.3    98.1 -99.000   0.110   0.088   0.065   0.054     0.1     0.5     0.8     1.4     2.3
54903 20240126  2.622  -90.17   44.06     2.9     0.5     1.7     1.6     3.6     1.94 C     1.4     0.1     0.5    99.8    97.7    99.0 -99.000   0.150   0.119   0.067   0.054     0.3     0.5     0.8     1.4     2.3
54903 20240127  2.622  -90.17   44.06     3.0     0.2     1.6     1.3     0.3     2.19 C     1.5    -0.1     0.4    99.9    95.4    98.3   0.164   0.148   0.126   0.093   0.054     0.7     0.7     1.0     1.4     2.2
54903 20240128  2.622  -90.17   44.06     0.2    -1.0    -0.4    -0.2     0.0     1.84 C     0.3    -1.0    -0.3    97.7    89.9    94.0   0.148   0.141   0.121   0.095   0.058     0.9     0.8     1.1     1.5     2.2
54903 20240129  2.622  -90.17   44.06     4.2    -2.0     1.1     1.0     0.0     6.78 C     2.8    -1.8     0.1    98.0    73.6    89.4   0.151   0.140   0.119   0.090   0.060     1.1     1.0     1.2     1.6     2.3
54903 20240130  2.622  -90.17   44.06     3.7     0.7     2.2     2.3     0.0     2.45 C     4.3     0.3     1.3    90.8    73.0    82.7   0.157   0.146   0.124   0.093   0.060     1.4     1.2     1.4     1.7     2.3
54903 20240131  2.622  -90.17   44.06     7.8    -0.8     3.5     3.0     0.0     9.35 C    11.4    -3.4     2.5    97.1    63.0    82.3   0.139   0.138   0.120   0.093   0.061     1.9     1.8     1.8     1.9     2.4
54903 20240201  2.622  -90.17   44.06    10.1    -2.1     4.0     2.7     0.3     8.27 C    17.3    -5.3     2.2   100.0    53.7    85.9   0.129   0.129   0.113   0.088   0.061     1.8     1.9     2.0     2.1     2.6
54903 20240202  2.622  -90.17   44.06     2.6    -2.8    -0.1    -0.8     0.0     6.87 C    11.3    -6.1    -0.1    93.9    65.5    82.7   0.123   0.122   0.108   0.083   0.060     1.1     1.5     1.8     2.2     2.7
54903 20240203  2.622  -90.17   44.06     5.5    -3.4     1.1     0.1     0.0     7.07 C    14.1    -7.0     0.3    96.5    61.4    85.7   0.119   0.117   0.104   0.079   0.058     1.4     1.6     1.8     2.1     2.7
54903 20240204  2.622  -90.17   44.06    10.3    -6.9     1.7     0.0     0.0    10.73 C    17.3    -9.0    -0.7    98.4    24.7    74.2 -99.000   0.113   0.100   0.076   0.057     0.4     1.0     1.5     2.0     2.7
54903 20240205  2.622  -90.17   44.06    10.7    -5.3     2.7     1.6     0.0    10.11 C    18.1    -7.7     1.0    95.3    43.6    73.5 -99.000   0.110   0.098   0.074   0.056     0.3     0.9     1.3     1.8     2.6
54903 20240206  2.622  -90.17   44.06    12.1    -3.9     4.1     3.2     0.0     9.58 C    20.9    -6.3     2.6    96.4    33.9    69.1 -99.000   0.110   0.097   0.071   0.055     0.9     1.3     1.5     1.8     2.6
54903 20240207  2.622  -90.17   44.06     8.2    -1.6     3.3     3.2     0.0     4.12 C    12.7    -4.7     2.4    95.7    53.4    78.3   0.109   0.109   0.095   0.070   0.054     1.6     1.7     1.9     2.1     2.6
54903 20240208  2.622  -90.17   44.06    13.4     3.1     8.3     7.5     4.4     7.76 C    19.4     1.0     7.3    86.2    52.3    73.3   0.116   0.111   0.094   0.068   0.054     3.5     3.1     2.8     2.5     2.8
54903 20240209  2.622  -90.17   44.06     4.4    -1.1     1.7     2.7     0.0     3.70 C     9.0    -1.1     2.8    80.2    65.7    72.2   0.124   0.117   0.099   0.068   0.053     3.3     3.5     3.5     3.2     3.1
54903 20240210  2.622  -90.17   44.06     2.3    -3.6    -0.7    -1.1     0.0     9.59 C    11.1    -5.2     0.1    78.2    53.2    68.7   0.117   0.114   0.098   0.068   0.052     1.6     2.3     2.7     3.0     3.3
54903 20240211  2.622  -90.17   44.06     2.9    -5.4    -1.3    -1.5     0.0     5.86 C     9.4    -8.1    -1.8    85.3    51.6    68.6   0.113   0.112   0.097   0.068   0.052     1.1     1.6     2.1     2.7     3.2
54903 20240212  2.622  -90.17   44.06     6.9    -4.5     1.2     0.7     0.0    12.32 C    14.6    -8.2     0.5    82.6    40.3    64.7 -99.000   0.110   0.095   0.068   0.052     0.8     1.3     1.7     2.3     3.1
54903 20240213  2.622  -90.17   44.06     3.6    -4.4    -0.4    -1.2     0.0     8.79 C    16.3    -8.5    -0.6    85.8    38.8    66.4 -99.000   0.108   0.093   0.068   0.052     0.6     1.2     1.7     2.2     3.0
54903 20240214  2.622  -90.17   44.06     8.0    -4.4     1.8     2.1     0.0     6.36 C    20.9    -8.1     2.3    83.2    45.8    62.9 -99.000   0.107   0.093   0.068   0.051     1.3     1.4     1.7     2.1     2.9
54903 20240215  2.622  -90.17   44.06     3.2    -5.0    -0.9    -1.6     5.0    10.21 C     2.4    -6.7    -1.8    96.9    57.4    78.7   0.114   0.110   0.093   0.067   0.051     1.3     1.8     2.1     2.4     2.9
54903 20240216  2.622  -90.17   44.06    -3.3   -12.4    -7.8    -7.5     0.0    12.47 C     5.7   -13.1    -6.3    82.8    52.7    68.9 -99.000   0.109   0.094   0.065   0.051     0.1     0.8     1.3     2.1     2.9
54903 20240217  2.622  -90.17   44.06    -0.1   -13.4    -6.8    -6.5     0.0    12.58 C     3.5   -13.8    -6.0    76.6    41.8    61.0 -99.000 -99.000   0.092   0.065   0.049    -0.4     0.3     0.8     1.7     2.7
54903 20240218  2.622  -90.17   44.06     3.9    -7.4    -1.7    -1.6     0.0    13.76 C    11.9   -11.2    -2.0    84.3    35.0    60.7 -99.000 -99.000   0.090   0.065   0.050    -0.3     0.1     0.6     1.5     2.5
54903 20240219  2.622  -90.17   44.06     7.2    -8.9    -0.8    -1.6     0.0    11.08 C    17.7   -11.4    -1.6    93.9    22.5    63.9 -99.000 -99.000   0.085   0.065   0.049    -0.3     0.1     0.6     1.3     2.4
54903 20240220  2.622  -90.17   44.06    12.7    -3.4     4.6     3.6     0.0    12.12 C    19.8    -6.4     2.7    90.0    34.0    65.5 -99.000 -99.000   0.082   0.064   0.049    -0.1     0.1     0.6     1.2     2.2
54903 20240221  2.622  -90.17   44.06    14.1    -2.9     5.6     4.1     0.0    11.87 C    23.2    -5.9     4.0    92.7    23.8    62.9 -99.000 -99.000   0.084   0.063   0.049     0.0     0.4     0.8     1.3     2.2
54903 20240222  2.622  -90.17   44.06    14.7    -4.4     5.1     5.2     0.0    13.99 C    22.4    -7.2     5.0    94.2    27.1    62.4 -99.000   0.106   0.087   0.062   0.049     0.6     1.2     1.4     1.5     2.2
54903 20240223  2.622  -90.17   44.06     5.1    -8.5    -1.7    -0.7     1.0     4.95 C    12.4   -13.3    -1.5    88.9    57.9    77.1 -99.000   0.108   0.090   0.062   0.049     1.0     1.8     2.0     2.0     2.5
54903 20240224  2.622  -90.17   44.06     2.4   -12.1    -4.9    -4.6     0.0    13.68 C     8.7   -17.4    -5.1    85.4    38.9    61.4 -99.000   0.105   0.089   0.062   0.048     0.2     1.0     1.4     1.9     2.5
54903 20240225  2.622  -90.17   44.06    12.4     0.4     6.4     5.7     0.0    13.61 C    20.7    -4.9     5.2    71.0    35.7    54.2 -99.000   0.105   0.090   0.062   0.048     1.4     1.7     1.7     1.9     2.5
54903 20240226  2.622  -90.17   44.06    18.1    -3.4     7.3     7.2     0.0    12.76 C    23.0    -6.4     5.8    93.9    29.2    57.2 -99.000   0.105   0.090   0.062   0.048     2.3     2.5     2.5     2.3     2.6
54903 20240227  2.622  -90.17   44.06    20.3    -4.4     7.9     8.0     0.4    13.70 C    26.4    -4.5     7.8    95.0    23.0    62.8   0.105   0.104   0.090   0.062   0.048     3.8     3.8     3.5     2.9     2.9
54903 20240228  2.622  -90.17   44.06    -4.4   -12.5    -8.5    -8.9     0.8    15.72 C    -0.7   -13.6    -8.3    89.3    43.2    63.6 -99.000   0.103   0.089   0.062   0.048     0.8     2.5     3.1     3.3     3.3
54903 20240229  2.622  -90.17   44.06     8.7   -13.4    -2.4    -2.2     0.0    15.29 C    16.4   -15.4    -2.1    82.8    26.6    49.7 -99.000   0.101   0.088   0.063   0.047     0.1     1.1     1.7     2.5     3.2
54903 20240301  2.622  -90.17   44.06    12.5    -0.8     5.8     5.3     0.0    15.91 C    22.6    -6.2     4.7    67.7    21.1    41.2 -99.000   0.102   0.087   0.062   0.048     1.5     1.8     2.0     2.2     2.9
54903 20240302  2.622  -90.17   44.06    16.6    -2.0     7.3     7.7     0.0    13.86 C    26.1    -5.2     7.5    95.6    40.9    65.6   0.100   0.102   0.087   0.062   0.048     3.2     3.1     3.0     2.7     3.0
54903 20240303  2.622  -90.17   44.06    23.7     4.4    14.1    12.6     1.2    11.91 C    28.1     0.5    11.8    91.3    33.2    64.6   0.100   0.101   0.087   0.062   0.048     5.5     5.0     4.5     3.6     3.4
54903 20240304  2.622  -90.17   44.06     7.5     0.4     4.0     3.2    12.2     0.93 C     5.7    -2.9     2.0    96.6    54.3    84.2   0.130   0.117   0.091   0.062   0.048     4.1     4.6     4.8     4.4     3.9
54903 20240305  2.622  -90.17   44.06    10.8    -2.5     4.2     3.4     0.0    16.54 C    20.1    -5.4     3.7    97.2    23.3    65.4   0.143   0.139   0.115   0.065   0.048     3.5     3.9     4.0     4.0     4.0
54903 20240306  2.622  -90.17   44.06    11.4    -4.5     3.4     3.3     0.0    17.11 C    21.5    -8.6     3.3    92.0    19.8    55.2   0.130   0.130   0.112   0.072   0.047     2.6     3.4     3.7     3.8     4.0
54903 20240307  2.622  -90.17   44.06    13.7    -0.7     6.5     5.7     0.0    15.18 C    25.2    -4.4     7.1    91.8    33.8    57.0   0.125   0.125   0.109   0.076   0.047     3.9     4.1     4.1     3.9     4.0
54903 20240308  2.622  -90.17   44.06     6.6     1.5     4.0     4.2     1.8     2.36 C     8.5    -0.4     4.1    92.9    63.9    83.5   0.124   0.123   0.107   0.077   0.047     4.4     4.6     4.6     4.4     4.2
54903 20240309  2.622  -90.17   44.06     4.0    -3.6     0.2     0.1     0.0    14.02 C    14.0    -5.2     0.6    77.6    40.6    61.7   0.122   0.122   0.107   0.078   0.047     2.6     3.5     3.9     4.2     4.3
54903 20240310  2.622  -90.17   44.06     8.4    -4.3     2.0     1.6     0.0    17.95 C    20.2    -7.2     2.6    68.5    22.3    44.8   0.119   0.120   0.105   0.077   0.047     2.4     3.1     3.4     3.7     4.2
54903 20240311  2.622  -90.17   44.06    19.1    -1.6     8.7     8.2     0.0    16.39 C    26.3    -6.0     7.4    85.1    29.3    50.4   0.118   0.118   0.104   0.077   0.047     3.8     3.9     3.9     3.8     4.1
54903 20240312  2.622  -90.17   44.06    19.6     3.8    11.7    13.6     0.0    16.14 C    26.6    -1.1    12.0    84.1    27.9    45.7   0.116   0.116   0.102   0.076   0.047     6.2     5.9     5.5     4.6     4.3
54903 20240313  2.622  -90.17   44.06    20.6    -0.5    10.0    10.1     0.0    14.76 C    34.0    -3.9     9.9    98.3    16.0    54.3   0.113   0.114   0.100   0.076   0.048     6.0     6.2     6.0     5.3     4.8
54903 20240314  2.622  -90.17   44.06    12.5     3.6     8.1     8.3     0.0     5.63 C    15.6    -0.5     7.3    81.4    34.4    51.9   0.112   0.112   0.099   0.074   0.049     6.1     6.4     6.3     5.7     5.1
54903 20240315  2.622  -90.17   44.06    12.7    -1.2     5.8     6.2     0.0    16.92 C    29.3    -5.6     7.5    92.1    34.9    58.7   0.110   0.110   0.097   0.073   0.048     5.8     6.0     5.9     5.6     5.3
54903 20240316  2.622  -90.17   44.06     8.8     1.2     5.0     6.4     0.0     7.12 C    16.2    -1.0     6.2    62.1    39.5    51.6   0.108   0.109   0.096   0.072   0.048     5.9     6.2     6.2     5.9     5.5
54903 20240317  2.622  -90.17   44.06     1.3    -4.4    -1.5    -2.6     0.0     7.13 C     9.9    -4.9    -1.0    73.0    46.6    58.2   0.106   0.107   0.094   0.072   0.049     3.5     4.5     5.1     5.5     5.5
54903 20240318  2.622  -90.17   44.06     2.4    -5.6    -1.6    -1.9     0.0    15.22 C    16.0    -6.6     1.3    77.3    39.2    54.8   0.105   0.107   0.093   0.071   0.049     3.2     3.8     4.2     4.8     5.2
54903 20240319  2.622  -90.17   44.06    10.7    -1.1     4.8     4.6     0.0    16.91 C    21.8    -3.6     5.6    51.1    36.1    43.3   0.104   0.105   0.092   0.070   0.049     4.4     4.6     4.6     4.7     5.0
54903 20240320  2.622  -90.17   44.06     1.4    -5.4    -2.0    -2.6     0.0    20.00 C    15.2   -10.1    -0.3    59.9    32.4    45.1   0.102   0.104   0.091   0.069   0.049     3.3     4.3     4.7     4.9     5.0
54903 20240321  2.622  -90.17   44.06     2.5    -6.6    -2.1    -2.3     1.3    12.79 C    18.1    -9.4     1.3    91.5    27.4    47.5   0.101   0.104   0.090   0.068   0.049     3.3     3.8     4.1     4.5     4.9
54903 20240322  2.622  -90.17   44.06     0.2    -3.8    -1.8    -1.8     3.4     4.07 C     0.5    -8.4    -2.6    94.4    63.1    80.4   0.101   0.103   0.089   0.067   0.049     3.2     3.7     4.1     4.5     4.8
54903 20240323  2.622  -90.17   44.06     2.4    -8.4    -3.0    -2.5     0.0    19.96 C    15.1   -13.2    -1.1    89.8    23.8    52.8   0.114   0.105   0.089   0.067   0.049     2.8     3.3     3.6     4.1     4.7
54903 20240324  2.622  -90.17   44.06     1.3    -3.3    -1.0    -0.8     9.1     3.48 C     0.1    -3.3    -1.3    95.0    44.4    85.3   0.118   0.110   0.092   0.067   0.049     2.4     3.0     3.4     4.0     4.5
54903 20240325  2.622  -90.17   44.06     8.9     1.1     5.0     4.0     4.3     1.43 C     7.6     0.0     1.8    98.6    80.4    90.3   0.133   0.127   0.101   0.067   0.049     2.5     2.7     3.0     3.6     4.4
54903 20240326  2.622  -90.17   44.06    12.8    -3.7     4.6     4.5     6.5     7.37 C    19.1    -3.8     4.9    98.2    63.4    84.7   0.155   0.151   0.127   0.092   0.049     4.5     4.3     4.1     3.9     4.2
54903 20240327  2.622  -90.17   44.06     1.2    -5.1    -2.0    -2.2     0.0    16.29 C    10.8    -6.0    -0.8    77.5    48.9    62.9   0.130   0.130   0.115   0.092   0.053     2.0     2.9     3.4     3.9     4.4
54903 20240328  2.622  -90.17   44.06     5.8    -7.1    -0.6    -0.2     0.0    21.45 C    18.7    -9.3     1.5    82.5    34.9    56.2   0.123   0.122   0.108   0.086   0.056     2.4     2.8     3.1     3.5     4.2
54903 20240329  2.622  -90.17   44.06    11.8    -7.0     2.4     3.1     0.0    15.95 C    23.1   -10.1     4.5    94.7    27.3    57.3   0.118   0.118   0.104   0.082   0.057     3.2     3.4     3.5     3.6     4.1
54903 20240330  2.622  -90.17   44.06    11.6     1.1     6.4     4.9     1.6    17.62 C    24.3    -2.1     7.4    93.1    48.3    73.4   0.119   0.116   0.102   0.079   0.057     5.2     5.1     4.8     4.2     4.3
54903 20240331  2.622  -90.17   44.06     9.5    -1.1     4.2     4.9     0.0     9.58 C    24.5    -3.6     6.1    97.8    55.9    76.9   0.115   0.114   0.100   0.077   0.057     5.4     5.4     5.3     4.9     4.6
54903 20240401  2.622  -90.17   44.06     4.9    -0.1     2.4     1.4     9.5     1.76 C     5.3    -3.1     0.6    96.8    79.9    92.0   0.130   0.120   0.101   0.075   0.057     3.9     4.4     4.8     4.9     4.8
54903 20240402  2.622  -90.17   44.06     0.7     0.2     0.4     0.4    25.6     1.59 C     0.7    -0.1     0.1    98.2    84.7    94.0   0.140   0.133   0.111   0.077   0.057     2.9     3.2     3.7     4.3     4.7
54903 20240403  2.622  -90.17   44.06     1.6     0.2     0.9     0.7     6.7     5.45 C     0.7    -0.3     0.0    96.9    76.2    90.2   0.141   0.135   0.114   0.082   0.056     2.5     2.7     3.1     3.8     4.4
54903 20240404  2.622  -90.17   44.06     5.4     0.9     3.1     3.0     0.0     6.38 C     2.2    -0.4     0.8    85.1    60.4    74.2   0.159   0.146   0.122   0.086   0.056     2.2     2.4     2.8     3.5     4.2
54903 20240405  2.622  -90.17   44.06    11.1    -1.4     4.8     4.6     0.0    20.85 C    22.5    -4.7     4.8    93.0    37.1    65.9   0.168   0.154   0.130   0.100   0.060     3.3     3.1     3.1     3.3     4.0
54903 20240406  2.622  -90.17   44.06    13.7    -1.6     6.1     6.4     0.0    23.21 C    26.3    -4.8     8.3    93.5    30.8    58.7   0.138   0.134   0.118   0.093   0.063     4.8     4.5     4.3     3.9     4.0
54903 20240407  2.622  -90.17   44.06 -9999.0 -9999.0 -9999.0 -9999.0 -9999.0 -9999.00 U -9999.0 -9999.0 -9999.0 -9999.0 -9999.0 -9999.0 -99.000 -99.000 -99.000 -99.000 -99.000 -9999.0 -9999.0 -9999.0 -9999.0 -9999.0
