53131 20030101  1.001 -111.17   32.24    16.1     1.2     8.7     8.6     0.4    14.12 R -9999.0 -9999.0    10.6 -9999.0 -9999.0 -9999.0 -99.000 -99.000 -99.000 -99.000 -99.000 -9999.0 -9999.0 -9999.0 -9999.0 -9999.0
53131 20030102  1.001 -111.17   32.24    20.4     1.2    10.8    11.1     0.2    14.36 R -9999.0 -9999.0    11.3 -9999.0 -9999.0 -9999.0 -99.000 -99.000 -99.000 -99.000 -99.000 -9999.0 -9999.0 -9999.0 -9999.0 -9999.0
53131 20030103  1.001 -111.17   32.24    23.7     6.7    15.2    14.4     0.0    14.30 R -9999.0 -9999.0    14.1 -9999.0 -9999.0 -9999.0 -99.000 -99.000 -99.000 -99.000 -99.000 -9999.0 -9999.0 -9999.0 -9999.0 -9999.0
53131 20030104  1.001 -111.17   32.24    24.2     7.6    15.9    15.8     0.0    14.18 R -9999.0 -9999.0    16.1 -9999.0 -9999.0 -9999.0 -99.000 -99.000 -99.000 -99.000 -99.000 -9999.0 -9999.0 -9999.0 -9999.0 -9999.0
53131 20030105  1.001 -111.17   32.24    25.1     6.9    16.0    15.6     0.0    14.35 R -9999.0 -9999.0    15.9 -9999.0 -9999.0 -9999.0 -99.000 -99.000 -99.000 -99.000 -99.000 -9999.0 -9999.0 -9999.0 -9999.0 -9999.0
53131 20030106  1.001 -111.17   32.24    22.5     7.3    14.9    15.8     0.0     9.66 R -9999.0 -9999.0    14.6 -9999.0 -9999.0 -9999.0 -99.000 -99.000 -99.000 -99.000 -99.000 -9999.0 -9999.0 -9999.0 -9999.0 -9999.0
53131 20030107  1.001 -111.17   32.24    22.0    12.8    17.4    16.9     0.0    13.95 R -9999.0 -9999.0    17.1 -9999.0 -9999.0 -9999.0 -99.000 -99.000 -99.000 -99.000 -99.000 -9999.0 -9999.0 -9999.0 -9999.0 -9999.0
53131 20030108  1.001 -111.17   32.24    21.0    11.6    16.3    16.4     0.0    11.35 R -9999.0 -9999.0    18.2 -9999.0 -9999.0 -9999.0 -99.000 -99.000 -99.000 -99.000 -99.000 -9999.0 -9999.0 -9999.0 -9999.0 -9999.0
53131 20030109  1.001 -111.17   32.24    18.7     6.6    12.7    12.7     0.4    14.82 R -9999.0 -9999.0    15.2 -9999.0 -9999.0 -9999.0 -99.000 -99.000 -99.000 -99.000 -99.000 -9999.0 -9999.0 -9999.0 -9999.0 -9999.0
53131 20030110  1.001 -111.17   32.24    21.1     5.6    13.4    12.9     0.2    14.54 R -9999.0 -9999.0    14.2 -9999.0 -9999.0 -9999.0 -99.000 -99.000 -99.000 -99.000 -99.000 -9999.0 -9999.0 -9999.0 -9999.0 -9999.0
53131 20030111  1.001 -111.17   32.24    17.8     5.4    11.6    11.8     0.0    13.58 R -9999.0 -9999.0    13.7 -9999.0 -9999.0 -9999.0 -99.000 -99.000 -99.000 -99.000 -99.000 -9999.0 -9999.0 -9999.0 -9999.0 -9999.0
53131 20030112  1.001 -111.17   32.24    19.6     4.4    12.0    11.8     0.3    14.56 R -9999.0 -9999.0    13.1 -9999.0 -9999.0 -9999.0 -99.000 -99.000 -99.000 -99.000 -99.000 -9999.0 -9999.0 -9999.0 -9999.0 -9999.0
53131 20030113  1.001 -111.17   32.24    22.8     4.3    13.6    13.2     0.4    14.94 R -9999.0 -9999.0    13.9 -9999.0 -9999.0 -9999.0 -99.000 -99.000 -99.000 -99.000 -99.000 -9999.0 -9999.0 -9999.0 -9999.0 -9999.0
53131 20030114  1.001 -111.17   32.24    26.2     6.8    16.5    16.7     0.3    14.94 R -9999.0 -9999.0    16.0 -9999.0 -9999.0 -9999.0 -99.000 -99.000 -99.000 -99.000 -99.000 -9999.0 -9999.0 -9999.0 -9999.0 -9999.0
53131 20030115  1.001 -111.17   32.24    22.6     7.4    15.0    14.3     0.3    14.49 R -9999.0 -9999.0    14.6 -9999.0 -9999.0 -9999.0 -99.000 -99.000 -99.000 -99.000 -99.000 -9999.0 -9999.0 -9999.0 -9999.0 -9999.0
53131 20030116  1.001 -111.17   32.24    25.0     6.4    15.7    16.1     0.2    15.41 R -9999.0 -9999.0    15.3 -9999.0 -9999.0 -9999.0 -99.000 -99.000 -99.000 -99.000 -99.000 -9999.0 -9999.0 -9999.0 -9999.0 -9999.0
53131 20030117  1.001 -111.17   32.24    24.8    10.3    17.6    17.4     0.0    15.18 R -9999.0 -9999.0    16.6 -9999.0 -9999.0 -9999.0 -99.000 -99.000 -99.000 -99.000 -99.000 -9999.0 -9999.0 -9999.0 -9999.0 -9999.0
53131 20030118  1.001 -111.17   32.24    24.1     7.0    15.6    15.6     0.0    15.22 R -9999.0 -9999.0    15.8 -9999.0 -9999.0 -9999.0 -99.000 -99.000 -99.000 -99.000 -99.000 -9999.0 -9999.0 -9999.0 -9999.0 -9999.0
53131 20030119  1.001 -111.17   32.24    25.1     8.1    16.6    16.0     0.0    14.88 R -9999.0 -9999.0    16.6 -9999.0 -9999.0 -9999.0 -99.000 -99.000 -99.000 -99.000 -99.000 -9999.0 -9999.0 -9999.0 -9999.0 -9999.0
53131 20030120  1.001 -111.17   32.24    21.0     9.2    15.1    15.0     0.0     8.61 R -9999.0 -9999.0    14.7 -9999.0 -9999.0 -9999.0 -99.000 -99.000 -99.000 -99.000 -99.000 -9999.0 -9999.0 -9999.0 -9999.0 -9999.0
53131 20030121  1.001 -111.17   32.24    17.7     4.1    10.9    11.5     0.3    12.30 R -9999.0 -9999.0    13.2 -9999.0 -9999.0 -9999.0 -99.000 -99.000 -99.000 -99.000 -99.000 -9999.0 -9999.0 -9999.0 -9999.0 -9999.0
53131 20030122  1.001 -111.17   32.24    19.4     5.0    12.2    12.4     0.3    15.46 R -9999.0 -9999.0    14.1 -9999.0 -9999.0 -9999.0 -99.000 -99.000 -99.000 -99.000 -99.000 -9999.0 -9999.0 -9999.0 -9999.0 -9999.0
53131 20030123  1.001 -111.17   32.24    22.7     7.0    14.9    15.1     0.0    10.72 R -9999.0 -9999.0    14.9 -9999.0 -9999.0 -9999.0 -99.000 -99.000 -99.000 -99.000 -99.000 -9999.0 -9999.0 -9999.0 -9999.0 -9999.0
53131 20030124  1.001 -111.17   32.24    25.1     7.6    16.4    17.0     0.0    15.73 R -9999.0 -9999.0    17.3 -9999.0 -9999.0 -9999.0 -99.000 -99.000 -99.000 -99.000 -99.000 -9999.0 -9999.0 -9999.0 -9999.0 -9999.0
53131 20030125  1.001 -111.17   32.24    22.3     8.0    15.2    15.3     0.0    15.74 R -9999.0 -9999.0    16.6 -9999.0 -9999.0 -9999.0 -99.000 -99.000 -99.000 -99.000 -99.000 -9999.0 -9999.0 -9999.0 -9999.0 -9999.0
53131 20030126  1.001 -111.17   32.24    24.5     7.5    16.0    16.1     0.0    16.33 R -9999.0 -9999.0    16.1 -9999.0 -9999.0 -9999.0 -99.000 -99.000 -99.000 -99.000 -99.000 -9999.0 -9999.0 -9999.0 -9999.0 -9999.0
53131 20030127  1.001 -111.17   32.24    26.8    10.1    18.5    18.8     0.0    16.92 R -9999.0 -9999.0    17.9 -9999.0 -9999.0 -9999.0 -99.000 -99.000 -99.000 -99.000 -99.000 -9999.0 -9999.0 -9999.0 -9999.0 -9999.0
53131 20030128  1.001 -111.17   32.24    24.5     5.3    14.9    15.8     0.0    16.66 R -9999.0 -9999.0    16.4 -9999.0 -9999.0 -9999.0 -99.000 -99.000 -99.000 -99.000 -99.000 -9999.0 -9999.0 -9999.0 -9999.0 -9999.0
53131 20030129  1.001 -111.17   32.24    25.4     7.6    16.5    16.3     0.0    16.51 R -9999.0 -9999.0    16.9 -9999.0 -9999.0 -9999.0 -99.000 -99.000 -99.000 -99.000 -99.000 -9999.0 -9999.0 -9999.0 -9999.0 -9999.0
53131 20030130  1.001 -111.17   32.24    25.5     6.2    15.9    15.8     0.3    16.99 R -9999.0 -9999.0    16.4 -9999.0 -9999.0 -9999.0 -99.000 -99.000 -99.000 -99.000 -99.000 -9999.0 -9999.0 -9999.0 -9999.0 -9999.0
53131 20030131  1.001 -111.17   32.24    28.4     7.6    18.0    18.2     0.0    17.06 R -9999.0 -9999.0    18.1 -9999.0 -9999.0 -9999.0 -99.000 -99.000 -99.000 -99.000 -99.000 -9999.0 -9999.0 -9999.0 -9999.0 -9999.0
53131 20030201  1.001 -111.17   32.24    29.4    12.6    21.0    21.1     0.0    16.63 R -9999.0 -9999.0    20.0 -9999.0 -9999.0 -9999.0 -99.000 -99.000 -99.000 -99.000 -99.000 -9999.0 -9999.0 -9999.0 -9999.0 -9999.0
53131 20030202  1.001 -111.17   32.24    23.3     5.1    14.2    16.7     0.0    16.52 R -9999.0 -9999.0    16.7 -9999.0 -9999.0 -9999.0 -99.000 -99.000 -99.000 -99.000 -99.000 -9999.0 -9999.0 -9999.0 -9999.0 -9999.0
53131 20030203  1.001 -111.17   32.24    16.4     0.9     8.7     9.6     0.5    17.50 R -9999.0 -9999.0    12.1 -9999.0 -9999.0 -9999.0 -99.000 -99.000 -99.000 -99.000 -99.000 -9999.0 -9999.0 -9999.0 -9999.0 -9999.0
53131 20030204  1.001 -111.17   32.24    17.9     1.5     9.7    10.1     0.0    15.31 R -9999.0 -9999.0    13.1 -9999.0 -9999.0 -9999.0 -99.000 -99.000 -99.000 -99.000 -99.000 -9999.0 -9999.0 -9999.0 -9999.0 -9999.0
53131 20030205  1.001 -111.17   32.24    16.5     6.6    11.6    11.5     0.0     9.23 R -9999.0 -9999.0    11.6 -9999.0 -9999.0 -9999.0 -99.000 -99.000 -99.000 -99.000 -99.000 -9999.0 -9999.0 -9999.0 -9999.0 -9999.0
53131 20030206  1.001 -111.17   32.24    15.2    -0.3     7.5     7.5     0.4    18.24 R -9999.0 -9999.0    10.4 -9999.0 -9999.0 -9999.0 -99.000 -99.000 -99.000 -99.000 -99.000 -9999.0 -9999.0 -9999.0 -9999.0 -9999.0
53131 20030207  1.001 -111.17   32.24    17.6     1.2     9.4    10.3     0.5    13.82 R -9999.0 -9999.0    12.4 -9999.0 -9999.0 -9999.0 -99.000 -99.000 -99.000 -99.000 -99.000 -9999.0 -9999.0 -9999.0 -9999.0 -9999.0
53131 20030208  1.001 -111.17   32.24    14.9     5.1    10.0    10.8     0.0    13.63 R -9999.0 -9999.0    13.5 -9999.0 -9999.0 -9999.0 -99.000 -99.000 -99.000 -99.000 -99.000 -9999.0 -9999.0 -9999.0 -9999.0 -9999.0
53131 20030209  1.001 -111.17   32.24    15.6     1.1     8.4     8.8     0.4    16.31 R -9999.0 -9999.0    11.0 -9999.0 -9999.0 -9999.0 -99.000 -99.000 -99.000 -99.000 -99.000 -9999.0 -9999.0 -9999.0 -9999.0 -9999.0
53131 20030210  1.001 -111.17   32.24    17.9     1.6     9.8    10.7     0.3    13.23 R -9999.0 -9999.0    11.8 -9999.0 -9999.0 -9999.0 -99.000 -99.000 -99.000 -99.000 -99.000 -9999.0 -9999.0 -9999.0 -9999.0 -9999.0
53131 20030211  1.001 -111.17   32.24    21.1    10.4    15.8    15.9     0.0    10.40 R -9999.0 -9999.0    16.1 -9999.0 -9999.0 -9999.0 -99.000 -99.000 -99.000 -99.000 -99.000 -9999.0 -9999.0 -9999.0 -9999.0 -9999.0
53131 20030212  1.001 -111.17   32.24    18.4    10.4    14.4    15.9     0.0     5.02 R -9999.0 -9999.0    14.5 -9999.0 -9999.0 -9999.0 -99.000 -99.000 -99.000 -99.000 -99.000 -9999.0 -9999.0 -9999.0 -9999.0 -9999.0
53131 20030213  1.001 -111.17   32.24    20.4    10.0    15.2    15.0     5.6     8.17 R -9999.0 -9999.0    14.7 -9999.0 -9999.0 -9999.0 -99.000 -99.000 -99.000 -99.000 -99.000 -9999.0 -9999.0 -9999.0 -9999.0 -9999.0
53131 20030214  1.001 -111.17   32.24 -9999.0 -9999.0 -9999.0 -9999.0 -9999.0 -9999.00 U -9999.0 -9999.0 -9999.0 -9999.0 -9999.0 -9999.0 -99.000 -99.000 -99.000 -99.000 -99.000 -9999.0 -9999.0 -9999.0 -9999.0 -9999.0
53131 20030215  1.001 -111.17   32.24 -9999.0 -9999.0 -9999.0 -9999.0 -9999.0 -9999.00 U -9999.0 -9999.0 -9999.0 -9999.0 -9999.0 -9999.0 -99.000 -99.000 -99.000 -99.000 -99.000 -9999.0 -9999.0 -9999.0 -9999.0 -9999.0
53131 20030216  1.001 -111.17   32.24    21.2     6.7    14.0    13.8     0.3    16.86 R -9999.0 -9999.0    14.3 -9999.0 -9999.0 -9999.0 -99.000 -99.000 -99.000 -99.000 -99.000 -9999.0 -9999.0 -9999.0 -9999.0 -9999.0
53131 20030217  1.001 -111.17   32.24    23.2     7.1    15.2    15.3     0.3    15.86 R -9999.0 -9999.0    16.3 -9999.0 -9999.0 -9999.0 -99.000 -99.000 -99.000 -99.000 -99.000 -9999.0 -9999.0 -9999.0 -9999.0 -9999.0
53131 20030218  1.001 -111.17   32.24    18.8     8.8    13.8    15.2     0.0     7.56 R -9999.0 -9999.0    15.1 -9999.0 -9999.0 -9999.0 -99.000 -99.000 -99.000 -99.000 -99.000 -9999.0 -9999.0 -9999.0 -9999.0 -9999.0
53131 20030219  1.001 -111.17   32.24    21.6     5.4    13.5    13.5     0.4    20.12 R -9999.0 -9999.0    15.8 -9999.0 -9999.0 -9999.0 -99.000 -99.000 -99.000 -99.000 -99.000 -9999.0 -9999.0 -9999.0 -9999.0 -9999.0
53131 20030220  1.001 -111.17   32.24    15.8     5.7    10.8    11.5     0.3     6.33 R -9999.0 -9999.0    11.9 -9999.0 -9999.0 -9999.0 -99.000 -99.000 -99.000 -99.000 -99.000 -9999.0 -9999.0 -9999.0 -9999.0 -9999.0
53131 20030221  1.001 -111.17   32.24 -9999.0 -9999.0 -9999.0 -9999.0 -9999.0 -9999.00 U -9999.0 -9999.0 -9999.0 -9999.0 -9999.0 -9999.0 -99.000 -99.000 -99.000 -99.000 -99.000 -9999.0 -9999.0 -9999.0 -9999.0 -9999.0
53131 20030222  1.001 -111.17   32.24    21.8     5.1    13.5    13.0     0.3    20.95 R -9999.0 -9999.0    15.3 -9999.0 -9999.0 -9999.0 -99.000 -99.000 -99.000 -99.000 -99.000 -9999.0 -9999.0 -9999.0 -9999.0 -9999.0
53131 20030223  1.001 -111.17   32.24    21.8     4.2    13.0    14.0     0.0    18.14 R -9999.0 -9999.0    16.3 -9999.0 -9999.0 -9999.0 -99.000 -99.000 -99.000 -99.000 -99.000 -9999.0 -9999.0 -9999.0 -9999.0 -9999.0
53131 20030224  1.001 -111.17   32.24    20.5    11.0    15.8    15.3     0.0    12.40 R -9999.0 -9999.0    16.1 -9999.0 -9999.0 -9999.0 -99.000 -99.000 -99.000 -99.000 -99.000 -9999.0 -9999.0 -9999.0 -9999.0 -9999.0
53131 20030225  1.001 -111.17   32.24    18.0     8.9    13.5    13.0     3.1     9.72 R -9999.0 -9999.0    14.4 -9999.0 -9999.0 -9999.0 -99.000 -99.000 -99.000 -99.000 -99.000 -9999.0 -9999.0 -9999.0 -9999.0 -9999.0
53131 20030226  1.001 -111.17   32.24    15.2     6.9    11.1     9.9     2.8    14.26 R -9999.0 -9999.0    11.9 -9999.0 -9999.0 -9999.0 -99.000 -99.000 -99.000 -99.000 -99.000 -9999.0 -9999.0 -9999.0 -9999.0 -9999.0
53131 20030227  1.001 -111.17   32.24 -9999.0 -9999.0 -9999.0 -9999.0 -9999.0 -9999.00 U -9999.0 -9999.0 -9999.0 -9999.0 -9999.0 -9999.0 -99.000 -99.000 -99.000 -99.000 -99.000 -9999.0 -9999.0 -9999.0 -9999.0 -9999.0
53131 20030228  1.001 -111.17   32.24 -9999.0 -9999.0 -9999.0 -9999.0 -9999.0 -9999.00 U -9999.0 -9999.0 -9999.0 -9999.0 -9999.0 -9999.0 -99.000 -99.000 -99.000 -99.000 -99.000 -9999.0 -9999.0 -9999.0 -9999.0 -9999.0
53131 20030301  1.001 -111.17   32.24 -9999.0 -9999.0 -9999.0 -9999.0 -9999.0 -9999.00 U -9999.0 -9999.0 -9999.0 -9999.0 -9999.0 -9999.0 -99.000 -99.000 -99.000 -99.000 -99.000 -9999.0 -9999.0 -9999.0 -9999.0 -9999.0
53131 20030302  1.001 -111.17   32.24 -9999.0 -9999.0 -9999.0 -9999.0 -9999.0 -9999.00 U -9999.0 -9999.0 -9999.0 -9999.0 -9999.0 -9999.0 -99.000 -99.000 -99.000 -99.000 -99.000 -9999.0 -9999.0 -9999.0 -9999.0 -9999.0
53131 20030303  1.001 -111.17   32.24 -9999.0 -9999.0 -9999.0 -9999.0 -9999.0 -9999.00 U -9999.0 -9999.0 -9999.0 -9999.0 -9999.0 -9999.0 -99.000 -99.000 -99.000 -99.000 -99.000 -9999.0 -9999.0 -9999.0 -9999.0 -9999.0
53131 20030304  1.001 -111.17   32.24 -9999.0 -9999.0 -9999.0 -9999.0 -9999.0 -9999.00 U -9999.0 -9999.0 -9999.0 -9999.0 -9999.0 -9999.0 -99.000 -99.000 -99.000 -99.000 -99.000 -9999.0 -9999.0 -9999.0 -9999.0 -9999.0
53131 20030305  1.001 -111.17   32.24 -9999.0 -9999.0 -9999.0 -9999.0 -9999.0 -9999.00 U -9999.0 -9999.0 -9999.0 -9999.0 -9999.0 -9999.0 -99.000 -99.000 -99.000 -99.000 -99.000 -9999.0 -9999.0 -9999.0 -9999.0 -9999.0
53131 20030306  1.001 -111.17   32.24    19.8     2.6    11.2    11.3     0.4    22.62 R -9999.0 -9999.0    14.7 -9999.0 -9999.0 -9999.0 -99.000 -99.000 -99.000 -99.000 -99.000 -9999.0 -9999.0 -9999.0 -9999.0 -9999.0
53131 20030307  1.001 -111.17   32.24    23.3     5.3    14.3    14.7     0.4    22.91 R -9999.0 -9999.0    17.5 -9999.0 -9999.0 -9999.0 -99.000 -99.000 -99.000 -99.000 -99.000 -9999.0 -9999.0 -9999.0 -9999.0 -9999.0
53131 20030308  1.001 -111.17   32.24    22.7     6.1    14.4    16.1     0.4    22.98 R -9999.0 -9999.0    19.0 -9999.0 -9999.0 -9999.0 -99.000 -99.000 -99.000 -99.000 -99.000 -9999.0 -9999.0 -9999.0 -9999.0 -9999.0
53131 20030309  1.001 -111.17   32.24    26.8     7.2    17.0    18.0     0.0    23.21 R -9999.0 -9999.0    20.8 -9999.0 -9999.0 -9999.0 -99.000 -99.000 -99.000 -99.000 -99.000 -9999.0 -9999.0 -9999.0 -9999.0 -9999.0
53131 20030310  1.001 -111.17   32.24    26.6     8.4    17.5    18.6     0.0    23.15 R -9999.0 -9999.0    21.8 -9999.0 -9999.0 -9999.0 -99.000 -99.000 -99.000 -99.000 -99.000 -9999.0 -9999.0 -9999.0 -9999.0 -9999.0
53131 20030311  1.001 -111.17   32.24    26.5     9.1    17.8    18.2     0.0    23.27 R -9999.0 -9999.0    22.0 -9999.0 -9999.0 -9999.0 -99.000 -99.000 -99.000 -99.000 -99.000 -9999.0 -9999.0 -9999.0 -9999.0 -9999.0
53131 20030312  1.001 -111.17   32.24    27.6     9.3    18.5    19.2     0.0    23.37 R -9999.0 -9999.0    22.8 -9999.0 -9999.0 -9999.0 -99.000 -99.000 -99.000 -99.000 -99.000 -9999.0 -9999.0 -9999.0 -9999.0 -9999.0
53131 20030313  1.001 -111.17   32.24    29.5    10.7    20.1    21.1     0.0    17.40 R -9999.0 -9999.0    22.3 -9999.0 -9999.0 -9999.0 -99.000 -99.000 -99.000 -99.000 -99.000 -9999.0 -9999.0 -9999.0 -9999.0 -9999.0
53131 20030314  1.001 -111.17   32.24    25.6    12.2    18.9    20.0     0.0    16.26 R -9999.0 -9999.0    21.8 -9999.0 -9999.0 -9999.0 -99.000 -99.000 -99.000 -99.000 -99.000 -9999.0 -9999.0 -9999.0 -9999.0 -9999.0
53131 20030315  1.001 -111.17   32.24    25.7    10.4    18.1    18.5     0.0    14.26 R -9999.0 -9999.0    20.5 -9999.0 -9999.0 -9999.0 -99.000 -99.000 -99.000 -99.000 -99.000 -9999.0 -9999.0 -9999.0 -9999.0 -9999.0
53131 20030316  1.001 -111.17   32.24    17.2    10.4    13.8    14.4     3.7     8.29 R -9999.0 -9999.0    15.1 -9999.0 -9999.0 -9999.0 -99.000 -99.000 -99.000 -99.000 -99.000 -9999.0 -9999.0 -9999.0 -9999.0 -9999.0
53131 20030317  1.001 -111.17   32.24    14.2     5.6     9.9     9.9     4.9    12.76 R -9999.0 -9999.0    12.5 -9999.0 -9999.0 -9999.0 -99.000 -99.000 -99.000 -99.000 -99.000 -9999.0 -9999.0 -9999.0 -9999.0 -9999.0
53131 20030318  1.001 -111.17   32.24 -9999.0 -9999.0 -9999.0 -9999.0 -9999.0 -9999.00 U -9999.0 -9999.0 -9999.0 -9999.0 -9999.0 -9999.0 -99.000 -99.000 -99.000 -99.000 -99.000 -9999.0 -9999.0 -9999.0 -9999.0 -9999.0
53131 20030319  1.001 -111.17   32.24 -9999.0 -9999.0 -9999.0 -9999.0 -9999.0 -9999.00 U -9999.0 -9999.0 -9999.0 -9999.0 -9999.0 -9999.0 -99.000 -99.000 -99.000 -99.000 -99.000 -9999.0 -9999.0 -9999.0 -9999.0 -9999.0
53131 20030320  1.001 -111.17   32.24    21.5     6.1    13.8    14.2     0.4    24.11 R -9999.0 -9999.0    18.3 -9999.0 -9999.0 -9999.0 -99.000 -99.000 -99.000 -99.000 -99.000 -9999.0 -9999.0 -9999.0 -9999.0 -9999.0
53131 20030321  1.001 -111.17   32.24    19.9     7.1    13.5    14.7     0.4    24.53 R -9999.0 -9999.0    18.8 -9999.0 -9999.0 -9999.0 -99.000 -99.000 -99.000 -99.000 -99.000 -9999.0 -9999.0 -9999.0 -9999.0 -9999.0
53131 20030322  1.001 -111.17   32.24    24.5     7.2    15.9    17.3     0.4    25.10 R -9999.0 -9999.0    21.1 -9999.0 -9999.0 -9999.0 -99.000 -99.000 -99.000 -99.000 -99.000 -9999.0 -9999.0 -9999.0 -9999.0 -9999.0
53131 20030323  1.001 -111.17   32.24    27.9     8.8    18.4    19.2     0.4    25.41 R -9999.0 -9999.0    23.0 -9999.0 -9999.0 -9999.0 -99.000 -99.000 -99.000 -99.000 -99.000 -9999.0 -9999.0 -9999.0 -9999.0 -9999.0
53131 20030324  1.001 -111.17   32.24    27.6    10.5    19.1    19.8     0.0    24.27 R -9999.0 -9999.0    23.1 -9999.0 -9999.0 -9999.0 -99.000 -99.000 -99.000 -99.000 -99.000 -9999.0 -9999.0 -9999.0 -9999.0 -9999.0
53131 20030325  1.001 -111.17   32.24    25.7     9.4    17.6    18.8     0.4    25.40 R -9999.0 -9999.0    23.3 -9999.0 -9999.0 -9999.0 -99.000 -99.000 -99.000 -99.000 -99.000 -9999.0 -9999.0 -9999.0 -9999.0 -9999.0
53131 20030326  1.001 -111.17   32.24    29.1     9.7    19.4    20.4     0.0    25.84 R -9999.0 -9999.0    24.7 -9999.0 -9999.0 -9999.0 -99.000 -99.000 -99.000 -99.000 -99.000 -9999.0 -9999.0 -9999.0 -9999.0 -9999.0
53131 20030327  1.001 -111.17   32.24    25.6    12.8    19.2    19.5     0.0    22.55 R -9999.0 -9999.0    22.5 -9999.0 -9999.0 -9999.0 -99.000 -99.000 -99.000 -99.000 -99.000 -9999.0 -9999.0 -9999.0 -9999.0 -9999.0
53131 20030328  1.001 -111.17   32.24    19.4     8.8    14.1    14.7     0.0    26.52 R -9999.0 -9999.0    19.7 -9999.0 -9999.0 -9999.0 -99.000 -99.000 -99.000 -99.000 -99.000 -9999.0 -9999.0 -9999.0 -9999.0 -9999.0
53131 20030329  1.001 -111.17   32.24    20.6     9.9    15.3    14.8     0.0    26.49 R -9999.0 -9999.0    19.0 -9999.0 -9999.0 -9999.0 -99.000 -99.000 -99.000 -99.000 -99.000 -9999.0 -9999.0 -9999.0 -9999.0 -9999.0
53131 20030330  1.001 -111.17   32.24    26.1    10.2    18.2    18.0     0.0    27.09 R -9999.0 -9999.0    21.4 -9999.0 -9999.0 -9999.0 -99.000 -99.000 -99.000 -99.000 -99.000 -9999.0 -9999.0 -9999.0 -9999.0 -9999.0
53131 20030331  1.001 -111.17   32.24    31.6    11.4    21.5    22.6     0.0    27.09 R -9999.0 -9999.0    25.5 -9999.0 -9999.0 -9999.0 -99.000 -99.000 -99.000 -99.000 -99.000 -9999.0 -9999.0 -9999.0 -9999.0 -9999.0
53131 20030401  1.001 -111.17   32.24    31.5    12.1    21.8    23.6     0.0    26.82 R -9999.0 -9999.0    26.4 -9999.0 -9999.0 -9999.0 -99.000 -99.000 -99.000 -99.000 -99.000 -9999.0 -9999.0 -9999.0 -9999.0 -9999.0
53131 20030402  1.001 -111.17   32.24    25.6    11.6    18.6    19.8     0.0    22.02 R -9999.0 -9999.0    23.1 -9999.0 -9999.0 -9999.0 -99.000 -99.000 -99.000 -99.000 -99.000 -9999.0 -9999.0 -9999.0 -9999.0 -9999.0
53131 20030403  1.001 -111.17   32.24    21.7     7.3    14.5    15.1     0.0    26.46 R -9999.0 -9999.0    20.8 -9999.0 -9999.0 -9999.0 -99.000 -99.000 -99.000 -99.000 -99.000 -9999.0 -9999.0 -9999.0 -9999.0 -9999.0
53131 20030404  1.001 -111.17   32.24    22.3     3.8    13.1    14.0     0.0    27.23 R -9999.0 -9999.0    20.6 -9999.0 -9999.0 -9999.0 -99.000 -99.000 -99.000 -99.000 -99.000 -9999.0 -9999.0 -9999.0 -9999.0 -9999.0
53131 20030405  1.001 -111.17   32.24    19.9     7.4    13.7    13.6     0.5    26.95 R -9999.0 -9999.0    19.2 -9999.0 -9999.0 -9999.0 -99.000 -99.000 -99.000 -99.000 -99.000 -9999.0 -9999.0 -9999.0 -9999.0 -9999.0
53131 20030406  1.001 -111.17   32.24    20.1     3.2    11.7    13.4     0.0    27.55 R -9999.0 -9999.0    19.8 -9999.0 -9999.0 -9999.0 -99.000 -99.000 -99.000 -99.000 -99.000 -9999.0 -9999.0 -9999.0 -9999.0 -9999.0
53131 20030407  1.001 -111.17   32.24    23.3     4.4    13.9    15.5     0.0    27.83 R -9999.0 -9999.0    21.1 -9999.0 -9999.0 -9999.0 -99.000 -99.000 -99.000 -99.000 -99.000 -9999.0 -9999.0 -9999.0 -9999.0 -9999.0
53131 20030408  1.001 -111.17   32.24    28.9    11.0    20.0    21.2     0.0    27.60 R -9999.0 -9999.0    24.4 -9999.0 -9999.0 -9999.0 -99.000 -99.000 -99.000 -99.000 -99.000 -9999.0 -9999.0 -9999.0 -9999.0 -9999.0
53131 20030409  1.001 -111.17   32.24    31.8    17.2    24.5    23.8     0.0    26.91 R -9999.0 -9999.0    26.7 -9999.0 -9999.0 -9999.0 -99.000 -99.000 -99.000 -99.000 -99.000 -9999.0 -9999.0 -9999.0 -9999.0 -9999.0
53131 20030410  1.001 -111.17   32.24    31.6    11.5    21.6    22.3     0.2    26.53 R -9999.0 -9999.0    26.1 -9999.0 -9999.0 -9999.0 -99.000 -99.000 -99.000 -99.000 -99.000 -9999.0 -9999.0 -9999.0 -9999.0 -9999.0
53131 20030411  1.001 -111.17   32.24    28.5     9.6    19.1    20.5     0.0    27.92 R -9999.0 -9999.0    26.1 -9999.0 -9999.0 -9999.0 -99.000 -99.000 -99.000 -99.000 -99.000 -9999.0 -9999.0 -9999.0 -9999.0 -9999.0
53131 20030412  1.001 -111.17   32.24    29.7    12.1    20.9    22.2     0.0    23.89 R -9999.0 -9999.0    26.6 -9999.0 -9999.0 -9999.0 -99.000 -99.000 -99.000 -99.000 -99.000 -9999.0 -9999.0 -9999.0 -9999.0 -9999.0
53131 20030413  1.001 -111.17   32.24    30.3    13.2    21.8    22.4     0.0    27.92 R -9999.0 -9999.0    28.0 -9999.0 -9999.0 -9999.0 -99.000 -99.000 -99.000 -99.000 -99.000 -9999.0 -9999.0 -9999.0 -9999.0 -9999.0
53131 20030414  1.001 -111.17   32.24    26.4    15.6    21.0    21.8     0.0    15.83 R -9999.0 -9999.0    23.7 -9999.0 -9999.0 -9999.0 -99.000 -99.000 -99.000 -99.000 -99.000 -9999.0 -9999.0 -9999.0 -9999.0 -9999.0
53131 20030415  1.001 -111.17   32.24    19.0     7.4    13.2    14.3     0.0    25.70 R -9999.0 -9999.0    20.7 -9999.0 -9999.0 -9999.0 -99.000 -99.000 -99.000 -99.000 -99.000 -9999.0 -9999.0 -9999.0 -9999.0 -9999.0
53131 20030416  1.001 -111.17   32.24    26.7     6.5    16.6    17.6     0.0    28.86 R -9999.0 -9999.0    23.9 -9999.0 -9999.0 -9999.0 -99.000 -99.000 -99.000 -99.000 -99.000 -9999.0 -9999.0 -9999.0 -9999.0 -9999.0
53131 20030417  1.001 -111.17   32.24    24.4    12.0    18.2    18.0     0.0    28.73 R -9999.0 -9999.0    23.3 -9999.0 -9999.0 -9999.0 -99.000 -99.000 -99.000 -99.000 -99.000 -9999.0 -9999.0 -9999.0 -9999.0 -9999.0
53131 20030418  1.001 -111.17   32.24    21.4     7.0    14.2    14.8     0.0    26.33 R -9999.0 -9999.0    22.0 -9999.0 -9999.0 -9999.0 -99.000 -99.000 -99.000 -99.000 -99.000 -9999.0 -9999.0 -9999.0 -9999.0 -9999.0
53131 20030419  1.001 -111.17   32.24    21.6     7.4    14.5    15.1     0.0    27.27 R -9999.0 -9999.0    22.5 -9999.0 -9999.0 -9999.0 -99.000 -99.000 -99.000 -99.000 -99.000 -9999.0 -9999.0 -9999.0 -9999.0 -9999.0
53131 20030420  1.001 -111.17   32.24    29.9     8.8    19.4    20.8     0.0    28.89 R -9999.0 -9999.0    26.4 -9999.0 -9999.0 -9999.0 -99.000 -99.000 -99.000 -99.000 -99.000 -9999.0 -9999.0 -9999.0 -9999.0 -9999.0
53131 20030421  1.001 -111.17   32.24    28.3    11.2    19.8    20.2     0.0    28.19 R -9999.0 -9999.0    26.3 -9999.0 -9999.0 -9999.0 -99.000 -99.000 -99.000 -99.000 -99.000 -9999.0 -9999.0 -9999.0 -9999.0 -9999.0
53131 20030422  1.001 -111.17   32.24    23.0     9.0    16.0    16.3     0.0    25.85 R -9999.0 -9999.0    22.9 -9999.0 -9999.0 -9999.0 -99.000 -99.000 -99.000 -99.000 -99.000 -9999.0 -9999.0 -9999.0 -9999.0 -9999.0
53131 20030423  1.001 -111.17   32.24    22.3     5.9    14.1    14.7     0.0    29.20 R -9999.0 -9999.0    22.7 -9999.0 -9999.0 -9999.0 -99.000 -99.000 -99.000 -99.000 -99.000 -9999.0 -9999.0 -9999.0 -9999.0 -9999.0
53131 20030424  1.001 -111.17   32.24    27.0     6.9    17.0    18.1     0.0    29.53 R -9999.0 -9999.0    24.8 -9999.0 -9999.0 -9999.0 -99.000 -99.000 -99.000 -99.000 -99.000 -9999.0 -9999.0 -9999.0 -9999.0 -9999.0
53131 20030425  1.001 -111.17   32.24    29.1     9.1    19.1    21.0     0.0    29.05 R -9999.0 -9999.0    27.3 -9999.0 -9999.0 -9999.0 -99.000 -99.000 -99.000 -99.000 -99.000 -9999.0 -9999.0 -9999.0 -9999.0 -9999.0
53131 20030426  1.001 -111.17   32.24    31.0    12.3    21.7    23.1     0.0    29.10 R -9999.0 -9999.0    29.1 -9999.0 -9999.0 -9999.0 -99.000 -99.000 -99.000 -99.000 -99.000 -9999.0 -9999.0 -9999.0 -9999.0 -9999.0
53131 20030427  1.001 -111.17   32.24    31.6    14.9    23.3    24.0     0.0    29.19 R -9999.0 -9999.0    30.5 -9999.0 -9999.0 -9999.0 -99.000 -99.000 -99.000 -99.000 -99.000 -9999.0 -9999.0 -9999.0 -9999.0 -9999.0
53131 20030428  1.001 -111.17   32.24    31.2    14.8    23.0    23.2     0.0    29.50 R -9999.0 -9999.0    29.4 -9999.0 -9999.0 -9999.0 -99.000 -99.000 -99.000 -99.000 -99.000 -9999.0 -9999.0 -9999.0 -9999.0 -9999.0
53131 20030429  1.001 -111.17   32.24    30.3    14.3    22.3    22.6     0.0    29.74 R -9999.0 -9999.0    28.8 -9999.0 -9999.0 -9999.0 -99.000 -99.000 -99.000 -99.000 -99.000 -9999.0 -9999.0 -9999.0 -9999.0 -9999.0
53131 20030430  1.001 -111.17   32.24    28.2    11.1    19.7    20.1     0.0    29.81 R -9999.0 -9999.0    27.1 -9999.0 -9999.0 -9999.0 -99.000 -99.000 -99.000 -99.000 -99.000 -9999.0 -9999.0 -9999.0 -9999.0 -9999.0
53131 20030501  1.001 -111.17   32.24    29.0     9.4    19.2    20.7     0.0    29.77 R -9999.0 -9999.0    27.5 -9999.0 -9999.0 -9999.0 -99.000 -99.000 -99.000 -99.000 -99.000 -9999.0 -9999.0 -9999.0 -9999.0 -9999.0
53131 20030502  1.001 -111.17   32.24    31.2    10.9    21.1    22.9     0.0    27.83 R -9999.0 -9999.0    28.4 -9999.0 -9999.0 -9999.0 -99.000 -99.000 -99.000 -99.000 -99.000 -9999.0 -9999.0 -9999.0 -9999.0 -9999.0
53131 20030503  1.001 -111.17   32.24    30.1    16.5    23.3    23.2     0.0    28.62 R -9999.0 -9999.0    28.1 -9999.0 -9999.0 -9999.0 -99.000 -99.000 -99.000 -99.000 -99.000 -9999.0 -9999.0 -9999.0 -9999.0 -9999.0
53131 20030504  1.001 -111.17   32.24    25.9    14.2    20.1    19.7     0.0    29.94 R -9999.0 -9999.0    27.8 -9999.0 -9999.0 -9999.0 -99.000 -99.000 -99.000 -99.000 -99.000 -9999.0 -9999.0 -9999.0 -9999.0 -9999.0
53131 20030505  1.001 -111.17   32.24    26.6    10.4    18.5    19.3     0.0    29.97 R -9999.0 -9999.0    27.3 -9999.0 -9999.0 -9999.0 -99.000 -99.000 -99.000 -99.000 -99.000 -9999.0 -9999.0 -9999.0 -9999.0 -9999.0
53131 20030506  1.001 -111.17   32.24    29.2    12.4    20.8    21.2     0.0    27.39 R -9999.0 -9999.0    28.2 -9999.0 -9999.0 -9999.0 -99.000 -99.000 -99.000 -99.000 -99.000 -9999.0 -9999.0 -9999.0 -9999.0 -9999.0
53131 20030507  1.001 -111.17   32.24    28.6    15.0    21.8    21.6     0.0    30.19 R -9999.0 -9999.0    28.1 -9999.0 -9999.0 -9999.0 -99.000 -99.000 -99.000 -99.000 -99.000 -9999.0 -9999.0 -9999.0 -9999.0 -9999.0
53131 20030508  1.001 -111.17   32.24    27.6    11.4    19.5    19.5     0.0    29.96 R -9999.0 -9999.0    27.4 -9999.0 -9999.0 -9999.0 -99.000 -99.000 -99.000 -99.000 -99.000 -9999.0 -9999.0 -9999.0 -9999.0 -9999.0
53131 20030509  1.001 -111.17   32.24    27.2     9.3    18.3    19.0     0.0    29.79 R -9999.0 -9999.0    25.9 -9999.0 -9999.0 -9999.0 -99.000 -99.000 -99.000 -99.000 -99.000 -9999.0 -9999.0 -9999.0 -9999.0 -9999.0
53131 20030510  1.001 -111.17   32.24    25.8     7.2    16.5    17.8     0.0    31.11 R -9999.0 -9999.0    25.7 -9999.0 -9999.0 -9999.0 -99.000 -99.000 -99.000 -99.000 -99.000 -9999.0 -9999.0 -9999.0 -9999.0 -9999.0
53131 20030511  1.001 -111.17   32.24    32.0     9.1    20.6    22.2     0.0    27.86 R -9999.0 -9999.0    27.3 -9999.0 -9999.0 -9999.0 -99.000 -99.000 -99.000 -99.000 -99.000 -9999.0 -9999.0 -9999.0 -9999.0 -9999.0
53131 20030512  1.001 -111.17   32.24    35.3    12.3    23.8    25.4     0.0    30.25 R -9999.0 -9999.0    30.8 -9999.0 -9999.0 -9999.0 -99.000 -99.000 -99.000 -99.000 -99.000 -9999.0 -9999.0 -9999.0 -9999.0 -9999.0
53131 20030513  1.001 -111.17   32.24    35.9    16.5    26.2    27.4     0.0    29.24 R -9999.0 -9999.0    32.5 -9999.0 -9999.0 -9999.0 -99.000 -99.000 -99.000 -99.000 -99.000 -9999.0 -9999.0 -9999.0 -9999.0 -9999.0
53131 20030514  1.001 -111.17   32.24    37.1    19.5    28.3    28.4     0.0    23.07 R -9999.0 -9999.0    32.8 -9999.0 -9999.0 -9999.0 -99.000 -99.000 -99.000 -99.000 -99.000 -9999.0 -9999.0 -9999.0 -9999.0 -9999.0
53131 20030515  1.001 -111.17   32.24    30.4    18.4    24.4    24.8     0.0    30.96 R -9999.0 -9999.0    31.6 -9999.0 -9999.0 -9999.0 -99.000 -99.000 -99.000 -99.000 -99.000 -9999.0 -9999.0 -9999.0 -9999.0 -9999.0
53131 20030516  1.001 -111.17   32.24    36.4    14.9    25.7    26.9     0.0    30.82 R -9999.0 -9999.0    33.3 -9999.0 -9999.0 -9999.0 -99.000 -99.000 -99.000 -99.000 -99.000 -9999.0 -9999.0 -9999.0 -9999.0 -9999.0
53131 20030517  1.001 -111.17   32.24    38.8    19.0    28.9    29.5     0.0    29.14 R -9999.0 -9999.0    34.7 -9999.0 -9999.0 -9999.0 -99.000 -99.000 -99.000 -99.000 -99.000 -9999.0 -9999.0 -9999.0 -9999.0 -9999.0
53131 20030518  1.001 -111.17   32.24    35.7    17.9    26.8    27.8     0.3    28.48 R -9999.0 -9999.0    33.3 -9999.0 -9999.0 -9999.0 -99.000 -99.000 -99.000 -99.000 -99.000 -9999.0 -9999.0 -9999.0 -9999.0 -9999.0
53131 20030519  1.001 -111.17   32.24    35.2    16.0    25.6    27.6     0.0    30.89 R -9999.0 -9999.0    34.0 -9999.0 -9999.0 -9999.0 -99.000 -99.000 -99.000 -99.000 -99.000 -9999.0 -9999.0 -9999.0 -9999.0 -9999.0
53131 20030520  1.001 -111.17   32.24    37.3    17.7    27.5    29.1     0.0    29.87 R -9999.0 -9999.0    35.1 -9999.0 -9999.0 -9999.0 -99.000 -99.000 -99.000 -99.000 -99.000 -9999.0 -9999.0 -9999.0 -9999.0 -9999.0
53131 20030521  1.001 -111.17   32.24    37.8    24.6    31.2    31.1     0.0    25.15 R -9999.0 -9999.0    36.0 -9999.0 -9999.0 -9999.0 -99.000 -99.000 -99.000 -99.000 -99.000 -9999.0 -9999.0 -9999.0 -9999.0 -9999.0
53131 20030522  1.001 -111.17   32.24    36.8    21.0    28.9    30.0     0.0    20.88 R -9999.0 -9999.0    33.5 -9999.0 -9999.0 -9999.0 -99.000 -99.000 -99.000 -99.000 -99.000 -9999.0 -9999.0 -9999.0 -9999.0 -9999.0
53131 20030523  1.001 -111.17   32.24    37.4    20.6    29.0    29.6     0.0    20.95 R -9999.0 -9999.0    33.1 -9999.0 -9999.0 -9999.0 -99.000 -99.000 -99.000 -99.000 -99.000 -9999.0 -9999.0 -9999.0 -9999.0 -9999.0
53131 20030524  1.001 -111.17   32.24    38.1    20.0    29.1    29.2     0.2    30.44 R -9999.0 -9999.0    34.8 -9999.0 -9999.0 -9999.0 -99.000 -99.000 -99.000 -99.000 -99.000 -9999.0 -9999.0 -9999.0 -9999.0 -9999.0
53131 20030525  1.001 -111.17   32.24    34.0    15.7    24.9    26.9     0.3    31.55 R -9999.0 -9999.0    33.7 -9999.0 -9999.0 -9999.0 -99.000 -99.000 -99.000 -99.000 -99.000 -9999.0 -9999.0 -9999.0 -9999.0 -9999.0
53131 20030526  1.001 -111.17   32.24    36.3    16.7    26.5    28.3 -9999.0    30.02 R -9999.0 -9999.0    34.9 -9999.0 -9999.0 -9999.0 -99.000 -99.000 -99.000 -99.000 -99.000 -9999.0 -9999.0 -9999.0 -9999.0 -9999.0
53131 20030527  1.001 -111.17   32.24    40.2    20.6    30.4    32.1     0.0    26.73 R -9999.0 -9999.0    37.5 -9999.0 -9999.0 -9999.0 -99.000 -99.000 -99.000 -99.000 -99.000 -9999.0 -9999.0 -9999.0 -9999.0 -9999.0
53131 20030528  1.001 -111.17   32.24    38.0    28.5    33.3    33.2     0.0    30.14 R -9999.0 -9999.0    38.2 -9999.0 -9999.0 -9999.0 -99.000 -99.000 -99.000 -99.000 -99.000 -9999.0 -9999.0 -9999.0 -9999.0 -9999.0
53131 20030529  1.001 -111.17   32.24    37.7    23.0    30.4    30.1     0.2    26.46 R -9999.0 -9999.0    35.8 -9999.0 -9999.0 -9999.0 -99.000 -99.000 -99.000 -99.000 -99.000 -9999.0 -9999.0 -9999.0 -9999.0 -9999.0
53131 20030530  1.001 -111.17   32.24    36.1    20.4    28.3    26.4     9.5    23.06 R -9999.0 -9999.0    31.8 -9999.0 -9999.0 -9999.0 -99.000 -99.000 -99.000 -99.000 -99.000 -9999.0 -9999.0 -9999.0 -9999.0 -9999.0
53131 20030531  1.001 -111.17   32.24    34.9    20.1    27.5    28.6     0.3    29.77 R -9999.0 -9999.0    31.4 -9999.0 -9999.0 -9999.0 -99.000 -99.000 -99.000 -99.000 -99.000 -9999.0 -9999.0 -9999.0 -9999.0 -9999.0
53131 20030601  1.001 -111.17   32.24    37.4    20.0    28.7    30.2     0.0    30.56 R -9999.0 -9999.0    35.2 -9999.0 -9999.0 -9999.0 -99.000 -99.000 -99.000 -99.000 -99.000 -9999.0 -9999.0 -9999.0 -9999.0 -9999.0
53131 20030602  1.001 -111.17   32.24    39.3    20.5    29.9    31.5     0.0    30.79 R -9999.0 -9999.0    36.6 -9999.0 -9999.0 -9999.0 -99.000 -99.000 -99.000 -99.000 -99.000 -9999.0 -9999.0 -9999.0 -9999.0 -9999.0
53131 20030603  1.001 -111.17   32.24    37.9    20.7    29.3    30.5     0.0    30.42 R -9999.0 -9999.0    36.5 -9999.0 -9999.0 -9999.0 -99.000 -99.000 -99.000 -99.000 -99.000 -9999.0 -9999.0 -9999.0 -9999.0 -9999.0
53131 20030604  1.001 -111.17   32.24    37.7    20.5    29.1    30.3     0.0    30.25 R -9999.0 -9999.0    36.7 -9999.0 -9999.0 -9999.0 -99.000 -99.000 -99.000 -99.000 -99.000 -9999.0 -9999.0 -9999.0 -9999.0 -9999.0
53131 20030605  1.001 -111.17   32.24    37.4    21.2    29.3    30.1     0.0    31.35 R -9999.0 -9999.0    36.1 -9999.0 -9999.0 -9999.0 -99.000 -99.000 -99.000 -99.000 -99.000 -9999.0 -9999.0 -9999.0 -9999.0 -9999.0
53131 20030606  1.001 -111.17   32.24    37.2    21.4    29.3    29.7     0.2    30.56 R -9999.0 -9999.0    36.0 -9999.0 -9999.0 -9999.0 -99.000 -99.000 -99.000 -99.000 -99.000 -9999.0 -9999.0 -9999.0 -9999.0 -9999.0
53131 20030607  1.001 -111.17   32.24    37.4    20.6    29.0    30.2     0.0    30.85 R -9999.0 -9999.0    36.4 -9999.0 -9999.0 -9999.0 -99.000 -99.000 -99.000 -99.000 -99.000 -9999.0 -9999.0 -9999.0 -9999.0 -9999.0
53131 20030608  1.001 -111.17   32.24    39.4    20.7    30.1    31.0     0.0    28.81 R -9999.0 -9999.0    37.2 -9999.0 -9999.0 -9999.0 -99.000 -99.000 -99.000 -99.000 -99.000 -9999.0 -9999.0 -9999.0 -9999.0 -9999.0
53131 20030609  1.001 -111.17   32.24    36.4    23.6    30.0    29.9     0.0    30.83 R -9999.0 -9999.0    36.3 -9999.0 -9999.0 -9999.0 -99.000 -99.000 -99.000 -99.000 -99.000 -9999.0 -9999.0 -9999.0 -9999.0 -9999.0
53131 20030610  1.001 -111.17   32.24    34.6    19.2    26.9    27.5     0.3    31.21 R -9999.0 -9999.0    34.2 -9999.0 -9999.0 -9999.0 -99.000 -99.000 -99.000 -99.000 -99.000 -9999.0 -9999.0 -9999.0 -9999.0 -9999.0
53131 20030611  1.001 -111.17   32.24    34.3    18.6    26.5    27.4     0.6    31.56 R -9999.0 -9999.0    34.4 -9999.0 -9999.0 -9999.0 -99.000 -99.000 -99.000 -99.000 -99.000 -9999.0 -9999.0 -9999.0 -9999.0 -9999.0
53131 20030612  1.001 -111.17   32.24    35.1    17.9    26.5    27.2     0.4    31.43 R -9999.0 -9999.0    34.8 -9999.0 -9999.0 -9999.0 -99.000 -99.000 -99.000 -99.000 -99.000 -9999.0 -9999.0 -9999.0 -9999.0 -9999.0
53131 20030613  1.001 -111.17   32.24    35.5    16.9    26.2    27.9     0.3    31.91 R -9999.0 -9999.0    34.8 -9999.0 -9999.0 -9999.0 -99.000 -99.000 -99.000 -99.000 -99.000 -9999.0 -9999.0 -9999.0 -9999.0 -9999.0
53131 20030614  1.001 -111.17   32.24    37.8    17.4    27.6    30.0     0.4    31.57 R -9999.0 -9999.0    36.3 -9999.0 -9999.0 -9999.0 -99.000 -99.000 -99.000 -99.000 -99.000 -9999.0 -9999.0 -9999.0 -9999.0 -9999.0
53131 20030615  1.001 -111.17   32.24    40.7    19.6    30.2    32.2     0.2    31.15 R -9999.0 -9999.0    37.9 -9999.0 -9999.0 -9999.0 -99.000 -99.000 -99.000 -99.000 -99.000 -9999.0 -9999.0 -9999.0 -9999.0 -9999.0
53131 20030616  1.001 -111.17   32.24    41.1    22.1    31.6    31.8     0.3    30.22 R -9999.0 -9999.0    38.0 -9999.0 -9999.0 -9999.0 -99.000 -99.000 -99.000 -99.000 -99.000 -9999.0 -9999.0 -9999.0 -9999.0 -9999.0
53131 20030617  1.001 -111.17   32.24    40.5    22.4    31.5    32.4     0.3    30.34 R -9999.0 -9999.0    38.3 -9999.0 -9999.0 -9999.0 -99.000 -99.000 -99.000 -99.000 -99.000 -9999.0 -9999.0 -9999.0 -9999.0 -9999.0
53131 20030618  1.001 -111.17   32.24    39.7    25.0    32.4    32.1     0.0    27.20 R -9999.0 -9999.0    37.5 -9999.0 -9999.0 -9999.0 -99.000 -99.000 -99.000 -99.000 -99.000 -9999.0 -9999.0 -9999.0 -9999.0 -9999.0
53131 20030619  1.001 -111.17   32.24    37.9    20.0    29.0    30.2     0.3    31.13 R -9999.0 -9999.0    35.8 -9999.0 -9999.0 -9999.0 -99.000 -99.000 -99.000 -99.000 -99.000 -9999.0 -9999.0 -9999.0 -9999.0 -9999.0
53131 20030620  1.001 -111.17   32.24    35.2    20.7    28.0    28.1     0.0    31.29 R -9999.0 -9999.0    33.7 -9999.0 -9999.0 -9999.0 -99.000 -99.000 -99.000 -99.000 -99.000 -9999.0 -9999.0 -9999.0 -9999.0 -9999.0
53131 20030621  1.001 -111.17   32.24    36.2    17.8    27.0    28.1     0.0    31.68 R -9999.0 -9999.0    34.1 -9999.0 -9999.0 -9999.0 -99.000 -99.000 -99.000 -99.000 -99.000 -9999.0 -9999.0 -9999.0 -9999.0 -9999.0
53131 20030622  1.001 -111.17   32.24    37.2    18.1    27.7    29.1     0.7    31.88 R -9999.0 -9999.0    35.4 -9999.0 -9999.0 -9999.0 -99.000 -99.000 -99.000 -99.000 -99.000 -9999.0 -9999.0 -9999.0 -9999.0 -9999.0
53131 20030623  1.001 -111.17   32.24    36.8    21.5    29.2    29.9     0.0    31.89 R -9999.0 -9999.0    35.7 -9999.0 -9999.0 -9999.0 -99.000 -99.000 -99.000 -99.000 -99.000 -9999.0 -9999.0 -9999.0 -9999.0 -9999.0
53131 20030624  1.001 -111.17   32.24    36.3    21.2    28.8    29.4     0.0    31.70 R -9999.0 -9999.0    35.5 -9999.0 -9999.0 -9999.0 -99.000 -99.000 -99.000 -99.000 -99.000 -9999.0 -9999.0 -9999.0 -9999.0 -9999.0
53131 20030625  1.001 -111.17   32.24    37.7    18.6    28.2    29.6     0.5    31.51 R -9999.0 -9999.0    36.6 -9999.0 -9999.0 -9999.0 -99.000 -99.000 -99.000 -99.000 -99.000 -9999.0 -9999.0 -9999.0 -9999.0 -9999.0
53131 20030626  1.001 -111.17   32.24    39.2    21.0    30.1    32.0     0.3    29.87 R -9999.0 -9999.0    37.6 -9999.0 -9999.0 -9999.0 -99.000 -99.000 -99.000 -99.000 -99.000 -9999.0 -9999.0 -9999.0 -9999.0 -9999.0
53131 20030627  1.001 -111.17   32.24    41.0    24.4    32.7    33.9     0.0    27.42 R -9999.0 -9999.0    39.0 -9999.0 -9999.0 -9999.0 -99.000 -99.000 -99.000 -99.000 -99.000 -9999.0 -9999.0 -9999.0 -9999.0 -9999.0
53131 20030628  1.001 -111.17   32.24    41.7    24.5    33.1    34.4     0.0    29.97 R -9999.0 -9999.0    40.2 -9999.0 -9999.0 -9999.0 -99.000 -99.000 -99.000 -99.000 -99.000 -9999.0 -9999.0 -9999.0 -9999.0 -9999.0
53131 20030629  1.001 -111.17   32.24    40.2    24.2    32.2    33.2     0.0    29.91 R -9999.0 -9999.0    39.8 -9999.0 -9999.0 -9999.0 -99.000 -99.000 -99.000 -99.000 -99.000 -9999.0 -9999.0 -9999.0 -9999.0 -9999.0
53131 20030630  1.001 -111.17   32.24    40.1    25.7    32.9    33.5     0.0    29.58 R -9999.0 -9999.0    40.1 -9999.0 -9999.0 -9999.0 -99.000 -99.000 -99.000 -99.000 -99.000 -9999.0 -9999.0 -9999.0 -9999.0 -9999.0
53131 20030701  1.001 -111.17   32.24    38.5    25.8    32.2    32.7     0.0    29.58 R -9999.0 -9999.0    39.0 -9999.0 -9999.0 -9999.0 -99.000 -99.000 -99.000 -99.000 -99.000 -9999.0 -9999.0 -9999.0 -9999.0 -9999.0
53131 20030702  1.001 -111.17   32.24    39.3    24.0    31.7    32.8     0.4    29.87 R -9999.0 -9999.0    38.9 -9999.0 -9999.0 -9999.0 -99.000 -99.000 -99.000 -99.000 -99.000 -9999.0 -9999.0 -9999.0 -9999.0 -9999.0
53131 20030703  1.001 -111.17   32.24    39.8    23.7    31.8    33.6     0.2    29.88 R -9999.0 -9999.0    39.2 -9999.0 -9999.0 -9999.0 -99.000 -99.000 -99.000 -99.000 -99.000 -9999.0 -9999.0 -9999.0 -9999.0 -9999.0
53131 20030704  1.001 -111.17   32.24    41.4    25.2    33.3    34.7     0.0    27.55 R -9999.0 -9999.0    39.6 -9999.0 -9999.0 -9999.0 -99.000 -99.000 -99.000 -99.000 -99.000 -9999.0 -9999.0 -9999.0 -9999.0 -9999.0
53131 20030705  1.001 -111.17   32.24    41.0    26.5    33.8    34.4     0.0    24.73 R -9999.0 -9999.0    38.8 -9999.0 -9999.0 -9999.0 -99.000 -99.000 -99.000 -99.000 -99.000 -9999.0 -9999.0 -9999.0 -9999.0 -9999.0
53131 20030706  1.001 -111.17   32.24    41.4    25.7    33.6    33.8     0.0    28.90 R -9999.0 -9999.0    39.9 -9999.0 -9999.0 -9999.0 -99.000 -99.000 -99.000 -99.000 -99.000 -9999.0 -9999.0 -9999.0 -9999.0 -9999.0
53131 20030707  1.001 -111.17   32.24    41.0    26.0    33.5    33.7     0.0    29.35 R -9999.0 -9999.0    40.6 -9999.0 -9999.0 -9999.0 -99.000 -99.000 -99.000 -99.000 -99.000 -9999.0 -9999.0 -9999.0 -9999.0 -9999.0
53131 20030708  1.001 -111.17   32.24    40.4    24.8    32.6    33.7     0.3    29.43 R -9999.0 -9999.0    40.4 -9999.0 -9999.0 -9999.0 -99.000 -99.000 -99.000 -99.000 -99.000 -9999.0 -9999.0 -9999.0 -9999.0 -9999.0
53131 20030709  1.001 -111.17   32.24    41.4    24.6    33.0    34.6     0.3    30.21 R -9999.0 -9999.0    39.8 -9999.0 -9999.0 -9999.0 -99.000 -99.000 -99.000 -99.000 -99.000 -9999.0 -9999.0 -9999.0 -9999.0 -9999.0
53131 20030710  1.001 -111.17   32.24    40.5    26.9    33.7    33.6     0.3    29.52 R -9999.0 -9999.0    40.1 -9999.0 -9999.0 -9999.0 -99.000 -99.000 -99.000 -99.000 -99.000 -9999.0 -9999.0 -9999.0 -9999.0 -9999.0
53131 20030711  1.001 -111.17   32.24    40.4    26.8    33.6    32.9     0.3    25.64 R -9999.0 -9999.0    40.1 -9999.0 -9999.0 -9999.0 -99.000 -99.000 -99.000 -99.000 -99.000 -9999.0 -9999.0 -9999.0 -9999.0 -9999.0
53131 20030712  1.001 -111.17   32.24    41.4    22.1    31.8    33.0     1.2    28.63 R -9999.0 -9999.0    40.2 -9999.0 -9999.0 -9999.0 -99.000 -99.000 -99.000 -99.000 -99.000 -9999.0 -9999.0 -9999.0 -9999.0 -9999.0
53131 20030713  1.001 -111.17   32.24    42.3    25.3    33.8    33.6     0.3    27.54 R -9999.0 -9999.0    39.2 -9999.0 -9999.0 -9999.0 -99.000 -99.000 -99.000 -99.000 -99.000 -9999.0 -9999.0 -9999.0 -9999.0 -9999.0
53131 20030714  1.001 -111.17   32.24    42.9    26.4    34.7    35.1     0.3    27.87 R -9999.0 -9999.0    41.6 -9999.0 -9999.0 -9999.0 -99.000 -99.000 -99.000 -99.000 -99.000 -9999.0 -9999.0 -9999.0 -9999.0 -9999.0
53131 20030715  1.001 -111.17   32.24    42.0    28.3    35.2    34.6     0.2    18.52 R -9999.0 -9999.0    38.8 -9999.0 -9999.0 -9999.0 -99.000 -99.000 -99.000 -99.000 -99.000 -9999.0 -9999.0 -9999.0 -9999.0 -9999.0
53131 20030716  1.001 -111.17   32.24    43.7    26.4    35.1    35.9     0.3    29.33 R -9999.0 -9999.0    41.5 -9999.0 -9999.0 -9999.0 -99.000 -99.000 -99.000 -99.000 -99.000 -9999.0 -9999.0 -9999.0 -9999.0 -9999.0
53131 20030717  1.001 -111.17   32.24    37.2    23.5    30.4    31.4     0.5    15.42 R -9999.0 -9999.0    35.8 -9999.0 -9999.0 -9999.0 -99.000 -99.000 -99.000 -99.000 -99.000 -9999.0 -9999.0 -9999.0 -9999.0 -9999.0
53131 20030718  1.001 -111.17   32.24    33.8    21.1    27.5    27.4     3.8    20.97 R -9999.0 -9999.0    32.6 -9999.0 -9999.0 -9999.0 -99.000 -99.000 -99.000 -99.000 -99.000 -9999.0 -9999.0 -9999.0 -9999.0 -9999.0
53131 20030719  1.001 -111.17   32.24    37.9    24.6    31.3    31.8     0.4    28.82 R -9999.0 -9999.0    39.0 -9999.0 -9999.0 -9999.0 -99.000 -99.000 -99.000 -99.000 -99.000 -9999.0 -9999.0 -9999.0 -9999.0 -9999.0
53131 20030720  1.001 -111.17   32.24    39.4    25.0    32.2    33.1     0.4    28.79 R -9999.0 -9999.0    39.8 -9999.0 -9999.0 -9999.0 -99.000 -99.000 -99.000 -99.000 -99.000 -9999.0 -9999.0 -9999.0 -9999.0 -9999.0
53131 20030721  1.001 -111.17   32.24    38.1    24.3    31.2    31.8     0.3    27.97 R -9999.0 -9999.0    39.4 -9999.0 -9999.0 -9999.0 -99.000 -99.000 -99.000 -99.000 -99.000 -9999.0 -9999.0 -9999.0 -9999.0 -9999.0
53131 20030722  1.001 -111.17   32.24    38.8    24.1    31.5    31.6     0.3    28.08 R -9999.0 -9999.0    39.8 -9999.0 -9999.0 -9999.0 -99.000 -99.000 -99.000 -99.000 -99.000 -9999.0 -9999.0 -9999.0 -9999.0 -9999.0
53131 20030723  1.001 -111.17   32.24    40.8    25.1    33.0    32.0     0.0    27.54 R -9999.0 -9999.0    40.2 -9999.0 -9999.0 -9999.0 -99.000 -99.000 -99.000 -99.000 -99.000 -9999.0 -9999.0 -9999.0 -9999.0 -9999.0
53131 20030724  1.001 -111.17   32.24    39.2    25.4    32.3    32.0     1.7    27.52 R -9999.0 -9999.0    39.3 -9999.0 -9999.0 -9999.0 -99.000 -99.000 -99.000 -99.000 -99.000 -9999.0 -9999.0 -9999.0 -9999.0 -9999.0
53131 20030725  1.001 -111.17   32.24    37.2    22.9    30.1    30.4     2.4    23.03 R -9999.0 -9999.0    36.0 -9999.0 -9999.0 -9999.0 -99.000 -99.000 -99.000 -99.000 -99.000 -9999.0 -9999.0 -9999.0 -9999.0 -9999.0
53131 20030726  1.001 -111.17   32.24    37.0    22.8    29.9    29.3     0.7    25.85 R -9999.0 -9999.0    34.5 -9999.0 -9999.0 -9999.0 -99.000 -99.000 -99.000 -99.000 -99.000 -9999.0 -9999.0 -9999.0 -9999.0 -9999.0
53131 20030727  1.001 -111.17   32.24    37.0    22.6    29.8    29.3     0.0    25.96 R -9999.0 -9999.0    36.7 -9999.0 -9999.0 -9999.0 -99.000 -99.000 -99.000 -99.000 -99.000 -9999.0 -9999.0 -9999.0 -9999.0 -9999.0
53131 20030728  1.001 -111.17   32.24    34.8    20.6    27.7    26.7     1.8    19.49 R -9999.0 -9999.0    33.8 -9999.0 -9999.0 -9999.0 -99.000 -99.000 -99.000 -99.000 -99.000 -9999.0 -9999.0 -9999.0 -9999.0 -9999.0
53131 20030729  1.001 -111.17   32.24    34.5    20.3    27.4    25.1     3.0    25.36 R -9999.0 -9999.0    31.4 -9999.0 -9999.0 -9999.0 -99.000 -99.000 -99.000 -99.000 -99.000 -9999.0 -9999.0 -9999.0 -9999.0 -9999.0
53131 20030730  1.001 -111.17   32.24    33.6    20.6    27.1    27.1     0.4    25.78 R -9999.0 -9999.0    33.3 -9999.0 -9999.0 -9999.0 -99.000 -99.000 -99.000 -99.000 -99.000 -9999.0 -9999.0 -9999.0 -9999.0 -9999.0
53131 20030731  1.001 -111.17   32.24    33.4    22.6    28.0    27.8     0.5    19.24 R -9999.0 -9999.0    33.1 -9999.0 -9999.0 -9999.0 -99.000 -99.000 -99.000 -99.000 -99.000 -9999.0 -9999.0 -9999.0 -9999.0 -9999.0
53131 20030801  1.001 -111.17   32.24    31.9    20.8    26.4    24.5     2.7    18.45 R -9999.0 -9999.0    29.7 -9999.0 -9999.0 -9999.0 -99.000 -99.000 -99.000 -99.000 -99.000 -9999.0 -9999.0 -9999.0 -9999.0 -9999.0
53131 20030802  1.001 -111.17   32.24    34.7    21.0    27.9    28.3     0.5    27.07 R -9999.0 -9999.0    34.2 -9999.0 -9999.0 -9999.0 -99.000 -99.000 -99.000 -99.000 -99.000 -9999.0 -9999.0 -9999.0 -9999.0 -9999.0
53131 20030803  1.001 -111.17   32.24    37.2    22.6    29.9    30.8     0.4    27.72 R -9999.0 -9999.0    37.1 -9999.0 -9999.0 -9999.0 -99.000 -99.000 -99.000 -99.000 -99.000 -9999.0 -9999.0 -9999.0 -9999.0 -9999.0
53131 20030804  1.001 -111.17   32.24    38.4    23.4    30.9    32.4     0.0    28.50 R -9999.0 -9999.0    38.5 -9999.0 -9999.0 -9999.0 -99.000 -99.000 -99.000 -99.000 -99.000 -9999.0 -9999.0 -9999.0 -9999.0 -9999.0
53131 20030805  1.001 -111.17   32.24    39.8    24.0    31.9    33.0     0.0    25.24 R -9999.0 -9999.0    38.4 -9999.0 -9999.0 -9999.0 -99.000 -99.000 -99.000 -99.000 -99.000 -9999.0 -9999.0 -9999.0 -9999.0 -9999.0
53131 20030806  1.001 -111.17   32.24    39.2    26.1    32.7    33.5     0.3    27.82 R -9999.0 -9999.0    39.9 -9999.0 -9999.0 -9999.0 -99.000 -99.000 -99.000 -99.000 -99.000 -9999.0 -9999.0 -9999.0 -9999.0 -9999.0
53131 20030807  1.001 -111.17   32.24    39.9    27.8    33.9    33.6     0.0    26.77 R -9999.0 -9999.0    40.9 -9999.0 -9999.0 -9999.0 -99.000 -99.000 -99.000 -99.000 -99.000 -9999.0 -9999.0 -9999.0 -9999.0 -9999.0
53131 20030808  1.001 -111.17   32.24    40.0    26.6    33.3    33.0     0.3    28.12 R -9999.0 -9999.0    40.9 -9999.0 -9999.0 -9999.0 -99.000 -99.000 -99.000 -99.000 -99.000 -9999.0 -9999.0 -9999.0 -9999.0 -9999.0
53131 20030809  1.001 -111.17   32.24    41.2    26.5    33.9    34.4     0.4    27.28 R -9999.0 -9999.0    41.3 -9999.0 -9999.0 -9999.0 -99.000 -99.000 -99.000 -99.000 -99.000 -9999.0 -9999.0 -9999.0 -9999.0 -9999.0
53131 20030810  1.001 -111.17   32.24    42.7    28.5    35.6    36.2     0.3    27.77 R -9999.0 -9999.0    42.4 -9999.0 -9999.0 -9999.0 -99.000 -99.000 -99.000 -99.000 -99.000 -9999.0 -9999.0 -9999.0 -9999.0 -9999.0
53131 20030811  1.001 -111.17   32.24    40.3    26.9    33.6    34.3     0.2    23.26 R -9999.0 -9999.0    39.5 -9999.0 -9999.0 -9999.0 -99.000 -99.000 -99.000 -99.000 -99.000 -9999.0 -9999.0 -9999.0 -9999.0 -9999.0
53131 20030812  1.001 -111.17   32.24    41.1    26.9    34.0    34.5     0.3    27.49 R -9999.0 -9999.0    41.8 -9999.0 -9999.0 -9999.0 -99.000 -99.000 -99.000 -99.000 -99.000 -9999.0 -9999.0 -9999.0 -9999.0 -9999.0
53131 20030813  1.001 -111.17   32.24    39.3    22.9    31.1    31.4     5.4    17.91 R -9999.0 -9999.0    37.4 -9999.0 -9999.0 -9999.0 -99.000 -99.000 -99.000 -99.000 -99.000 -9999.0 -9999.0 -9999.0 -9999.0 -9999.0
53131 20030814  1.001 -111.17   32.24    34.6    22.9    28.8    27.7     0.3    16.58 R -9999.0 -9999.0    30.8 -9999.0 -9999.0 -9999.0 -99.000 -99.000 -99.000 -99.000 -99.000 -9999.0 -9999.0 -9999.0 -9999.0 -9999.0
53131 20030815  1.001 -111.17   32.24    27.8    22.0    24.9    24.3     1.4     9.38 R -9999.0 -9999.0    26.2 -9999.0 -9999.0 -9999.0 -99.000 -99.000 -99.000 -99.000 -99.000 -9999.0 -9999.0 -9999.0 -9999.0 -9999.0
53131 20030816  1.001 -111.17   32.24 -9999.0 -9999.0 -9999.0 -9999.0 -9999.0 -9999.00 U -9999.0 -9999.0 -9999.0 -9999.0 -9999.0 -9999.0 -99.000 -99.000 -99.000 -99.000 -99.000 -9999.0 -9999.0 -9999.0 -9999.0 -9999.0
53131 20030817  1.001 -111.17   32.24 -9999.0 -9999.0 -9999.0 -9999.0 -9999.0 -9999.00 U -9999.0 -9999.0 -9999.0 -9999.0 -9999.0 -9999.0 -99.000 -99.000 -99.000 -99.000 -99.000 -9999.0 -9999.0 -9999.0 -9999.0 -9999.0
53131 20030818  1.001 -111.17   32.24    39.3    23.1    31.2    28.5     6.2    18.03 R -9999.0 -9999.0    32.7 -9999.0 -9999.0 -9999.0 -99.000 -99.000 -99.000 -99.000 -99.000 -9999.0 -9999.0 -9999.0 -9999.0 -9999.0
53131 20030819  1.001 -111.17   32.24    30.5    22.5    26.5    26.0     0.3    16.53 R -9999.0 -9999.0    28.4 -9999.0 -9999.0 -9999.0 -99.000 -99.000 -99.000 -99.000 -99.000 -9999.0 -9999.0 -9999.0 -9999.0 -9999.0
53131 20030820  1.001 -111.17   32.24    35.1    20.7    27.9    28.1     0.0    24.43 R -9999.0 -9999.0    34.0 -9999.0 -9999.0 -9999.0 -99.000 -99.000 -99.000 -99.000 -99.000 -9999.0 -9999.0 -9999.0 -9999.0 -9999.0
53131 20030821  1.001 -111.17   32.24    35.5    23.5    29.5    30.0     0.3    23.05 R -9999.0 -9999.0    35.6 -9999.0 -9999.0 -9999.0 -99.000 -99.000 -99.000 -99.000 -99.000 -9999.0 -9999.0 -9999.0 -9999.0 -9999.0
53131 20030822  1.001 -111.17   32.24    38.0    24.7    31.4    30.5     1.3    23.54 R -9999.0 -9999.0    36.5 -9999.0 -9999.0 -9999.0 -99.000 -99.000 -99.000 -99.000 -99.000 -9999.0 -9999.0 -9999.0 -9999.0 -9999.0
53131 20030823  1.001 -111.17   32.24    38.9    22.7    30.8    29.4     6.3    26.71 R -9999.0 -9999.0    35.7 -9999.0 -9999.0 -9999.0 -99.000 -99.000 -99.000 -99.000 -99.000 -9999.0 -9999.0 -9999.0 -9999.0 -9999.0
53131 20030824  1.001 -111.17   32.24    34.7    22.1    28.4    27.2     0.2    25.90 R -9999.0 -9999.0    31.8 -9999.0 -9999.0 -9999.0 -99.000 -99.000 -99.000 -99.000 -99.000 -9999.0 -9999.0 -9999.0 -9999.0 -9999.0
53131 20030825  1.001 -111.17   32.24    36.1    21.2    28.7    27.1    20.3    24.70 R -9999.0 -9999.0    32.8 -9999.0 -9999.0 -9999.0 -99.000 -99.000 -99.000 -99.000 -99.000 -9999.0 -9999.0 -9999.0 -9999.0 -9999.0
53131 20030826  1.001 -111.17   32.24    33.9    21.2    27.6    25.6     6.0    24.73 R -9999.0 -9999.0    29.4 -9999.0 -9999.0 -9999.0 -99.000 -99.000 -99.000 -99.000 -99.000 -9999.0 -9999.0 -9999.0 -9999.0 -9999.0
53131 20030827  1.001 -111.17   32.24    29.9    21.9    25.9    24.1     0.9    17.09 R -9999.0 -9999.0    27.2 -9999.0 -9999.0 -9999.0 -99.000 -99.000 -99.000 -99.000 -99.000 -9999.0 -9999.0 -9999.0 -9999.0 -9999.0
53131 20030828  1.001 -111.17   32.24    32.4    20.7    26.6    26.6     0.2    23.39 R -9999.0 -9999.0    30.9 -9999.0 -9999.0 -9999.0 -99.000 -99.000 -99.000 -99.000 -99.000 -9999.0 -9999.0 -9999.0 -9999.0 -9999.0
53131 20030829  1.001 -111.17   32.24    34.2    22.3    28.3    28.6     0.7    24.33 R -9999.0 -9999.0    33.8 -9999.0 -9999.0 -9999.0 -99.000 -99.000 -99.000 -99.000 -99.000 -9999.0 -9999.0 -9999.0 -9999.0 -9999.0
53131 20030830  1.001 -111.17   32.24    36.1    23.1    29.6    30.1     0.4    25.22 R -9999.0 -9999.0    35.7 -9999.0 -9999.0 -9999.0 -99.000 -99.000 -99.000 -99.000 -99.000 -9999.0 -9999.0 -9999.0 -9999.0 -9999.0
53131 20030831  1.001 -111.17   32.24    38.4    24.7    31.6    31.7     0.7    23.83 R -9999.0 -9999.0    37.2 -9999.0 -9999.0 -9999.0 -99.000 -99.000 -99.000 -99.000 -99.000 -9999.0 -9999.0 -9999.0 -9999.0 -9999.0
53131 20030901  1.001 -111.17   32.24    37.6    26.4    32.0    32.1     0.3    24.43 R -9999.0 -9999.0    37.4 -9999.0 -9999.0 -9999.0 -99.000 -99.000 -99.000 -99.000 -99.000 -9999.0 -9999.0 -9999.0 -9999.0 -9999.0
53131 20030902  1.001 -111.17   32.24    38.3    26.8    32.6    32.3     0.3    24.09 R -9999.0 -9999.0    36.6 -9999.0 -9999.0 -9999.0 -99.000 -99.000 -99.000 -99.000 -99.000 -9999.0 -9999.0 -9999.0 -9999.0 -9999.0
53131 20030903  1.001 -111.17   32.24    38.7    26.0    32.4    32.6     0.3    26.60 R -9999.0 -9999.0    37.1 -9999.0 -9999.0 -9999.0 -99.000 -99.000 -99.000 -99.000 -99.000 -9999.0 -9999.0 -9999.0 -9999.0 -9999.0
53131 20030904  1.001 -111.17   32.24    37.5    24.5    31.0    30.6     0.4    25.12 R -9999.0 -9999.0    37.4 -9999.0 -9999.0 -9999.0 -99.000 -99.000 -99.000 -99.000 -99.000 -9999.0 -9999.0 -9999.0 -9999.0 -9999.0
53131 20030905  1.001 -111.17   32.24    34.8    23.0    28.9    29.2     0.7    25.19 R -9999.0 -9999.0    35.7 -9999.0 -9999.0 -9999.0 -99.000 -99.000 -99.000 -99.000 -99.000 -9999.0 -9999.0 -9999.0 -9999.0 -9999.0
53131 20030906  1.001 -111.17   32.24    35.3    22.7    29.0    28.6     0.7    24.16 R -9999.0 -9999.0    35.7 -9999.0 -9999.0 -9999.0 -99.000 -99.000 -99.000 -99.000 -99.000 -9999.0 -9999.0 -9999.0 -9999.0 -9999.0
53131 20030907  1.001 -111.17   32.24    34.9    23.1    29.0    29.0     0.6    22.93 R -9999.0 -9999.0    35.5 -9999.0 -9999.0 -9999.0 -99.000 -99.000 -99.000 -99.000 -99.000 -9999.0 -9999.0 -9999.0 -9999.0 -9999.0
53131 20030908  1.001 -111.17   32.24    35.1    23.3    29.2    28.9     0.6    19.37 R -9999.0 -9999.0    34.4 -9999.0 -9999.0 -9999.0 -99.000 -99.000 -99.000 -99.000 -99.000 -9999.0 -9999.0 -9999.0 -9999.0 -9999.0
53131 20030909  1.001 -111.17   32.24    32.3    23.0    27.7    26.6     0.8    16.72 R -9999.0 -9999.0    31.0 -9999.0 -9999.0 -9999.0 -99.000 -99.000 -99.000 -99.000 -99.000 -9999.0 -9999.0 -9999.0 -9999.0 -9999.0
53131 20030910  1.001 -111.17   32.24    32.5    23.1    27.8    26.8     0.6    16.05 R -9999.0 -9999.0    31.0 -9999.0 -9999.0 -9999.0 -99.000 -99.000 -99.000 -99.000 -99.000 -9999.0 -9999.0 -9999.0 -9999.0 -9999.0
53131 20030911  1.001 -111.17   32.24    32.9    19.5    26.2    27.1     0.4    24.92 R -9999.0 -9999.0    33.3 -9999.0 -9999.0 -9999.0 -99.000 -99.000 -99.000 -99.000 -99.000 -9999.0 -9999.0 -9999.0 -9999.0 -9999.0
53131 20030912  1.001 -111.17   32.24    34.6    18.7    26.7    27.5     0.0    25.61 R -9999.0 -9999.0    32.7 -9999.0 -9999.0 -9999.0 -99.000 -99.000 -99.000 -99.000 -99.000 -9999.0 -9999.0 -9999.0 -9999.0 -9999.0
53131 20030913  1.001 -111.17   32.24    36.5    20.0    28.3    28.9     0.7    25.40 R -9999.0 -9999.0    33.5 -9999.0 -9999.0 -9999.0 -99.000 -99.000 -99.000 -99.000 -99.000 -9999.0 -9999.0 -9999.0 -9999.0 -9999.0
53131 20030914  1.001 -111.17   32.24    37.5    19.9    28.7    29.8     0.6    25.06 R -9999.0 -9999.0    34.2 -9999.0 -9999.0 -9999.0 -99.000 -99.000 -99.000 -99.000 -99.000 -9999.0 -9999.0 -9999.0 -9999.0 -9999.0
53131 20030915  1.001 -111.17   32.24    37.7    20.7    29.2    29.9     0.6    24.86 R -9999.0 -9999.0    34.7 -9999.0 -9999.0 -9999.0 -99.000 -99.000 -99.000 -99.000 -99.000 -9999.0 -9999.0 -9999.0 -9999.0 -9999.0
53131 20030916  1.001 -111.17   32.24    37.9    20.6    29.3    29.4     0.6    24.58 R -9999.0 -9999.0    34.5 -9999.0 -9999.0 -9999.0 -99.000 -99.000 -99.000 -99.000 -99.000 -9999.0 -9999.0 -9999.0 -9999.0 -9999.0
53131 20030917  1.001 -111.17   32.24    37.1    21.7    29.4    29.4     0.4    23.08 R -9999.0 -9999.0    33.7 -9999.0 -9999.0 -9999.0 -99.000 -99.000 -99.000 -99.000 -99.000 -9999.0 -9999.0 -9999.0 -9999.0 -9999.0
53131 20030918  1.001 -111.17   32.24    36.1    19.5    27.8    28.8     0.4    24.64 R -9999.0 -9999.0    33.9 -9999.0 -9999.0 -9999.0 -99.000 -99.000 -99.000 -99.000 -99.000 -9999.0 -9999.0 -9999.0 -9999.0 -9999.0
53131 20030919  1.001 -111.17   32.24    37.2    19.5    28.4    29.6     0.0    24.25 R -9999.0 -9999.0    34.0 -9999.0 -9999.0 -9999.0 -99.000 -99.000 -99.000 -99.000 -99.000 -9999.0 -9999.0 -9999.0 -9999.0 -9999.0
53131 20030920  1.001 -111.17   32.24    37.2    19.8    28.5    29.3     0.0    24.13 R -9999.0 -9999.0    33.7 -9999.0 -9999.0 -9999.0 -99.000 -99.000 -99.000 -99.000 -99.000 -9999.0 -9999.0 -9999.0 -9999.0 -9999.0
53131 20030921  1.001 -111.17   32.24    38.6    19.0    28.8    30.0     0.0    24.17 R -9999.0 -9999.0    34.1 -9999.0 -9999.0 -9999.0 -99.000 -99.000 -99.000 -99.000 -99.000 -9999.0 -9999.0 -9999.0 -9999.0 -9999.0
53131 20030922  1.001 -111.17   32.24    37.2    20.6    28.9    31.1     1.0    15.89 R -9999.0 -9999.0    32.2 -9999.0 -9999.0 -9999.0 -99.000 -99.000 -99.000 -99.000 -99.000 -9999.0 -9999.0 -9999.0 -9999.0 -9999.0
53131 20030923  1.001 -111.17   32.24 -9999.0 -9999.0 -9999.0 -9999.0 -9999.0 -9999.00 U -9999.0 -9999.0 -9999.0 -9999.0 -9999.0 -9999.0 -99.000 -99.000 -99.000 -99.000 -99.000 -9999.0 -9999.0 -9999.0 -9999.0 -9999.0
53131 20030924  1.001 -111.17   32.24    22.7    18.5    20.6    20.1    29.2     4.44 R -9999.0 -9999.0    21.0 -9999.0 -9999.0 -9999.0 -99.000 -99.000 -99.000 -99.000 -99.000 -9999.0 -9999.0 -9999.0 -9999.0 -9999.0
53131 20030925  1.001 -111.17   32.24    29.2    18.3    23.8    24.0     0.0    22.59 R -9999.0 -9999.0    25.6 -9999.0 -9999.0 -9999.0 -99.000 -99.000 -99.000 -99.000 -99.000 -9999.0 -9999.0 -9999.0 -9999.0 -9999.0
53131 20030926  1.001 -111.17   32.24    32.1    17.9    25.0    25.2     0.0    22.76 R -9999.0 -9999.0    28.0 -9999.0 -9999.0 -9999.0 -99.000 -99.000 -99.000 -99.000 -99.000 -9999.0 -9999.0 -9999.0 -9999.0 -9999.0
53131 20030927  1.001 -111.17   32.24    34.3    19.2    26.8    26.9     0.0    22.71 R -9999.0 -9999.0    30.0 -9999.0 -9999.0 -9999.0 -99.000 -99.000 -99.000 -99.000 -99.000 -9999.0 -9999.0 -9999.0 -9999.0 -9999.0
53131 20030928  1.001 -111.17   32.24    36.0    19.7    27.9    28.4     0.0    22.64 R -9999.0 -9999.0    31.4 -9999.0 -9999.0 -9999.0 -99.000 -99.000 -99.000 -99.000 -99.000 -9999.0 -9999.0 -9999.0 -9999.0 -9999.0
53131 20030929  1.001 -111.17   32.24    36.8    20.3    28.6    29.1     0.5    22.39 R -9999.0 -9999.0    32.5 -9999.0 -9999.0 -9999.0 -99.000 -99.000 -99.000 -99.000 -99.000 -9999.0 -9999.0 -9999.0 -9999.0 -9999.0
53131 20030930  1.001 -111.17   32.24    36.5    20.4    28.5    29.2     0.3    22.29 R -9999.0 -9999.0    32.5 -9999.0 -9999.0 -9999.0 -99.000 -99.000 -99.000 -99.000 -99.000 -9999.0 -9999.0 -9999.0 -9999.0 -9999.0
53131 20031001  1.001 -111.17   32.24    37.2    20.9    29.1    29.2     0.3    20.66 R -9999.0 -9999.0    32.6 -9999.0 -9999.0 -9999.0 -99.000 -99.000 -99.000 -99.000 -99.000 -9999.0 -9999.0 -9999.0 -9999.0 -9999.0
53131 20031002  1.001 -111.17   32.24    33.8    20.4    27.1    27.4     0.3    16.29 R -9999.0 -9999.0    30.3 -9999.0 -9999.0 -9999.0 -99.000 -99.000 -99.000 -99.000 -99.000 -9999.0 -9999.0 -9999.0 -9999.0 -9999.0
53131 20031003  1.001 -111.17   32.24    32.7    19.6    26.2    26.9     0.0    22.15 R -9999.0 -9999.0    29.8 -9999.0 -9999.0 -9999.0 -99.000 -99.000 -99.000 -99.000 -99.000 -9999.0 -9999.0 -9999.0 -9999.0 -9999.0
53131 20031004  1.001 -111.17   32.24    32.7    16.8    24.8    25.0     0.3    22.01 R -9999.0 -9999.0    29.4 -9999.0 -9999.0 -9999.0 -99.000 -99.000 -99.000 -99.000 -99.000 -9999.0 -9999.0 -9999.0 -9999.0 -9999.0
53131 20031005  1.001 -111.17   32.24    32.9    16.2    24.6    25.2     0.3    21.99 R -9999.0 -9999.0    29.6 -9999.0 -9999.0 -9999.0 -99.000 -99.000 -99.000 -99.000 -99.000 -9999.0 -9999.0 -9999.0 -9999.0 -9999.0
53131 20031006  1.001 -111.17   32.24    32.4    17.0    24.7    24.9     0.3    17.16 R -9999.0 -9999.0    28.5 -9999.0 -9999.0 -9999.0 -99.000 -99.000 -99.000 -99.000 -99.000 -9999.0 -9999.0 -9999.0 -9999.0 -9999.0
53131 20031007  1.001 -111.17   32.24    23.4    17.4    20.4    19.4     5.1     3.77 R -9999.0 -9999.0    21.0 -9999.0 -9999.0 -9999.0 -99.000 -99.000 -99.000 -99.000 -99.000 -9999.0 -9999.0 -9999.0 -9999.0 -9999.0
53131 20031008  1.001 -111.17   32.24    29.6    17.4    23.5    23.7     0.2    20.53 R -9999.0 -9999.0    25.5 -9999.0 -9999.0 -9999.0 -99.000 -99.000 -99.000 -99.000 -99.000 -9999.0 -9999.0 -9999.0 -9999.0 -9999.0
53131 20031009  1.001 -111.17   32.24    29.6    18.1    23.9    23.1     9.7     8.86 R -9999.0 -9999.0    24.0 -9999.0 -9999.0 -9999.0 -99.000 -99.000 -99.000 -99.000 -99.000 -9999.0 -9999.0 -9999.0 -9999.0 -9999.0
53131 20031010  1.001 -111.17   32.24 -9999.0 -9999.0 -9999.0 -9999.0     1.3    19.40 R -9999.0 -9999.0    23.9 -9999.0 -9999.0 -9999.0 -99.000 -99.000 -99.000 -99.000 -99.000 -9999.0 -9999.0 -9999.0 -9999.0 -9999.0
53131 20031011  1.001 -111.17   32.24 -9999.0 -9999.0 -9999.0 -9999.0     0.3    20.63 R -9999.0 -9999.0    25.2 -9999.0 -9999.0 -9999.0 -99.000 -99.000 -99.000 -99.000 -99.000 -9999.0 -9999.0 -9999.0 -9999.0 -9999.0
53131 20031012  1.001 -111.17   32.24    31.4    19.8    25.6    25.3     0.0    20.39 R -9999.0 -9999.0    27.3 -9999.0 -9999.0 -9999.0 -99.000 -99.000 -99.000 -99.000 -99.000 -9999.0 -9999.0 -9999.0 -9999.0 -9999.0
53131 20031013  1.001 -111.17   32.24    32.4    18.4    25.4    25.4     0.2    20.80 R -9999.0 -9999.0    28.4 -9999.0 -9999.0 -9999.0 -99.000 -99.000 -99.000 -99.000 -99.000 -9999.0 -9999.0 -9999.0 -9999.0 -9999.0
53131 20031014  1.001 -111.17   32.24    32.5    17.9    25.2    25.6     0.2    20.04 R -9999.0 -9999.0    28.4 -9999.0 -9999.0 -9999.0 -99.000 -99.000 -99.000 -99.000 -99.000 -9999.0 -9999.0 -9999.0 -9999.0 -9999.0
53131 20031015  1.001 -111.17   32.24    31.9    17.6    24.8    25.0     0.2    19.89 R -9999.0 -9999.0    28.3 -9999.0 -9999.0 -9999.0 -99.000 -99.000 -99.000 -99.000 -99.000 -9999.0 -9999.0 -9999.0 -9999.0 -9999.0
53131 20031016  1.001 -111.17   32.24    31.9    17.1    24.5    25.3     0.2    19.96 R -9999.0 -9999.0    28.5 -9999.0 -9999.0 -9999.0 -99.000 -99.000 -99.000 -99.000 -99.000 -9999.0 -9999.0 -9999.0 -9999.0 -9999.0
53131 20031017  1.001 -111.17   32.24    34.9    17.6    26.3    26.5     0.3    20.39 R -9999.0 -9999.0    28.5 -9999.0 -9999.0 -9999.0 -99.000 -99.000 -99.000 -99.000 -99.000 -9999.0 -9999.0 -9999.0 -9999.0 -9999.0
53131 20031018  1.001 -111.17   32.24    35.3    21.2    28.3    28.3     0.0    20.41 R -9999.0 -9999.0    29.1 -9999.0 -9999.0 -9999.0 -99.000 -99.000 -99.000 -99.000 -99.000 -9999.0 -9999.0 -9999.0 -9999.0 -9999.0
53131 20031019  1.001 -111.17   32.24    35.5    20.3    27.9    28.5     0.0    20.38 R -9999.0 -9999.0    29.2 -9999.0 -9999.0 -9999.0 -99.000 -99.000 -99.000 -99.000 -99.000 -9999.0 -9999.0 -9999.0 -9999.0 -9999.0
53131 20031020  1.001 -111.17   32.24    35.9    19.2    27.6    28.3     0.0    20.06 R -9999.0 -9999.0    29.3 -9999.0 -9999.0 -9999.0 -99.000 -99.000 -99.000 -99.000 -99.000 -9999.0 -9999.0 -9999.0 -9999.0 -9999.0
53131 20031021  1.001 -111.17   32.24    35.9    17.1    26.5    28.3     0.0    19.93 R -9999.0 -9999.0    28.8 -9999.0 -9999.0 -9999.0 -99.000 -99.000 -99.000 -99.000 -99.000 -9999.0 -9999.0 -9999.0 -9999.0 -9999.0
53131 20031022  1.001 -111.17   32.24    34.9    20.5    27.7    27.6     0.0    20.03 R -9999.0 -9999.0    28.2 -9999.0 -9999.0 -9999.0 -99.000 -99.000 -99.000 -99.000 -99.000 -9999.0 -9999.0 -9999.0 -9999.0 -9999.0
53131 20031023  1.001 -111.17   32.24    34.1    17.9    26.0    26.2     0.0    19.93 R -9999.0 -9999.0    27.2 -9999.0 -9999.0 -9999.0 -99.000 -99.000 -99.000 -99.000 -99.000 -9999.0 -9999.0 -9999.0 -9999.0 -9999.0
53131 20031024  1.001 -111.17   32.24    33.1    16.3    24.7    24.6     0.3    19.34 R -9999.0 -9999.0    26.3 -9999.0 -9999.0 -9999.0 -99.000 -99.000 -99.000 -99.000 -99.000 -9999.0 -9999.0 -9999.0 -9999.0 -9999.0
53131 20031025  1.001 -111.17   32.24    30.0    14.2    22.1    22.8     0.4    18.98 R -9999.0 -9999.0    24.9 -9999.0 -9999.0 -9999.0 -99.000 -99.000 -99.000 -99.000 -99.000 -9999.0 -9999.0 -9999.0 -9999.0 -9999.0
53131 20031026  1.001 -111.17   32.24    22.8    12.7    17.8    18.3     0.0    19.27 R -9999.0 -9999.0    20.3 -9999.0 -9999.0 -9999.0 -99.000 -99.000 -99.000 -99.000 -99.000 -9999.0 -9999.0 -9999.0 -9999.0 -9999.0
53131 20031027  1.001 -111.17   32.24    26.4     9.3    17.9    18.6     0.5    18.95 R -9999.0 -9999.0    21.4 -9999.0 -9999.0 -9999.0 -99.000 -99.000 -99.000 -99.000 -99.000 -9999.0 -9999.0 -9999.0 -9999.0 -9999.0
53131 20031028  1.001 -111.17   32.24    28.7    11.3    20.0    19.3     0.0    16.31 R -9999.0 -9999.0    21.4 -9999.0 -9999.0 -9999.0 -99.000 -99.000 -99.000 -99.000 -99.000 -9999.0 -9999.0 -9999.0 -9999.0 -9999.0
53131 20031029  1.001 -111.17   32.24    29.7    12.2    21.0    21.6     0.0    17.36 R -9999.0 -9999.0    22.6 -9999.0 -9999.0 -9999.0 -99.000 -99.000 -99.000 -99.000 -99.000 -9999.0 -9999.0 -9999.0 -9999.0 -9999.0
53131 20031030  1.001 -111.17   32.24    26.2    18.2    22.2    21.7     0.0    13.96 R -9999.0 -9999.0    21.3 -9999.0 -9999.0 -9999.0 -99.000 -99.000 -99.000 -99.000 -99.000 -9999.0 -9999.0 -9999.0 -9999.0 -9999.0
53131 20031031  1.001 -111.17   32.24    27.6    17.9    22.8    22.1     0.0    16.45 R -9999.0 -9999.0    23.3 -9999.0 -9999.0 -9999.0 -99.000 -99.000 -99.000 -99.000 -99.000 -9999.0 -9999.0 -9999.0 -9999.0 -9999.0
53131 20031101  1.001 -111.17   32.24    27.9    14.0    21.0    20.8     0.0    14.34 R -9999.0 -9999.0    23.4 -9999.0 -9999.0 -9999.0 -99.000 -99.000 -99.000 -99.000 -99.000 -9999.0 -9999.0 -9999.0 -9999.0 -9999.0
53131 20031102  1.001 -111.17   32.24    24.9    12.8    18.9    19.1     0.3    11.82 R -9999.0 -9999.0    21.1 -9999.0 -9999.0 -9999.0 -99.000 -99.000 -99.000 -99.000 -99.000 -9999.0 -9999.0 -9999.0 -9999.0 -9999.0
53131 20031103  1.001 -111.17   32.24    16.3    10.1    13.2    14.2     0.0     8.38 R -9999.0 -9999.0    16.8 -9999.0 -9999.0 -9999.0 -99.000 -99.000 -99.000 -99.000 -99.000 -9999.0 -9999.0 -9999.0 -9999.0 -9999.0
53131 20031104  1.001 -111.17   32.24    18.3     3.7    11.0    11.3     0.7    17.88 R -9999.0 -9999.0    15.3 -9999.0 -9999.0 -9999.0 -99.000 -99.000 -99.000 -99.000 -99.000 -9999.0 -9999.0 -9999.0 -9999.0 -9999.0
53131 20031105  1.001 -111.17   32.24    21.6     4.0    12.8    12.8     0.9    17.85 R -9999.0 -9999.0    15.9 -9999.0 -9999.0 -9999.0 -99.000 -99.000 -99.000 -99.000 -99.000 -9999.0 -9999.0 -9999.0 -9999.0 -9999.0
53131 20031106  1.001 -111.17   32.24    24.9     6.1    15.5    14.9     0.8    18.02 R -9999.0 -9999.0    16.9 -9999.0 -9999.0 -9999.0 -99.000 -99.000 -99.000 -99.000 -99.000 -9999.0 -9999.0 -9999.0 -9999.0 -9999.0
53131 20031107  1.001 -111.17   32.24    22.4     6.0    14.2    14.0     0.9    10.26 R -9999.0 -9999.0    14.7 -9999.0 -9999.0 -9999.0 -99.000 -99.000 -99.000 -99.000 -99.000 -9999.0 -9999.0 -9999.0 -9999.0 -9999.0
53131 20031108  1.001 -111.17   32.24    24.3     6.2    15.3    15.0     0.5    17.22 R -9999.0 -9999.0    16.8 -9999.0 -9999.0 -9999.0 -99.000 -99.000 -99.000 -99.000 -99.000 -9999.0 -9999.0 -9999.0 -9999.0 -9999.0
53131 20031109  1.001 -111.17   32.24    28.0     7.9    18.0    18.2     0.6    16.93 R -9999.0 -9999.0    19.1 -9999.0 -9999.0 -9999.0 -99.000 -99.000 -99.000 -99.000 -99.000 -9999.0 -9999.0 -9999.0 -9999.0 -9999.0
53131 20031110  1.001 -111.17   32.24    26.2     9.8    18.0    18.0     0.3    11.60 R -9999.0 -9999.0    19.3 -9999.0 -9999.0 -9999.0 -99.000 -99.000 -99.000 -99.000 -99.000 -9999.0 -9999.0 -9999.0 -9999.0 -9999.0
53131 20031111  1.001 -111.17   32.24    21.5    15.0    18.3    17.9     0.0     4.74 R -9999.0 -9999.0    17.7 -9999.0 -9999.0 -9999.0 -99.000 -99.000 -99.000 -99.000 -99.000 -9999.0 -9999.0 -9999.0 -9999.0 -9999.0
53131 20031112  1.001 -111.17   32.24 -9999.0 -9999.0 -9999.0 -9999.0    14.6     2.13 R -9999.0 -9999.0    16.5 -9999.0 -9999.0 -9999.0 -99.000 -99.000 -99.000 -99.000 -99.000 -9999.0 -9999.0 -9999.0 -9999.0 -9999.0
53131 20031113  1.001 -111.17   32.24 -9999.0 -9999.0 -9999.0 -9999.0     0.0     8.43 R -9999.0 -9999.0    17.1 -9999.0 -9999.0 -9999.0 -99.000 -99.000 -99.000 -99.000 -99.000 -9999.0 -9999.0 -9999.0 -9999.0 -9999.0
53131 20031114  1.001 -111.17   32.24 -9999.0 -9999.0 -9999.0 -9999.0     0.0    12.08 R -9999.0 -9999.0    16.2 -9999.0 -9999.0 -9999.0 -99.000 -99.000 -99.000 -99.000 -99.000 -9999.0 -9999.0 -9999.0 -9999.0 -9999.0
53131 20031115  1.001 -111.17   32.24    20.2     7.6    13.9    13.3     0.8    15.93 R -9999.0 -9999.0    14.7 -9999.0 -9999.0 -9999.0 -99.000 -99.000 -99.000 -99.000 -99.000 -9999.0 -9999.0 -9999.0 -9999.0 -9999.0
53131 20031116  1.001 -111.17   32.24    17.1     8.1    12.6    13.0     0.7     9.07 R -9999.0 -9999.0    13.1 -9999.0 -9999.0 -9999.0 -99.000 -99.000 -99.000 -99.000 -99.000 -9999.0 -9999.0 -9999.0 -9999.0 -9999.0
53131 20031117  1.001 -111.17   32.24 -9999.0 -9999.0 -9999.0 -9999.0     1.4    15.83 R -9999.0 -9999.0    13.4 -9999.0 -9999.0 -9999.0 -99.000 -99.000 -99.000 -99.000 -99.000 -9999.0 -9999.0 -9999.0 -9999.0 -9999.0
53131 20031118  1.001 -111.17   32.24    20.5     4.6    12.6    12.3     0.7    15.89 R -9999.0 -9999.0    13.9 -9999.0 -9999.0 -9999.0 -99.000 -99.000 -99.000 -99.000 -99.000 -9999.0 -9999.0 -9999.0 -9999.0 -9999.0
53131 20031119  1.001 -111.17   32.24    26.6     7.9    17.3    18.3     0.4    16.19 R -9999.0 -9999.0    16.6 -9999.0 -9999.0 -9999.0 -99.000 -99.000 -99.000 -99.000 -99.000 -9999.0 -9999.0 -9999.0 -9999.0 -9999.0
53131 20031120  1.001 -111.17   32.24    27.0    10.6    18.8    19.3     0.0    15.77 R -9999.0 -9999.0    18.4 -9999.0 -9999.0 -9999.0 -99.000 -99.000 -99.000 -99.000 -99.000 -9999.0 -9999.0 -9999.0 -9999.0 -9999.0
53131 20031121  1.001 -111.17   32.24    25.2     8.7    17.0    17.0     1.1    15.73 R -9999.0 -9999.0    17.1 -9999.0 -9999.0 -9999.0 -99.000 -99.000 -99.000 -99.000 -99.000 -9999.0 -9999.0 -9999.0 -9999.0 -9999.0
53131 20031122  1.001 -111.17   32.24    18.3     4.1    11.2    13.8     0.0    14.87 R -9999.0 -9999.0    14.4 -9999.0 -9999.0 -9999.0 -99.000 -99.000 -99.000 -99.000 -99.000 -9999.0 -9999.0 -9999.0 -9999.0 -9999.0
53131 20031123  1.001 -111.17   32.24    14.6    -1.1     6.8     6.7     1.2    15.96 R -9999.0 -9999.0     9.3 -9999.0 -9999.0 -9999.0 -99.000 -99.000 -99.000 -99.000 -99.000 -9999.0 -9999.0 -9999.0 -9999.0 -9999.0
53131 20031124  1.001 -111.17   32.24    20.1     0.3    10.2    12.2     2.4    13.75 R -9999.0 -9999.0    12.3 -9999.0 -9999.0 -9999.0 -99.000 -99.000 -99.000 -99.000 -99.000 -9999.0 -9999.0 -9999.0 -9999.0 -9999.0
53131 20031125  1.001 -111.17   32.24    18.5     8.2    13.4    13.1     0.0     6.74 R -9999.0 -9999.0    13.5 -9999.0 -9999.0 -9999.0 -99.000 -99.000 -99.000 -99.000 -99.000 -9999.0 -9999.0 -9999.0 -9999.0 -9999.0
53131 20031126  1.001 -111.17   32.24    19.1     6.6    12.9    13.6     0.6    14.93 R -9999.0 -9999.0    14.8 -9999.0 -9999.0 -9999.0 -99.000 -99.000 -99.000 -99.000 -99.000 -9999.0 -9999.0 -9999.0 -9999.0 -9999.0
53131 20031127  1.001 -111.17   32.24    17.7     5.3    11.5    12.8     1.1    15.30 R -9999.0 -9999.0    13.3 -9999.0 -9999.0 -9999.0 -99.000 -99.000 -99.000 -99.000 -99.000 -9999.0 -9999.0 -9999.0 -9999.0 -9999.0
53131 20031128  1.001 -111.17   32.24    19.9     9.8    14.9    14.2     0.0    14.85 R -9999.0 -9999.0    13.3 -9999.0 -9999.0 -9999.0 -99.000 -99.000 -99.000 -99.000 -99.000 -9999.0 -9999.0 -9999.0 -9999.0 -9999.0
53131 20031129  1.001 -111.17   32.24    23.1     8.0    15.6    14.9     0.0    14.71 R -9999.0 -9999.0    15.1 -9999.0 -9999.0 -9999.0 -99.000 -99.000 -99.000 -99.000 -99.000 -9999.0 -9999.0 -9999.0 -9999.0 -9999.0
53131 20031130  1.001 -111.17   32.24    25.8     6.5    16.2    14.9     0.9    15.28 R -9999.0 -9999.0    14.5 -9999.0 -9999.0 -9999.0 -99.000 -99.000 -99.000 -99.000 -99.000 -9999.0 -9999.0 -9999.0 -9999.0 -9999.0
53131 20031201  1.001 -111.17   32.24    27.0     8.3    17.7    18.0     0.3    14.63 R -9999.0 -9999.0    16.8 -9999.0 -9999.0 -9999.0 -99.000 -99.000 -99.000 -99.000 -99.000 -9999.0 -9999.0 -9999.0 -9999.0 -9999.0
53131 20031202  1.001 -111.17   32.24    22.0     8.0    15.0    14.6     0.0    11.33 R -9999.0 -9999.0    14.8 -9999.0 -9999.0 -9999.0 -99.000 -99.000 -99.000 -99.000 -99.000 -9999.0 -9999.0 -9999.0 -9999.0 -9999.0
53131 20031203  1.001 -111.17   32.24    22.2     6.8    14.5    13.7     0.5    11.54 R -9999.0 -9999.0    13.3 -9999.0 -9999.0 -9999.0 -99.000 -99.000 -99.000 -99.000 -99.000 -9999.0 -9999.0 -9999.0 -9999.0 -9999.0
53131 20031204  1.001 -111.17   32.24    24.8     5.6    15.2    14.6     0.8    14.72 R -9999.0 -9999.0    14.3 -9999.0 -9999.0 -9999.0 -99.000 -99.000 -99.000 -99.000 -99.000 -9999.0 -9999.0 -9999.0 -9999.0 -9999.0
53131 20031205  1.001 -111.17   32.24    27.2     8.6    17.9    19.0     0.0    13.86 R -9999.0 -9999.0    17.5 -9999.0 -9999.0 -9999.0 -99.000 -99.000 -99.000 -99.000 -99.000 -9999.0 -9999.0 -9999.0 -9999.0 -9999.0
53131 20031206  1.001 -111.17   32.24    27.0    12.9    20.0    19.4     0.0    13.83 R -9999.0 -9999.0    19.2 -9999.0 -9999.0 -9999.0 -99.000 -99.000 -99.000 -99.000 -99.000 -9999.0 -9999.0 -9999.0 -9999.0 -9999.0
53131 20031207  1.001 -111.17   32.24    24.1    10.4    17.3    17.0     0.2    13.46 R -9999.0 -9999.0    17.6 -9999.0 -9999.0 -9999.0 -99.000 -99.000 -99.000 -99.000 -99.000 -9999.0 -9999.0 -9999.0 -9999.0 -9999.0
53131 20031208  1.001 -111.17   32.24    16.5     7.3    11.9    13.1     0.6     7.76 R -9999.0 -9999.0    13.3 -9999.0 -9999.0 -9999.0 -99.000 -99.000 -99.000 -99.000 -99.000 -9999.0 -9999.0 -9999.0 -9999.0 -9999.0
53131 20031209  1.001 -111.17   32.24    16.0    -0.3     7.9     8.0     0.9    14.53 R -9999.0 -9999.0     9.3 -9999.0 -9999.0 -9999.0 -99.000 -99.000 -99.000 -99.000 -99.000 -9999.0 -9999.0 -9999.0 -9999.0 -9999.0
53131 20031210  1.001 -111.17   32.24 -9999.0 -9999.0 -9999.0 -9999.0 -9999.0 -9999.00 U -9999.0 -9999.0 -9999.0 -9999.0 -9999.0 -9999.0 -99.000 -99.000 -99.000 -99.000 -99.000 -9999.0 -9999.0 -9999.0 -9999.0 -9999.0
53131 20031211  1.200 -111.17   32.24 -9999.0 -9999.0 -9999.0 -9999.0 -9999.0 -9999.00 U -9999.0 -9999.0 -9999.0 -9999.0 -9999.0 -9999.0 -99.000 -99.000 -99.000 -99.000 -99.000 -9999.0 -9999.0 -9999.0 -9999.0 -9999.0
53131 20031212  1.200 -111.17   32.24    10.1     2.2     6.2     5.8     3.2     9.97 R -9999.0 -9999.0     8.2 -9999.0 -9999.0 -9999.0 -99.000 -99.000 -99.000 -99.000 -99.000 -9999.0 -9999.0 -9999.0 -9999.0 -9999.0
53131 20031213  1.200 -111.17   32.24    15.3     0.0     7.7     7.2     0.0    12.76 R -9999.0 -9999.0     8.2 -9999.0 -9999.0 -9999.0 -99.000 -99.000 -99.000 -99.000 -99.000 -9999.0 -9999.0 -9999.0 -9999.0 -9999.0
53131 20031214  1.200 -111.17   32.24    21.1     1.7    11.4    11.5     0.3    13.12 R -9999.0 -9999.0    10.7 -9999.0 -9999.0 -9999.0 -99.000 -99.000 -99.000 -99.000 -99.000 -9999.0 -9999.0 -9999.0 -9999.0 -9999.0
53131 20031215  1.200 -111.17   32.24    12.1     3.6     7.9     8.8     0.3    12.21 R -9999.0 -9999.0     8.7 -9999.0 -9999.0 -9999.0 -99.000 -99.000 -99.000 -99.000 -99.000 -9999.0 -9999.0 -9999.0 -9999.0 -9999.0
53131 20031216  1.200 -111.17   32.24    16.3    -0.9     7.7     9.3     0.6    13.77 R -9999.0 -9999.0     7.8 -9999.0 -9999.0 -9999.0 -99.000 -99.000 -99.000 -99.000 -99.000 -9999.0 -9999.0 -9999.0 -9999.0 -9999.0
53131 20031217  1.200 -111.17   32.24    21.6     7.9    14.8    13.2     0.0    13.74 R -9999.0 -9999.0    11.2 -9999.0 -9999.0 -9999.0 -99.000 -99.000 -99.000 -99.000 -99.000 -9999.0 -9999.0 -9999.0 -9999.0 -9999.0
53131 20031218  1.200 -111.17   32.24    24.9     8.7    16.8    17.4     0.3    12.80 R -9999.0 -9999.0    13.8 -9999.0 -9999.0 -9999.0 -99.000 -99.000 -99.000 -99.000 -99.000 -9999.0 -9999.0 -9999.0 -9999.0 -9999.0
53131 20031219  1.200 -111.17   32.24    25.8    11.3    18.6    18.3     0.2    13.23 R -9999.0 -9999.0    16.4 -9999.0 -9999.0 -9999.0 -99.000 -99.000 -99.000 -99.000 -99.000 -9999.0 -9999.0 -9999.0 -9999.0 -9999.0
53131 20031220  1.200 -111.17   32.24    26.8    10.5    18.7    18.0     0.3    13.06 R -9999.0 -9999.0    16.7 -9999.0 -9999.0 -9999.0 -99.000 -99.000 -99.000 -99.000 -99.000 -9999.0 -9999.0 -9999.0 -9999.0 -9999.0
53131 20031221  1.200 -111.17   32.24    20.9     7.9    14.4    15.2     0.3    12.68 R -9999.0 -9999.0    14.7 -9999.0 -9999.0 -9999.0 -99.000 -99.000 -99.000 -99.000 -99.000 -9999.0 -9999.0 -9999.0 -9999.0 -9999.0
53131 20031222  1.200 -111.17   32.24    17.8     3.7    10.8    11.3     0.5    12.97 R -9999.0 -9999.0    12.3 -9999.0 -9999.0 -9999.0 -99.000 -99.000 -99.000 -99.000 -99.000 -9999.0 -9999.0 -9999.0 -9999.0 -9999.0
53131 20031223  1.200 -111.17   32.24    19.8    12.4    16.1    15.3     0.0     9.01 R -9999.0 -9999.0    13.4 -9999.0 -9999.0 -9999.0 -99.000 -99.000 -99.000 -99.000 -99.000 -9999.0 -9999.0 -9999.0 -9999.0 -9999.0
53131 20031224  1.200 -111.17   32.24    18.0     6.7    12.4    13.2     0.0    10.50 R -9999.0 -9999.0    14.6 -9999.0 -9999.0 -9999.0 -99.000 -99.000 -99.000 -99.000 -99.000 -9999.0 -9999.0 -9999.0 -9999.0 -9999.0
53131 20031225  1.200 -111.17   32.24    19.6     4.8    12.2    12.8     0.3    11.04 R -9999.0 -9999.0    13.4 -9999.0 -9999.0 -9999.0 -99.000 -99.000 -99.000 -99.000 -99.000 -9999.0 -9999.0 -9999.0 -9999.0 -9999.0
53131 20031226  1.200 -111.17   32.24    15.8     2.9     9.4     9.9     4.1    10.15 R -9999.0 -9999.0     9.8 -9999.0 -9999.0 -9999.0 -99.000 -99.000 -99.000 -99.000 -99.000 -9999.0 -9999.0 -9999.0 -9999.0 -9999.0
53131 20031227  1.200 -111.17   32.24     9.0     0.1     4.6     4.6     0.3    13.26 R -9999.0 -9999.0     5.2 -9999.0 -9999.0 -9999.0 -99.000 -99.000 -99.000 -99.000 -99.000 -9999.0 -9999.0 -9999.0 -9999.0 -9999.0
53131 20031228  1.200 -111.17   32.24     7.6    -4.9     1.4     2.1     0.8    13.74 R -9999.0 -9999.0     3.2 -9999.0 -9999.0 -9999.0 -99.000 -99.000 -99.000 -99.000 -99.000 -9999.0 -9999.0 -9999.0 -9999.0 -9999.0
53131 20031229  1.200 -111.17   32.24    14.7    -3.0     5.9     7.0     0.2    12.93 R -9999.0 -9999.0     6.5 -9999.0 -9999.0 -9999.0 -99.000 -99.000 -99.000 -99.000 -99.000 -9999.0 -9999.0 -9999.0 -9999.0 -9999.0
53131 20031230  1.200 -111.17   32.24    19.2     4.9    12.1    11.7     0.0     9.87 R -9999.0 -9999.0     9.6 -9999.0 -9999.0 -9999.0 -99.000 -99.000 -99.000 -99.000 -99.000 -9999.0 -9999.0 -9999.0 -9999.0 -9999.0
53131 20031231  1.200 -111.17   32.24    16.2     7.5    11.9    11.6     0.6     5.51 R -9999.0 -9999.0    10.6 -9999.0 -9999.0 -9999.0 -99.000 -99.000 -99.000 -99.000 -99.000 -9999.0 -9999.0 -9999.0 -9999.0 -9999.0
