53132 20030101  1.001 -110.51   31.59    12.8    -3.7     4.6     4.7     0.0    14.56 R -9999.0 -9999.0     4.2 -9999.0 -9999.0 -9999.0 -99.000 -99.000 -99.000 -99.000 -99.000 -9999.0 -9999.0 -9999.0 -9999.0 -9999.0
53132 20030102  1.001 -110.51   31.59    14.3    -0.8     6.8     6.6     0.0    14.77 R -9999.0 -9999.0     4.5 -9999.0 -9999.0 -9999.0 -99.000 -99.000 -99.000 -99.000 -99.000 -9999.0 -9999.0 -9999.0 -9999.0 -9999.0
53132 20030103  1.001 -110.51   31.59    17.3    -3.9     6.7     6.5     0.0    14.74 R -9999.0 -9999.0     4.9 -9999.0 -9999.0 -9999.0 -99.000 -99.000 -99.000 -99.000 -99.000 -9999.0 -9999.0 -9999.0 -9999.0 -9999.0
53132 20030104  1.001 -110.51   31.59    20.2    -1.2     9.5     8.5     0.0    14.49 R -9999.0 -9999.0     7.4 -9999.0 -9999.0 -9999.0 -99.000 -99.000 -99.000 -99.000 -99.000 -9999.0 -9999.0 -9999.0 -9999.0 -9999.0
53132 20030105  1.001 -110.51   31.59    21.3    -0.1    10.6     9.9     0.0    14.75 R -9999.0 -9999.0     8.9 -9999.0 -9999.0 -9999.0 -99.000 -99.000 -99.000 -99.000 -99.000 -9999.0 -9999.0 -9999.0 -9999.0 -9999.0
53132 20030106  1.001 -110.51   31.59    15.1     6.7    10.9    11.3     0.0     6.30 R -9999.0 -9999.0     9.0 -9999.0 -9999.0 -9999.0 -99.000 -99.000 -99.000 -99.000 -99.000 -9999.0 -9999.0 -9999.0 -9999.0 -9999.0
53132 20030107  1.001 -110.51   31.59    15.6     4.1     9.9    10.2     0.0    13.67 R -9999.0 -9999.0    10.1 -9999.0 -9999.0 -9999.0 -99.000 -99.000 -99.000 -99.000 -99.000 -9999.0 -9999.0 -9999.0 -9999.0 -9999.0
53132 20030108  1.001 -110.51   31.59    16.9     7.5    12.2    11.0     0.0     7.88 R -9999.0 -9999.0    10.9 -9999.0 -9999.0 -9999.0 -99.000 -99.000 -99.000 -99.000 -99.000 -9999.0 -9999.0 -9999.0 -9999.0 -9999.0
53132 20030109  1.001 -110.51   31.59    15.9     1.2     8.6     8.0     0.0    15.06 R -9999.0 -9999.0     8.5 -9999.0 -9999.0 -9999.0 -99.000 -99.000 -99.000 -99.000 -99.000 -9999.0 -9999.0 -9999.0 -9999.0 -9999.0
53132 20030110  1.001 -110.51   31.59    18.8    -2.2     8.3     7.6     0.0    15.15 R -9999.0 -9999.0     7.7 -9999.0 -9999.0 -9999.0 -99.000 -99.000 -99.000 -99.000 -99.000 -9999.0 -9999.0 -9999.0 -9999.0 -9999.0
53132 20030111  1.001 -110.51   31.59    17.2     0.6     8.9     7.9     0.0    14.71 R -9999.0 -9999.0     8.2 -9999.0 -9999.0 -9999.0 -99.000 -99.000 -99.000 -99.000 -99.000 -9999.0 -9999.0 -9999.0 -9999.0 -9999.0
53132 20030112  1.001 -110.51   31.59    16.1    -3.3     6.4     5.9     0.0    15.24 R -9999.0 -9999.0     6.4 -9999.0 -9999.0 -9999.0 -99.000 -99.000 -99.000 -99.000 -99.000 -9999.0 -9999.0 -9999.0 -9999.0 -9999.0
53132 20030113  1.001 -110.51   31.59    19.2    -1.2     9.0     7.9     0.0    15.38 R -9999.0 -9999.0     7.7 -9999.0 -9999.0 -9999.0 -99.000 -99.000 -99.000 -99.000 -99.000 -9999.0 -9999.0 -9999.0 -9999.0 -9999.0
53132 20030114  1.001 -110.51   31.59    21.9     0.0    11.0     9.8     0.0    15.40 R -9999.0 -9999.0     9.3 -9999.0 -9999.0 -9999.0 -99.000 -99.000 -99.000 -99.000 -99.000 -9999.0 -9999.0 -9999.0 -9999.0 -9999.0
53132 20030115  1.001 -110.51   31.59    21.5     1.3    11.4    10.8     0.0    15.03 R -9999.0 -9999.0     9.5 -9999.0 -9999.0 -9999.0 -99.000 -99.000 -99.000 -99.000 -99.000 -9999.0 -9999.0 -9999.0 -9999.0 -9999.0
53132 20030116  1.001 -110.51   31.59    19.8    -3.8     8.0     7.9     0.0    15.91 R -9999.0 -9999.0     6.7 -9999.0 -9999.0 -9999.0 -99.000 -99.000 -99.000 -99.000 -99.000 -9999.0 -9999.0 -9999.0 -9999.0 -9999.0
53132 20030117  1.001 -110.51   31.59    19.9    -1.4     9.3     8.4     0.0    15.78 R -9999.0 -9999.0     7.8 -9999.0 -9999.0 -9999.0 -99.000 -99.000 -99.000 -99.000 -99.000 -9999.0 -9999.0 -9999.0 -9999.0 -9999.0
53132 20030118  1.001 -110.51   31.59    21.2     0.4    10.8     9.6     0.0    15.74 R -9999.0 -9999.0     9.0 -9999.0 -9999.0 -9999.0 -99.000 -99.000 -99.000 -99.000 -99.000 -9999.0 -9999.0 -9999.0 -9999.0 -9999.0
53132 20030119  1.001 -110.51   31.59    20.3     1.9    11.1    10.3     0.0    14.97 R -9999.0 -9999.0    10.0 -9999.0 -9999.0 -9999.0 -99.000 -99.000 -99.000 -99.000 -99.000 -9999.0 -9999.0 -9999.0 -9999.0 -9999.0
53132 20030120  1.001 -110.51   31.59    16.4     3.8    10.1     9.8     0.5     7.83 R -9999.0 -9999.0     7.9 -9999.0 -9999.0 -9999.0 -99.000 -99.000 -99.000 -99.000 -99.000 -9999.0 -9999.0 -9999.0 -9999.0 -9999.0
53132 20030121  1.001 -110.51   31.59    15.9     0.4     8.2     7.7     0.0    14.16 R -9999.0 -9999.0     8.8 -9999.0 -9999.0 -9999.0 -99.000 -99.000 -99.000 -99.000 -99.000 -9999.0 -9999.0 -9999.0 -9999.0 -9999.0
53132 20030122  1.001 -110.51   31.59    16.4    -0.8     7.8     7.3     0.0    16.42 R -9999.0 -9999.0     8.4 -9999.0 -9999.0 -9999.0 -99.000 -99.000 -99.000 -99.000 -99.000 -9999.0 -9999.0 -9999.0 -9999.0 -9999.0
53132 20030123  1.001 -110.51   31.59    19.3    -1.2     9.1    10.2     0.0    15.33 R -9999.0 -9999.0     9.7 -9999.0 -9999.0 -9999.0 -99.000 -99.000 -99.000 -99.000 -99.000 -9999.0 -9999.0 -9999.0 -9999.0 -9999.0
53132 20030124  1.001 -110.51   31.59    23.3     2.2    12.8    12.1     0.0    16.22 R -9999.0 -9999.0    12.2 -9999.0 -9999.0 -9999.0 -99.000 -99.000 -99.000 -99.000 -99.000 -9999.0 -9999.0 -9999.0 -9999.0 -9999.0
53132 20030125  1.001 -110.51   31.59    19.8     2.7    11.3    11.5     0.0    15.71 R -9999.0 -9999.0    11.6 -9999.0 -9999.0 -9999.0 -99.000 -99.000 -99.000 -99.000 -99.000 -9999.0 -9999.0 -9999.0 -9999.0 -9999.0
53132 20030126  1.001 -110.51   31.59    18.9     0.8     9.9    10.1     0.0    16.87 R -9999.0 -9999.0     9.4 -9999.0 -9999.0 -9999.0 -99.000 -99.000 -99.000 -99.000 -99.000 -9999.0 -9999.0 -9999.0 -9999.0 -9999.0
53132 20030127  1.001 -110.51   31.59    22.2    -3.3     9.5     9.0     0.0    17.35 R -9999.0 -9999.0     8.5 -9999.0 -9999.0 -9999.0 -99.000 -99.000 -99.000 -99.000 -99.000 -9999.0 -9999.0 -9999.0 -9999.0 -9999.0
53132 20030128  1.001 -110.51   31.59    21.3     2.4    11.9    11.7     0.0    17.27 R -9999.0 -9999.0    10.5 -9999.0 -9999.0 -9999.0 -99.000 -99.000 -99.000 -99.000 -99.000 -9999.0 -9999.0 -9999.0 -9999.0 -9999.0
53132 20030129  1.001 -110.51   31.59    20.7     0.9    10.8    10.2     0.0    16.96 R -9999.0 -9999.0    11.2 -9999.0 -9999.0 -9999.0 -99.000 -99.000 -99.000 -99.000 -99.000 -9999.0 -9999.0 -9999.0 -9999.0 -9999.0
53132 20030130  1.001 -110.51   31.59    21.4     0.3    10.9     9.9     0.0    17.61 R -9999.0 -9999.0    10.2 -9999.0 -9999.0 -9999.0 -99.000 -99.000 -99.000 -99.000 -99.000 -9999.0 -9999.0 -9999.0 -9999.0 -9999.0
53132 20030131  1.001 -110.51   31.59    22.7    -0.7    11.0    10.5     0.0    17.63 R -9999.0 -9999.0     9.8 -9999.0 -9999.0 -9999.0 -99.000 -99.000 -99.000 -99.000 -99.000 -9999.0 -9999.0 -9999.0 -9999.0 -9999.0
53132 20030201  1.001 -110.51   31.59    24.5     2.3    13.4    13.4     0.0    17.08 R -9999.0 -9999.0    12.5 -9999.0 -9999.0 -9999.0 -99.000 -99.000 -99.000 -99.000 -99.000 -9999.0 -9999.0 -9999.0 -9999.0 -9999.0
53132 20030202  1.001 -110.51   31.59    19.7     1.5    10.6    13.2     0.0    15.80 R -9999.0 -9999.0    11.6 -9999.0 -9999.0 -9999.0 -99.000 -99.000 -99.000 -99.000 -99.000 -9999.0 -9999.0 -9999.0 -9999.0 -9999.0
53132 20030203  1.001 -110.51   31.59    14.5    -5.3     4.6     4.0     0.0    18.23 R -9999.0 -9999.0     6.7 -9999.0 -9999.0 -9999.0 -99.000 -99.000 -99.000 -99.000 -99.000 -9999.0 -9999.0 -9999.0 -9999.0 -9999.0
53132 20030204  1.001 -110.51   31.59    18.2    -2.9     7.7     8.3     0.0    16.48 R -9999.0 -9999.0     9.6 -9999.0 -9999.0 -9999.0 -99.000 -99.000 -99.000 -99.000 -99.000 -9999.0 -9999.0 -9999.0 -9999.0 -9999.0
53132 20030205  1.001 -110.51   31.59    13.6     2.3     8.0     9.0     0.0     9.71 R -9999.0 -9999.0     9.4 -9999.0 -9999.0 -9999.0 -99.000 -99.000 -99.000 -99.000 -99.000 -9999.0 -9999.0 -9999.0 -9999.0 -9999.0
53132 20030206  1.001 -110.51   31.59    12.7    -0.6     6.1     5.6     0.0    18.49 R -9999.0 -9999.0     6.8 -9999.0 -9999.0 -9999.0 -99.000 -99.000 -99.000 -99.000 -99.000 -9999.0 -9999.0 -9999.0 -9999.0 -9999.0
53132 20030207  1.001 -110.51   31.59    13.1    -2.7     5.2     4.7     3.8    10.36 R -9999.0 -9999.0     6.5 -9999.0 -9999.0 -9999.0 -99.000 -99.000 -99.000 -99.000 -99.000 -9999.0 -9999.0 -9999.0 -9999.0 -9999.0
53132 20030208  1.001 -110.51   31.59     8.4     1.9     5.2     4.7     1.4    11.93 R -9999.0 -9999.0     5.6 -9999.0 -9999.0 -9999.0 -99.000 -99.000 -99.000 -99.000 -99.000 -9999.0 -9999.0 -9999.0 -9999.0 -9999.0
53132 20030209  1.001 -110.51   31.59    10.9    -2.5     4.2     3.6     0.0    15.51 R -9999.0 -9999.0     5.4 -9999.0 -9999.0 -9999.0 -99.000 -99.000 -99.000 -99.000 -99.000 -9999.0 -9999.0 -9999.0 -9999.0 -9999.0
53132 20030210  1.001 -110.51   31.59    14.4    -3.9     5.3     5.7     0.0    15.21 R -9999.0 -9999.0     7.3 -9999.0 -9999.0 -9999.0 -99.000 -99.000 -99.000 -99.000 -99.000 -9999.0 -9999.0 -9999.0 -9999.0 -9999.0
53132 20030211  1.001 -110.51   31.59    17.0     3.3    10.2    11.4     0.0    10.39 R -9999.0 -9999.0    11.0 -9999.0 -9999.0 -9999.0 -99.000 -99.000 -99.000 -99.000 -99.000 -9999.0 -9999.0 -9999.0 -9999.0 -9999.0
53132 20030212  1.001 -110.51   31.59    16.7     6.3    11.5    11.7     0.0     5.47 R -9999.0 -9999.0    10.7 -9999.0 -9999.0 -9999.0 -99.000 -99.000 -99.000 -99.000 -99.000 -9999.0 -9999.0 -9999.0 -9999.0 -9999.0
53132 20030213  1.001 -110.51   31.59    13.9     8.6    11.3    11.0    14.2    10.48 R -9999.0 -9999.0    10.0 -9999.0 -9999.0 -9999.0 -99.000 -99.000 -99.000 -99.000 -99.000 -9999.0 -9999.0 -9999.0 -9999.0 -9999.0
53132 20030214  1.001 -110.51   31.59    13.0     3.8     8.4     8.0     9.1    11.05 R -9999.0 -9999.0     9.1 -9999.0 -9999.0 -9999.0 -99.000 -99.000 -99.000 -99.000 -99.000 -9999.0 -9999.0 -9999.0 -9999.0 -9999.0
53132 20030215  1.001 -110.51   31.59    13.8     2.8     8.3     7.6     0.0    15.60 R -9999.0 -9999.0     8.7 -9999.0 -9999.0 -9999.0 -99.000 -99.000 -99.000 -99.000 -99.000 -9999.0 -9999.0 -9999.0 -9999.0 -9999.0
53132 20030216  1.001 -110.51   31.59    17.3     1.3     9.3     9.0     0.0    17.17 R -9999.0 -9999.0    10.0 -9999.0 -9999.0 -9999.0 -99.000 -99.000 -99.000 -99.000 -99.000 -9999.0 -9999.0 -9999.0 -9999.0 -9999.0
53132 20030217  1.001 -110.51   31.59    21.8     3.1    12.5    12.4     0.0    17.66 R -9999.0 -9999.0    12.0 -9999.0 -9999.0 -9999.0 -99.000 -99.000 -99.000 -99.000 -99.000 -9999.0 -9999.0 -9999.0 -9999.0 -9999.0
53132 20030218  1.001 -110.51   31.59    16.7     6.3    11.5    12.3     0.0     7.14 R -9999.0 -9999.0    10.5 -9999.0 -9999.0 -9999.0 -99.000 -99.000 -99.000 -99.000 -99.000 -9999.0 -9999.0 -9999.0 -9999.0 -9999.0
53132 20030219  1.001 -110.51   31.59    18.7     2.7    10.7    10.4     0.0    16.24 R -9999.0 -9999.0    11.7 -9999.0 -9999.0 -9999.0 -99.000 -99.000 -99.000 -99.000 -99.000 -9999.0 -9999.0 -9999.0 -9999.0 -9999.0
53132 20030220  1.001 -110.51   31.59    12.8     0.2     6.5     6.9    13.4    10.09 R -9999.0 -9999.0     7.4 -9999.0 -9999.0 -9999.0 -99.000 -99.000 -99.000 -99.000 -99.000 -9999.0 -9999.0 -9999.0 -9999.0 -9999.0
53132 20030221  1.001 -110.51   31.59    14.0    -0.2     6.9     6.2     2.9    20.93 R -9999.0 -9999.0     7.0 -9999.0 -9999.0 -9999.0 -99.000 -99.000 -99.000 -99.000 -99.000 -9999.0 -9999.0 -9999.0 -9999.0 -9999.0
53132 20030222  1.001 -110.51   31.59    17.2    -0.5     8.4     8.6     0.0    21.30 R -9999.0 -9999.0     8.3 -9999.0 -9999.0 -9999.0 -99.000 -99.000 -99.000 -99.000 -99.000 -9999.0 -9999.0 -9999.0 -9999.0 -9999.0
53132 20030223  1.001 -110.51   31.59    17.5    -0.5     8.5     8.9     0.0    18.42 R -9999.0 -9999.0    10.4 -9999.0 -9999.0 -9999.0 -99.000 -99.000 -99.000 -99.000 -99.000 -9999.0 -9999.0 -9999.0 -9999.0 -9999.0
53132 20030224  1.001 -110.51   31.59    15.2     6.8    11.0    10.6     0.0    16.37 R -9999.0 -9999.0    11.0 -9999.0 -9999.0 -9999.0 -99.000 -99.000 -99.000 -99.000 -99.000 -9999.0 -9999.0 -9999.0 -9999.0 -9999.0
53132 20030225  1.001 -110.51   31.59    11.6     5.3     8.5     8.1     6.5    16.34 R -9999.0 -9999.0     9.4 -9999.0 -9999.0 -9999.0 -99.000 -99.000 -99.000 -99.000 -99.000 -9999.0 -9999.0 -9999.0 -9999.0 -9999.0
53132 20030226  1.001 -110.51   31.59     8.1     2.7     5.4     5.1     7.4    13.62 R -9999.0 -9999.0     6.6 -9999.0 -9999.0 -9999.0 -99.000 -99.000 -99.000 -99.000 -99.000 -9999.0 -9999.0 -9999.0 -9999.0 -9999.0
53132 20030227  1.001 -110.51   31.59    10.6     0.1     5.4     5.0     0.0    17.23 R -9999.0 -9999.0     5.7 -9999.0 -9999.0 -9999.0 -99.000 -99.000 -99.000 -99.000 -99.000 -9999.0 -9999.0 -9999.0 -9999.0 -9999.0
53132 20030228  1.001 -110.51   31.59    10.3     0.2     5.3     5.4     0.0    19.42 R -9999.0 -9999.0     7.2 -9999.0 -9999.0 -9999.0 -99.000 -99.000 -99.000 -99.000 -99.000 -9999.0 -9999.0 -9999.0 -9999.0 -9999.0
53132 20030301  1.001 -110.51   31.59    11.0     0.8     5.9     5.9     0.0    18.31 R -9999.0 -9999.0     9.2 -9999.0 -9999.0 -9999.0 -99.000 -99.000 -99.000 -99.000 -99.000 -9999.0 -9999.0 -9999.0 -9999.0 -9999.0
53132 20030302  1.001 -110.51   31.59    10.0    -0.9     4.6     3.7     0.0    11.40 R -9999.0 -9999.0     6.2 -9999.0 -9999.0 -9999.0 -99.000 -99.000 -99.000 -99.000 -99.000 -9999.0 -9999.0 -9999.0 -9999.0 -9999.0
53132 20030303  1.001 -110.51   31.59    12.1    -3.7     4.2     5.2     0.0    15.54 R -9999.0 -9999.0     7.6 -9999.0 -9999.0 -9999.0 -99.000 -99.000 -99.000 -99.000 -99.000 -9999.0 -9999.0 -9999.0 -9999.0 -9999.0
53132 20030304  1.001 -110.51   31.59    12.3     1.1     6.7     7.1     0.0    22.60 R -9999.0 -9999.0    10.2 -9999.0 -9999.0 -9999.0 -99.000 -99.000 -99.000 -99.000 -99.000 -9999.0 -9999.0 -9999.0 -9999.0 -9999.0
53132 20030305  1.001 -110.51   31.59    10.4     0.0     5.2     5.2     0.0    12.38 R -9999.0 -9999.0     7.7 -9999.0 -9999.0 -9999.0 -99.000 -99.000 -99.000 -99.000 -99.000 -9999.0 -9999.0 -9999.0 -9999.0 -9999.0
53132 20030306  1.001 -110.51   31.59    15.4    -2.3     6.6     6.1     0.0    23.33 R -9999.0 -9999.0    11.1 -9999.0 -9999.0 -9999.0 -99.000 -99.000 -99.000 -99.000 -99.000 -9999.0 -9999.0 -9999.0 -9999.0 -9999.0
53132 20030307  1.001 -110.51   31.59    19.2    -1.5     8.9     8.8     0.0    21.68 R -9999.0 -9999.0    12.3 -9999.0 -9999.0 -9999.0 -99.000 -99.000 -99.000 -99.000 -99.000 -9999.0 -9999.0 -9999.0 -9999.0 -9999.0
53132 20030308  1.001 -110.51   31.59    19.1     0.6     9.9     9.9     0.0    22.50 R -9999.0 -9999.0    13.9 -9999.0 -9999.0 -9999.0 -99.000 -99.000 -99.000 -99.000 -99.000 -9999.0 -9999.0 -9999.0 -9999.0 -9999.0
53132 20030309  1.001 -110.51   31.59    22.8     0.6    11.7    11.7     0.0    23.61 R -9999.0 -9999.0    14.0 -9999.0 -9999.0 -9999.0 -99.000 -99.000 -99.000 -99.000 -99.000 -9999.0 -9999.0 -9999.0 -9999.0 -9999.0
53132 20030310  1.001 -110.51   31.59    23.7     2.9    13.3    12.9     0.0    23.67 R -9999.0 -9999.0    16.8 -9999.0 -9999.0 -9999.0 -99.000 -99.000 -99.000 -99.000 -99.000 -9999.0 -9999.0 -9999.0 -9999.0 -9999.0
53132 20030311  1.001 -110.51   31.59    23.6     3.0    13.3    13.5     0.0    23.81 R -9999.0 -9999.0    17.0 -9999.0 -9999.0 -9999.0 -99.000 -99.000 -99.000 -99.000 -99.000 -9999.0 -9999.0 -9999.0 -9999.0 -9999.0
53132 20030312  1.001 -110.51   31.59    23.6     5.0    14.3    14.7     0.0    23.82 R -9999.0 -9999.0    18.2 -9999.0 -9999.0 -9999.0 -99.000 -99.000 -99.000 -99.000 -99.000 -9999.0 -9999.0 -9999.0 -9999.0 -9999.0
53132 20030313  1.001 -110.51   31.59    24.2     4.2    14.2    15.1     0.0    18.69 R -9999.0 -9999.0    16.8 -9999.0 -9999.0 -9999.0 -99.000 -99.000 -99.000 -99.000 -99.000 -9999.0 -9999.0 -9999.0 -9999.0 -9999.0
53132 20030314  1.001 -110.51   31.59    24.5     8.0    16.3    14.7     0.0    18.99 R -9999.0 -9999.0    17.6 -9999.0 -9999.0 -9999.0 -99.000 -99.000 -99.000 -99.000 -99.000 -9999.0 -9999.0 -9999.0 -9999.0 -9999.0
53132 20030315  1.001 -110.51   31.59    22.7     5.4    14.1    14.1     0.0    16.99 R -9999.0 -9999.0    16.0 -9999.0 -9999.0 -9999.0 -99.000 -99.000 -99.000 -99.000 -99.000 -9999.0 -9999.0 -9999.0 -9999.0 -9999.0
53132 20030316  1.001 -110.51   31.59    15.8     6.3    11.1    10.7     3.4    10.67 R -9999.0 -9999.0    10.5 -9999.0 -9999.0 -9999.0 -99.000 -99.000 -99.000 -99.000 -99.000 -9999.0 -9999.0 -9999.0 -9999.0 -9999.0
53132 20030317  1.001 -110.51   31.59     9.8     0.7     5.3     5.0     1.9    12.90 R -9999.0 -9999.0     6.7 -9999.0 -9999.0 -9999.0 -99.000 -99.000 -99.000 -99.000 -99.000 -9999.0 -9999.0 -9999.0 -9999.0 -9999.0
53132 20030318  1.001 -110.51   31.59    10.5     0.7     5.6     5.5     0.2    19.04 R -9999.0 -9999.0     7.7 -9999.0 -9999.0 -9999.0 -99.000 -99.000 -99.000 -99.000 -99.000 -9999.0 -9999.0 -9999.0 -9999.0 -9999.0
53132 20030319  1.001 -110.51   31.59    13.1     2.4     7.8     7.7     0.0    20.05 R -9999.0 -9999.0    10.6 -9999.0 -9999.0 -9999.0 -99.000 -99.000 -99.000 -99.000 -99.000 -9999.0 -9999.0 -9999.0 -9999.0 -9999.0
53132 20030320  1.001 -110.51   31.59    16.1    -0.2     8.0     8.4     0.0    24.48 R -9999.0 -9999.0    13.7 -9999.0 -9999.0 -9999.0 -99.000 -99.000 -99.000 -99.000 -99.000 -9999.0 -9999.0 -9999.0 -9999.0 -9999.0
53132 20030321  1.001 -110.51   31.59    15.0     1.6     8.3     8.9     0.0    25.33 R -9999.0 -9999.0    13.0 -9999.0 -9999.0 -9999.0 -99.000 -99.000 -99.000 -99.000 -99.000 -9999.0 -9999.0 -9999.0 -9999.0 -9999.0
53132 20030322  1.001 -110.51   31.59    20.4     0.5    10.5    10.4     0.0    25.83 R -9999.0 -9999.0    15.7 -9999.0 -9999.0 -9999.0 -99.000 -99.000 -99.000 -99.000 -99.000 -9999.0 -9999.0 -9999.0 -9999.0 -9999.0
53132 20030323  1.001 -110.51   31.59    24.0     2.1    13.1    13.5     0.0    25.91 R -9999.0 -9999.0    17.6 -9999.0 -9999.0 -9999.0 -99.000 -99.000 -99.000 -99.000 -99.000 -9999.0 -9999.0 -9999.0 -9999.0 -9999.0
53132 20030324  1.001 -110.51   31.59    21.5     5.2    13.4    14.2     0.0    23.28 R -9999.0 -9999.0    16.2 -9999.0 -9999.0 -9999.0 -99.000 -99.000 -99.000 -99.000 -99.000 -9999.0 -9999.0 -9999.0 -9999.0 -9999.0
53132 20030325  1.001 -110.51   31.59    20.8     4.0    12.4    13.0     0.0    25.91 R -9999.0 -9999.0    17.9 -9999.0 -9999.0 -9999.0 -99.000 -99.000 -99.000 -99.000 -99.000 -9999.0 -9999.0 -9999.0 -9999.0 -9999.0
53132 20030326  1.001 -110.51   31.59    25.8     3.9    14.9    15.1     0.0    26.46 R -9999.0 -9999.0    19.4 -9999.0 -9999.0 -9999.0 -99.000 -99.000 -99.000 -99.000 -99.000 -9999.0 -9999.0 -9999.0 -9999.0 -9999.0
53132 20030327  1.001 -110.51   31.59    23.2     8.1    15.7    16.0     0.0    25.18 R -9999.0 -9999.0    18.1 -9999.0 -9999.0 -9999.0 -99.000 -99.000 -99.000 -99.000 -99.000 -9999.0 -9999.0 -9999.0 -9999.0 -9999.0
53132 20030328  1.001 -110.51   31.59    16.0     0.1     8.1     9.4     0.0    26.99 R -9999.0 -9999.0    15.4 -9999.0 -9999.0 -9999.0 -99.000 -99.000 -99.000 -99.000 -99.000 -9999.0 -9999.0 -9999.0 -9999.0 -9999.0
53132 20030329  1.001 -110.51   31.59    14.1     2.3     8.2     8.2     0.0    27.03 R -9999.0 -9999.0    12.2 -9999.0 -9999.0 -9999.0 -99.000 -99.000 -99.000 -99.000 -99.000 -9999.0 -9999.0 -9999.0 -9999.0 -9999.0
53132 20030330  1.001 -110.51   31.59    21.3     2.2    11.8    11.3     0.0    27.60 R -9999.0 -9999.0    14.2 -9999.0 -9999.0 -9999.0 -99.000 -99.000 -99.000 -99.000 -99.000 -9999.0 -9999.0 -9999.0 -9999.0 -9999.0
53132 20030331  1.001 -110.51   31.59    26.3     1.6    14.0    14.7     0.0    27.43 R -9999.0 -9999.0    17.4 -9999.0 -9999.0 -9999.0 -99.000 -99.000 -99.000 -99.000 -99.000 -9999.0 -9999.0 -9999.0 -9999.0 -9999.0
53132 20030401  1.001 -110.51   31.59    25.5     7.7    16.6    17.9     0.0    26.58 R -9999.0 -9999.0    20.9 -9999.0 -9999.0 -9999.0 -99.000 -99.000 -99.000 -99.000 -99.000 -9999.0 -9999.0 -9999.0 -9999.0 -9999.0
53132 20030402  1.001 -110.51   31.59    20.0     8.1    14.1    15.3     0.0    20.63 R -9999.0 -9999.0    17.2 -9999.0 -9999.0 -9999.0 -99.000 -99.000 -99.000 -99.000 -99.000 -9999.0 -9999.0 -9999.0 -9999.0 -9999.0
53132 20030403  1.001 -110.51   31.59    18.4     3.4    10.9    11.2     0.0    27.40 R -9999.0 -9999.0    14.6 -9999.0 -9999.0 -9999.0 -99.000 -99.000 -99.000 -99.000 -99.000 -9999.0 -9999.0 -9999.0 -9999.0 -9999.0
53132 20030404  1.001 -110.51   31.59    19.0    -2.3     8.4     9.4     0.0    27.82 R -9999.0 -9999.0    15.2 -9999.0 -9999.0 -9999.0 -99.000 -99.000 -99.000 -99.000 -99.000 -9999.0 -9999.0 -9999.0 -9999.0 -9999.0
53132 20030405  1.001 -110.51   31.59    17.9     2.2    10.1    10.5     0.0    27.50 R -9999.0 -9999.0    14.1 -9999.0 -9999.0 -9999.0 -99.000 -99.000 -99.000 -99.000 -99.000 -9999.0 -9999.0 -9999.0 -9999.0 -9999.0
53132 20030406  1.001 -110.51   31.59    17.4    -2.8     7.3     7.8     0.0    28.17 R -9999.0 -9999.0    14.7 -9999.0 -9999.0 -9999.0 -99.000 -99.000 -99.000 -99.000 -99.000 -9999.0 -9999.0 -9999.0 -9999.0 -9999.0
53132 20030407  1.001 -110.51   31.59    19.8    -0.7     9.6    10.0     0.0    28.33 R -9999.0 -9999.0    16.7 -9999.0 -9999.0 -9999.0 -99.000 -99.000 -99.000 -99.000 -99.000 -9999.0 -9999.0 -9999.0 -9999.0 -9999.0
53132 20030408  1.001 -110.51   31.59    21.9     3.8    12.9    14.4     0.0    28.07 R -9999.0 -9999.0    17.3 -9999.0 -9999.0 -9999.0 -99.000 -99.000 -99.000 -99.000 -99.000 -9999.0 -9999.0 -9999.0 -9999.0 -9999.0
53132 20030409  1.001 -110.51   31.59    25.6     4.3    15.0    15.9     0.0    27.37 R -9999.0 -9999.0    19.2 -9999.0 -9999.0 -9999.0 -99.000 -99.000 -99.000 -99.000 -99.000 -9999.0 -9999.0 -9999.0 -9999.0 -9999.0
53132 20030410  1.001 -110.51   31.59    25.1     9.3    17.2    16.9     0.0    24.41 R -9999.0 -9999.0    19.4 -9999.0 -9999.0 -9999.0 -99.000 -99.000 -99.000 -99.000 -99.000 -9999.0 -9999.0 -9999.0 -9999.0 -9999.0
53132 20030411  1.001 -110.51   31.59    24.2     5.0    14.6    15.1     0.0    28.49 R -9999.0 -9999.0    20.5 -9999.0 -9999.0 -9999.0 -99.000 -99.000 -99.000 -99.000 -99.000 -9999.0 -9999.0 -9999.0 -9999.0 -9999.0
53132 20030412  1.001 -110.51   31.59    25.6     8.4    17.0    17.5     0.0    26.13 R -9999.0 -9999.0    21.1 -9999.0 -9999.0 -9999.0 -99.000 -99.000 -99.000 -99.000 -99.000 -9999.0 -9999.0 -9999.0 -9999.0 -9999.0
53132 20030413  1.001 -110.51   31.59    25.4    10.6    18.0    18.7     0.0    28.38 R -9999.0 -9999.0    22.7 -9999.0 -9999.0 -9999.0 -99.000 -99.000 -99.000 -99.000 -99.000 -9999.0 -9999.0 -9999.0 -9999.0 -9999.0
53132 20030414  1.001 -110.51   31.59    23.3    13.1    18.2    18.1     0.0    20.85 R -9999.0 -9999.0    20.3 -9999.0 -9999.0 -9999.0 -99.000 -99.000 -99.000 -99.000 -99.000 -9999.0 -9999.0 -9999.0 -9999.0 -9999.0
53132 20030415  1.001 -110.51   31.59    15.2     2.2     8.7    10.1     0.0    26.50 R -9999.0 -9999.0    14.6 -9999.0 -9999.0 -9999.0 -99.000 -99.000 -99.000 -99.000 -99.000 -9999.0 -9999.0 -9999.0 -9999.0 -9999.0
53132 20030416  1.001 -110.51   31.59    24.7    -0.7    12.0    12.8     0.0    29.02 R -9999.0 -9999.0    18.0 -9999.0 -9999.0 -9999.0 -99.000 -99.000 -99.000 -99.000 -99.000 -9999.0 -9999.0 -9999.0 -9999.0 -9999.0
53132 20030417  1.001 -110.51   31.59    20.4     6.3    13.4    14.3     0.0    29.13 R -9999.0 -9999.0    17.6 -9999.0 -9999.0 -9999.0 -99.000 -99.000 -99.000 -99.000 -99.000 -9999.0 -9999.0 -9999.0 -9999.0 -9999.0
53132 20030418  1.001 -110.51   31.59    18.4    -0.1     9.2     9.9     0.0    27.64 R -9999.0 -9999.0    17.0 -9999.0 -9999.0 -9999.0 -99.000 -99.000 -99.000 -99.000 -99.000 -9999.0 -9999.0 -9999.0 -9999.0 -9999.0
53132 20030419  1.001 -110.51   31.59    18.2     1.6     9.9    10.2     0.0    29.31 R -9999.0 -9999.0    18.0 -9999.0 -9999.0 -9999.0 -99.000 -99.000 -99.000 -99.000 -99.000 -9999.0 -9999.0 -9999.0 -9999.0 -9999.0
53132 20030420  1.001 -110.51   31.59    25.6     1.3    13.5    15.1     0.0    29.19 R -9999.0 -9999.0    20.2 -9999.0 -9999.0 -9999.0 -99.000 -99.000 -99.000 -99.000 -99.000 -9999.0 -9999.0 -9999.0 -9999.0 -9999.0
53132 20030421  1.001 -110.51   31.59    23.2     6.4    14.8    15.4     0.0    29.27 R -9999.0 -9999.0    20.1 -9999.0 -9999.0 -9999.0 -99.000 -99.000 -99.000 -99.000 -99.000 -9999.0 -9999.0 -9999.0 -9999.0 -9999.0
53132 20030422  1.001 -110.51   31.59    20.3     6.3    13.3    13.5     0.0    29.07 R -9999.0 -9999.0    17.3 -9999.0 -9999.0 -9999.0 -99.000 -99.000 -99.000 -99.000 -99.000 -9999.0 -9999.0 -9999.0 -9999.0 -9999.0
53132 20030423  1.001 -110.51   31.59    19.3     1.1    10.2    10.8     0.0    29.93 R -9999.0 -9999.0    16.9 -9999.0 -9999.0 -9999.0 -99.000 -99.000 -99.000 -99.000 -99.000 -9999.0 -9999.0 -9999.0 -9999.0 -9999.0
53132 20030424  1.001 -110.51   31.59    23.4     1.7    12.6    13.8     0.0    30.02 R -9999.0 -9999.0    19.2 -9999.0 -9999.0 -9999.0 -99.000 -99.000 -99.000 -99.000 -99.000 -9999.0 -9999.0 -9999.0 -9999.0 -9999.0
53132 20030425  1.001 -110.51   31.59    25.4     5.5    15.5    15.9     0.0    23.39 R -9999.0 -9999.0    20.2 -9999.0 -9999.0 -9999.0 -99.000 -99.000 -99.000 -99.000 -99.000 -9999.0 -9999.0 -9999.0 -9999.0 -9999.0
53132 20030426  1.001 -110.51   31.59    26.4     6.0    16.2    17.5     0.0    29.79 R -9999.0 -9999.0    22.9 -9999.0 -9999.0 -9999.0 -99.000 -99.000 -99.000 -99.000 -99.000 -9999.0 -9999.0 -9999.0 -9999.0 -9999.0
53132 20030427  1.001 -110.51   31.59    26.2    11.1    18.7    19.2     0.0    29.67 R -9999.0 -9999.0    24.7 -9999.0 -9999.0 -9999.0 -99.000 -99.000 -99.000 -99.000 -99.000 -9999.0 -9999.0 -9999.0 -9999.0 -9999.0
53132 20030428  1.001 -110.51   31.59    26.2     9.7    18.0    18.6     0.0    30.05 R -9999.0 -9999.0    23.5 -9999.0 -9999.0 -9999.0 -99.000 -99.000 -99.000 -99.000 -99.000 -9999.0 -9999.0 -9999.0 -9999.0 -9999.0
53132 20030429  1.001 -110.51   31.59    24.9     9.3    17.1    17.7     0.0    29.54 R -9999.0 -9999.0    22.0 -9999.0 -9999.0 -9999.0 -99.000 -99.000 -99.000 -99.000 -99.000 -9999.0 -9999.0 -9999.0 -9999.0 -9999.0
53132 20030430  1.001 -110.51   31.59    23.7     6.4    15.1    16.0     0.0    30.23 R -9999.0 -9999.0    21.3 -9999.0 -9999.0 -9999.0 -99.000 -99.000 -99.000 -99.000 -99.000 -9999.0 -9999.0 -9999.0 -9999.0 -9999.0
53132 20030501  1.001 -110.51   31.59    25.3     4.1    14.7    16.0     0.0    30.43 R -9999.0 -9999.0    21.8 -9999.0 -9999.0 -9999.0 -99.000 -99.000 -99.000 -99.000 -99.000 -9999.0 -9999.0 -9999.0 -9999.0 -9999.0
53132 20030502  1.001 -110.51   31.59    27.2     5.0    16.1    18.4     0.0    30.45 R -9999.0 -9999.0    23.0 -9999.0 -9999.0 -9999.0 -99.000 -99.000 -99.000 -99.000 -99.000 -9999.0 -9999.0 -9999.0 -9999.0 -9999.0
53132 20030503  1.001 -110.51   31.59    25.9     7.4    16.7    18.3     0.0    30.35 R -9999.0 -9999.0    22.0 -9999.0 -9999.0 -9999.0 -99.000 -99.000 -99.000 -99.000 -99.000 -9999.0 -9999.0 -9999.0 -9999.0 -9999.0
53132 20030504  1.001 -110.51   31.59    22.5     8.2    15.4    15.4     0.0    26.49 R -9999.0 -9999.0    20.8 -9999.0 -9999.0 -9999.0 -99.000 -99.000 -99.000 -99.000 -99.000 -9999.0 -9999.0 -9999.0 -9999.0 -9999.0
53132 20030505  1.001 -110.51   31.59    23.1     3.0    13.1    14.9     0.0    30.78 R -9999.0 -9999.0    21.2 -9999.0 -9999.0 -9999.0 -99.000 -99.000 -99.000 -99.000 -99.000 -9999.0 -9999.0 -9999.0 -9999.0 -9999.0
53132 20030506  1.001 -110.51   31.59    25.2     7.5    16.4    17.4     0.0    28.60 R -9999.0 -9999.0    22.5 -9999.0 -9999.0 -9999.0 -99.000 -99.000 -99.000 -99.000 -99.000 -9999.0 -9999.0 -9999.0 -9999.0 -9999.0
53132 20030507  1.001 -110.51   31.59    24.3    10.7    17.5    17.7     0.0    30.65 R -9999.0 -9999.0    22.3 -9999.0 -9999.0 -9999.0 -99.000 -99.000 -99.000 -99.000 -99.000 -9999.0 -9999.0 -9999.0 -9999.0 -9999.0
53132 20030508  1.001 -110.51   31.59    24.2     6.5    15.4    16.0     0.0    30.75 R -9999.0 -9999.0    22.1 -9999.0 -9999.0 -9999.0 -99.000 -99.000 -99.000 -99.000 -99.000 -9999.0 -9999.0 -9999.0 -9999.0 -9999.0
53132 20030509  1.001 -110.51   31.59    24.8     8.4    16.6    17.0     0.0    30.50 R -9999.0 -9999.0    21.9 -9999.0 -9999.0 -9999.0 -99.000 -99.000 -99.000 -99.000 -99.000 -9999.0 -9999.0 -9999.0 -9999.0 -9999.0
53132 20030510  1.001 -110.51   31.59    24.4     5.5    15.0    15.2     0.0    31.42 R -9999.0 -9999.0    22.2 -9999.0 -9999.0 -9999.0 -99.000 -99.000 -99.000 -99.000 -99.000 -9999.0 -9999.0 -9999.0 -9999.0 -9999.0
53132 20030511  1.001 -110.51   31.59    28.4     3.4    15.9    17.2     0.0    27.77 R -9999.0 -9999.0    23.0 -9999.0 -9999.0 -9999.0 -99.000 -99.000 -99.000 -99.000 -99.000 -9999.0 -9999.0 -9999.0 -9999.0 -9999.0
53132 20030512  1.001 -110.51   31.59    31.9     7.3    19.6    20.6     0.0    30.61 R -9999.0 -9999.0    27.2 -9999.0 -9999.0 -9999.0 -99.000 -99.000 -99.000 -99.000 -99.000 -9999.0 -9999.0 -9999.0 -9999.0 -9999.0
53132 20030513  1.001 -110.51   31.59    32.0    11.3    21.7    22.3     0.0    28.57 R -9999.0 -9999.0    26.8 -9999.0 -9999.0 -9999.0 -99.000 -99.000 -99.000 -99.000 -99.000 -9999.0 -9999.0 -9999.0 -9999.0 -9999.0
53132 20030514  1.001 -110.51   31.59    33.0    10.6    21.8    23.0     0.0    25.63 R -9999.0 -9999.0    27.1 -9999.0 -9999.0 -9999.0 -99.000 -99.000 -99.000 -99.000 -99.000 -9999.0 -9999.0 -9999.0 -9999.0 -9999.0
53132 20030515  1.001 -110.51   31.59    28.4    10.5    19.5    21.5     0.0    31.40 R -9999.0 -9999.0    27.5 -9999.0 -9999.0 -9999.0 -99.000 -99.000 -99.000 -99.000 -99.000 -9999.0 -9999.0 -9999.0 -9999.0 -9999.0
53132 20030516  1.001 -110.51   31.59    32.6     6.4    19.5    21.2     0.0    30.82 R -9999.0 -9999.0    28.3 -9999.0 -9999.0 -9999.0 -99.000 -99.000 -99.000 -99.000 -99.000 -9999.0 -9999.0 -9999.0 -9999.0 -9999.0
53132 20030517  1.001 -110.51   31.59    34.0    12.2    23.1    24.2     0.0    27.61 R -9999.0 -9999.0    28.8 -9999.0 -9999.0 -9999.0 -99.000 -99.000 -99.000 -99.000 -99.000 -9999.0 -9999.0 -9999.0 -9999.0 -9999.0
53132 20030518  1.001 -110.51   31.59    31.6    11.7    21.7    23.5     0.0    30.98 R -9999.0 -9999.0    28.7 -9999.0 -9999.0 -9999.0 -99.000 -99.000 -99.000 -99.000 -99.000 -9999.0 -9999.0 -9999.0 -9999.0 -9999.0
53132 20030519  1.001 -110.51   31.59    30.5    10.6    20.6    21.7     0.0    31.15 R -9999.0 -9999.0    29.4 -9999.0 -9999.0 -9999.0 -99.000 -99.000 -99.000 -99.000 -99.000 -9999.0 -9999.0 -9999.0 -9999.0 -9999.0
53132 20030520  1.001 -110.51   31.59    30.7    11.2    21.0    22.0     0.0    22.72 R -9999.0 -9999.0    26.4 -9999.0 -9999.0 -9999.0 -99.000 -99.000 -99.000 -99.000 -99.000 -9999.0 -9999.0 -9999.0 -9999.0 -9999.0
53132 20030521  1.001 -110.51   31.59    33.1    15.2    24.2    23.9     0.0    28.40 R -9999.0 -9999.0    30.6 -9999.0 -9999.0 -9999.0 -99.000 -99.000 -99.000 -99.000 -99.000 -9999.0 -9999.0 -9999.0 -9999.0 -9999.0
53132 20030522  1.001 -110.51   31.59    32.4    12.9    22.7    24.6     0.0    23.05 R -9999.0 -9999.0    29.0 -9999.0 -9999.0 -9999.0 -99.000 -99.000 -99.000 -99.000 -99.000 -9999.0 -9999.0 -9999.0 -9999.0 -9999.0
53132 20030523  1.001 -110.51   31.59    33.5    15.0    24.3    24.9     0.0    25.34 R -9999.0 -9999.0    29.9 -9999.0 -9999.0 -9999.0 -99.000 -99.000 -99.000 -99.000 -99.000 -9999.0 -9999.0 -9999.0 -9999.0 -9999.0
53132 20030524  1.001 -110.51   31.59    31.2    13.6    22.4    23.7     0.0    30.95 R -9999.0 -9999.0    29.1 -9999.0 -9999.0 -9999.0 -99.000 -99.000 -99.000 -99.000 -99.000 -9999.0 -9999.0 -9999.0 -9999.0 -9999.0
53132 20030525  1.001 -110.51   31.59    28.9     9.0    19.0    20.4     0.0    31.59 R -9999.0 -9999.0    27.4 -9999.0 -9999.0 -9999.0 -99.000 -99.000 -99.000 -99.000 -99.000 -9999.0 -9999.0 -9999.0 -9999.0 -9999.0
53132 20030526  1.001 -110.51   31.59    31.2    10.9    21.1    22.6     0.0    30.40 R -9999.0 -9999.0    30.7 -9999.0 -9999.0 -9999.0 -99.000 -99.000 -99.000 -99.000 -99.000 -9999.0 -9999.0 -9999.0 -9999.0 -9999.0
53132 20030527  1.001 -110.51   31.59    33.4    12.7    23.1    25.2     0.0    28.83 R -9999.0 -9999.0    32.4 -9999.0 -9999.0 -9999.0 -99.000 -99.000 -99.000 -99.000 -99.000 -9999.0 -9999.0 -9999.0 -9999.0 -9999.0
53132 20030528  1.001 -110.51   31.59    30.8    18.7    24.8    25.7     0.0    30.60 R -9999.0 -9999.0    31.5 -9999.0 -9999.0 -9999.0 -99.000 -99.000 -99.000 -99.000 -99.000 -9999.0 -9999.0 -9999.0 -9999.0 -9999.0
53132 20030529  1.001 -110.51   31.59    31.6    15.4    23.5    22.4     0.0    23.00 R -9999.0 -9999.0    28.7 -9999.0 -9999.0 -9999.0 -99.000 -99.000 -99.000 -99.000 -99.000 -9999.0 -9999.0 -9999.0 -9999.0 -9999.0
53132 20030530  1.001 -110.51   31.59    29.2    14.5    21.9    20.4     0.0    14.47 R -9999.0 -9999.0    24.0 -9999.0 -9999.0 -9999.0 -99.000 -99.000 -99.000 -99.000 -99.000 -9999.0 -9999.0 -9999.0 -9999.0 -9999.0
53132 20030531  1.001 -110.51   31.59    31.3    11.3    21.3    22.7     0.0    25.89 R -9999.0 -9999.0    29.4 -9999.0 -9999.0 -9999.0 -99.000 -99.000 -99.000 -99.000 -99.000 -9999.0 -9999.0 -9999.0 -9999.0 -9999.0
53132 20030601  1.001 -110.51   31.59    32.8    14.0    23.4    24.5     0.0    27.90 R -9999.0 -9999.0    31.4 -9999.0 -9999.0 -9999.0 -99.000 -99.000 -99.000 -99.000 -99.000 -9999.0 -9999.0 -9999.0 -9999.0 -9999.0
53132 20030602  1.001 -110.51   31.59    34.6    13.7    24.2    25.8     0.0    30.06 R -9999.0 -9999.0    32.8 -9999.0 -9999.0 -9999.0 -99.000 -99.000 -99.000 -99.000 -99.000 -9999.0 -9999.0 -9999.0 -9999.0 -9999.0
53132 20030603  1.001 -110.51   31.59    33.4    15.0    24.2    25.4     0.0    29.88 R -9999.0 -9999.0    32.3 -9999.0 -9999.0 -9999.0 -99.000 -99.000 -99.000 -99.000 -99.000 -9999.0 -9999.0 -9999.0 -9999.0 -9999.0
53132 20030604  1.001 -110.51   31.59    32.2    16.9    24.6    24.9     0.0    20.80 R -9999.0 -9999.0    29.8 -9999.0 -9999.0 -9999.0 -99.000 -99.000 -99.000 -99.000 -99.000 -9999.0 -9999.0 -9999.0 -9999.0 -9999.0
53132 20030605  1.001 -110.51   31.59    31.3    18.3    24.8    25.4     0.0    29.19 R -9999.0 -9999.0    31.7 -9999.0 -9999.0 -9999.0 -99.000 -99.000 -99.000 -99.000 -99.000 -9999.0 -9999.0 -9999.0 -9999.0 -9999.0
53132 20030606  1.001 -110.51   31.59    30.9    16.0    23.5    23.9     0.0    24.78 R -9999.0 -9999.0    29.9 -9999.0 -9999.0 -9999.0 -99.000 -99.000 -99.000 -99.000 -99.000 -9999.0 -9999.0 -9999.0 -9999.0 -9999.0
53132 20030607  1.001 -110.51   31.59    32.2    13.1    22.7    24.1     0.0    31.25 R -9999.0 -9999.0    31.5 -9999.0 -9999.0 -9999.0 -99.000 -99.000 -99.000 -99.000 -99.000 -9999.0 -9999.0 -9999.0 -9999.0 -9999.0
53132 20030608  1.001 -110.51   31.59    33.5    14.3    23.9    25.1     0.0    21.62 R -9999.0 -9999.0    30.3 -9999.0 -9999.0 -9999.0 -99.000 -99.000 -99.000 -99.000 -99.000 -9999.0 -9999.0 -9999.0 -9999.0 -9999.0
53132 20030609  1.001 -110.51   31.59    30.6    16.8    23.7    24.1     0.0    30.16 R -9999.0 -9999.0    30.3 -9999.0 -9999.0 -9999.0 -99.000 -99.000 -99.000 -99.000 -99.000 -9999.0 -9999.0 -9999.0 -9999.0 -9999.0
53132 20030610  1.001 -110.51   31.59    29.2    12.2    20.7    22.2     0.0    31.28 R -9999.0 -9999.0    28.6 -9999.0 -9999.0 -9999.0 -99.000 -99.000 -99.000 -99.000 -99.000 -9999.0 -9999.0 -9999.0 -9999.0 -9999.0
53132 20030611  1.001 -110.51   31.59    29.1    12.0    20.6    21.6     0.0    31.84 R -9999.0 -9999.0    27.9 -9999.0 -9999.0 -9999.0 -99.000 -99.000 -99.000 -99.000 -99.000 -9999.0 -9999.0 -9999.0 -9999.0 -9999.0
53132 20030612  1.001 -110.51   31.59    29.4    12.6    21.0    22.3     0.0    31.35 R -9999.0 -9999.0    29.7 -9999.0 -9999.0 -9999.0 -99.000 -99.000 -99.000 -99.000 -99.000 -9999.0 -9999.0 -9999.0 -9999.0 -9999.0
53132 20030613  1.001 -110.51   31.59    30.6    12.0    21.3    22.4     0.0    31.36 R -9999.0 -9999.0    30.9 -9999.0 -9999.0 -9999.0 -99.000 -99.000 -99.000 -99.000 -99.000 -9999.0 -9999.0 -9999.0 -9999.0 -9999.0
53132 20030614  1.001 -110.51   31.59    33.5    11.0    22.3    23.9     0.0    31.42 R -9999.0 -9999.0    32.0 -9999.0 -9999.0 -9999.0 -99.000 -99.000 -99.000 -99.000 -99.000 -9999.0 -9999.0 -9999.0 -9999.0 -9999.0
53132 20030615  1.001 -110.51   31.59    36.0    13.3    24.7    26.2     0.0    30.84 R -9999.0 -9999.0    33.2 -9999.0 -9999.0 -9999.0 -99.000 -99.000 -99.000 -99.000 -99.000 -9999.0 -9999.0 -9999.0 -9999.0 -9999.0
53132 20030616  1.001 -110.51   31.59    35.5    15.5    25.5    26.7     0.0    26.33 R -9999.0 -9999.0    32.6 -9999.0 -9999.0 -9999.0 -99.000 -99.000 -99.000 -99.000 -99.000 -9999.0 -9999.0 -9999.0 -9999.0 -9999.0
53132 20030617  1.001 -110.51   31.59    32.9    16.4    24.7    24.0     0.0    12.85 R -9999.0 -9999.0    26.5 -9999.0 -9999.0 -9999.0 -99.000 -99.000 -99.000 -99.000 -99.000 -9999.0 -9999.0 -9999.0 -9999.0 -9999.0
53132 20030618  1.001 -110.51   31.59    33.1    14.5    23.8    24.7     0.0    24.95 R -9999.0 -9999.0    30.4 -9999.0 -9999.0 -9999.0 -99.000 -99.000 -99.000 -99.000 -99.000 -9999.0 -9999.0 -9999.0 -9999.0 -9999.0
53132 20030619  1.001 -110.51   31.59    32.5    17.0    24.8    25.3     0.0    30.91 R -9999.0 -9999.0    30.4 -9999.0 -9999.0 -9999.0 -99.000 -99.000 -99.000 -99.000 -99.000 -9999.0 -9999.0 -9999.0 -9999.0 -9999.0
53132 20030620  1.001 -110.51   31.59    29.5    17.6    23.6    23.7     0.0    31.26 R -9999.0 -9999.0    28.8 -9999.0 -9999.0 -9999.0 -99.000 -99.000 -99.000 -99.000 -99.000 -9999.0 -9999.0 -9999.0 -9999.0 -9999.0
53132 20030621  1.001 -110.51   31.59    31.0    17.1    24.1    24.0     0.0    31.45 R -9999.0 -9999.0    29.9 -9999.0 -9999.0 -9999.0 -99.000 -99.000 -99.000 -99.000 -99.000 -9999.0 -9999.0 -9999.0 -9999.0 -9999.0
53132 20030622  1.001 -110.51   31.59    32.5    18.7    25.6    25.2     0.0    31.66 R -9999.0 -9999.0    31.2 -9999.0 -9999.0 -9999.0 -99.000 -99.000 -99.000 -99.000 -99.000 -9999.0 -9999.0 -9999.0 -9999.0 -9999.0
53132 20030623  1.001 -110.51   31.59    32.4    17.5    25.0    25.1     0.0    31.87 R -9999.0 -9999.0    31.1 -9999.0 -9999.0 -9999.0 -99.000 -99.000 -99.000 -99.000 -99.000 -9999.0 -9999.0 -9999.0 -9999.0 -9999.0
53132 20030624  1.001 -110.51   31.59    31.9    16.4    24.2    24.5     0.0    31.82 R -9999.0 -9999.0    30.4 -9999.0 -9999.0 -9999.0 -99.000 -99.000 -99.000 -99.000 -99.000 -9999.0 -9999.0 -9999.0 -9999.0 -9999.0
53132 20030625  1.001 -110.51   31.59    33.9    12.6    23.3    24.2     0.0    31.68 R -9999.0 -9999.0    31.7 -9999.0 -9999.0 -9999.0 -99.000 -99.000 -99.000 -99.000 -99.000 -9999.0 -9999.0 -9999.0 -9999.0 -9999.0
53132 20030626  1.001 -110.51   31.59    35.6    15.6    25.6    26.5     0.0    30.18 R -9999.0 -9999.0    34.4 -9999.0 -9999.0 -9999.0 -99.000 -99.000 -99.000 -99.000 -99.000 -9999.0 -9999.0 -9999.0 -9999.0 -9999.0
53132 20030627  1.001 -110.51   31.59    35.7    16.1    25.9    27.0     0.0    24.13 R -9999.0 -9999.0    32.8 -9999.0 -9999.0 -9999.0 -99.000 -99.000 -99.000 -99.000 -99.000 -9999.0 -9999.0 -9999.0 -9999.0 -9999.0
53132 20030628  1.001 -110.51   31.59    36.3    18.0    27.2    28.2     0.0    27.33 R -9999.0 -9999.0    34.8 -9999.0 -9999.0 -9999.0 -99.000 -99.000 -99.000 -99.000 -99.000 -9999.0 -9999.0 -9999.0 -9999.0 -9999.0
53132 20030629  1.001 -110.51   31.59    35.0    20.3    27.7    27.9     0.0    27.05 R -9999.0 -9999.0    34.9 -9999.0 -9999.0 -9999.0 -99.000 -99.000 -99.000 -99.000 -99.000 -9999.0 -9999.0 -9999.0 -9999.0 -9999.0
53132 20030630  1.001 -110.51   31.59    35.3    18.4    26.9    28.1     0.0    28.58 R -9999.0 -9999.0    36.3 -9999.0 -9999.0 -9999.0 -99.000 -99.000 -99.000 -99.000 -99.000 -9999.0 -9999.0 -9999.0 -9999.0 -9999.0
53132 20030701  1.001 -110.51   31.59    34.2    21.2    27.7    27.6     0.0    29.68 R -9999.0 -9999.0    34.9 -9999.0 -9999.0 -9999.0 -99.000 -99.000 -99.000 -99.000 -99.000 -9999.0 -9999.0 -9999.0 -9999.0 -9999.0
53132 20030702  1.001 -110.51   31.59    33.4    18.4    25.9    26.9     0.0    29.72 R -9999.0 -9999.0    33.6 -9999.0 -9999.0 -9999.0 -99.000 -99.000 -99.000 -99.000 -99.000 -9999.0 -9999.0 -9999.0 -9999.0 -9999.0
53132 20030703  1.001 -110.51   31.59    35.8    17.0    26.4    27.6     0.0    29.81 R -9999.0 -9999.0    34.2 -9999.0 -9999.0 -9999.0 -99.000 -99.000 -99.000 -99.000 -99.000 -9999.0 -9999.0 -9999.0 -9999.0 -9999.0
53132 20030704  1.001 -110.51   31.59    37.2    17.7    27.5    28.5     0.0    27.49 R -9999.0 -9999.0    34.3 -9999.0 -9999.0 -9999.0 -99.000 -99.000 -99.000 -99.000 -99.000 -9999.0 -9999.0 -9999.0 -9999.0 -9999.0
53132 20030705  1.001 -110.51   31.59    34.6    18.7    26.7    27.2     0.0    20.32 R -9999.0 -9999.0    30.4 -9999.0 -9999.0 -9999.0 -99.000 -99.000 -99.000 -99.000 -99.000 -9999.0 -9999.0 -9999.0 -9999.0 -9999.0
53132 20030706  1.001 -110.51   31.59    35.6    20.0    27.8    27.3     0.0    19.56 R -9999.0 -9999.0    31.3 -9999.0 -9999.0 -9999.0 -99.000 -99.000 -99.000 -99.000 -99.000 -9999.0 -9999.0 -9999.0 -9999.0 -9999.0
53132 20030707  1.001 -110.51   31.59    36.0    19.6    27.8    28.3     0.0    26.95 R -9999.0 -9999.0    35.1 -9999.0 -9999.0 -9999.0 -99.000 -99.000 -99.000 -99.000 -99.000 -9999.0 -9999.0 -9999.0 -9999.0 -9999.0
53132 20030708  1.001 -110.51   31.59    36.5    20.6    28.6    29.1     0.0    29.77 R -9999.0 -9999.0    36.6 -9999.0 -9999.0 -9999.0 -99.000 -99.000 -99.000 -99.000 -99.000 -9999.0 -9999.0 -9999.0 -9999.0 -9999.0
53132 20030709  1.001 -110.51   31.59    37.7    17.6    27.7    29.0     0.0    30.24 R -9999.0 -9999.0    35.4 -9999.0 -9999.0 -9999.0 -99.000 -99.000 -99.000 -99.000 -99.000 -9999.0 -9999.0 -9999.0 -9999.0 -9999.0
53132 20030710  1.001 -110.51   31.59    37.5    19.6    28.6    28.9     0.0    28.27 R -9999.0 -9999.0    36.6 -9999.0 -9999.0 -9999.0 -99.000 -99.000 -99.000 -99.000 -99.000 -9999.0 -9999.0 -9999.0 -9999.0 -9999.0
53132 20030711  1.001 -110.51   31.59    36.1    20.1    28.1    26.1     1.3    16.33 R -9999.0 -9999.0    30.3 -9999.0 -9999.0 -9999.0 -99.000 -99.000 -99.000 -99.000 -99.000 -9999.0 -9999.0 -9999.0 -9999.0 -9999.0
53132 20030712  1.001 -110.51   31.59    37.0    19.4    28.2    27.8     3.5    27.00 R -9999.0 -9999.0    34.3 -9999.0 -9999.0 -9999.0 -99.000 -99.000 -99.000 -99.000 -99.000 -9999.0 -9999.0 -9999.0 -9999.0 -9999.0
53132 20030713  1.001 -110.51   31.59    37.1    17.8    27.5    27.3     8.5    28.76 R -9999.0 -9999.0    31.6 -9999.0 -9999.0 -9999.0 -99.000 -99.000 -99.000 -99.000 -99.000 -9999.0 -9999.0 -9999.0 -9999.0 -9999.0
53132 20030714  1.001 -110.51   31.59    36.3    17.7    27.0    27.4     0.4    26.60 R -9999.0 -9999.0    29.8 -9999.0 -9999.0 -9999.0 -99.000 -99.000 -99.000 -99.000 -99.000 -9999.0 -9999.0 -9999.0 -9999.0 -9999.0
53132 20030715  1.001 -110.51   31.59    36.4    20.2    28.3    28.1     0.0    23.73 R -9999.0 -9999.0    31.0 -9999.0 -9999.0 -9999.0 -99.000 -99.000 -99.000 -99.000 -99.000 -9999.0 -9999.0 -9999.0 -9999.0 -9999.0
53132 20030716  1.001 -110.51   31.59    35.9    17.1    26.5    28.3     0.0    27.20 R -9999.0 -9999.0    33.0 -9999.0 -9999.0 -9999.0 -99.000 -99.000 -99.000 -99.000 -99.000 -9999.0 -9999.0 -9999.0 -9999.0 -9999.0
53132 20030717  1.001 -110.51   31.59    27.4    19.7    23.6    23.8     0.0    13.91 R -9999.0 -9999.0    27.5 -9999.0 -9999.0 -9999.0 -99.000 -99.000 -99.000 -99.000 -99.000 -9999.0 -9999.0 -9999.0 -9999.0 -9999.0
53132 20030718  1.001 -110.51   31.59    29.0    18.2    23.6    21.8    11.0    14.48 R -9999.0 -9999.0    26.8 -9999.0 -9999.0 -9999.0 -99.000 -99.000 -99.000 -99.000 -99.000 -9999.0 -9999.0 -9999.0 -9999.0 -9999.0
53132 20030719  1.001 -110.51   31.59    31.9    19.0    25.5    24.4     0.0    24.60 R -9999.0 -9999.0    27.8 -9999.0 -9999.0 -9999.0 -99.000 -99.000 -99.000 -99.000 -99.000 -9999.0 -9999.0 -9999.0 -9999.0 -9999.0
53132 20030720  1.001 -110.51   31.59    34.4    18.5    26.5    25.3    10.6    24.39 R -9999.0 -9999.0    30.0 -9999.0 -9999.0 -9999.0 -99.000 -99.000 -99.000 -99.000 -99.000 -9999.0 -9999.0 -9999.0 -9999.0 -9999.0
53132 20030721  1.001 -110.51   31.59    31.8    18.2    25.0    24.4     3.4    25.15 R -9999.0 -9999.0    27.6 -9999.0 -9999.0 -9999.0 -99.000 -99.000 -99.000 -99.000 -99.000 -9999.0 -9999.0 -9999.0 -9999.0 -9999.0
53132 20030722  1.001 -110.51   31.59    33.1    19.0    26.1    24.3    20.8    26.12 R -9999.0 -9999.0    27.8 -9999.0 -9999.0 -9999.0 -99.000 -99.000 -99.000 -99.000 -99.000 -9999.0 -9999.0 -9999.0 -9999.0 -9999.0
53132 20030723  1.001 -110.51   31.59    31.6    19.6    25.6    24.2     0.2    17.42 R -9999.0 -9999.0    24.4 -9999.0 -9999.0 -9999.0 -99.000 -99.000 -99.000 -99.000 -99.000 -9999.0 -9999.0 -9999.0 -9999.0 -9999.0
53132 20030724  1.001 -110.51   31.59    33.1    19.0    26.1    25.0     0.0    23.12 R -9999.0 -9999.0    28.1 -9999.0 -9999.0 -9999.0 -99.000 -99.000 -99.000 -99.000 -99.000 -9999.0 -9999.0 -9999.0 -9999.0 -9999.0
53132 20030725  1.001 -110.51   31.59    30.9    17.1    24.0    23.4     6.0    23.31 R -9999.0 -9999.0    28.2 -9999.0 -9999.0 -9999.0 -99.000 -99.000 -99.000 -99.000 -99.000 -9999.0 -9999.0 -9999.0 -9999.0 -9999.0
53132 20030726  1.001 -110.51   31.59    31.0    18.1    24.6    23.3     0.6    23.78 R -9999.0 -9999.0    26.5 -9999.0 -9999.0 -9999.0 -99.000 -99.000 -99.000 -99.000 -99.000 -9999.0 -9999.0 -9999.0 -9999.0 -9999.0
53132 20030727  1.001 -110.51   31.59    30.2    17.5    23.9    22.8     0.5    25.27 R -9999.0 -9999.0    27.2 -9999.0 -9999.0 -9999.0 -99.000 -99.000 -99.000 -99.000 -99.000 -9999.0 -9999.0 -9999.0 -9999.0 -9999.0
53132 20030728  1.001 -110.51   31.59    30.5    16.3    23.4    22.0     0.2    25.18 R -9999.0 -9999.0    27.6 -9999.0 -9999.0 -9999.0 -99.000 -99.000 -99.000 -99.000 -99.000 -9999.0 -9999.0 -9999.0 -9999.0 -9999.0
53132 20030729  1.001 -110.51   31.59    26.7    15.3    21.0    19.6    13.4    17.23 R -9999.0 -9999.0    24.0 -9999.0 -9999.0 -9999.0 -99.000 -99.000 -99.000 -99.000 -99.000 -9999.0 -9999.0 -9999.0 -9999.0 -9999.0
53132 20030730  1.001 -110.51   31.59    26.6    17.6    22.1    21.2     0.0    19.40 R -9999.0 -9999.0    23.3 -9999.0 -9999.0 -9999.0 -99.000 -99.000 -99.000 -99.000 -99.000 -9999.0 -9999.0 -9999.0 -9999.0 -9999.0
53132 20030731  1.001 -110.51   31.59    27.9    16.7    22.3    20.7    35.6    14.14 R -9999.0 -9999.0    22.5 -9999.0 -9999.0 -9999.0 -99.000 -99.000 -99.000 -99.000 -99.000 -9999.0 -9999.0 -9999.0 -9999.0 -9999.0
53132 20030801  1.001 -110.51   31.59    24.1    17.6    20.9    19.8     4.3    11.72 R -9999.0 -9999.0    21.4 -9999.0 -9999.0 -9999.0 -99.000 -99.000 -99.000 -99.000 -99.000 -9999.0 -9999.0 -9999.0 -9999.0 -9999.0
53132 20030802  1.001 -110.51   31.59    27.2    16.3    21.8    21.9     0.0    27.15 R -9999.0 -9999.0    23.9 -9999.0 -9999.0 -9999.0 -99.000 -99.000 -99.000 -99.000 -99.000 -9999.0 -9999.0 -9999.0 -9999.0 -9999.0
53132 20030803  1.001 -110.51   31.59    29.6    15.7    22.7    23.1     0.0    28.11 R -9999.0 -9999.0    25.9 -9999.0 -9999.0 -9999.0 -99.000 -99.000 -99.000 -99.000 -99.000 -9999.0 -9999.0 -9999.0 -9999.0 -9999.0
53132 20030804  1.001 -110.51   31.59    31.0    17.0    24.0    24.6     0.0    28.71 R -9999.0 -9999.0    28.2 -9999.0 -9999.0 -9999.0 -99.000 -99.000 -99.000 -99.000 -99.000 -9999.0 -9999.0 -9999.0 -9999.0 -9999.0
53132 20030805  1.001 -110.51   31.59    33.0    16.8    24.9    25.3     0.0    25.58 R -9999.0 -9999.0    29.4 -9999.0 -9999.0 -9999.0 -99.000 -99.000 -99.000 -99.000 -99.000 -9999.0 -9999.0 -9999.0 -9999.0 -9999.0
53132 20030806  1.001 -110.51   31.59    32.2    19.6    25.9    26.2     0.0    22.81 R -9999.0 -9999.0    29.9 -9999.0 -9999.0 -9999.0 -99.000 -99.000 -99.000 -99.000 -99.000 -9999.0 -9999.0 -9999.0 -9999.0 -9999.0
53132 20030807  1.001 -110.51   31.59    32.6    20.9    26.8    26.0     0.4    19.45 R -9999.0 -9999.0    29.8 -9999.0 -9999.0 -9999.0 -99.000 -99.000 -99.000 -99.000 -99.000 -9999.0 -9999.0 -9999.0 -9999.0 -9999.0
53132 20030808  1.001 -110.51   31.59    32.3    18.5    25.4    25.7     0.0    27.38 R -9999.0 -9999.0    30.8 -9999.0 -9999.0 -9999.0 -99.000 -99.000 -99.000 -99.000 -99.000 -9999.0 -9999.0 -9999.0 -9999.0 -9999.0
53132 20030809  1.001 -110.51   31.59    34.4    18.1    26.3    26.6     0.0    25.47 R -9999.0 -9999.0    32.6 -9999.0 -9999.0 -9999.0 -99.000 -99.000 -99.000 -99.000 -99.000 -9999.0 -9999.0 -9999.0 -9999.0 -9999.0
53132 20030810  1.001 -110.51   31.59    36.8    18.6    27.7    27.1     1.9    26.10 R -9999.0 -9999.0    33.4 -9999.0 -9999.0 -9999.0 -99.000 -99.000 -99.000 -99.000 -99.000 -9999.0 -9999.0 -9999.0 -9999.0 -9999.0
53132 20030811  1.001 -110.51   31.59    33.8    20.1    27.0    25.9     1.8    22.25 R -9999.0 -9999.0    29.2 -9999.0 -9999.0 -9999.0 -99.000 -99.000 -99.000 -99.000 -99.000 -9999.0 -9999.0 -9999.0 -9999.0 -9999.0
53132 20030812  1.001 -110.51   31.59    34.1    20.0    27.1    26.6     0.3    22.62 R -9999.0 -9999.0    30.5 -9999.0 -9999.0 -9999.0 -99.000 -99.000 -99.000 -99.000 -99.000 -9999.0 -9999.0 -9999.0 -9999.0 -9999.0
53132 20030813  1.001 -110.51   31.59    32.4    18.8    25.6    25.9     3.2    19.05 R -9999.0 -9999.0    30.7 -9999.0 -9999.0 -9999.0 -99.000 -99.000 -99.000 -99.000 -99.000 -9999.0 -9999.0 -9999.0 -9999.0 -9999.0
53132 20030814  1.001 -110.51   31.59    27.7    17.9    22.8    21.0     1.8    12.86 R -9999.0 -9999.0    22.9 -9999.0 -9999.0 -9999.0 -99.000 -99.000 -99.000 -99.000 -99.000 -9999.0 -9999.0 -9999.0 -9999.0 -9999.0
53132 20030815  1.001 -110.51   31.59    21.9    15.8    18.9    19.1     1.8     6.88 R -9999.0 -9999.0    19.5 -9999.0 -9999.0 -9999.0 -99.000 -99.000 -99.000 -99.000 -99.000 -9999.0 -9999.0 -9999.0 -9999.0 -9999.0
53132 20030816  1.001 -110.51   31.59    29.3    15.4    22.4    21.7     0.0    22.24 R -9999.0 -9999.0    24.8 -9999.0 -9999.0 -9999.0 -99.000 -99.000 -99.000 -99.000 -99.000 -9999.0 -9999.0 -9999.0 -9999.0 -9999.0
53132 20030817  1.001 -110.51   31.59    30.9    14.8    22.9    23.2     0.0    22.33 R -9999.0 -9999.0    27.5 -9999.0 -9999.0 -9999.0 -99.000 -99.000 -99.000 -99.000 -99.000 -9999.0 -9999.0 -9999.0 -9999.0 -9999.0
53132 20030818  1.001 -110.51   31.59    30.5    16.9    23.7    22.2     0.8    10.62 R -9999.0 -9999.0    23.7 -9999.0 -9999.0 -9999.0 -99.000 -99.000 -99.000 -99.000 -99.000 -9999.0 -9999.0 -9999.0 -9999.0 -9999.0
53132 20030819  1.001 -110.51   31.59    27.9    16.2    22.1    21.9     0.0    22.33 R -9999.0 -9999.0    26.0 -9999.0 -9999.0 -9999.0 -99.000 -99.000 -99.000 -99.000 -99.000 -9999.0 -9999.0 -9999.0 -9999.0 -9999.0
53132 20030820  1.001 -110.51   31.59    29.5    15.4    22.5    20.9     0.8    14.73 R -9999.0 -9999.0    24.2 -9999.0 -9999.0 -9999.0 -99.000 -99.000 -99.000 -99.000 -99.000 -9999.0 -9999.0 -9999.0 -9999.0 -9999.0
53132 20030821  1.001 -110.51   31.59    30.6    17.0    23.8    23.7     0.0    22.72 R -9999.0 -9999.0    28.7 -9999.0 -9999.0 -9999.0 -99.000 -99.000 -99.000 -99.000 -99.000 -9999.0 -9999.0 -9999.0 -9999.0 -9999.0
53132 20030822  1.001 -110.51   31.59    33.1    18.5    25.8    24.5     0.0    23.22 R -9999.0 -9999.0    31.1 -9999.0 -9999.0 -9999.0 -99.000 -99.000 -99.000 -99.000 -99.000 -9999.0 -9999.0 -9999.0 -9999.0 -9999.0
53132 20030823  1.001 -110.51   31.59    32.5    16.6    24.6    23.6     0.2    23.25 R -9999.0 -9999.0    29.9 -9999.0 -9999.0 -9999.0 -99.000 -99.000 -99.000 -99.000 -99.000 -9999.0 -9999.0 -9999.0 -9999.0 -9999.0
53132 20030824  1.001 -110.51   31.59    31.3    15.7    23.5    23.1     0.0    24.39 R -9999.0 -9999.0    30.8 -9999.0 -9999.0 -9999.0 -99.000 -99.000 -99.000 -99.000 -99.000 -9999.0 -9999.0 -9999.0 -9999.0 -9999.0
53132 20030825  1.001 -110.51   31.59    31.3    17.6    24.5    22.2     1.7    18.94 R -9999.0 -9999.0    29.1 -9999.0 -9999.0 -9999.0 -99.000 -99.000 -99.000 -99.000 -99.000 -9999.0 -9999.0 -9999.0 -9999.0 -9999.0
53132 20030826  1.001 -110.51   31.59    28.7    17.7    23.2    21.0     1.2    17.47 R -9999.0 -9999.0    25.2 -9999.0 -9999.0 -9999.0 -99.000 -99.000 -99.000 -99.000 -99.000 -9999.0 -9999.0 -9999.0 -9999.0 -9999.0
53132 20030827  1.001 -110.51   31.59    26.4    17.1    21.8    19.9    13.7    13.93 R -9999.0 -9999.0    22.2 -9999.0 -9999.0 -9999.0 -99.000 -99.000 -99.000 -99.000 -99.000 -9999.0 -9999.0 -9999.0 -9999.0 -9999.0
53132 20030828  1.001 -110.51   31.59    28.4    16.2    22.3    22.0     0.0    24.41 R -9999.0 -9999.0    25.6 -9999.0 -9999.0 -9999.0 -99.000 -99.000 -99.000 -99.000 -99.000 -9999.0 -9999.0 -9999.0 -9999.0 -9999.0
53132 20030829  1.001 -110.51   31.59    28.1    16.4    22.3    21.3     7.0    16.67 R -9999.0 -9999.0    23.8 -9999.0 -9999.0 -9999.0 -99.000 -99.000 -99.000 -99.000 -99.000 -9999.0 -9999.0 -9999.0 -9999.0 -9999.0
53132 20030830  1.001 -110.51   31.59    30.0    16.3    23.2    22.6     0.0    22.25 R -9999.0 -9999.0    25.1 -9999.0 -9999.0 -9999.0 -99.000 -99.000 -99.000 -99.000 -99.000 -9999.0 -9999.0 -9999.0 -9999.0 -9999.0
53132 20030831  1.001 -110.51   31.59    30.8    17.2    24.0    23.2     8.3    20.32 R -9999.0 -9999.0    26.5 -9999.0 -9999.0 -9999.0 -99.000 -99.000 -99.000 -99.000 -99.000 -9999.0 -9999.0 -9999.0 -9999.0 -9999.0
53132 20030901  1.001 -110.51   31.59    29.1    16.7    22.9    22.9     0.0    18.98 R -9999.0 -9999.0    23.3 -9999.0 -9999.0 -9999.0 -99.000 -99.000 -99.000 -99.000 -99.000 -9999.0 -9999.0 -9999.0 -9999.0 -9999.0
53132 20030902  1.001 -110.51   31.59    30.8    14.6    22.7    23.4     0.0    25.95 R -9999.0 -9999.0    26.1 -9999.0 -9999.0 -9999.0 -99.000 -99.000 -99.000 -99.000 -99.000 -9999.0 -9999.0 -9999.0 -9999.0 -9999.0
53132 20030903  1.001 -110.51   31.59    31.3    13.5    22.4    23.4     0.0    26.53 R -9999.0 -9999.0    27.6 -9999.0 -9999.0 -9999.0 -99.000 -99.000 -99.000 -99.000 -99.000 -9999.0 -9999.0 -9999.0 -9999.0 -9999.0
53132 20030904  1.001 -110.51   31.59    31.1    15.3    23.2    23.7     0.0    26.34 R -9999.0 -9999.0    29.0 -9999.0 -9999.0 -9999.0 -99.000 -99.000 -99.000 -99.000 -99.000 -9999.0 -9999.0 -9999.0 -9999.0 -9999.0
53132 20030905  1.001 -110.51   31.59    31.2    16.2    23.7    22.8     0.0    21.66 R -9999.0 -9999.0    28.5 -9999.0 -9999.0 -9999.0 -99.000 -99.000 -99.000 -99.000 -99.000 -9999.0 -9999.0 -9999.0 -9999.0 -9999.0
53132 20030906  1.001 -110.51   31.59    29.9    16.1    23.0    22.4     3.4    22.13 R -9999.0 -9999.0    28.6 -9999.0 -9999.0 -9999.0 -99.000 -99.000 -99.000 -99.000 -99.000 -9999.0 -9999.0 -9999.0 -9999.0 -9999.0
53132 20030907  1.001 -110.51   31.59    29.1    16.7    22.9    22.5     0.0    19.56 R -9999.0 -9999.0    25.6 -9999.0 -9999.0 -9999.0 -99.000 -99.000 -99.000 -99.000 -99.000 -9999.0 -9999.0 -9999.0 -9999.0 -9999.0
53132 20030908  1.001 -110.51   31.59    29.7    16.8    23.3    23.1     0.0    21.72 R -9999.0 -9999.0    27.2 -9999.0 -9999.0 -9999.0 -99.000 -99.000 -99.000 -99.000 -99.000 -9999.0 -9999.0 -9999.0 -9999.0 -9999.0
53132 20030909  1.001 -110.51   31.59    25.6    17.0    21.3    20.8     0.0    16.84 R -9999.0 -9999.0    25.0 -9999.0 -9999.0 -9999.0 -99.000 -99.000 -99.000 -99.000 -99.000 -9999.0 -9999.0 -9999.0 -9999.0 -9999.0
53132 20030910  1.001 -110.51   31.59    26.8    17.6    22.2    21.4     0.0    16.27 R -9999.0 -9999.0    24.7 -9999.0 -9999.0 -9999.0 -99.000 -99.000 -99.000 -99.000 -99.000 -9999.0 -9999.0 -9999.0 -9999.0 -9999.0
53132 20030911  1.001 -110.51   31.59    28.1    13.7    20.9    21.0     0.0    24.16 R -9999.0 -9999.0    27.2 -9999.0 -9999.0 -9999.0 -99.000 -99.000 -99.000 -99.000 -99.000 -9999.0 -9999.0 -9999.0 -9999.0 -9999.0
53132 20030912  1.001 -110.51   31.59    30.6    11.6    21.1    20.8     0.0    25.83 R -9999.0 -9999.0    27.3 -9999.0 -9999.0 -9999.0 -99.000 -99.000 -99.000 -99.000 -99.000 -9999.0 -9999.0 -9999.0 -9999.0 -9999.0
53132 20030913  1.001 -110.51   31.59    31.6    12.2    21.9    21.9     0.0    25.85 R -9999.0 -9999.0    28.0 -9999.0 -9999.0 -9999.0 -99.000 -99.000 -99.000 -99.000 -99.000 -9999.0 -9999.0 -9999.0 -9999.0 -9999.0
53132 20030914  1.001 -110.51   31.59    32.4    12.8    22.6    22.9     0.0    24.85 R -9999.0 -9999.0    28.6 -9999.0 -9999.0 -9999.0 -99.000 -99.000 -99.000 -99.000 -99.000 -9999.0 -9999.0 -9999.0 -9999.0 -9999.0
53132 20030915  1.001 -110.51   31.59    33.0    13.3    23.2    23.2     0.0    25.26 R -9999.0 -9999.0    29.3 -9999.0 -9999.0 -9999.0 -99.000 -99.000 -99.000 -99.000 -99.000 -9999.0 -9999.0 -9999.0 -9999.0 -9999.0
53132 20030916  1.001 -110.51   31.59    33.1    13.7    23.4    23.8     0.0    24.53 R -9999.0 -9999.0    29.0 -9999.0 -9999.0 -9999.0 -99.000 -99.000 -99.000 -99.000 -99.000 -9999.0 -9999.0 -9999.0 -9999.0 -9999.0
53132 20030917  1.001 -110.51   31.59    31.0    14.5    22.8    23.5     0.0    24.53 R -9999.0 -9999.0    28.4 -9999.0 -9999.0 -9999.0 -99.000 -99.000 -99.000 -99.000 -99.000 -9999.0 -9999.0 -9999.0 -9999.0 -9999.0
53132 20030918  1.001 -110.51   31.59    31.7    15.1    23.4    23.1     0.0    25.15 R -9999.0 -9999.0    29.4 -9999.0 -9999.0 -9999.0 -99.000 -99.000 -99.000 -99.000 -99.000 -9999.0 -9999.0 -9999.0 -9999.0 -9999.0
53132 20030919  1.001 -110.51   31.59    32.7    12.9    22.8    23.1     0.0    21.75 R -9999.0 -9999.0    28.0 -9999.0 -9999.0 -9999.0 -99.000 -99.000 -99.000 -99.000 -99.000 -9999.0 -9999.0 -9999.0 -9999.0 -9999.0
53132 20030920  1.001 -110.51   31.59    32.4    13.9    23.2    23.8     0.0    23.75 R -9999.0 -9999.0    29.0 -9999.0 -9999.0 -9999.0 -99.000 -99.000 -99.000 -99.000 -99.000 -9999.0 -9999.0 -9999.0 -9999.0 -9999.0
53132 20030921  1.001 -110.51   31.59    32.8    11.8    22.3    23.0     0.0    24.55 R -9999.0 -9999.0    28.4 -9999.0 -9999.0 -9999.0 -99.000 -99.000 -99.000 -99.000 -99.000 -9999.0 -9999.0 -9999.0 -9999.0 -9999.0
53132 20030922  1.001 -110.51   31.59    30.8    13.7    22.3    23.1     0.0    15.70 R -9999.0 -9999.0    25.5 -9999.0 -9999.0 -9999.0 -99.000 -99.000 -99.000 -99.000 -99.000 -9999.0 -9999.0 -9999.0 -9999.0 -9999.0
53132 20030923  1.001 -110.51   31.59    22.4    16.5    19.5    18.9     3.2     4.34 R -9999.0 -9999.0    19.3 -9999.0 -9999.0 -9999.0 -99.000 -99.000 -99.000 -99.000 -99.000 -9999.0 -9999.0 -9999.0 -9999.0 -9999.0
53132 20030924  1.001 -110.51   31.59    19.3    15.7    17.5    17.0    20.9     4.12 R -9999.0 -9999.0    18.2 -9999.0 -9999.0 -9999.0 -99.000 -99.000 -99.000 -99.000 -99.000 -9999.0 -9999.0 -9999.0 -9999.0 -9999.0
53132 20030925  1.001 -110.51   31.59    25.7    14.4    20.1    19.1     0.0    18.23 R -9999.0 -9999.0    21.1 -9999.0 -9999.0 -9999.0 -99.000 -99.000 -99.000 -99.000 -99.000 -9999.0 -9999.0 -9999.0 -9999.0 -9999.0
53132 20030926  1.001 -110.51   31.59    28.8    12.2    20.5    20.3     0.0    23.21 R -9999.0 -9999.0    23.2 -9999.0 -9999.0 -9999.0 -99.000 -99.000 -99.000 -99.000 -99.000 -9999.0 -9999.0 -9999.0 -9999.0 -9999.0
53132 20030927  1.001 -110.51   31.59    30.9    13.2    22.1    21.9     0.0    23.30 R -9999.0 -9999.0    25.1 -9999.0 -9999.0 -9999.0 -99.000 -99.000 -99.000 -99.000 -99.000 -9999.0 -9999.0 -9999.0 -9999.0 -9999.0
53132 20030928  1.001 -110.51   31.59    32.0    13.3    22.7    23.0     0.0    22.87 R -9999.0 -9999.0    26.0 -9999.0 -9999.0 -9999.0 -99.000 -99.000 -99.000 -99.000 -99.000 -9999.0 -9999.0 -9999.0 -9999.0 -9999.0
53132 20030929  1.001 -110.51   31.59    32.1    13.8    23.0    22.9     0.0    21.13 R -9999.0 -9999.0    26.1 -9999.0 -9999.0 -9999.0 -99.000 -99.000 -99.000 -99.000 -99.000 -9999.0 -9999.0 -9999.0 -9999.0 -9999.0
53132 20030930  1.001 -110.51   31.59    32.8    15.3    24.1    23.2     0.0    21.47 R -9999.0 -9999.0    26.5 -9999.0 -9999.0 -9999.0 -99.000 -99.000 -99.000 -99.000 -99.000 -9999.0 -9999.0 -9999.0 -9999.0 -9999.0
53132 20031001  1.001 -110.51   31.59    32.2    14.5    23.4    23.2     0.0    22.21 R -9999.0 -9999.0    26.0 -9999.0 -9999.0 -9999.0 -99.000 -99.000 -99.000 -99.000 -99.000 -9999.0 -9999.0 -9999.0 -9999.0 -9999.0
53132 20031002  1.001 -110.51   31.59    30.7    13.8    22.3    22.6     0.0    17.37 R -9999.0 -9999.0    24.6 -9999.0 -9999.0 -9999.0 -99.000 -99.000 -99.000 -99.000 -99.000 -9999.0 -9999.0 -9999.0 -9999.0 -9999.0
53132 20031003  1.001 -110.51   31.59    27.8    14.9    21.4    21.8     0.0    20.60 R -9999.0 -9999.0    24.8 -9999.0 -9999.0 -9999.0 -99.000 -99.000 -99.000 -99.000 -99.000 -9999.0 -9999.0 -9999.0 -9999.0 -9999.0
53132 20031004  1.001 -110.51   31.59    28.0    14.1    21.1    21.3     0.0    21.76 R -9999.0 -9999.0    24.8 -9999.0 -9999.0 -9999.0 -99.000 -99.000 -99.000 -99.000 -99.000 -9999.0 -9999.0 -9999.0 -9999.0 -9999.0
53132 20031005  1.001 -110.51   31.59    29.0    11.9    20.5    20.5     0.0    22.21 R -9999.0 -9999.0    24.5 -9999.0 -9999.0 -9999.0 -99.000 -99.000 -99.000 -99.000 -99.000 -9999.0 -9999.0 -9999.0 -9999.0 -9999.0
53132 20031006  1.001 -110.51   31.59    29.4    11.4    20.4    18.4    21.1    14.39 R -9999.0 -9999.0    21.1 -9999.0 -9999.0 -9999.0 -99.000 -99.000 -99.000 -99.000 -99.000 -9999.0 -9999.0 -9999.0 -9999.0 -9999.0
53132 20031007  1.001 -110.51   31.59    17.3    14.3    15.8    15.7     1.8     4.59 R -9999.0 -9999.0    16.2 -9999.0 -9999.0 -9999.0 -99.000 -99.000 -99.000 -99.000 -99.000 -9999.0 -9999.0 -9999.0 -9999.0 -9999.0
53132 20031008  1.001 -110.51   31.59    24.8    13.6    19.2    18.8     0.0    20.60 R -9999.0 -9999.0    20.4 -9999.0 -9999.0 -9999.0 -99.000 -99.000 -99.000 -99.000 -99.000 -9999.0 -9999.0 -9999.0 -9999.0 -9999.0
53132 20031009  1.001 -110.51   31.59    22.5    15.0    18.8    18.2    13.8     7.61 R -9999.0 -9999.0    18.2 -9999.0 -9999.0 -9999.0 -99.000 -99.000 -99.000 -99.000 -99.000 -9999.0 -9999.0 -9999.0 -9999.0 -9999.0
53132 20031010  1.001 -110.51   31.59    22.4    12.7    17.6    17.2     0.4    14.21 R -9999.0 -9999.0    17.8 -9999.0 -9999.0 -9999.0 -99.000 -99.000 -99.000 -99.000 -99.000 -9999.0 -9999.0 -9999.0 -9999.0 -9999.0
53132 20031011  1.001 -110.51   31.59    25.3    10.3    17.8    17.5     0.0    20.98 R -9999.0 -9999.0    19.2 -9999.0 -9999.0 -9999.0 -99.000 -99.000 -99.000 -99.000 -99.000 -9999.0 -9999.0 -9999.0 -9999.0 -9999.0
53132 20031012  1.001 -110.51   31.59    25.4    12.2    18.8    18.2     0.0    20.55 R -9999.0 -9999.0    20.3 -9999.0 -9999.0 -9999.0 -99.000 -99.000 -99.000 -99.000 -99.000 -9999.0 -9999.0 -9999.0 -9999.0 -9999.0
53132 20031013  1.001 -110.51   31.59    26.6    12.3    19.5    19.0     0.0    20.67 R -9999.0 -9999.0    21.4 -9999.0 -9999.0 -9999.0 -99.000 -99.000 -99.000 -99.000 -99.000 -9999.0 -9999.0 -9999.0 -9999.0 -9999.0
53132 20031014  1.001 -110.51   31.59    26.9    11.2    19.1    19.4     0.0    16.69 R -9999.0 -9999.0    21.1 -9999.0 -9999.0 -9999.0 -99.000 -99.000 -99.000 -99.000 -99.000 -9999.0 -9999.0 -9999.0 -9999.0 -9999.0
53132 20031015  1.001 -110.51   31.59    26.7    11.7    19.2    18.5     0.0    13.15 R -9999.0 -9999.0    19.8 -9999.0 -9999.0 -9999.0 -99.000 -99.000 -99.000 -99.000 -99.000 -9999.0 -9999.0 -9999.0 -9999.0 -9999.0
53132 20031016  1.001 -110.51   31.59    27.0    11.4    19.2    18.8     0.0    20.27 R -9999.0 -9999.0    21.7 -9999.0 -9999.0 -9999.0 -99.000 -99.000 -99.000 -99.000 -99.000 -9999.0 -9999.0 -9999.0 -9999.0 -9999.0
53132 20031017  1.001 -110.51   31.59    28.8    10.2    19.5    19.0     0.0    20.51 R -9999.0 -9999.0    20.8 -9999.0 -9999.0 -9999.0 -99.000 -99.000 -99.000 -99.000 -99.000 -9999.0 -9999.0 -9999.0 -9999.0 -9999.0
53132 20031018  1.001 -110.51   31.59    28.8     8.6    18.7    18.7     0.0    20.42 R -9999.0 -9999.0    20.7 -9999.0 -9999.0 -9999.0 -99.000 -99.000 -99.000 -99.000 -99.000 -9999.0 -9999.0 -9999.0 -9999.0 -9999.0
53132 20031019  1.001 -110.51   31.59    28.7     8.8    18.8    18.8     0.0    20.44 R -9999.0 -9999.0    20.5 -9999.0 -9999.0 -9999.0 -99.000 -99.000 -99.000 -99.000 -99.000 -9999.0 -9999.0 -9999.0 -9999.0 -9999.0
53132 20031020  1.001 -110.51   31.59    29.4     8.4    18.9    18.5     0.0    20.32 R -9999.0 -9999.0    20.6 -9999.0 -9999.0 -9999.0 -99.000 -99.000 -99.000 -99.000 -99.000 -9999.0 -9999.0 -9999.0 -9999.0 -9999.0
53132 20031021  1.001 -110.51   31.59    28.7    10.2    19.5    18.9     0.0    20.11 R -9999.0 -9999.0    20.4 -9999.0 -9999.0 -9999.0 -99.000 -99.000 -99.000 -99.000 -99.000 -9999.0 -9999.0 -9999.0 -9999.0 -9999.0
53132 20031022  1.001 -110.51   31.59    28.3     7.3    17.8    17.6     0.0    20.17 R -9999.0 -9999.0    19.2 -9999.0 -9999.0 -9999.0 -99.000 -99.000 -99.000 -99.000 -99.000 -9999.0 -9999.0 -9999.0 -9999.0 -9999.0
53132 20031023  1.001 -110.51   31.59    28.1     7.2    17.7    17.5     0.0    19.86 R -9999.0 -9999.0    19.6 -9999.0 -9999.0 -9999.0 -99.000 -99.000 -99.000 -99.000 -99.000 -9999.0 -9999.0 -9999.0 -9999.0 -9999.0
53132 20031024  1.001 -110.51   31.59    27.9    10.3    19.1    18.9     0.0    19.49 R -9999.0 -9999.0    20.3 -9999.0 -9999.0 -9999.0 -99.000 -99.000 -99.000 -99.000 -99.000 -9999.0 -9999.0 -9999.0 -9999.0 -9999.0
53132 20031025  1.001 -110.51   31.59    26.4    10.1    18.3    17.9     0.0    19.16 R -9999.0 -9999.0    18.9 -9999.0 -9999.0 -9999.0 -99.000 -99.000 -99.000 -99.000 -99.000 -9999.0 -9999.0 -9999.0 -9999.0 -9999.0
53132 20031026  1.001 -110.51   31.59    16.7     6.8    11.8    11.3     0.0    19.03 R -9999.0 -9999.0    13.3 -9999.0 -9999.0 -9999.0 -99.000 -99.000 -99.000 -99.000 -99.000 -9999.0 -9999.0 -9999.0 -9999.0 -9999.0
53132 20031027  1.001 -110.51   31.59    21.1     4.7    12.9    12.8     0.0    19.13 R -9999.0 -9999.0    15.4 -9999.0 -9999.0 -9999.0 -99.000 -99.000 -99.000 -99.000 -99.000 -9999.0 -9999.0 -9999.0 -9999.0 -9999.0
53132 20031028  1.001 -110.51   31.59    25.2     5.3    15.3    14.5     0.0    16.70 R -9999.0 -9999.0    16.4 -9999.0 -9999.0 -9999.0 -99.000 -99.000 -99.000 -99.000 -99.000 -9999.0 -9999.0 -9999.0 -9999.0 -9999.0
53132 20031029  1.001 -110.51   31.59    24.6     8.5    16.6    17.2     0.0    18.19 R -9999.0 -9999.0    18.1 -9999.0 -9999.0 -9999.0 -99.000 -99.000 -99.000 -99.000 -99.000 -9999.0 -9999.0 -9999.0 -9999.0 -9999.0
53132 20031030  1.001 -110.51   31.59    21.7    12.6    17.2    16.4     0.0    15.29 R -9999.0 -9999.0    16.8 -9999.0 -9999.0 -9999.0 -99.000 -99.000 -99.000 -99.000 -99.000 -9999.0 -9999.0 -9999.0 -9999.0 -9999.0
53132 20031031  1.001 -110.51   31.59    22.6     9.6    16.1    15.9     0.0    15.56 R -9999.0 -9999.0    16.8 -9999.0 -9999.0 -9999.0 -99.000 -99.000 -99.000 -99.000 -99.000 -9999.0 -9999.0 -9999.0 -9999.0 -9999.0
53132 20031101  1.001 -110.51   31.59    23.8     8.6    16.2    16.3     0.0    15.99 R -9999.0 -9999.0    18.1 -9999.0 -9999.0 -9999.0 -99.000 -99.000 -99.000 -99.000 -99.000 -9999.0 -9999.0 -9999.0 -9999.0 -9999.0
53132 20031102  1.001 -110.51   31.59    22.0     9.8    15.9    15.8     0.0    18.12 R -9999.0 -9999.0    18.1 -9999.0 -9999.0 -9999.0 -99.000 -99.000 -99.000 -99.000 -99.000 -9999.0 -9999.0 -9999.0 -9999.0 -9999.0
53132 20031103  1.001 -110.51   31.59    15.8     2.8     9.3    11.5     0.0    15.31 R -9999.0 -9999.0    13.9 -9999.0 -9999.0 -9999.0 -99.000 -99.000 -99.000 -99.000 -99.000 -9999.0 -9999.0 -9999.0 -9999.0 -9999.0
53132 20031104  1.001 -110.51   31.59    19.1    -1.3     8.9     7.7     0.0    18.32 R -9999.0 -9999.0    10.7 -9999.0 -9999.0 -9999.0 -99.000 -99.000 -99.000 -99.000 -99.000 -9999.0 -9999.0 -9999.0 -9999.0 -9999.0
53132 20031105  1.001 -110.51   31.59    20.7    -1.6     9.6     9.0     0.0    18.37 R -9999.0 -9999.0    10.4 -9999.0 -9999.0 -9999.0 -99.000 -99.000 -99.000 -99.000 -99.000 -9999.0 -9999.0 -9999.0 -9999.0 -9999.0
53132 20031106  1.001 -110.51   31.59    21.9     0.1    11.0    10.5     0.0    18.30 R -9999.0 -9999.0    11.2 -9999.0 -9999.0 -9999.0 -99.000 -99.000 -99.000 -99.000 -99.000 -9999.0 -9999.0 -9999.0 -9999.0 -9999.0
53132 20031107  1.001 -110.51   31.59    22.0     1.7    11.9    10.7     0.0    16.49 R -9999.0 -9999.0    12.7 -9999.0 -9999.0 -9999.0 -99.000 -99.000 -99.000 -99.000 -99.000 -9999.0 -9999.0 -9999.0 -9999.0 -9999.0
53132 20031108  1.001 -110.51   31.59    22.5     1.6    12.1    11.4     0.0    17.53 R -9999.0 -9999.0    13.1 -9999.0 -9999.0 -9999.0 -99.000 -99.000 -99.000 -99.000 -99.000 -9999.0 -9999.0 -9999.0 -9999.0 -9999.0
53132 20031109  1.001 -110.51   31.59    24.7     4.8    14.8    14.5     0.0    17.21 R -9999.0 -9999.0    15.2 -9999.0 -9999.0 -9999.0 -99.000 -99.000 -99.000 -99.000 -99.000 -9999.0 -9999.0 -9999.0 -9999.0 -9999.0
53132 20031110  1.001 -110.51   31.59    24.3     8.6    16.5    15.1     0.0     8.53 R -9999.0 -9999.0    14.7 -9999.0 -9999.0 -9999.0 -99.000 -99.000 -99.000 -99.000 -99.000 -9999.0 -9999.0 -9999.0 -9999.0 -9999.0
53132 20031111  1.001 -110.51   31.59    18.1     8.8    13.5    12.7     2.3     3.22 R -9999.0 -9999.0    12.7 -9999.0 -9999.0 -9999.0 -99.000 -99.000 -99.000 -99.000 -99.000 -9999.0 -9999.0 -9999.0 -9999.0 -9999.0
53132 20031112  1.001 -110.51   31.59    18.3    11.8    15.1    14.3    15.7     4.01 R -9999.0 -9999.0    14.2 -9999.0 -9999.0 -9999.0 -99.000 -99.000 -99.000 -99.000 -99.000 -9999.0 -9999.0 -9999.0 -9999.0 -9999.0
53132 20031113  1.001 -110.51   31.59    17.8    12.2    15.0    14.4     2.7     6.15 R -9999.0 -9999.0    14.3 -9999.0 -9999.0 -9999.0 -99.000 -99.000 -99.000 -99.000 -99.000 -9999.0 -9999.0 -9999.0 -9999.0 -9999.0
53132 20031114  1.001 -110.51   31.59    19.2     6.8    13.0    12.9     0.0    14.60 R -9999.0 -9999.0    13.7 -9999.0 -9999.0 -9999.0 -99.000 -99.000 -99.000 -99.000 -99.000 -9999.0 -9999.0 -9999.0 -9999.0 -9999.0
53132 20031115  1.001 -110.51   31.59    18.4     3.4    10.9     9.8     0.0    16.63 R -9999.0 -9999.0    10.8 -9999.0 -9999.0 -9999.0 -99.000 -99.000 -99.000 -99.000 -99.000 -9999.0 -9999.0 -9999.0 -9999.0 -9999.0
53132 20031116  1.001 -110.51   31.59    16.4     4.7    10.6    11.1     0.0    11.13 R -9999.0 -9999.0     9.6 -9999.0 -9999.0 -9999.0 -99.000 -99.000 -99.000 -99.000 -99.000 -9999.0 -9999.0 -9999.0 -9999.0 -9999.0
53132 20031117  1.001 -110.51   31.59    15.0     1.9     8.5     8.0     0.0    15.96 R -9999.0 -9999.0     9.1 -9999.0 -9999.0 -9999.0 -99.000 -99.000 -99.000 -99.000 -99.000 -9999.0 -9999.0 -9999.0 -9999.0 -9999.0
53132 20031118  1.001 -110.51   31.59    16.8    -0.7     8.1     8.2     0.0    16.27 R -9999.0 -9999.0     8.5 -9999.0 -9999.0 -9999.0 -99.000 -99.000 -99.000 -99.000 -99.000 -9999.0 -9999.0 -9999.0 -9999.0 -9999.0
53132 20031119  1.001 -110.51   31.59    20.5     0.5    10.5    10.4     0.0    16.39 R -9999.0 -9999.0     9.4 -9999.0 -9999.0 -9999.0 -99.000 -99.000 -99.000 -99.000 -99.000 -9999.0 -9999.0 -9999.0 -9999.0 -9999.0
53132 20031120  1.001 -110.51   31.59    23.6     2.1    12.9    11.6     0.0    16.03 R -9999.0 -9999.0    10.9 -9999.0 -9999.0 -9999.0 -99.000 -99.000 -99.000 -99.000 -99.000 -9999.0 -9999.0 -9999.0 -9999.0 -9999.0
53132 20031121  1.001 -110.51   31.59    22.1     3.3    12.7    13.5     0.0    16.06 R -9999.0 -9999.0    11.7 -9999.0 -9999.0 -9999.0 -99.000 -99.000 -99.000 -99.000 -99.000 -9999.0 -9999.0 -9999.0 -9999.0 -9999.0
53132 20031122  1.001 -110.51   31.59    17.4     0.0     8.7    10.9     0.0    15.56 R -9999.0 -9999.0    10.4 -9999.0 -9999.0 -9999.0 -99.000 -99.000 -99.000 -99.000 -99.000 -9999.0 -9999.0 -9999.0 -9999.0 -9999.0
53132 20031123  1.001 -110.51   31.59    12.1    -6.9     2.6     3.0     0.0    16.23 R -9999.0 -9999.0     4.3 -9999.0 -9999.0 -9999.0 -99.000 -99.000 -99.000 -99.000 -99.000 -9999.0 -9999.0 -9999.0 -9999.0 -9999.0
53132 20031124  1.001 -110.51   31.59    17.0    -5.6     5.7     6.3     0.0    14.36 R -9999.0 -9999.0     6.3 -9999.0 -9999.0 -9999.0 -99.000 -99.000 -99.000 -99.000 -99.000 -9999.0 -9999.0 -9999.0 -9999.0 -9999.0
53132 20031125  1.001 -110.51   31.59    14.5     7.9    11.2    11.3     0.0     5.78 R -9999.0 -9999.0    10.3 -9999.0 -9999.0 -9999.0 -99.000 -99.000 -99.000 -99.000 -99.000 -9999.0 -9999.0 -9999.0 -9999.0 -9999.0
53132 20031126  1.001 -110.51   31.59    15.7     1.1     8.4     8.4     0.0    15.30 R -9999.0 -9999.0     9.1 -9999.0 -9999.0 -9999.0 -99.000 -99.000 -99.000 -99.000 -99.000 -9999.0 -9999.0 -9999.0 -9999.0 -9999.0
53132 20031127  1.001 -110.51   31.59    12.9    -2.0     5.5     5.7     0.0    15.51 R -9999.0 -9999.0     6.2 -9999.0 -9999.0 -9999.0 -99.000 -99.000 -99.000 -99.000 -99.000 -9999.0 -9999.0 -9999.0 -9999.0 -9999.0
53132 20031128  1.001 -110.51   31.59    13.4     0.0     6.7     6.7     0.0    14.76 R -9999.0 -9999.0     6.1 -9999.0 -9999.0 -9999.0 -99.000 -99.000 -99.000 -99.000 -99.000 -9999.0 -9999.0 -9999.0 -9999.0 -9999.0
53132 20031129  1.001 -110.51   31.59    18.8    -3.2     7.8     6.8     0.0    14.65 R -9999.0 -9999.0     7.1 -9999.0 -9999.0 -9999.0 -99.000 -99.000 -99.000 -99.000 -99.000 -9999.0 -9999.0 -9999.0 -9999.0 -9999.0
53132 20031130  1.001 -110.51   31.59    23.4     2.6    13.0    11.2     0.0    15.44 R -9999.0 -9999.0     9.7 -9999.0 -9999.0 -9999.0 -99.000 -99.000 -99.000 -99.000 -99.000 -9999.0 -9999.0 -9999.0 -9999.0 -9999.0
53132 20031201  1.001 -110.51   31.59    23.9     1.5    12.7    11.7     0.0    14.76 R -9999.0 -9999.0    10.3 -9999.0 -9999.0 -9999.0 -99.000 -99.000 -99.000 -99.000 -99.000 -9999.0 -9999.0 -9999.0 -9999.0 -9999.0
53132 20031202  1.001 -110.51   31.59    21.9     3.1    12.5    11.1     0.0    12.08 R -9999.0 -9999.0    10.4 -9999.0 -9999.0 -9999.0 -99.000 -99.000 -99.000 -99.000 -99.000 -9999.0 -9999.0 -9999.0 -9999.0 -9999.0
53132 20031203  1.001 -110.51   31.59    22.6     1.2    11.9    10.6     0.0    12.66 R -9999.0 -9999.0     9.5 -9999.0 -9999.0 -9999.0 -99.000 -99.000 -99.000 -99.000 -99.000 -9999.0 -9999.0 -9999.0 -9999.0 -9999.0
53132 20031204  1.001 -110.51   31.59    22.3     1.9    12.1    10.5     0.0    14.86 R -9999.0 -9999.0    10.1 -9999.0 -9999.0 -9999.0 -99.000 -99.000 -99.000 -99.000 -99.000 -9999.0 -9999.0 -9999.0 -9999.0 -9999.0
53132 20031205  1.001 -110.51   31.59    20.9     1.5    11.2    11.2     0.0    14.12 R -9999.0 -9999.0    10.4 -9999.0 -9999.0 -9999.0 -99.000 -99.000 -99.000 -99.000 -99.000 -9999.0 -9999.0 -9999.0 -9999.0 -9999.0
53132 20031206  1.001 -110.51   31.59    23.3     1.3    12.3    11.0     0.0    13.14 R -9999.0 -9999.0    10.9 -9999.0 -9999.0 -9999.0 -99.000 -99.000 -99.000 -99.000 -99.000 -9999.0 -9999.0 -9999.0 -9999.0 -9999.0
53132 20031207  1.001 -110.51   31.59    20.4     3.0    11.7    12.4     0.0    14.23 R -9999.0 -9999.0    11.8 -9999.0 -9999.0 -9999.0 -99.000 -99.000 -99.000 -99.000 -99.000 -9999.0 -9999.0 -9999.0 -9999.0 -9999.0
53132 20031208  1.001 -110.51   31.59    12.4     1.6     7.0     7.8     1.7     5.53 R -9999.0 -9999.0     7.4 -9999.0 -9999.0 -9999.0 -99.000 -99.000 -99.000 -99.000 -99.000 -9999.0 -9999.0 -9999.0 -9999.0 -9999.0
53132 20031209  1.001 -110.51   31.59    12.4    -5.4     3.5     3.2     0.0    14.81 R -9999.0 -9999.0     3.2 -9999.0 -9999.0 -9999.0 -99.000 -99.000 -99.000 -99.000 -99.000 -9999.0 -9999.0 -9999.0 -9999.0 -9999.0
53132 20031210  1.001 -110.51   31.59    17.5    -3.9     6.8     6.8     0.0    14.53 R -9999.0 -9999.0     5.5 -9999.0 -9999.0 -9999.0 -99.000 -99.000 -99.000 -99.000 -99.000 -9999.0 -9999.0 -9999.0 -9999.0 -9999.0
53132 20031211  1.001 -110.51   31.59 -9999.0 -9999.0 -9999.0 -9999.0 -9999.0 -9999.00 U -9999.0 -9999.0 -9999.0 -9999.0 -9999.0 -9999.0 -99.000 -99.000 -99.000 -99.000 -99.000 -9999.0 -9999.0 -9999.0 -9999.0 -9999.0
53132 20031212  1.200 -110.51   31.59 -9999.0 -9999.0 -9999.0 -9999.0 -9999.0 -9999.00 U -9999.0 -9999.0 -9999.0 -9999.0 -9999.0 -9999.0 -99.000 -99.000 -99.000 -99.000 -99.000 -9999.0 -9999.0 -9999.0 -9999.0 -9999.0
53132 20031213  1.200 -110.51   31.59    14.0    -4.8     4.6     3.4     0.5    13.90 R -9999.0 -9999.0     3.6 -9999.0 -9999.0 -9999.0 -99.000 -99.000 -99.000 -99.000 -99.000 -9999.0 -9999.0 -9999.0 -9999.0 -9999.0
53132 20031214  1.200 -110.51   31.59    19.2    -0.9     9.2     9.2     0.7    14.03 R -9999.0 -9999.0     7.1 -9999.0 -9999.0 -9999.0 -99.000 -99.000 -99.000 -99.000 -99.000 -9999.0 -9999.0 -9999.0 -9999.0 -9999.0
53132 20031215  1.200 -110.51   31.59     9.8    -2.9     3.5     4.5     0.3    14.15 R -9999.0 -9999.0     4.0 -9999.0 -9999.0 -9999.0 -99.000 -99.000 -99.000 -99.000 -99.000 -9999.0 -9999.0 -9999.0 -9999.0 -9999.0
53132 20031216  1.200 -110.51   31.59    10.2    -1.8     4.2     3.4     0.0    14.60 R -9999.0 -9999.0     1.9 -9999.0 -9999.0 -9999.0 -99.000 -99.000 -99.000 -99.000 -99.000 -9999.0 -9999.0 -9999.0 -9999.0 -9999.0
53132 20031217  1.200 -110.51   31.59    14.4    -7.4     3.5     2.8     0.4    14.46 R -9999.0 -9999.0     1.8 -9999.0 -9999.0 -9999.0 -99.000 -99.000 -99.000 -99.000 -99.000 -9999.0 -9999.0 -9999.0 -9999.0 -9999.0
53132 20031218  1.200 -110.51   31.59    18.4    -4.6     6.9     6.2     0.3    13.89 R -9999.0 -9999.0     4.1 -9999.0 -9999.0 -9999.0 -99.000 -99.000 -99.000 -99.000 -99.000 -9999.0 -9999.0 -9999.0 -9999.0 -9999.0
53132 20031219  1.200 -110.51   31.59    18.9    -2.3     8.3     7.0     0.3    13.79 R -9999.0 -9999.0     5.5 -9999.0 -9999.0 -9999.0 -99.000 -99.000 -99.000 -99.000 -99.000 -9999.0 -9999.0 -9999.0 -9999.0 -9999.0
53132 20031220  1.200 -110.51   31.59    23.3     1.3    12.3    10.7     0.6    13.23 R -9999.0 -9999.0     8.9 -9999.0 -9999.0 -9999.0 -99.000 -99.000 -99.000 -99.000 -99.000 -9999.0 -9999.0 -9999.0 -9999.0 -9999.0
53132 20031221  1.200 -110.51   31.59    21.2     2.3    11.8    13.1     0.0    13.61 R -9999.0 -9999.0    10.5 -9999.0 -9999.0 -9999.0 -99.000 -99.000 -99.000 -99.000 -99.000 -9999.0 -9999.0 -9999.0 -9999.0 -9999.0
53132 20031222  1.200 -110.51   31.59    15.9    -2.9     6.5     6.7     0.4    14.09 R -9999.0 -9999.0     6.9 -9999.0 -9999.0 -9999.0 -99.000 -99.000 -99.000 -99.000 -99.000 -9999.0 -9999.0 -9999.0 -9999.0 -9999.0
53132 20031223  1.200 -110.51   31.59    14.1     1.9     8.0     7.7     0.0    10.30 R -9999.0 -9999.0     6.8 -9999.0 -9999.0 -9999.0 -99.000 -99.000 -99.000 -99.000 -99.000 -9999.0 -9999.0 -9999.0 -9999.0 -9999.0
53132 20031224  1.200 -110.51   31.59    15.3     1.2     8.3     7.5     0.0     9.39 R -9999.0 -9999.0     8.0 -9999.0 -9999.0 -9999.0 -99.000 -99.000 -99.000 -99.000 -99.000 -9999.0 -9999.0 -9999.0 -9999.0 -9999.0
53132 20031225  1.200 -110.51   31.59    16.5     1.7     9.1     9.7     0.0    11.87 R -9999.0 -9999.0     8.5 -9999.0 -9999.0 -9999.0 -99.000 -99.000 -99.000 -99.000 -99.000 -9999.0 -9999.0 -9999.0 -9999.0 -9999.0
53132 20031226  1.200 -110.51   31.59    11.9    -1.6     5.2     6.8     0.8     8.32 R -9999.0 -9999.0     5.5 -9999.0 -9999.0 -9999.0 -99.000 -99.000 -99.000 -99.000 -99.000 -9999.0 -9999.0 -9999.0 -9999.0 -9999.0
53132 20031227  1.200 -110.51   31.59     4.9    -8.8    -1.9    -1.2     0.4    13.60 R -9999.0 -9999.0    -0.9 -9999.0 -9999.0 -9999.0 -99.000 -99.000 -99.000 -99.000 -99.000 -9999.0 -9999.0 -9999.0 -9999.0 -9999.0
53132 20031228  1.200 -110.51   31.59     4.8   -11.7    -3.4    -3.3     0.6    14.64 R -9999.0 -9999.0    -2.9 -9999.0 -9999.0 -9999.0 -99.000 -99.000 -99.000 -99.000 -99.000 -9999.0 -9999.0 -9999.0 -9999.0 -9999.0
53132 20031229  1.200 -110.51   31.59    10.9   -10.5     0.2    -0.2     0.4    13.48 R -9999.0 -9999.0     0.3 -9999.0 -9999.0 -9999.0 -99.000 -99.000 -99.000 -99.000 -99.000 -9999.0 -9999.0 -9999.0 -9999.0 -9999.0
53132 20031230  1.200 -110.51   31.59    15.1    -5.7     4.7     4.1     0.0    10.92 R -9999.0 -9999.0     2.4 -9999.0 -9999.0 -9999.0 -99.000 -99.000 -99.000 -99.000 -99.000 -9999.0 -9999.0 -9999.0 -9999.0 -9999.0
53132 20031231  1.200 -110.51   31.59    12.0    -0.8     5.6     7.7    13.3    10.21 R -9999.0 -9999.0     8.2 -9999.0 -9999.0 -9999.0 -99.000 -99.000 -99.000 -99.000 -99.000 -9999.0 -9999.0 -9999.0 -9999.0 -9999.0
