03054 20080101  1.302 -102.77   33.96     5.4   -15.0    -4.8    -5.1     0.0    13.53 R    15.1   -13.5    -3.1 -9999.0 -9999.0 -9999.0 -99.000 -99.000 -99.000 -99.000 -99.000 -9999.0 -9999.0 -9999.0 -9999.0 -9999.0
03054 20080102  1.302 -102.77   33.96     6.0   -15.9    -5.0    -5.6     0.0    10.42 R    10.6   -14.4    -4.5 -9999.0 -9999.0 -9999.0 -99.000 -99.000 -99.000 -99.000 -99.000 -9999.0 -9999.0 -9999.0 -9999.0 -9999.0
03054 20080103  1.302 -102.77   33.96    11.8   -12.3    -0.2     0.6     0.0    12.05 R    14.7   -11.1     0.8 -9999.0 -9999.0 -9999.0 -99.000 -99.000 -99.000 -99.000 -99.000 -9999.0 -9999.0 -9999.0 -9999.0 -9999.0
03054 20080104  1.302 -102.77   33.96    16.9    -4.5     6.2     5.9     0.0     6.98 R    18.4    -5.2     5.0 -9999.0 -9999.0 -9999.0 -99.000 -99.000 -99.000 -99.000 -99.000 -9999.0 -9999.0 -9999.0 -9999.0 -9999.0
03054 20080105  1.302 -102.77   33.96    21.4     3.2    12.3    10.9     0.0     9.80 R    24.6     2.0     9.8 -9999.0 -9999.0 -9999.0 -99.000 -99.000 -99.000 -99.000 -99.000 -9999.0 -9999.0 -9999.0 -9999.0 -9999.0
03054 20080106  1.302 -102.77   33.96    21.6     1.5    11.6    12.2     0.0    12.01 R    26.6     1.3    11.6 -9999.0 -9999.0 -9999.0 -99.000 -99.000 -99.000 -99.000 -99.000 -9999.0 -9999.0 -9999.0 -9999.0 -9999.0
03054 20080107  1.302 -102.77   33.96    18.0    -2.4     7.8     8.7     0.0    10.11 R    22.1    -2.4     8.4 -9999.0 -9999.0 -9999.0 -99.000 -99.000 -99.000 -99.000 -99.000 -9999.0 -9999.0 -9999.0 -9999.0 -9999.0
03054 20080108  1.302 -102.77   33.96     9.8    -8.1     0.8     2.4     0.0    13.42 R    19.8    -6.9     4.3 -9999.0 -9999.0 -9999.0 -99.000 -99.000 -99.000 -99.000 -99.000 -9999.0 -9999.0 -9999.0 -9999.0 -9999.0
03054 20080109  1.302 -102.77   33.96    17.7    -7.9     4.9     5.1     0.0    13.56 R    21.8    -7.5     5.1 -9999.0 -9999.0 -9999.0 -99.000 -99.000 -99.000 -99.000 -99.000 -9999.0 -9999.0 -9999.0 -9999.0 -9999.0
03054 20080110  1.302 -102.77   33.96    11.0    -5.2     2.9     3.3     0.0    13.25 R    20.8    -5.7     4.7 -9999.0 -9999.0 -9999.0 -99.000 -99.000 -99.000 -99.000 -99.000 -9999.0 -9999.0 -9999.0 -9999.0 -9999.0
03054 20080111  1.302 -102.77   33.96    17.9    -5.6     6.1     7.6     0.0    13.59 R    23.5    -5.5     7.4 -9999.0 -9999.0 -9999.0 -99.000 -99.000 -99.000 -99.000 -99.000 -9999.0 -9999.0 -9999.0 -9999.0 -9999.0
03054 20080112  1.302 -102.77   33.96    11.3    -9.4     1.0     2.0     0.0    14.00 R    21.8    -7.7     4.0 -9999.0 -9999.0 -9999.0 -99.000 -99.000 -99.000 -99.000 -99.000 -9999.0 -9999.0 -9999.0 -9999.0 -9999.0
03054 20080113  1.302 -102.77   33.96     9.8   -13.5    -1.9    -1.7     0.0    10.36 R    18.0   -12.6    -0.7 -9999.0 -9999.0 -9999.0 -99.000 -99.000 -99.000 -99.000 -99.000 -9999.0 -9999.0 -9999.0 -9999.0 -9999.0
03054 20080114  1.302 -102.77   33.96    10.4    -8.7     0.8    -0.5     0.0    14.25 R    20.4    -8.5     1.4 -9999.0 -9999.0 -9999.0 -99.000 -99.000 -99.000 -99.000 -99.000 -9999.0 -9999.0 -9999.0 -9999.0 -9999.0
03054 20080115  1.302 -102.77   33.96    12.9   -11.9     0.5     2.1     0.0    14.21 R    18.2   -10.9     2.5 -9999.0 -9999.0 -9999.0 -99.000 -99.000 -99.000 -99.000 -99.000 -9999.0 -9999.0 -9999.0 -9999.0 -9999.0
03054 20080116  1.302 -102.77   33.96     4.6   -13.4    -4.4    -2.1     0.0     7.13 R     9.5   -11.9    -1.3 -9999.0 -9999.0 -9999.0 -99.000 -99.000 -99.000 -99.000 -99.000 -9999.0 -9999.0 -9999.0 -9999.0 -9999.0
03054 20080117  1.302 -102.77   33.96     3.0   -13.6    -5.3    -6.5     0.0    14.48 R    11.6   -13.1    -3.9 -9999.0 -9999.0 -9999.0 -99.000 -99.000 -99.000 -99.000 -99.000 -9999.0 -9999.0 -9999.0 -9999.0 -9999.0
03054 20080118  1.302 -102.77   33.96     6.5   -14.4    -4.0    -3.7     0.0    14.35 R    14.1   -14.1    -2.6 -9999.0 -9999.0 -9999.0 -99.000 -99.000 -99.000 -99.000 -99.000 -9999.0 -9999.0 -9999.0 -9999.0 -9999.0
03054 20080119  1.302 -102.77   33.96     6.6   -15.3    -4.4    -5.3     0.0    14.66 R    12.7   -14.6    -4.0 -9999.0 -9999.0 -9999.0 -99.000 -99.000 -99.000 -99.000 -99.000 -9999.0 -9999.0 -9999.0 -9999.0 -9999.0
03054 20080120  1.302 -102.77   33.96    12.7    -8.3     2.2     0.8     0.0    14.84 R    17.7   -11.1     0.7 -9999.0 -9999.0 -9999.0 -99.000 -99.000 -99.000 -99.000 -99.000 -9999.0 -9999.0 -9999.0 -9999.0 -9999.0
03054 20080121  1.302 -102.77   33.96    16.2   -10.0     3.1     2.4     0.0    14.73 R    22.3    -9.6     2.7 -9999.0 -9999.0 -9999.0 -99.000 -99.000 -99.000 -99.000 -99.000 -9999.0 -9999.0 -9999.0 -9999.0 -9999.0
03054 20080122  1.302 -102.77   33.96     2.1   -10.0    -4.0    -5.1     0.0    10.15 R    11.0    -9.9    -2.6 -9999.0 -9999.0 -9999.0 -99.000 -99.000 -99.000 -99.000 -99.000 -9999.0 -9999.0 -9999.0 -9999.0 -9999.0
03054 20080123  1.302 -102.77   33.96    16.9   -11.3     2.8     0.2     0.0    11.52 R    23.8   -11.0     1.0 -9999.0 -9999.0 -9999.0 -99.000 -99.000 -99.000 -99.000 -99.000 -9999.0 -9999.0 -9999.0 -9999.0 -9999.0
03054 20080124  1.302 -102.77   33.96     0.0   -11.2    -5.6    -4.9     0.5     6.14 R     7.8   -11.1    -4.0 -9999.0 -9999.0 -9999.0 -99.000 -99.000 -99.000 -99.000 -99.000 -9999.0 -9999.0 -9999.0 -9999.0 -9999.0
03054 20080125  1.302 -102.77   33.96    14.4    -3.8     5.3     2.5     0.0    12.64 R    19.3    -3.4     3.2 -9999.0 -9999.0 -9999.0 -99.000 -99.000 -99.000 -99.000 -99.000 -9999.0 -9999.0 -9999.0 -9999.0 -9999.0
03054 20080126  1.302 -102.77   33.96    17.0    -6.7     5.1     5.1     0.0    13.58 R    22.4    -6.9     4.6 -9999.0 -9999.0 -9999.0 -99.000 -99.000 -99.000 -99.000 -99.000 -9999.0 -9999.0 -9999.0 -9999.0 -9999.0
03054 20080127  1.302 -102.77   33.96    22.8    -7.3     7.7     8.4     0.0    11.27 R    24.5    -7.4     8.0 -9999.0 -9999.0 -9999.0 -99.000 -99.000 -99.000 -99.000 -99.000 -9999.0 -9999.0 -9999.0 -9999.0 -9999.0
03054 20080128  1.302 -102.77   33.96    22.7     6.9    14.8    13.9     0.0    12.18 R    27.5     4.7    13.5 -9999.0 -9999.0 -9999.0 -99.000 -99.000 -99.000 -99.000 -99.000 -9999.0 -9999.0 -9999.0 -9999.0 -9999.0
03054 20080129  1.302 -102.77   33.96     9.4    -7.6     0.9     3.1     0.0    15.89 R    17.3    -6.6     4.3 -9999.0 -9999.0 -9999.0 -99.000 -99.000 -99.000 -99.000 -99.000 -9999.0 -9999.0 -9999.0 -9999.0 -9999.0
03054 20080130  1.302 -102.77   33.96    17.5   -10.4     3.6     5.5     0.0    14.99 R    24.7    -9.2     6.3 -9999.0 -9999.0 -9999.0 -99.000 -99.000 -99.000 -99.000 -99.000 -9999.0 -9999.0 -9999.0 -9999.0 -9999.0
03054 20080131  1.302 -102.77   33.96     6.0    -9.3    -1.6    -0.8     0.3    16.19 R    14.7    -9.4     0.4 -9999.0 -9999.0 -9999.0 -99.000 -99.000 -99.000 -99.000 -99.000 -9999.0 -9999.0 -9999.0 -9999.0 -9999.0
03054 20080201  1.302 -102.77   33.96    18.5   -12.1     3.2     4.1     0.0    16.51 R    25.2   -11.3     4.8 -9999.0 -9999.0 -9999.0 -99.000 -99.000 -99.000 -99.000 -99.000 -9999.0 -9999.0 -9999.0 -9999.0 -9999.0
03054 20080202  1.302 -102.77   33.96    18.5    -7.3     5.6     4.8     0.0    16.33 R    25.1    -7.5     6.1 -9999.0 -9999.0 -9999.0 -99.000 -99.000 -99.000 -99.000 -99.000 -9999.0 -9999.0 -9999.0 -9999.0 -9999.0
03054 20080203  1.302 -102.77   33.96    20.7    -6.6     7.0    10.0     0.0    14.93 R    26.5    -5.2    10.2 -9999.0 -9999.0 -9999.0 -99.000 -99.000 -99.000 -99.000 -99.000 -9999.0 -9999.0 -9999.0 -9999.0 -9999.0
03054 20080204  1.302 -102.77   33.96    20.9     5.5    13.2    13.5     0.0    16.29 R    27.0     1.7    13.4 -9999.0 -9999.0 -9999.0 -99.000 -99.000 -99.000 -99.000 -99.000 -9999.0 -9999.0 -9999.0 -9999.0 -9999.0
03054 20080205  1.302 -102.77   33.96    14.0    -8.0     3.0     0.4     0.0     6.30 R    14.0    -7.2     1.5 -9999.0 -9999.0 -9999.0 -99.000 -99.000 -99.000 -99.000 -99.000 -9999.0 -9999.0 -9999.0 -9999.0 -9999.0
03054 20080206  1.302 -102.77   33.96    14.8   -13.5     0.6     2.0     0.0    16.93 R    20.4   -12.6     3.0 -9999.0 -9999.0 -9999.0 -99.000 -99.000 -99.000 -99.000 -99.000 -9999.0 -9999.0 -9999.0 -9999.0 -9999.0
03054 20080207  1.302 -102.77   33.96    14.0    -8.3     2.8     4.6     0.0    16.96 R    20.7    -7.8     6.4 -9999.0 -9999.0 -9999.0 -99.000 -99.000 -99.000 -99.000 -99.000 -9999.0 -9999.0 -9999.0 -9999.0 -9999.0
03054 20080208  1.302 -102.77   33.96    16.0     0.8     8.4     8.6     0.0    17.13 R    27.9    -0.5     9.6 -9999.0 -9999.0 -9999.0 -99.000 -99.000 -99.000 -99.000 -99.000 -9999.0 -9999.0 -9999.0 -9999.0 -9999.0
03054 20080209  1.302 -102.77   33.96    18.6    -2.2     8.2     8.9     0.0    17.63 R    32.4    -2.4    10.7 -9999.0 -9999.0 -9999.0 -99.000 -99.000 -99.000 -99.000 -99.000 -9999.0 -9999.0 -9999.0 -9999.0 -9999.0
03054 20080210  1.302 -102.77   33.96    22.6    -4.3     9.1     8.7     0.0    17.30 R    30.6    -4.4     9.0 -9999.0 -9999.0 -9999.0 -99.000 -99.000 -99.000 -99.000 -99.000 -9999.0 -9999.0 -9999.0 -9999.0 -9999.0
03054 20080211  1.302 -102.77   33.96    22.8    -2.5    10.2    10.0     0.0    16.03 R    30.0    -2.3    11.2 -9999.0 -9999.0 -9999.0 -99.000 -99.000 -99.000 -99.000 -99.000 -9999.0 -9999.0 -9999.0 -9999.0 -9999.0
03054 20080212  1.302 -102.77   33.96    12.5    -4.6     4.0     3.7     0.0    17.23 R    27.5    -3.7     7.4 -9999.0 -9999.0 -9999.0 -99.000 -99.000 -99.000 -99.000 -99.000 -9999.0 -9999.0 -9999.0 -9999.0 -9999.0
03054 20080213  1.302 -102.77   33.96    21.2    -9.4     5.9     6.8     0.0    17.74 R    27.4    -8.7     8.2 -9999.0 -9999.0 -9999.0 -99.000 -99.000 -99.000 -99.000 -99.000 -9999.0 -9999.0 -9999.0 -9999.0 -9999.0
03054 20080214  1.302 -102.77   33.96    23.1    -0.9    11.1    11.0     0.0    14.03 R    33.8    -0.8    12.0 -9999.0 -9999.0 -9999.0 -99.000 -99.000 -99.000 -99.000 -99.000 -9999.0 -9999.0 -9999.0 -9999.0 -9999.0
03054 20080215  1.302 -102.77   33.96     4.1    -4.6    -0.2    -0.8     0.0     6.40 R    12.0    -4.3     1.3 -9999.0 -9999.0 -9999.0 -99.000 -99.000 -99.000 -99.000 -99.000 -9999.0 -9999.0 -9999.0 -9999.0 -9999.0
03054 20080216  1.302 -102.77   33.96     6.1    -0.9     2.6     2.3     2.4     3.84 R     8.1    -0.3     3.0 -9999.0 -9999.0 -9999.0 -99.000 -99.000 -99.000 -99.000 -99.000 -9999.0 -9999.0 -9999.0 -9999.0 -9999.0
03054 20080217  1.302 -102.77   33.96    11.0    -0.1     5.4     4.8     0.0    13.70 R    24.2    -1.3     6.5 -9999.0 -9999.0 -9999.0 -99.000 -99.000 -99.000 -99.000 -99.000 -9999.0 -9999.0 -9999.0 -9999.0 -9999.0
03054 20080218  1.302 -102.77   33.96    13.0    -4.6     4.2     2.5     0.0    15.11 R    24.4    -5.2     4.9 -9999.0 -9999.0 -9999.0 -99.000 -99.000 -99.000 -99.000 -99.000 -9999.0 -9999.0 -9999.0 -9999.0 -9999.0
03054 20080219  1.302 -102.77   33.96    20.8    -8.2     6.3     6.4     0.0    17.07 R    31.2    -7.1     8.0 -9999.0 -9999.0 -9999.0 -99.000 -99.000 -99.000 -99.000 -99.000 -9999.0 -9999.0 -9999.0 -9999.0 -9999.0
03054 20080220  1.302 -102.77   33.96    22.3    -1.2    10.5     7.5     0.0    16.27 R    35.9    -2.1     9.7 -9999.0 -9999.0 -9999.0 -99.000 -99.000 -99.000 -99.000 -99.000 -9999.0 -9999.0 -9999.0 -9999.0 -9999.0
03054 20080221  1.302 -102.77   33.96    16.1    -1.9     7.1     4.8     0.0    13.20 R    28.4    -0.3     7.5 -9999.0 -9999.0 -9999.0 -99.000 -99.000 -99.000 -99.000 -99.000 -9999.0 -9999.0 -9999.0 -9999.0 -9999.0
03054 20080222  1.302 -102.77   33.96    17.5    -5.1     6.2     6.2     0.0    19.41 R    27.3    -4.7     8.3 -9999.0 -9999.0 -9999.0 -99.000 -99.000 -99.000 -99.000 -99.000 -9999.0 -9999.0 -9999.0 -9999.0 -9999.0
03054 20080223  1.302 -102.77   33.96    17.8    -2.6     7.6     9.1     0.0    19.19 R    26.5    -2.2    10.4 -9999.0 -9999.0 -9999.0 -99.000 -99.000 -99.000 -99.000 -99.000 -9999.0 -9999.0 -9999.0 -9999.0 -9999.0
03054 20080224  1.302 -102.77   33.96    23.6    -4.9     9.4    10.8     0.0    18.91 R    34.1    -3.9    11.9 -9999.0 -9999.0 -9999.0 -99.000 -99.000 -99.000 -99.000 -99.000 -9999.0 -9999.0 -9999.0 -9999.0 -9999.0
03054 20080225  1.302 -102.77   33.96    19.5     0.3     9.9    10.8     0.0    17.44 R    28.0     0.6    11.6 -9999.0 -9999.0 -9999.0 -99.000 -99.000 -99.000 -99.000 -99.000 -9999.0 -9999.0 -9999.0 -9999.0 -9999.0
03054 20080226  1.302 -102.77   33.96    11.4    -5.2     3.1     2.3     0.0    19.18 R    26.1    -4.9     6.2 -9999.0 -9999.0 -9999.0 -99.000 -99.000 -99.000 -99.000 -99.000 -9999.0 -9999.0 -9999.0 -9999.0 -9999.0
03054 20080227  1.302 -102.77   33.96    19.1    -3.4     7.8     6.9     0.0    20.62 R    35.5    -3.7    10.4 -9999.0 -9999.0 -9999.0 -99.000 -99.000 -99.000 -99.000 -99.000 -9999.0 -9999.0 -9999.0 -9999.0 -9999.0
03054 20080228  1.302 -102.77   33.96    26.2    -2.2    12.0    11.3     0.0    19.94 R    36.8    -3.1    12.3 -9999.0 -9999.0 -9999.0 -99.000 -99.000 -99.000 -99.000 -99.000 -9999.0 -9999.0 -9999.0 -9999.0 -9999.0
03054 20080229  1.302 -102.77   33.96    19.6    -0.9     9.3     8.2     0.0    19.69 R    33.8    -1.6    10.8 -9999.0 -9999.0 -9999.0 -99.000 -99.000 -99.000 -99.000 -99.000 -9999.0 -9999.0 -9999.0 -9999.0 -9999.0
03054 20080301  1.302 -102.77   33.96    25.0    -4.8    10.1    11.8     0.0    20.74 R    34.5    -4.0    13.0 -9999.0 -9999.0 -9999.0 -99.000 -99.000 -99.000 -99.000 -99.000 -9999.0 -9999.0 -9999.0 -9999.0 -9999.0
03054 20080302  1.302 -102.77   33.96    23.7    -1.1    11.3    12.8     0.2    19.40 R    35.4    -0.8    15.1 -9999.0 -9999.0 -9999.0 -99.000 -99.000 -99.000 -99.000 -99.000 -9999.0 -9999.0 -9999.0 -9999.0 -9999.0
03054 20080303  1.302 -102.77   33.96     5.7    -5.3     0.2    -0.1     2.0    14.96 R    10.5    -5.1     0.4 -9999.0 -9999.0 -9999.0 -99.000 -99.000 -99.000 -99.000 -99.000 -9999.0 -9999.0 -9999.0 -9999.0 -9999.0
03054 20080304  1.302 -102.77   33.96    19.7    -8.2     5.7     6.8     0.0    21.52 R    27.0    -8.4     7.5 -9999.0 -9999.0 -9999.0 -99.000 -99.000 -99.000 -99.000 -99.000 -9999.0 -9999.0 -9999.0 -9999.0 -9999.0
03054 20080305  1.302 -102.77   33.96    12.4    -0.4     6.0     5.3     0.0    19.76 R    26.6    -0.9     8.2 -9999.0 -9999.0 -9999.0 -99.000 -99.000 -99.000 -99.000 -99.000 -9999.0 -9999.0 -9999.0 -9999.0 -9999.0
03054 20080306  1.302 -102.77   33.96     1.7    -7.0    -2.6    -1.1     1.2     7.99 R    10.1    -6.8     0.4 -9999.0 -9999.0 -9999.0 -99.000 -99.000 -99.000 -99.000 -99.000 -9999.0 -9999.0 -9999.0 -9999.0 -9999.0
03054 20080307  1.302 -102.77   33.96    11.7    -7.7     2.0     1.4     0.0    20.66 R    23.2    -6.5     3.6 -9999.0 -9999.0 -9999.0 -99.000 -99.000 -99.000 -99.000 -99.000 -9999.0 -9999.0 -9999.0 -9999.0 -9999.0
03054 20080308  1.302 -102.77   33.96    17.0    -9.6     3.7     4.6     0.0    15.64 R    29.7    -9.3     5.8 -9999.0 -9999.0 -9999.0 -99.000 -99.000 -99.000 -99.000 -99.000 -9999.0 -9999.0 -9999.0 -9999.0 -9999.0
03054 20080309  1.302 -102.77   33.96    15.2    -3.4     5.9     4.3     0.0    12.56 R    25.0    -5.2     5.0 -9999.0 -9999.0 -9999.0 -99.000 -99.000 -99.000 -99.000 -99.000 -9999.0 -9999.0 -9999.0 -9999.0 -9999.0
03054 20080310  1.302 -102.77   33.96    17.2    -4.5     6.4     5.9     0.0    19.71 R    35.5    -5.7     9.0 -9999.0 -9999.0 -9999.0 -99.000 -99.000 -99.000 -99.000 -99.000 -9999.0 -9999.0 -9999.0 -9999.0 -9999.0
03054 20080311  1.302 -102.77   33.96    19.2    -1.2     9.0     8.8     0.0    20.28 R    34.4    -2.6    10.9 -9999.0 -9999.0 -9999.0 -99.000 -99.000 -99.000 -99.000 -99.000 -9999.0 -9999.0 -9999.0 -9999.0 -9999.0
03054 20080312  1.302 -102.77   33.96    25.1    -3.2    10.9    12.4     0.0    20.42 R    35.7    -3.7    13.6 -9999.0 -9999.0 -9999.0 -99.000 -99.000 -99.000 -99.000 -99.000 -9999.0 -9999.0 -9999.0 -9999.0 -9999.0
03054 20080313  1.302 -102.77   33.96    20.5     4.1    12.3    12.6     0.0    22.27 R    36.2     4.6    15.3 -9999.0 -9999.0 -9999.0 -99.000 -99.000 -99.000 -99.000 -99.000 -9999.0 -9999.0 -9999.0 -9999.0 -9999.0
03054 20080314  1.302 -102.77   33.96    26.5     0.4    13.5    14.5     0.0    22.54 R    35.6     0.0    15.8 -9999.0 -9999.0 -9999.0 -99.000 -99.000 -99.000 -99.000 -99.000 -9999.0 -9999.0 -9999.0 -9999.0 -9999.0
03054 20080315  1.302 -102.77   33.96    20.0    -1.7     9.1     9.4     0.0    22.25 R    34.5    -2.7    13.5 -9999.0 -9999.0 -9999.0 -99.000 -99.000 -99.000 -99.000 -99.000 -9999.0 -9999.0 -9999.0 -9999.0 -9999.0
03054 20080316  1.302 -102.77   33.96    23.1     5.1    14.1    12.8     0.0    17.14 R    30.3     5.2    14.8 -9999.0 -9999.0 -9999.0 -99.000 -99.000 -99.000 -99.000 -99.000 -9999.0 -9999.0 -9999.0 -9999.0 -9999.0
03054 20080317  1.302 -102.77   33.96    17.0     3.9    10.5    10.8     0.0    19.95 R    32.4     4.2    14.6 -9999.0 -9999.0 -9999.0 -99.000 -99.000 -99.000 -99.000 -99.000 -9999.0 -9999.0 -9999.0 -9999.0 -9999.0
03054 20080318  1.302 -102.77   33.96    14.9    -2.7     6.1     6.8     0.0    18.32 R    26.8    -2.4     9.7 -9999.0 -9999.0 -9999.0 -99.000 -99.000 -99.000 -99.000 -99.000 -9999.0 -9999.0 -9999.0 -9999.0 -9999.0
03054 20080319  1.302 -102.77   33.96    20.0    -4.3     7.8     7.7     0.0    24.14 R    37.1    -4.7    11.5 -9999.0 -9999.0 -9999.0 -99.000 -99.000 -99.000 -99.000 -99.000 -9999.0 -9999.0 -9999.0 -9999.0 -9999.0
03054 20080320  1.302 -102.77   33.96    26.5     1.4    13.9    13.9     0.0    24.29 R    36.3    -0.8    15.4 -9999.0 -9999.0 -9999.0 -99.000 -99.000 -99.000 -99.000 -99.000 -9999.0 -9999.0 -9999.0 -9999.0 -9999.0
03054 20080321  1.302 -102.77   33.96    21.8     1.6    11.7    12.1     0.0    24.10 R    40.3     1.1    15.9 -9999.0 -9999.0 -9999.0 -99.000 -99.000 -99.000 -99.000 -99.000 -9999.0 -9999.0 -9999.0 -9999.0 -9999.0
03054 20080322  1.302 -102.77   33.96    20.8    -0.6    10.1    10.7     0.0    22.69 R    39.2     0.1    15.5 -9999.0 -9999.0 -9999.0 -99.000 -99.000 -99.000 -99.000 -99.000 -9999.0 -9999.0 -9999.0 -9999.0 -9999.0
03054 20080323  1.302 -102.77   33.96     6.6    -1.9     2.4     4.1     0.0     6.29 R    17.4    -2.0     6.3 -9999.0 -9999.0 -9999.0 -99.000 -99.000 -99.000 -99.000 -99.000 -9999.0 -9999.0 -9999.0 -9999.0 -9999.0
03054 20080324  1.302 -102.77   33.96 -9999.0 -9999.0 -9999.0 -9999.0 -9999.0 -9999.00 U -9999.0 -9999.0 -9999.0 -9999.0 -9999.0 -9999.0 -99.000 -99.000 -99.000 -99.000 -99.000 -9999.0 -9999.0 -9999.0 -9999.0 -9999.0
03054 20080325  1.302 -102.77   33.96    27.8     1.4    14.6    16.4     0.0    24.80 R    40.9     0.6    18.2 -9999.0 -9999.0 -9999.0 -99.000 -99.000 -99.000 -99.000 -99.000 -9999.0 -9999.0 -9999.0 -9999.0 -9999.0
03054 20080326  1.302 -102.77   33.96    26.9     4.5    15.7    16.8     0.0    15.43 R    36.3     3.1    16.6 -9999.0 -9999.0 -9999.0 -99.000 -99.000 -99.000 -99.000 -99.000 -9999.0 -9999.0 -9999.0 -9999.0 -9999.0
03054 20080327  1.302 -102.77   33.96    28.5     5.6    17.0    17.8     0.0    25.55 R    41.5     3.3    19.6 -9999.0 -9999.0 -9999.0 -99.000 -99.000 -99.000 -99.000 -99.000 -9999.0 -9999.0 -9999.0 -9999.0 -9999.0
03054 20080328  1.302 -102.77   33.96    16.6     1.4     9.0     8.8     0.0    22.91 R    35.0     1.3    14.1 -9999.0 -9999.0 -9999.0 -99.000 -99.000 -99.000 -99.000 -99.000 -9999.0 -9999.0 -9999.0 -9999.0 -9999.0
03054 20080329  1.302 -102.77   33.96    24.7    -3.3    10.7    11.4     0.0    23.84 R    38.9    -2.1    16.0 -9999.0 -9999.0 -9999.0 -99.000 -99.000 -99.000 -99.000 -99.000 -9999.0 -9999.0 -9999.0 -9999.0 -9999.0
03054 20080330  1.302 -102.77   33.96    29.8     9.1    19.4    18.8     0.0    25.30 R    46.2     8.6    22.9 -9999.0 -9999.0 -9999.0 -99.000 -99.000 -99.000 -99.000 -99.000 -9999.0 -9999.0 -9999.0 -9999.0 -9999.0
03054 20080331  1.302 -102.77   33.96    25.8     2.5    14.2    15.2     0.0    25.83 R    41.1     2.5    18.3 -9999.0 -9999.0 -9999.0 -99.000 -99.000 -99.000 -99.000 -99.000 -9999.0 -9999.0 -9999.0 -9999.0 -9999.0
03054 20080401  1.302 -102.77   33.96    16.1     0.6     8.4     7.7     0.0    25.83 R    35.9     0.6    13.1 -9999.0 -9999.0 -9999.0 -99.000 -99.000 -99.000 -99.000 -99.000 -9999.0 -9999.0 -9999.0 -9999.0 -9999.0
03054 20080402  1.302 -102.77   33.96    21.4    -0.8    10.3    10.4     0.0    18.26 R    35.8    -0.4    14.0 -9999.0 -9999.0 -9999.0 -99.000 -99.000 -99.000 -99.000 -99.000 -9999.0 -9999.0 -9999.0 -9999.0 -9999.0
03054 20080403  1.302 -102.77   33.96    25.3     8.0    16.6    17.6     0.0    26.40 R    41.7     7.7    20.7 -9999.0 -9999.0 -9999.0 -99.000 -99.000 -99.000 -99.000 -99.000 -9999.0 -9999.0 -9999.0 -9999.0 -9999.0
03054 20080404  1.302 -102.77   33.96    18.9     1.0    10.0     9.5     0.0    25.33 R    40.8     1.9    15.8 -9999.0 -9999.0 -9999.0 -99.000 -99.000 -99.000 -99.000 -99.000 -9999.0 -9999.0 -9999.0 -9999.0 -9999.0
03054 20080405  1.302 -102.77   33.96    25.4    -3.4    11.0    12.7     0.0    25.90 R    39.3    -2.5    15.5 -9999.0 -9999.0 -9999.0 -99.000 -99.000 -99.000 -99.000 -99.000 -9999.0 -9999.0 -9999.0 -9999.0 -9999.0
03054 20080406  1.302 -102.77   33.96    23.4     2.8    13.1    14.8     0.0    26.21 R    44.8     2.4    19.3 -9999.0 -9999.0 -9999.0 -99.000 -99.000 -99.000 -99.000 -99.000 -9999.0 -9999.0 -9999.0 -9999.0 -9999.0
03054 20080407  1.302 -102.77   33.96    28.7    -0.5    14.1    17.2     0.0    25.97 R    48.2     0.5    21.0 -9999.0 -9999.0 -9999.0 -99.000 -99.000 -99.000 -99.000 -99.000 -9999.0 -9999.0 -9999.0 -9999.0 -9999.0
03054 20080408  1.302 -102.77   33.96    22.0     0.5    11.2    12.6     0.0    26.38 R    43.1     1.0    18.6 -9999.0 -9999.0 -9999.0 -99.000 -99.000 -99.000 -99.000 -99.000 -9999.0 -9999.0 -9999.0 -9999.0 -9999.0
03054 20080409  1.302 -102.77   33.96    15.6     6.3    10.9     9.3     9.2    10.43 R    22.0     6.2    10.8 -9999.0 -9999.0 -9999.0 -99.000 -99.000 -99.000 -99.000 -99.000 -9999.0 -9999.0 -9999.0 -9999.0 -9999.0
03054 20080410  1.302 -102.77   33.96    16.6     1.9     9.2    10.5     0.0    24.27 R    24.1     1.7    11.5 -9999.0 -9999.0 -9999.0 -99.000 -99.000 -99.000 -99.000 -99.000 -9999.0 -9999.0 -9999.0 -9999.0 -9999.0
03054 20080411  1.302 -102.77   33.96    16.4    -4.7     5.8     6.6     0.0    24.06 R    36.2    -3.3    11.1 -9999.0 -9999.0 -9999.0 -99.000 -99.000 -99.000 -99.000 -99.000 -9999.0 -9999.0 -9999.0 -9999.0 -9999.0
03054 20080412  1.302 -102.77   33.96    15.9    -0.1     7.9     8.1     0.0    25.79 R    35.4    -0.1    12.9 -9999.0 -9999.0 -9999.0 -99.000 -99.000 -99.000 -99.000 -99.000 -9999.0 -9999.0 -9999.0 -9999.0 -9999.0
03054 20080413  1.302 -102.77   33.96    18.0    -3.1     7.5     8.1     0.0    27.40 R    37.2    -2.7    13.9 -9999.0 -9999.0 -9999.0 -99.000 -99.000 -99.000 -99.000 -99.000 -9999.0 -9999.0 -9999.0 -9999.0 -9999.0
03054 20080414  1.302 -102.77   33.96    25.6    -3.8    10.9    12.8     0.0    27.80 R    40.3    -3.0    16.2 -9999.0 -9999.0 -9999.0 -99.000 -99.000 -99.000 -99.000 -99.000 -9999.0 -9999.0 -9999.0 -9999.0 -9999.0
03054 20080415  1.302 -102.77   33.96    32.1     4.5    18.3    19.7     0.0    27.39 R    43.1     2.7    21.8 -9999.0 -9999.0 -9999.0 -99.000 -99.000 -99.000 -99.000 -99.000 -9999.0 -9999.0 -9999.0 -9999.0 -9999.0
03054 20080416  1.302 -102.77   33.96    31.0     8.2    19.6    20.5     0.0    27.96 R    46.6     7.4    23.2 -9999.0 -9999.0 -9999.0 -99.000 -99.000 -99.000 -99.000 -99.000 -9999.0 -9999.0 -9999.0 -9999.0 -9999.0
03054 20080417  1.302 -102.77   33.96    14.7    -1.4     6.7     7.3     0.0    15.81 R    27.8    -0.5    10.3 -9999.0 -9999.0 -9999.0 -99.000 -99.000 -99.000 -99.000 -99.000 -9999.0 -9999.0 -9999.0 -9999.0 -9999.0
03054 20080418  1.302 -102.77   33.96    22.8    -4.8     9.0     9.5     0.0    28.37 R    41.8    -4.6    14.8 -9999.0 -9999.0 -9999.0 -99.000 -99.000 -99.000 -99.000 -99.000 -9999.0 -9999.0 -9999.0 -9999.0 -9999.0
03054 20080419  1.302 -102.77   33.96    31.1     2.0    16.6    18.0     0.0    23.43 R    49.4     0.8    20.9 -9999.0 -9999.0 -9999.0 -99.000 -99.000 -99.000 -99.000 -99.000 -9999.0 -9999.0 -9999.0 -9999.0 -9999.0
03054 20080420  1.302 -102.77   33.96    30.6     9.0    19.8    20.6     0.0    25.08 R    46.2     8.8    23.0 -9999.0 -9999.0 -9999.0 -99.000 -99.000 -99.000 -99.000 -99.000 -9999.0 -9999.0 -9999.0 -9999.0 -9999.0
03054 20080421  1.302 -102.77   33.96    30.1     5.8    17.9    18.5     0.0    29.11 R    48.8     6.1    22.5 -9999.0 -9999.0 -9999.0 -99.000 -99.000 -99.000 -99.000 -99.000 -9999.0 -9999.0 -9999.0 -9999.0 -9999.0
03054 20080422  1.302 -102.77   33.96    27.7     3.4    15.6    16.8     0.0    27.89 R    45.8     4.2    21.8 -9999.0 -9999.0 -9999.0 -99.000 -99.000 -99.000 -99.000 -99.000 -9999.0 -9999.0 -9999.0 -9999.0 -9999.0
03054 20080423  1.302 -102.77   33.96    23.9     9.0    16.4    17.3     1.1    16.36 R    36.1     7.5    18.8 -9999.0 -9999.0 -9999.0 -99.000 -99.000 -99.000 -99.000 -99.000 -9999.0 -9999.0 -9999.0 -9999.0 -9999.0
03054 20080424  1.302 -102.77   33.96    31.8     0.0    15.9    19.6     0.0    29.19 R    45.9     0.8    22.2 -9999.0 -9999.0 -9999.0 -99.000 -99.000 -99.000 -99.000 -99.000 -9999.0 -9999.0 -9999.0 -9999.0 -9999.0
03054 20080425  1.302 -102.77   33.96    22.1     8.1    15.1    15.3     0.0    28.46 R    43.7     7.4    21.3 -9999.0 -9999.0 -9999.0 -99.000 -99.000 -99.000 -99.000 -99.000 -9999.0 -9999.0 -9999.0 -9999.0 -9999.0
03054 20080426  1.302 -102.77   33.96    27.5     1.7    14.6    15.3     0.0    28.15 R    45.8     2.3    20.5 -9999.0 -9999.0 -9999.0 -99.000 -99.000 -99.000 -99.000 -99.000 -9999.0 -9999.0 -9999.0 -9999.0 -9999.0
03054 20080427  1.302 -102.77   33.96    17.8    -0.2     8.8    10.4     0.0    28.72 R    39.8     1.2    16.3 -9999.0 -9999.0 -9999.0 -99.000 -99.000 -99.000 -99.000 -99.000 -9999.0 -9999.0 -9999.0 -9999.0 -9999.0
03054 20080428  1.302 -102.77   33.96    26.8    -1.7    12.5    15.0     0.0    29.71 R    44.4    -1.6    19.0 -9999.0 -9999.0 -9999.0 -99.000 -99.000 -99.000 -99.000 -99.000 -9999.0 -9999.0 -9999.0 -9999.0 -9999.0
03054 20080429  1.302 -102.77   33.96    31.3     3.4    17.4    19.3     0.0    27.88 R    48.8     2.9    23.1 -9999.0 -9999.0 -9999.0 -99.000 -99.000 -99.000 -99.000 -99.000 -9999.0 -9999.0 -9999.0 -9999.0 -9999.0
03054 20080430  1.302 -102.77   33.96    33.0     7.0    20.0    22.6     0.0    27.66 R    48.1     6.7    25.5 -9999.0 -9999.0 -9999.0 -99.000 -99.000 -99.000 -99.000 -99.000 -9999.0 -9999.0 -9999.0 -9999.0 -9999.0
03054 20080501  1.302 -102.77   33.96    30.0     7.8    18.9    21.8     0.0    27.55 R    46.0     7.8    24.6 -9999.0 -9999.0 -9999.0 -99.000 -99.000 -99.000 -99.000 -99.000 -9999.0 -9999.0 -9999.0 -9999.0 -9999.0
03054 20080502  1.302 -102.77   33.96    22.2    -0.7    10.7    12.6     0.0    30.40 R    38.6    -0.4    16.8 -9999.0 -9999.0 -9999.0 -99.000 -99.000 -99.000 -99.000 -99.000 -9999.0 -9999.0 -9999.0 -9999.0 -9999.0
03054 20080503  1.302 -102.77   33.96    19.4    -1.9     8.8     9.3     0.0    26.52 R    42.8    -1.5    16.0 -9999.0 -9999.0 -9999.0 -99.000 -99.000 -99.000 -99.000 -99.000 -9999.0 -9999.0 -9999.0 -9999.0 -9999.0
03054 20080504  1.302 -102.77   33.96    27.6     0.9    14.3    16.0     0.0    27.16 R    44.9     2.0    20.7 -9999.0 -9999.0 -9999.0 -99.000 -99.000 -99.000 -99.000 -99.000 -9999.0 -9999.0 -9999.0 -9999.0 -9999.0
03054 20080505  1.302 -102.77   33.96    28.4    13.3    20.8    19.9    34.9    17.00 R    44.7     7.8    23.0 -9999.0 -9999.0 -9999.0 -99.000 -99.000 -99.000 -99.000 -99.000 -9999.0 -9999.0 -9999.0 -9999.0 -9999.0
03054 20080506  1.302 -102.77   33.96    26.5    13.5    20.0    18.3     4.9    14.77 R    31.6    13.3    18.7 -9999.0 -9999.0 -9999.0 -99.000 -99.000 -99.000 -99.000 -99.000 -9999.0 -9999.0 -9999.0 -9999.0 -9999.0
03054 20080507  1.302 -102.77   33.96    21.2     8.7    15.0    14.9    15.1    21.53 R    25.7     9.0    15.7 -9999.0 -9999.0 -9999.0 -99.000 -99.000 -99.000 -99.000 -99.000 -9999.0 -9999.0 -9999.0 -9999.0 -9999.0
03054 20080508  1.302 -102.77   33.96    28.9     7.1    18.0    18.4     0.0    29.59 R    34.0     7.4    19.1 -9999.0 -9999.0 -9999.0 -99.000 -99.000 -99.000 -99.000 -99.000 -9999.0 -9999.0 -9999.0 -9999.0 -9999.0
03054 20080509  1.302 -102.77   33.96    28.0     8.1    18.1    18.5     0.0    26.56 R    38.3     7.9    21.2 -9999.0 -9999.0 -9999.0 -99.000 -99.000 -99.000 -99.000 -99.000 -9999.0 -9999.0 -9999.0 -9999.0 -9999.0
03054 20080510  1.302 -102.77   33.96    29.9    11.6    20.7    21.9     0.0    29.53 R    39.5    11.1    23.5 -9999.0 -9999.0 -9999.0 -99.000 -99.000 -99.000 -99.000 -99.000 -9999.0 -9999.0 -9999.0 -9999.0 -9999.0
03054 20080511  1.302 -102.77   33.96    22.6     2.6    12.6    13.7     0.0    29.30 R    38.3     3.9    18.8 -9999.0 -9999.0 -9999.0 -99.000 -99.000 -99.000 -99.000 -99.000 -9999.0 -9999.0 -9999.0 -9999.0 -9999.0
03054 20080512  1.302 -102.77   33.96    32.7     4.8    18.7    20.1     0.0    29.84 R    44.3     5.4    22.7 -9999.0 -9999.0 -9999.0 -99.000 -99.000 -99.000 -99.000 -99.000 -9999.0 -9999.0 -9999.0 -9999.0 -9999.0
03054 20080513  1.302 -102.77   33.96    30.2     7.7    19.0    19.8     0.0    30.23 R    45.3     7.7    24.5 -9999.0 -9999.0 -9999.0 -99.000 -99.000 -99.000 -99.000 -99.000 -9999.0 -9999.0 -9999.0 -9999.0 -9999.0
03054 20080514  1.302 -102.77   33.96    17.2     7.2    12.2    12.3    12.0     7.24 R    26.4     7.6    13.6 -9999.0 -9999.0 -9999.0 -99.000 -99.000 -99.000 -99.000 -99.000 -9999.0 -9999.0 -9999.0 -9999.0 -9999.0
03054 20080515  1.302 -102.77   33.96    16.7     6.1    11.4    12.0     0.0    14.62 R    23.7     6.1    13.4 -9999.0 -9999.0 -9999.0 -99.000 -99.000 -99.000 -99.000 -99.000 -9999.0 -9999.0 -9999.0 -9999.0 -9999.0
03054 20080516  1.302 -102.77   33.96    21.6     8.1    14.9    15.1     0.0    28.56 R    35.3     7.7    18.4 -9999.0 -9999.0 -9999.0 -99.000 -99.000 -99.000 -99.000 -99.000 -9999.0 -9999.0 -9999.0 -9999.0 -9999.0
03054 20080517  1.302 -102.77   33.96    20.7     7.5    14.1    14.6     4.4    11.77 R    26.9     8.4    14.7 -9999.0 -9999.0 -9999.0 -99.000 -99.000 -99.000 -99.000 -99.000 -9999.0 -9999.0 -9999.0 -9999.0 -9999.0
03054 20080518  1.302 -102.77   33.96    29.6    10.6    20.1    20.3     0.0    30.45 R    40.7     9.1    22.4 -9999.0 -9999.0 -9999.0 -99.000 -99.000 -99.000 -99.000 -99.000 -9999.0 -9999.0 -9999.0 -9999.0 -9999.0
03054 20080519  1.302 -102.77   33.96    33.9    13.9    23.9    24.1     0.0    30.03 R    47.4    12.2    26.6 -9999.0 -9999.0 -9999.0 -99.000 -99.000 -99.000 -99.000 -99.000 -9999.0 -9999.0 -9999.0 -9999.0 -9999.0
03054 20080520  1.302 -102.77   33.96    31.0    12.3    21.7    23.5     0.0    29.54 R    42.8    12.8    26.2 -9999.0 -9999.0 -9999.0 -99.000 -99.000 -99.000 -99.000 -99.000 -9999.0 -9999.0 -9999.0 -9999.0 -9999.0
03054 20080521  1.302 -102.77   33.96    34.3    14.8    24.5    23.9     0.0    27.35 R    44.8    14.4    27.3 -9999.0 -9999.0 -9999.0 -99.000 -99.000 -99.000 -99.000 -99.000 -9999.0 -9999.0 -9999.0 -9999.0 -9999.0
03054 20080522  1.302 -102.77   33.96    29.8    12.3    21.0    23.8     0.0    30.46 R    40.8    13.7    26.6 -9999.0 -9999.0 -9999.0 -99.000 -99.000 -99.000 -99.000 -99.000 -9999.0 -9999.0 -9999.0 -9999.0 -9999.0
03054 20080523  1.302 -102.77   33.96    31.7     7.9    19.8    21.8     0.0    30.68 R    43.8     9.0    25.3 -9999.0 -9999.0 -9999.0 -99.000 -99.000 -99.000 -99.000 -99.000 -9999.0 -9999.0 -9999.0 -9999.0 -9999.0
03054 20080524  1.302 -102.77   33.96    30.1     6.4    18.2    19.1     0.0    31.14 R    45.1     7.1    24.0 -9999.0 -9999.0 -9999.0 -99.000 -99.000 -99.000 -99.000 -99.000 -9999.0 -9999.0 -9999.0 -9999.0 -9999.0
03054 20080525  1.302 -102.77   33.96    32.5    11.6    22.0    22.1    16.7    18.89 R    43.7    10.9    23.8 -9999.0 -9999.0 -9999.0 -99.000 -99.000 -99.000 -99.000 -99.000 -9999.0 -9999.0 -9999.0 -9999.0 -9999.0
03054 20080526  1.302 -102.77   33.96    32.6    13.8    23.2    23.3     0.0    30.34 R    39.4    13.1    23.7 -9999.0 -9999.0 -9999.0 -99.000 -99.000 -99.000 -99.000 -99.000 -9999.0 -9999.0 -9999.0 -9999.0 -9999.0
03054 20080527  1.302 -102.77   33.96    30.4    15.6    23.0    22.8     0.0    30.63 R    44.3    14.2    26.4 -9999.0 -9999.0 -9999.0 -99.000 -99.000 -99.000 -99.000 -99.000 -9999.0 -9999.0 -9999.0 -9999.0 -9999.0
03054 20080528  1.302 -102.77   33.96    25.4    14.3    19.8    19.9     0.0    18.40 R    36.7    14.8    23.2 -9999.0 -9999.0 -9999.0 -99.000 -99.000 -99.000 -99.000 -99.000 -9999.0 -9999.0 -9999.0 -9999.0 -9999.0
03054 20080529  1.302 -102.77   33.96    32.9    15.4    24.1    24.6     1.3    25.41 R    42.6    14.8    26.0 -9999.0 -9999.0 -9999.0 -99.000 -99.000 -99.000 -99.000 -99.000 -9999.0 -9999.0 -9999.0 -9999.0 -9999.0
03054 20080530  1.302 -102.77   33.96    34.7    13.7    24.2    24.8     0.0    31.67 R    52.5    12.8    28.6 -9999.0 -9999.0 -9999.0 -99.000 -99.000 -99.000 -99.000 -99.000 -9999.0 -9999.0 -9999.0 -9999.0 -9999.0
03054 20080531  1.302 -102.77   33.96    36.2    13.0    24.6    25.8     0.0    30.42 R    55.0    12.5    30.1 -9999.0 -9999.0 -9999.0 -99.000 -99.000 -99.000 -99.000 -99.000 -9999.0 -9999.0 -9999.0 -9999.0 -9999.0
03054 20080601  1.302 -102.77   33.96    37.6    12.9    25.3    26.9     0.0    31.08 R    55.7    13.1    31.8 -9999.0 -9999.0 -9999.0 -99.000 -99.000 -99.000 -99.000 -99.000 -9999.0 -9999.0 -9999.0 -9999.0 -9999.0
03054 20080602  1.302 -102.77   33.96    38.5    17.2    27.8    29.6     0.0    30.73 R    51.0    16.4    32.0 -9999.0 -9999.0 -9999.0 -99.000 -99.000 -99.000 -99.000 -99.000 -9999.0 -9999.0 -9999.0 -9999.0 -9999.0
03054 20080603  1.302 -102.77   33.96    36.0    16.9    26.4    27.8     0.0    29.71 R    54.0    16.4    30.9 -9999.0 -9999.0 -9999.0 -99.000 -99.000 -99.000 -99.000 -99.000 -9999.0 -9999.0 -9999.0 -9999.0 -9999.0
03054 20080604  1.302 -102.77   33.96    36.3    16.0    26.1    28.1     0.0    30.06 R    50.9    16.6    30.8 -9999.0 -9999.0 -9999.0 -99.000 -99.000 -99.000 -99.000 -99.000 -9999.0 -9999.0 -9999.0 -9999.0 -9999.0
03054 20080605  1.302 -102.77   33.96    31.1    17.6    24.4    25.7     0.0    31.13 R    46.2    15.9    28.7 -9999.0 -9999.0 -9999.0 -99.000 -99.000 -99.000 -99.000 -99.000 -9999.0 -9999.0 -9999.0 -9999.0 -9999.0
03054 20080606  1.302 -102.77   33.96    32.8     9.4    21.1    24.0     0.0    31.91 R    50.6     9.9    28.8 -9999.0 -9999.0 -9999.0 -99.000 -99.000 -99.000 -99.000 -99.000 -9999.0 -9999.0 -9999.0 -9999.0 -9999.0
03054 20080607  1.302 -102.77   33.96    36.8    17.4    27.1    27.8     0.0    27.35 R    50.4    17.2    31.3 -9999.0 -9999.0 -9999.0 -99.000 -99.000 -99.000 -99.000 -99.000 -9999.0 -9999.0 -9999.0 -9999.0 -9999.0
03054 20080608  1.302 -102.77   33.96    37.0    20.0    28.5    28.5     0.0    30.35 R    55.5    19.1    33.6 -9999.0 -9999.0 -9999.0 -99.000 -99.000 -99.000 -99.000 -99.000 -9999.0 -9999.0 -9999.0 -9999.0 -9999.0
03054 20080609  1.302 -102.77   33.96    29.7    14.2    22.0    22.6     0.0    29.89 R    51.1    14.6    29.7 -9999.0 -9999.0 -9999.0 -99.000 -99.000 -99.000 -99.000 -99.000 -9999.0 -9999.0 -9999.0 -9999.0 -9999.0
03054 20080610  1.302 -102.77   33.96    37.0    13.4    25.2    26.2     0.0    27.39 R    52.4    14.6    30.5 -9999.0 -9999.0 -9999.0 -99.000 -99.000 -99.000 -99.000 -99.000 -9999.0 -9999.0 -9999.0 -9999.0 -9999.0
03054 20080611  1.302 -102.77   33.96    39.6    20.6    30.1    30.3     0.0    30.68 R    52.3    19.7    33.0 -9999.0 -9999.0 -9999.0 -99.000 -99.000 -99.000 -99.000 -99.000 -9999.0 -9999.0 -9999.0 -9999.0 -9999.0
03054 20080612  1.302 -102.77   33.96    35.6    12.8    24.2    25.3     0.0    32.18 R    56.1    13.0    31.3 -9999.0 -9999.0 -9999.0 -99.000 -99.000 -99.000 -99.000 -99.000 -9999.0 -9999.0 -9999.0 -9999.0 -9999.0
03054 20080613  1.302 -102.77   33.96    33.5    16.7    25.1    25.9     0.0    31.61 R    55.3    15.9    31.7 -9999.0 -9999.0 -9999.0 -99.000 -99.000 -99.000 -99.000 -99.000 -9999.0 -9999.0 -9999.0 -9999.0 -9999.0
03054 20080614  1.302 -102.77   33.96    37.5    14.4    25.9    27.2     0.0    29.13 R    56.6    15.5    32.4 -9999.0 -9999.0 -9999.0 -99.000 -99.000 -99.000 -99.000 -99.000 -9999.0 -9999.0 -9999.0 -9999.0 -9999.0
03054 20080615  1.302 -102.77   33.96    39.6    14.4    27.0    28.7     0.0    30.75 R    60.5    15.0    34.4 -9999.0 -9999.0 -9999.0 -99.000 -99.000 -99.000 -99.000 -99.000 -9999.0 -9999.0 -9999.0 -9999.0 -9999.0
03054 20080616  1.302 -102.77   33.96    37.6    15.2    26.4    27.8     0.0    29.02 R    57.0    15.1    33.6 -9999.0 -9999.0 -9999.0 -99.000 -99.000 -99.000 -99.000 -99.000 -9999.0 -9999.0 -9999.0 -9999.0 -9999.0
03054 20080617  1.302 -102.77   33.96    32.9    16.8    24.9    24.3    10.2    28.59 R    52.3    17.6    30.7 -9999.0 -9999.0 -9999.0 -99.000 -99.000 -99.000 -99.000 -99.000 -9999.0 -9999.0 -9999.0 -9999.0 -9999.0
03054 20080618  1.302 -102.77   33.96    32.6    17.2    24.9    24.9     0.0    28.60 R    44.3    16.8    27.6 -9999.0 -9999.0 -9999.0 -99.000 -99.000 -99.000 -99.000 -99.000 -9999.0 -9999.0 -9999.0 -9999.0 -9999.0
03054 20080619  1.302 -102.77   33.96 -9999.0 -9999.0 -9999.0 -9999.0     0.0 -9999.00 U -9999.0 -9999.0 -9999.0 -9999.0 -9999.0 -9999.0 -99.000 -99.000 -99.000 -99.000 -99.000 -9999.0 -9999.0 -9999.0 -9999.0 -9999.0
03054 20080620  1.302 -102.77   33.96    30.7    16.5    23.6    23.1     0.0    29.31 R    44.3    16.8    26.8 -9999.0 -9999.0 -9999.0 -99.000 -99.000 -99.000 -99.000 -99.000 -9999.0 -9999.0 -9999.0 -9999.0 -9999.0
03054 20080621  1.302 -102.77   33.96    29.9    14.8    22.3    22.0     5.5    25.28 R    39.8    14.4    24.6 -9999.0 -9999.0 -9999.0 -99.000 -99.000 -99.000 -99.000 -99.000 -9999.0 -9999.0 -9999.0 -9999.0 -9999.0
03054 20080622  1.302 -102.77   33.96    32.7    13.9    23.3    23.1     1.6    27.64 R    48.7    14.8    27.1 -9999.0 -9999.0 -9999.0 -99.000 -99.000 -99.000 -99.000 -99.000 -9999.0 -9999.0 -9999.0 -9999.0 -9999.0
03054 20080623  1.302 -102.77   33.96    34.1    15.0    24.6    23.9     0.7    26.67 R    47.7    14.4    26.6 -9999.0 -9999.0 -9999.0 -99.000 -99.000 -99.000 -99.000 -99.000 -9999.0 -9999.0 -9999.0 -9999.0 -9999.0
03054 20080624  1.302 -102.77   33.96    33.3    14.9    24.1    24.1     0.0    28.60 R    48.1    14.7    28.9 -9999.0 -9999.0 -9999.0 -99.000 -99.000 -99.000 -99.000 -99.000 -9999.0 -9999.0 -9999.0 -9999.0 -9999.0
03054 20080625  1.302 -102.77   33.96    34.3    15.4    24.9    24.7     0.8    28.96 R    52.3    15.4    29.5 -9999.0 -9999.0 -9999.0 -99.000 -99.000 -99.000 -99.000 -99.000 -9999.0 -9999.0 -9999.0 -9999.0 -9999.0
03054 20080626  1.302 -102.77   33.96    35.9    15.3    25.6    25.5     0.0    27.34 R    52.5    14.7    29.1 -9999.0 -9999.0 -9999.0 -99.000 -99.000 -99.000 -99.000 -99.000 -9999.0 -9999.0 -9999.0 -9999.0 -9999.0
03054 20080627  1.302 -102.77   33.96    36.7    15.7    26.2    27.4     0.0    27.49 R    55.6    16.0    32.4 -9999.0 -9999.0 -9999.0 -99.000 -99.000 -99.000 -99.000 -99.000 -9999.0 -9999.0 -9999.0 -9999.0 -9999.0
03054 20080628  1.302 -102.77   33.96    34.8    18.1    26.4    25.5     1.5    22.80 R    57.9    18.4    29.9 -9999.0 -9999.0 -9999.0 -99.000 -99.000 -99.000 -99.000 -99.000 -9999.0 -9999.0 -9999.0 -9999.0 -9999.0
03054 20080629  1.302 -102.77   33.96    26.5    16.2    21.3    20.4     1.8    18.87 R    41.0    16.7    23.4 -9999.0 -9999.0 -9999.0 -99.000 -99.000 -99.000 -99.000 -99.000 -9999.0 -9999.0 -9999.0 -9999.0 -9999.0
03054 20080630  1.302 -102.77   33.96    29.5    12.4    20.9    21.6     0.0    28.61 R    48.1    12.3    27.2 -9999.0 -9999.0 -9999.0 -99.000 -99.000 -99.000 -99.000 -99.000 -9999.0 -9999.0 -9999.0 -9999.0 -9999.0
03054 20080701  1.302 -102.77   33.96    31.3    12.4    21.9    23.2     0.0    27.85 R    49.7    13.3    28.4 -9999.0 -9999.0 -9999.0 -99.000 -99.000 -99.000 -99.000 -99.000 -9999.0 -9999.0 -9999.0 -9999.0 -9999.0
03054 20080702  1.302 -102.77   33.96    31.6    15.1    23.4    24.4     0.0    30.60 R    54.5    15.3    30.7 -9999.0 -9999.0 -9999.0 -99.000 -99.000 -99.000 -99.000 -99.000 -9999.0 -9999.0 -9999.0 -9999.0 -9999.0
03054 20080703  1.302 -102.77   33.96    30.1    15.3    22.7    22.5     0.0    19.45 R    48.9    16.2    27.2 -9999.0 -9999.0 -9999.0 -99.000 -99.000 -99.000 -99.000 -99.000 -9999.0 -9999.0 -9999.0 -9999.0 -9999.0
03054 20080704  1.302 -102.77   33.96    31.9    13.3    22.6    23.2     0.0    28.51 R    55.0    14.0    29.9 -9999.0 -9999.0 -9999.0 -99.000 -99.000 -99.000 -99.000 -99.000 -9999.0 -9999.0 -9999.0 -9999.0 -9999.0
03054 20080705  1.302 -102.77   33.96    32.6    14.2    23.4    25.2     0.0    29.82 R    50.9    15.2    30.8 -9999.0 -9999.0 -9999.0 -99.000 -99.000 -99.000 -99.000 -99.000 -9999.0 -9999.0 -9999.0 -9999.0 -9999.0
03054 20080706  1.302 -102.77   33.96    30.9    13.8    22.3    23.9     0.0    29.47 R    47.6    14.7    29.3 -9999.0 -9999.0 -9999.0 -99.000 -99.000 -99.000 -99.000 -99.000 -9999.0 -9999.0 -9999.0 -9999.0 -9999.0
03054 20080707  1.302 -102.77   33.96    30.0    16.0    23.0    23.2     0.0    22.93 R    45.3    15.8    27.2 -9999.0 -9999.0 -9999.0 -99.000 -99.000 -99.000 -99.000 -99.000 -9999.0 -9999.0 -9999.0 -9999.0 -9999.0
03054 20080708  1.302 -102.77   33.96    27.2    17.3    22.3    22.4     2.0    16.23 R    41.0    18.0    26.4 -9999.0 -9999.0 -9999.0 -99.000 -99.000 -99.000 -99.000 -99.000 -9999.0 -9999.0 -9999.0 -9999.0 -9999.0
03054 20080709  1.302 -102.77   33.96    26.3    18.8    22.5    21.3    11.4     8.36 R    29.5    18.8    22.2 -9999.0 -9999.0 -9999.0 -99.000 -99.000 -99.000 -99.000 -99.000 -9999.0 -9999.0 -9999.0 -9999.0 -9999.0
03054 20080710  1.302 -102.77   33.96    30.4    18.8    24.6    22.6     1.4    17.98 R    37.3    19.1    23.7 -9999.0 -9999.0 -9999.0 -99.000 -99.000 -99.000 -99.000 -99.000 -9999.0 -9999.0 -9999.0 -9999.0 -9999.0
03054 20080711  1.302 -102.77   33.96    34.0    18.1    26.1    25.6     0.0    27.23 R    46.0    17.7    28.4 -9999.0 -9999.0 -9999.0 -99.000 -99.000 -99.000 -99.000 -99.000 -9999.0 -9999.0 -9999.0 -9999.0 -9999.0
03054 20080712  1.302 -102.77   33.96    30.9    19.1    25.0    24.8     0.0    24.23 R    43.6    19.3    28.4 -9999.0 -9999.0 -9999.0 -99.000 -99.000 -99.000 -99.000 -99.000 -9999.0 -9999.0 -9999.0 -9999.0 -9999.0
03054 20080713  1.302 -102.77   33.96    23.5    16.0    19.8    19.2    10.8    12.15 R    29.3    16.8    21.2 -9999.0 -9999.0 -9999.0 -99.000 -99.000 -99.000 -99.000 -99.000 -9999.0 -9999.0 -9999.0 -9999.0 -9999.0
03054 20080714  1.302 -102.77   33.96    29.5    17.5    23.5    22.3     1.5    20.76 R    41.4    17.7    24.9 -9999.0 -9999.0 -9999.0 -99.000 -99.000 -99.000 -99.000 -99.000 -9999.0 -9999.0 -9999.0 -9999.0 -9999.0
03054 20080715  1.302 -102.77   33.96    28.8    17.9    23.4    23.0    16.4    19.16 R    33.1    18.4    23.6 -9999.0 -9999.0 -9999.0 -99.000 -99.000 -99.000 -99.000 -99.000 -9999.0 -9999.0 -9999.0 -9999.0 -9999.0
03054 20080716  1.302 -102.77   33.96    29.5    19.8    24.6    24.1     0.0    26.35 R    39.8    19.6    26.7 -9999.0 -9999.0 -9999.0 -99.000 -99.000 -99.000 -99.000 -99.000 -9999.0 -9999.0 -9999.0 -9999.0 -9999.0
03054 20080717  1.302 -102.77   33.96    31.5    18.5    25.0    24.9     0.0    27.06 R    42.5    18.4    28.0 -9999.0 -9999.0 -9999.0 -99.000 -99.000 -99.000 -99.000 -99.000 -9999.0 -9999.0 -9999.0 -9999.0 -9999.0
03054 20080718  1.302 -102.77   33.96    31.5    16.6    24.0    24.2     0.0    23.14 R    44.4    17.8    27.4 -9999.0 -9999.0 -9999.0 -99.000 -99.000 -99.000 -99.000 -99.000 -9999.0 -9999.0 -9999.0 -9999.0 -9999.0
03054 20080719  1.302 -102.77   33.96    31.2    16.3    23.8    24.9     0.0    29.74 R    47.6    17.3    29.4 -9999.0 -9999.0 -9999.0 -99.000 -99.000 -99.000 -99.000 -99.000 -9999.0 -9999.0 -9999.0 -9999.0 -9999.0
03054 20080720  1.302 -102.77   33.96    31.3    14.5    22.9    24.0     0.0    27.02 R    47.6    15.5    28.2 -9999.0 -9999.0 -9999.0 -99.000 -99.000 -99.000 -99.000 -99.000 -9999.0 -9999.0 -9999.0 -9999.0 -9999.0
03054 20080721  1.302 -102.77   33.96    33.3    16.2    24.7    25.1     0.0    28.19 R    50.1    15.8    29.7 -9999.0 -9999.0 -9999.0 -99.000 -99.000 -99.000 -99.000 -99.000 -9999.0 -9999.0 -9999.0 -9999.0 -9999.0
03054 20080722  1.302 -102.77   33.96    34.2    14.2    24.2    25.7     0.0    29.32 R    50.2    15.6    30.6 -9999.0 -9999.0 -9999.0 -99.000 -99.000 -99.000 -99.000 -99.000 -9999.0 -9999.0 -9999.0 -9999.0 -9999.0
03054 20080723  1.302 -102.77   33.96    34.0    14.1    24.0    25.2     0.0    29.30 R    52.9    15.2    31.3 -9999.0 -9999.0 -9999.0 -99.000 -99.000 -99.000 -99.000 -99.000 -9999.0 -9999.0 -9999.0 -9999.0 -9999.0
03054 20080724  1.302 -102.77   33.96    33.1    15.6    24.4    25.7     0.0    25.46 R    50.4    16.7    30.7 -9999.0 -9999.0 -9999.0 -99.000 -99.000 -99.000 -99.000 -99.000 -9999.0 -9999.0 -9999.0 -9999.0 -9999.0
03054 20080725  1.302 -102.77   33.96    32.0    15.1    23.6    24.5     0.0    25.70 R    51.5    16.5    30.1 -9999.0 -9999.0 -9999.0 -99.000 -99.000 -99.000 -99.000 -99.000 -9999.0 -9999.0 -9999.0 -9999.0 -9999.0
03054 20080726  1.302 -102.77   33.96    31.9    16.1    24.0    24.1     0.0    24.33 R    49.9    17.3    29.7 -9999.0 -9999.0 -9999.0 -99.000 -99.000 -99.000 -99.000 -99.000 -9999.0 -9999.0 -9999.0 -9999.0 -9999.0
03054 20080727  1.302 -102.77   33.96    32.3    19.7    26.0    25.8     0.0    23.01 R    47.5    20.6    29.7 -9999.0 -9999.0 -9999.0 -99.000 -99.000 -99.000 -99.000 -99.000 -9999.0 -9999.0 -9999.0 -9999.0 -9999.0
03054 20080728  1.302 -102.77   33.96    36.4    20.8    28.6    28.2     0.0    25.22 R    54.7    20.9    33.1 -9999.0 -9999.0 -9999.0 -99.000 -99.000 -99.000 -99.000 -99.000 -9999.0 -9999.0 -9999.0 -9999.0 -9999.0
03054 20080729  1.302 -102.77   33.96    35.1    19.8    27.5    27.6     0.0    29.07 R    56.0    20.8    34.6 -9999.0 -9999.0 -9999.0 -99.000 -99.000 -99.000 -99.000 -99.000 -9999.0 -9999.0 -9999.0 -9999.0 -9999.0
03054 20080730  1.302 -102.77   33.96    36.3    19.8    28.0    27.9     0.0    26.08 R    56.8    20.3    34.1 -9999.0 -9999.0 -9999.0 -99.000 -99.000 -99.000 -99.000 -99.000 -9999.0 -9999.0 -9999.0 -9999.0 -9999.0
03054 20080731  1.302 -102.77   33.96    38.1    17.5    27.8    27.9     0.0    28.99 R    58.5    17.7    34.1 -9999.0 -9999.0 -9999.0 -99.000 -99.000 -99.000 -99.000 -99.000 -9999.0 -9999.0 -9999.0 -9999.0 -9999.0
03054 20080801  1.302 -102.77   33.96    35.9    15.1    25.5    26.2     0.0    29.11 R    55.3    15.8    32.4 -9999.0 -9999.0 -9999.0 -99.000 -99.000 -99.000 -99.000 -99.000 -9999.0 -9999.0 -9999.0 -9999.0 -9999.0
03054 20080802  1.302 -102.77   33.96    34.3    14.4    24.4    25.1     0.0    27.55 R    53.8    16.3    31.4 -9999.0 -9999.0 -9999.0 -99.000 -99.000 -99.000 -99.000 -99.000 -9999.0 -9999.0 -9999.0 -9999.0 -9999.0
03054 20080803  1.302 -102.77   33.96    35.7    16.4    26.1    26.7     0.0    25.73 R    51.5    16.8    31.3 -9999.0 -9999.0 -9999.0 -99.000 -99.000 -99.000 -99.000 -99.000 -9999.0 -9999.0 -9999.0 -9999.0 -9999.0
03054 20080804  1.302 -102.77   33.96    36.7    16.9    26.8    27.7     0.0    29.01 R    54.2    17.0    32.3 -9999.0 -9999.0 -9999.0 -99.000 -99.000 -99.000 -99.000 -99.000 -9999.0 -9999.0 -9999.0 -9999.0 -9999.0
03054 20080805  1.302 -102.77   33.96    36.5    16.2    26.4    27.0     0.0    26.98 R    56.9    16.6    33.0 -9999.0 -9999.0 -9999.0 -99.000 -99.000 -99.000 -99.000 -99.000 -9999.0 -9999.0 -9999.0 -9999.0 -9999.0
03054 20080806  1.302 -102.77   33.96    35.0    16.4    25.7    26.2     0.0    27.66 R    55.3    17.4    32.5 -9999.0 -9999.0 -9999.0 -99.000 -99.000 -99.000 -99.000 -99.000 -9999.0 -9999.0 -9999.0 -9999.0 -9999.0
03054 20080807  1.302 -102.77   33.96    31.4    15.7    23.6    23.9     0.0    22.68 R    52.9    17.0    29.7 -9999.0 -9999.0 -9999.0 -99.000 -99.000 -99.000 -99.000 -99.000 -9999.0 -9999.0 -9999.0 -9999.0 -9999.0
03054 20080808  1.302 -102.77   33.96    33.5    18.3    25.9    25.8     0.0    26.59 R    53.0    18.9    31.8 -9999.0 -9999.0 -9999.0 -99.000 -99.000 -99.000 -99.000 -99.000 -9999.0 -9999.0 -9999.0 -9999.0 -9999.0
03054 20080809  1.302 -102.77   33.96    36.3    16.0    26.1    27.2     0.0    23.33 R    56.1    17.0    31.4 -9999.0 -9999.0 -9999.0 -99.000 -99.000 -99.000 -99.000 -99.000 -9999.0 -9999.0 -9999.0 -9999.0 -9999.0
03054 20080810  1.302 -102.77   33.96    34.4    19.8    27.1    24.3    20.4    17.82 R    57.6    20.7    28.2 -9999.0 -9999.0 -9999.0 -99.000 -99.000 -99.000 -99.000 -99.000 -9999.0 -9999.0 -9999.0 -9999.0 -9999.0
03054 20080811  1.302 -102.77   33.96    31.4    19.2    25.3    23.9     0.0    21.99 R    40.2    19.8    26.8 -9999.0 -9999.0 -9999.0 -99.000 -99.000 -99.000 -99.000 -99.000 -9999.0 -9999.0 -9999.0 -9999.0 -9999.0
03054 20080812  1.302 -102.77   33.96    33.2    17.1    25.2    24.9     0.0    26.57 R    47.2    17.2    28.8 -9999.0 -9999.0 -9999.0 -99.000 -99.000 -99.000 -99.000 -99.000 -9999.0 -9999.0 -9999.0 -9999.0 -9999.0
03054 20080813  1.302 -102.77   33.96    32.4    17.1    24.8    22.5    36.0    20.63 R    46.7    16.8    25.1 -9999.0 -9999.0 -9999.0 -99.000 -99.000 -99.000 -99.000 -99.000 -9999.0 -9999.0 -9999.0 -9999.0 -9999.0
03054 20080814  1.302 -102.77   33.96    31.0    16.6    23.8    22.3     5.5    22.37 R    34.9    16.5    22.9 -9999.0 -9999.0 -9999.0 -99.000 -99.000 -99.000 -99.000 -99.000 -9999.0 -9999.0 -9999.0 -9999.0 -9999.0
03054 20080815  1.302 -102.77   33.96    27.3    15.7    21.5    21.0     0.0    22.43 R    36.2    16.4    22.5 -9999.0 -9999.0 -9999.0 -99.000 -99.000 -99.000 -99.000 -99.000 -9999.0 -9999.0 -9999.0 -9999.0 -9999.0
03054 20080816  1.302 -102.77   33.96    25.0    16.7    20.9    19.8    15.0    16.59 R    31.9    16.8    21.1 -9999.0 -9999.0 -9999.0 -99.000 -99.000 -99.000 -99.000 -99.000 -9999.0 -9999.0 -9999.0 -9999.0 -9999.0
03054 20080817  1.302 -102.77   33.96    24.1    14.9    19.5    19.7     8.2    17.68 R    31.1    15.9    21.0 -9999.0 -9999.0 -9999.0 -99.000 -99.000 -99.000 -99.000 -99.000 -9999.0 -9999.0 -9999.0 -9999.0 -9999.0
03054 20080818  1.302 -102.77   33.96    25.5    13.7    19.6    18.8     5.7    22.56 R    32.3    14.1    20.6 -9999.0 -9999.0 -9999.0 -99.000 -99.000 -99.000 -99.000 -99.000 -9999.0 -9999.0 -9999.0 -9999.0 -9999.0
03054 20080819  1.302 -102.77   33.96    24.0    14.6    19.3    18.6     0.0    20.48 R    32.1    14.8    20.4 -9999.0 -9999.0 -9999.0 -99.000 -99.000 -99.000 -99.000 -99.000 -9999.0 -9999.0 -9999.0 -9999.0 -9999.0
03054 20080820  1.302 -102.77   33.96    25.1    12.8    19.0    18.5     0.0    19.39 R    37.0    13.6    21.5 -9999.0 -9999.0 -9999.0 -99.000 -99.000 -99.000 -99.000 -99.000 -9999.0 -9999.0 -9999.0 -9999.0 -9999.0
03054 20080821  1.302 -102.77   33.96    31.7    14.5    23.1    22.7     0.0    26.79 R    39.9    14.6    25.1 -9999.0 -9999.0 -9999.0 -99.000 -99.000 -99.000 -99.000 -99.000 -9999.0 -9999.0 -9999.0 -9999.0 -9999.0
03054 20080822  1.302 -102.77   33.96    33.1    15.9    24.5    24.3     0.0    26.88 R    40.9    15.7    26.3 -9999.0 -9999.0 -9999.0 -99.000 -99.000 -99.000 -99.000 -99.000 -9999.0 -9999.0 -9999.0 -9999.0 -9999.0
03054 20080823  1.302 -102.77   33.96    30.0    13.9    21.9    22.5     0.0    25.03 R    42.8    14.9    26.1 -9999.0 -9999.0 -9999.0 -99.000 -99.000 -99.000 -99.000 -99.000 -9999.0 -9999.0 -9999.0 -9999.0 -9999.0
03054 20080824  1.302 -102.77   33.96    30.1    15.9    23.0    22.7     0.0    25.24 R    42.7    16.5    26.5 -9999.0 -9999.0 -9999.0 -99.000 -99.000 -99.000 -99.000 -99.000 -9999.0 -9999.0 -9999.0 -9999.0 -9999.0
03054 20080825  1.302 -102.77   33.96    29.9    14.4    22.1    22.1     0.0    24.63 R    43.0    15.3    26.2 -9999.0 -9999.0 -9999.0 -99.000 -99.000 -99.000 -99.000 -99.000 -9999.0 -9999.0 -9999.0 -9999.0 -9999.0
03054 20080826  1.302 -102.77   33.96    31.3    13.4    22.3    22.8     0.0    25.33 R    43.4    14.3    26.3 -9999.0 -9999.0 -9999.0 -99.000 -99.000 -99.000 -99.000 -99.000 -9999.0 -9999.0 -9999.0 -9999.0 -9999.0
03054 20080827  1.302 -102.77   33.96    31.4    16.6    24.0    24.2     0.0    21.82 R    44.3    17.3    27.2 -9999.0 -9999.0 -9999.0 -99.000 -99.000 -99.000 -99.000 -99.000 -9999.0 -9999.0 -9999.0 -9999.0 -9999.0
03054 20080828  1.302 -102.77   33.96    30.0    17.6    23.8    23.7     0.0    20.43 R    44.5    18.6    27.4 -9999.0 -9999.0 -9999.0 -99.000 -99.000 -99.000 -99.000 -99.000 -9999.0 -9999.0 -9999.0 -9999.0 -9999.0
03054 20080829  1.302 -102.77   33.96    29.1    15.8    22.5    21.4     0.0    17.27 R    44.9    16.5    25.3 -9999.0 -9999.0 -9999.0 -99.000 -99.000 -99.000 -99.000 -99.000 -9999.0 -9999.0 -9999.0 -9999.0 -9999.0
03054 20080830  1.302 -102.77   33.96    24.9    16.3    20.6    20.4     0.0    12.81 R    33.4    17.5    23.0 -9999.0 -9999.0 -9999.0 -99.000 -99.000 -99.000 -99.000 -99.000 -9999.0 -9999.0 -9999.0 -9999.0 -9999.0
03054 20080831  1.302 -102.77   33.96    27.4    15.3    21.3    21.1     0.0    18.04 R    38.9    15.7    23.8 -9999.0 -9999.0 -9999.0 -99.000 -99.000 -99.000 -99.000 -99.000 -9999.0 -9999.0 -9999.0 -9999.0 -9999.0
03054 20080901  1.302 -102.77   33.96    29.0    16.1    22.5    21.3    18.3    16.82 R    43.2    16.5    24.0 -9999.0 -9999.0 -9999.0 -99.000 -99.000 -99.000 -99.000 -99.000 -9999.0 -9999.0 -9999.0 -9999.0 -9999.0
03054 20080902  1.302 -102.77   33.96    25.3    15.1    20.2    19.7     0.0    24.44 R    30.3    15.6    21.3 -9999.0 -9999.0 -9999.0 -99.000 -99.000 -99.000 -99.000 -99.000 -9999.0 -9999.0 -9999.0 -9999.0 -9999.0
03054 20080903  1.302 -102.77   33.96    21.9    12.5    17.2    16.5     0.0    15.49 R    31.1    13.6    18.6 -9999.0 -9999.0 -9999.0 -99.000 -99.000 -99.000 -99.000 -99.000 -9999.0 -9999.0 -9999.0 -9999.0 -9999.0
03054 20080904  1.302 -102.77   33.96    28.1     9.7    18.9    19.0     0.0    23.97 R    39.3    10.4    22.3 -9999.0 -9999.0 -9999.0 -99.000 -99.000 -99.000 -99.000 -99.000 -9999.0 -9999.0 -9999.0 -9999.0 -9999.0
03054 20080905  1.302 -102.77   33.96    32.0    13.6    22.8    22.1     0.0    25.10 R    40.4    13.9    24.3 -9999.0 -9999.0 -9999.0 -99.000 -99.000 -99.000 -99.000 -99.000 -9999.0 -9999.0 -9999.0 -9999.0 -9999.0
03054 20080906  1.302 -102.77   33.96    31.8    13.4    22.6    21.7     0.0    24.39 R    42.1    14.0    24.8 -9999.0 -9999.0 -9999.0 -99.000 -99.000 -99.000 -99.000 -99.000 -9999.0 -9999.0 -9999.0 -9999.0 -9999.0
03054 20080907  1.302 -102.77   33.96    29.2    11.8    20.5    20.5     0.0    19.61 R    40.8    12.7    23.2 -9999.0 -9999.0 -9999.0 -99.000 -99.000 -99.000 -99.000 -99.000 -9999.0 -9999.0 -9999.0 -9999.0 -9999.0
03054 20080908  1.302 -102.77   33.96    21.3    12.9    17.1    17.0    15.8    11.37 R    25.9    13.7    18.2 -9999.0 -9999.0 -9999.0 -99.000 -99.000 -99.000 -99.000 -99.000 -9999.0 -9999.0 -9999.0 -9999.0 -9999.0
03054 20080909  1.302 -102.77   33.96    21.3    12.0    16.7    15.6     0.0    14.23 R    29.8    12.9    17.7 -9999.0 -9999.0 -9999.0 -99.000 -99.000 -99.000 -99.000 -99.000 -9999.0 -9999.0 -9999.0 -9999.0 -9999.0
03054 20080910  1.302 -102.77   33.96    24.5    13.6    19.1    19.1     0.0    13.00 R    30.7    14.3    20.2 -9999.0 -9999.0 -9999.0 -99.000 -99.000 -99.000 -99.000 -99.000 -9999.0 -9999.0 -9999.0 -9999.0 -9999.0
03054 20080911  1.302 -102.77   33.96    25.1    16.7    20.9    19.6    28.6     9.34 R    32.1    17.4    21.0 -9999.0 -9999.0 -9999.0 -99.000 -99.000 -99.000 -99.000 -99.000 -9999.0 -9999.0 -9999.0 -9999.0 -9999.0
03054 20080912  1.302 -102.77   33.96    24.2    15.4    19.8    19.3     4.9    12.55 R    31.0    16.0    20.9 -9999.0 -9999.0 -9999.0 -99.000 -99.000 -99.000 -99.000 -99.000 -9999.0 -9999.0 -9999.0 -9999.0 -9999.0
03054 20080913  1.302 -102.77   33.96    26.6    14.5    20.5    20.2     0.0    19.82 R    33.4    14.4    21.7 -9999.0 -9999.0 -9999.0 -99.000 -99.000 -99.000 -99.000 -99.000 -9999.0 -9999.0 -9999.0 -9999.0 -9999.0
03054 20080914  1.302 -102.77   33.96    22.1    10.4    16.3    16.1     0.0    17.50 R    28.6    11.1    17.5 -9999.0 -9999.0 -9999.0 -99.000 -99.000 -99.000 -99.000 -99.000 -9999.0 -9999.0 -9999.0 -9999.0 -9999.0
03054 20080915  1.302 -102.77   33.96    23.0     7.1    15.0    15.4     0.0    24.01 R    33.2     8.0    18.4 -9999.0 -9999.0 -9999.0 -99.000 -99.000 -99.000 -99.000 -99.000 -9999.0 -9999.0 -9999.0 -9999.0 -9999.0
03054 20080916  1.302 -102.77   33.96    25.8     8.5    17.2    17.3     0.0    23.78 R    35.5     9.4    20.0 -9999.0 -9999.0 -9999.0 -99.000 -99.000 -99.000 -99.000 -99.000 -9999.0 -9999.0 -9999.0 -9999.0 -9999.0
03054 20080917  1.302 -102.77   33.96    25.3     8.3    16.8    16.7     0.0    23.14 R    35.5     9.1    19.5 -9999.0 -9999.0 -9999.0 -99.000 -99.000 -99.000 -99.000 -99.000 -9999.0 -9999.0 -9999.0 -9999.0 -9999.0
03054 20080918  1.302 -102.77   33.96    25.1     7.8    16.4    16.5     0.0    19.90 R    34.3     9.1    18.7 -9999.0 -9999.0 -9999.0 -99.000 -99.000 -99.000 -99.000 -99.000 -9999.0 -9999.0 -9999.0 -9999.0 -9999.0
03054 20080919  1.302 -102.77   33.96    25.9     8.4    17.1    17.4     0.0    22.72 R    35.9     9.0    19.8 -9999.0 -9999.0 -9999.0 -99.000 -99.000 -99.000 -99.000 -99.000 -9999.0 -9999.0 -9999.0 -9999.0 -9999.0
03054 20080920  1.302 -102.77   33.96    26.9     8.1    17.5    18.2     0.0    22.22 R    37.2     9.3    21.3 -9999.0 -9999.0 -9999.0 -99.000 -99.000 -99.000 -99.000 -99.000 -9999.0 -9999.0 -9999.0 -9999.0 -9999.0
03054 20080921  1.302 -102.77   33.96    27.3     8.8    18.0    18.9     0.0    22.12 R    35.9    10.1    21.3 -9999.0 -9999.0 -9999.0 -99.000 -99.000 -99.000 -99.000 -99.000 -9999.0 -9999.0 -9999.0 -9999.0 -9999.0
03054 20080922  1.302 -102.77   33.96    27.7     7.5    17.6    19.1     0.0    22.55 R    36.0     8.9    21.0 -9999.0 -9999.0 -9999.0 -99.000 -99.000 -99.000 -99.000 -99.000 -9999.0 -9999.0 -9999.0 -9999.0 -9999.0
03054 20080923  1.302 -102.77   33.96    28.6     8.8    18.7    19.3     0.0    22.14 R    39.7     9.6    21.8 -9999.0 -9999.0 -9999.0 -99.000 -99.000 -99.000 -99.000 -99.000 -9999.0 -9999.0 -9999.0 -9999.0 -9999.0
03054 20080924  1.302 -102.77   33.96    27.7     8.9    18.3    18.2     0.0    19.97 R    39.0     9.9    21.2 -9999.0 -9999.0 -9999.0 -99.000 -99.000 -99.000 -99.000 -99.000 -9999.0 -9999.0 -9999.0 -9999.0 -9999.0
03054 20080925  1.302 -102.77   33.96    26.8     8.3    17.5    17.4     0.0    21.87 R    40.0     9.1    20.9 -9999.0 -9999.0 -9999.0 -99.000 -99.000 -99.000 -99.000 -99.000 -9999.0 -9999.0 -9999.0 -9999.0 -9999.0
03054 20080926  1.302 -102.77   33.96    27.3     8.8    18.1    17.7     0.0    22.34 R    40.4     9.0    20.9 -9999.0 -9999.0 -9999.0 -99.000 -99.000 -99.000 -99.000 -99.000 -9999.0 -9999.0 -9999.0 -9999.0 -9999.0
03054 20080927  1.302 -102.77   33.96    28.2     7.2    17.7    17.9     0.0    21.79 R    42.6     8.2    21.7 -9999.0 -9999.0 -9999.0 -99.000 -99.000 -99.000 -99.000 -99.000 -9999.0 -9999.0 -9999.0 -9999.0 -9999.0
03054 20080928  1.302 -102.77   33.96    27.1     6.9    17.0    17.0     0.0    22.10 R    41.7     7.6    21.2 -9999.0 -9999.0 -9999.0 -99.000 -99.000 -99.000 -99.000 -99.000 -9999.0 -9999.0 -9999.0 -9999.0 -9999.0
03054 20080929  1.302 -102.77   33.96    28.3     6.0    17.1    17.7     0.0    21.52 R    41.2     7.3    21.3 -9999.0 -9999.0 -9999.0 -99.000 -99.000 -99.000 -99.000 -99.000 -9999.0 -9999.0 -9999.0 -9999.0 -9999.0
03054 20080930  1.302 -102.77   33.96    29.0     6.9    18.0    17.6     0.0    21.63 R    41.9     7.7    21.3 -9999.0 -9999.0 -9999.0 -99.000 -99.000 -99.000 -99.000 -99.000 -9999.0 -9999.0 -9999.0 -9999.0 -9999.0
03054 20081001  1.302 -102.77   33.96    28.9     7.4    18.2    18.3     0.0    21.53 R    42.5     8.0    21.6 -9999.0 -9999.0 -9999.0 -99.000 -99.000 -99.000 -99.000 -99.000 -9999.0 -9999.0 -9999.0 -9999.0 -9999.0
03054 20081002  1.302 -102.77   33.96    29.5     6.6    18.0    17.7     0.0    16.04 R    41.7     7.9    19.8 -9999.0 -9999.0 -9999.0 -99.000 -99.000 -99.000 -99.000 -99.000 -9999.0 -9999.0 -9999.0 -9999.0 -9999.0
03054 20081003  1.302 -102.77   33.96    31.2     4.5    17.9    18.6     0.0    20.40 R    40.6     5.6    20.2 -9999.0 -9999.0 -9999.0 -99.000 -99.000 -99.000 -99.000 -99.000 -9999.0 -9999.0 -9999.0 -9999.0 -9999.0
03054 20081004  1.302 -102.77   33.96    30.6     6.2    18.4    19.1     0.0    16.51 R    39.0     7.1    20.3 -9999.0 -9999.0 -9999.0 -99.000 -99.000 -99.000 -99.000 -99.000 -9999.0 -9999.0 -9999.0 -9999.0 -9999.0
03054 20081005  1.302 -102.77   33.96    18.7    10.9    14.8    15.7     3.6     3.66 R    18.9    10.7    15.6 -9999.0 -9999.0 -9999.0 -99.000 -99.000 -99.000 -99.000 -99.000 -9999.0 -9999.0 -9999.0 -9999.0 -9999.0
03054 20081006  1.302 -102.77   33.96    21.5     7.9    14.7    13.9     0.0    16.26 R    29.5     8.5    15.1 -9999.0 -9999.0 -9999.0 -99.000 -99.000 -99.000 -99.000 -99.000 -9999.0 -9999.0 -9999.0 -9999.0 -9999.0
03054 20081007  1.302 -102.77   33.96    24.1     6.7    15.4    14.4     0.0    20.81 R    35.6     6.5    17.5 -9999.0 -9999.0 -9999.0 -99.000 -99.000 -99.000 -99.000 -99.000 -9999.0 -9999.0 -9999.0 -9999.0 -9999.0
03054 20081008  1.302 -102.77   33.96    28.7     5.3    17.0    17.2     0.0    20.85 R    39.1     6.1    18.9 -9999.0 -9999.0 -9999.0 -99.000 -99.000 -99.000 -99.000 -99.000 -9999.0 -9999.0 -9999.0 -9999.0 -9999.0
03054 20081009  1.302 -102.77   33.96    28.5     3.4    16.0    16.6     0.0    19.71 R    38.2     4.5    18.7 -9999.0 -9999.0 -9999.0 -99.000 -99.000 -99.000 -99.000 -99.000 -9999.0 -9999.0 -9999.0 -9999.0 -9999.0
03054 20081010  1.302 -102.77   33.96    31.2     6.2    18.7    20.0     0.0    20.25 R    39.0     6.8    21.2 -9999.0 -9999.0 -9999.0 -99.000 -99.000 -99.000 -99.000 -99.000 -9999.0 -9999.0 -9999.0 -9999.0 -9999.0
03054 20081011  1.302 -102.77   33.96    21.9    16.2    19.0    18.9    11.7     5.20 R    26.6    16.4    18.8 -9999.0 -9999.0 -9999.0 -99.000 -99.000 -99.000 -99.000 -99.000 -9999.0 -9999.0 -9999.0 -9999.0 -9999.0
03054 20081012  1.302 -102.77   33.96    21.5    17.4    19.4    19.1     9.6     4.11 R    22.1    16.8    18.9 -9999.0 -9999.0 -9999.0 -99.000 -99.000 -99.000 -99.000 -99.000 -9999.0 -9999.0 -9999.0 -9999.0 -9999.0
03054 20081013  1.302 -102.77   33.96    19.6     8.0    13.8    12.6     1.2     3.61 R    20.9     8.8    13.7 -9999.0 -9999.0 -9999.0 -99.000 -99.000 -99.000 -99.000 -99.000 -9999.0 -9999.0 -9999.0 -9999.0 -9999.0
03054 20081014  1.302 -102.77   33.96     8.8     5.7     7.3     7.4    49.1     3.24 R    10.8     6.3     8.3 -9999.0 -9999.0 -9999.0 -99.000 -99.000 -99.000 -99.000 -99.000 -9999.0 -9999.0 -9999.0 -9999.0 -9999.0
03054 20081015  1.302 -102.77   33.96    18.2     1.6     9.9     9.7     0.0    17.88 R    24.9     2.2    11.4 -9999.0 -9999.0 -9999.0 -99.000 -99.000 -99.000 -99.000 -99.000 -9999.0 -9999.0 -9999.0 -9999.0 -9999.0
03054 20081016  1.302 -102.77   33.96    17.5     2.8    10.2     9.7     0.0    13.25 R    24.0     3.5    11.7 -9999.0 -9999.0 -9999.0 -99.000 -99.000 -99.000 -99.000 -99.000 -9999.0 -9999.0 -9999.0 -9999.0 -9999.0
03054 20081017  1.302 -102.77   33.96    23.3     1.7    12.5    12.5     0.0    19.12 R    26.8     2.3    13.0 -9999.0 -9999.0 -9999.0 -99.000 -99.000 -99.000 -99.000 -99.000 -9999.0 -9999.0 -9999.0 -9999.0 -9999.0
03054 20081018  1.302 -102.77   33.96    24.4     3.9    14.1    13.1     0.0    19.08 R    28.8     3.7    14.1 -9999.0 -9999.0 -9999.0 -99.000 -99.000 -99.000 -99.000 -99.000 -9999.0 -9999.0 -9999.0 -9999.0 -9999.0
03054 20081019  1.302 -102.77   33.96    28.1     3.1    15.6    15.0     0.0    18.94 R    32.9     4.1    15.4 -9999.0 -9999.0 -9999.0 -99.000 -99.000 -99.000 -99.000 -99.000 -9999.0 -9999.0 -9999.0 -9999.0 -9999.0
03054 20081020  1.302 -102.77   33.96    24.8     5.3    15.1    15.5     0.0    15.78 R    32.2     6.1    16.5 -9999.0 -9999.0 -9999.0 -99.000 -99.000 -99.000 -99.000 -99.000 -9999.0 -9999.0 -9999.0 -9999.0 -9999.0
03054 20081021  1.302 -102.77   33.96    23.7    10.6    17.1    16.3     0.6    16.24 R    29.3    10.6    17.3 -9999.0 -9999.0 -9999.0 -99.000 -99.000 -99.000 -99.000 -99.000 -9999.0 -9999.0 -9999.0 -9999.0 -9999.0
03054 20081022  1.302 -102.77   33.96    15.0    -2.3     6.3     8.1     0.0    15.24 R    20.7    -0.7     9.8 -9999.0 -9999.0 -9999.0 -99.000 -99.000 -99.000 -99.000 -99.000 -9999.0 -9999.0 -9999.0 -9999.0 -9999.0
03054 20081023  1.302 -102.77   33.96    16.1    -1.8     7.1     6.2     0.0    18.69 R    23.7    -1.2     7.9 -9999.0 -9999.0 -9999.0 -99.000 -99.000 -99.000 -99.000 -99.000 -9999.0 -9999.0 -9999.0 -9999.0 -9999.0
03054 20081024  1.302 -102.77   33.96    22.4    -4.5     8.9     8.5     0.0    18.78 R    30.5    -3.7    10.7 -9999.0 -9999.0 -9999.0 -99.000 -99.000 -99.000 -99.000 -99.000 -9999.0 -9999.0 -9999.0 -9999.0 -9999.0
03054 20081025  1.302 -102.77   33.96    24.0    -0.2    11.9    11.3     0.0    18.19 R    30.6     0.8    12.8 -9999.0 -9999.0 -9999.0 -99.000 -99.000 -99.000 -99.000 -99.000 -9999.0 -9999.0 -9999.0 -9999.0 -9999.0
03054 20081026  1.302 -102.77   33.96    23.7     4.1    13.9    14.1     0.0    17.63 R    28.9     4.5    14.4 -9999.0 -9999.0 -9999.0 -99.000 -99.000 -99.000 -99.000 -99.000 -9999.0 -9999.0 -9999.0 -9999.0 -9999.0
03054 20081027  1.302 -102.77   33.96    17.3    -2.7     7.3     7.6     0.0    17.81 R    25.0    -1.6    10.3 -9999.0 -9999.0 -9999.0 -99.000 -99.000 -99.000 -99.000 -99.000 -9999.0 -9999.0 -9999.0 -9999.0 -9999.0
03054 20081028  1.302 -102.77   33.96    24.2     0.2    12.2    11.6     0.0    17.28 R    29.9     0.8    12.9 -9999.0 -9999.0 -9999.0 -99.000 -99.000 -99.000 -99.000 -99.000 -9999.0 -9999.0 -9999.0 -9999.0 -9999.0
03054 20081029  1.302 -102.77   33.96    25.6     1.0    13.3    13.0     0.0    17.23 R    33.8     1.8    14.9 -9999.0 -9999.0 -9999.0 -99.000 -99.000 -99.000 -99.000 -99.000 -9999.0 -9999.0 -9999.0 -9999.0 -9999.0
03054 20081030  1.302 -102.77   33.96    28.2     2.7    15.5    15.2     0.0    17.22 R    34.3     2.8    15.7 -9999.0 -9999.0 -9999.0 -99.000 -99.000 -99.000 -99.000 -99.000 -9999.0 -9999.0 -9999.0 -9999.0 -9999.0
03054 20081031  1.302 -102.77   33.96    27.6     2.3    15.0    14.6     0.0    16.77 R    35.3     3.3    16.2 -9999.0 -9999.0 -9999.0 -99.000 -99.000 -99.000 -99.000 -99.000 -9999.0 -9999.0 -9999.0 -9999.0 -9999.0
03054 20081101  1.302 -102.77   33.96    27.7     2.7    15.2    14.5     0.0    16.71 R    34.9     3.6    15.9 -9999.0 -9999.0 -9999.0 -99.000 -99.000 -99.000 -99.000 -99.000 -9999.0 -9999.0 -9999.0 -9999.0 -9999.0
03054 20081102  1.302 -102.77   33.96    26.3     6.1    16.2    15.4     0.0    16.46 R    31.8     4.6    15.5 -9999.0 -9999.0 -9999.0 -99.000 -99.000 -99.000 -99.000 -99.000 -9999.0 -9999.0 -9999.0 -9999.0 -9999.0
03054 20081103  1.302 -102.77   33.96    25.5     1.9    13.7    14.1     0.0    14.62 R    32.9     2.9    15.4 -9999.0 -9999.0 -9999.0 -99.000 -99.000 -99.000 -99.000 -99.000 -9999.0 -9999.0 -9999.0 -9999.0 -9999.0
03054 20081104  1.302 -102.77   33.96    27.5     7.6    17.6    17.5     0.0    16.04 R    32.0     6.7    17.7 -9999.0 -9999.0 -9999.0 -99.000 -99.000 -99.000 -99.000 -99.000 -9999.0 -9999.0 -9999.0 -9999.0 -9999.0
03054 20081105  1.302 -102.77   33.96    23.2     6.3    14.8    14.6     0.0    15.30 R    30.6     5.2    15.6 -9999.0 -9999.0 -9999.0 -99.000 -99.000 -99.000 -99.000 -99.000 -9999.0 -9999.0 -9999.0 -9999.0 -9999.0
03054 20081106  1.302 -102.77   33.96    14.6    -2.4     6.1     6.2     0.0    17.02 R    24.4    -2.0     7.9 -9999.0 -9999.0 -9999.0 -99.000 -99.000 -99.000 -99.000 -99.000 -9999.0 -9999.0 -9999.0 -9999.0 -9999.0
03054 20081107  1.302 -102.77   33.96    16.3    -5.4     5.5     4.1     0.0    16.63 R    24.7    -5.2     6.0 -9999.0 -9999.0 -9999.0 -99.000 -99.000 -99.000 -99.000 -99.000 -9999.0 -9999.0 -9999.0 -9999.0 -9999.0
03054 20081108  1.302 -102.77   33.96    19.8    -4.5     7.7     7.3     0.0    16.29 R    27.3    -4.3     8.0 -9999.0 -9999.0 -9999.0 -99.000 -99.000 -99.000 -99.000 -99.000 -9999.0 -9999.0 -9999.0 -9999.0 -9999.0
03054 20081109  1.302 -102.77   33.96    21.2    -5.8     7.7     8.2     0.0    15.99 R    26.5    -4.6     9.3 -9999.0 -9999.0 -9999.0 -99.000 -99.000 -99.000 -99.000 -99.000 -9999.0 -9999.0 -9999.0 -9999.0 -9999.0
03054 20081110  1.302 -102.77   33.96    17.9     6.3    12.1    12.2     0.0    11.10 R    26.6     5.3    12.8 -9999.0 -9999.0 -9999.0 -99.000 -99.000 -99.000 -99.000 -99.000 -9999.0 -9999.0 -9999.0 -9999.0 -9999.0
03054 20081111  1.302 -102.77   33.96    18.1    -0.7     8.7     9.3     0.0    14.48 R    26.0    -0.3    10.1 -9999.0 -9999.0 -9999.0 -99.000 -99.000 -99.000 -99.000 -99.000 -9999.0 -9999.0 -9999.0 -9999.0 -9999.0
03054 20081112  1.302 -102.77   33.96    17.1    -2.9     7.1     6.9     0.0    15.33 R    25.7    -2.7     8.5 -9999.0 -9999.0 -9999.0 -99.000 -99.000 -99.000 -99.000 -99.000 -9999.0 -9999.0 -9999.0 -9999.0 -9999.0
03054 20081113  1.302 -102.77   33.96    22.0    -3.2     9.4    10.3     0.0    14.46 R    27.1    -2.8    10.3 -9999.0 -9999.0 -9999.0 -99.000 -99.000 -99.000 -99.000 -99.000 -9999.0 -9999.0 -9999.0 -9999.0 -9999.0
03054 20081114  1.302 -102.77   33.96    13.8     1.7     7.8     7.9     0.0    13.74 R    20.6     1.8     8.9 -9999.0 -9999.0 -9999.0 -99.000 -99.000 -99.000 -99.000 -99.000 -9999.0 -9999.0 -9999.0 -9999.0 -9999.0
03054 20081115  1.302 -102.77   33.96    10.9    -7.6     1.7     2.4     0.0    15.49 R    20.9    -7.1     4.9 -9999.0 -9999.0 -9999.0 -99.000 -99.000 -99.000 -99.000 -99.000 -9999.0 -9999.0 -9999.0 -9999.0 -9999.0
03054 20081116  1.302 -102.77   33.96    21.3    -5.7     7.8     7.5     0.0    15.22 R    30.4    -5.2     8.5 -9999.0 -9999.0 -9999.0 -99.000 -99.000 -99.000 -99.000 -99.000 -9999.0 -9999.0 -9999.0 -9999.0 -9999.0
03054 20081117  1.302 -102.77   33.96    22.4    -3.9     9.2     8.4     0.0    15.02 R    30.5    -3.5     9.6 -9999.0 -9999.0 -9999.0 -99.000 -99.000 -99.000 -99.000 -99.000 -9999.0 -9999.0 -9999.0 -9999.0 -9999.0
03054 20081118  1.302 -102.77   33.96    20.7    -3.6     8.5     6.5     0.0    14.81 R    26.4    -3.7     7.7 -9999.0 -9999.0 -9999.0 -99.000 -99.000 -99.000 -99.000 -99.000 -9999.0 -9999.0 -9999.0 -9999.0 -9999.0
03054 20081119  1.302 -102.77   33.96    24.2    -0.9    11.7    10.7     0.0    15.10 R    30.2    -1.8    10.3 -9999.0 -9999.0 -9999.0 -99.000 -99.000 -99.000 -99.000 -99.000 -9999.0 -9999.0 -9999.0 -9999.0 -9999.0
03054 20081120  1.302 -102.77   33.96     7.8    -6.0     0.9     2.7     0.0    13.49 R    14.7    -5.3     4.0 -9999.0 -9999.0 -9999.0 -99.000 -99.000 -99.000 -99.000 -99.000 -9999.0 -9999.0 -9999.0 -9999.0 -9999.0
03054 20081121  1.302 -102.77   33.96     8.4   -10.7    -1.1    -0.5     0.0    14.22 R    14.9    -9.6     1.0 -9999.0 -9999.0 -9999.0 -99.000 -99.000 -99.000 -99.000 -99.000 -9999.0 -9999.0 -9999.0 -9999.0 -9999.0
03054 20081122  1.302 -102.77   33.96    17.1    -9.0     4.0     3.3     0.0    14.13 R    25.6    -8.0     5.2 -9999.0 -9999.0 -9999.0 -99.000 -99.000 -99.000 -99.000 -99.000 -9999.0 -9999.0 -9999.0 -9999.0 -9999.0
03054 20081123  1.302 -102.77   33.96    23.5    -3.8     9.8     9.6     0.0    14.07 R    27.7    -3.6     9.1 -9999.0 -9999.0 -9999.0 -99.000 -99.000 -99.000 -99.000 -99.000 -9999.0 -9999.0 -9999.0 -9999.0 -9999.0
03054 20081124  1.302 -102.77   33.96    13.7    -3.2     5.2     5.1     0.0    14.31 R    23.9    -3.1     7.1 -9999.0 -9999.0 -9999.0 -99.000 -99.000 -99.000 -99.000 -99.000 -9999.0 -9999.0 -9999.0 -9999.0 -9999.0
03054 20081125  1.302 -102.77   33.96    21.7    -7.0     7.3     7.1     0.0    12.20 R    26.5    -7.2     7.1 -9999.0 -9999.0 -9999.0 -99.000 -99.000 -99.000 -99.000 -99.000 -9999.0 -9999.0 -9999.0 -9999.0 -9999.0
03054 20081126  1.302 -102.77   33.96    19.7     0.1     9.9     9.3     0.0    13.51 R    28.9    -1.0    10.4 -9999.0 -9999.0 -9999.0 -99.000 -99.000 -99.000 -99.000 -99.000 -9999.0 -9999.0 -9999.0 -9999.0 -9999.0
03054 20081127  1.302 -102.77   33.96    13.4     2.1     7.8     5.9     1.0     2.81 R    14.0     2.3     5.8 -9999.0 -9999.0 -9999.0 -99.000 -99.000 -99.000 -99.000 -99.000 -9999.0 -9999.0 -9999.0 -9999.0 -9999.0
03054 20081128  1.302 -102.77   33.96    16.1    -1.3     7.4     5.8     0.0    12.27 R    21.3    -0.7     7.1 -9999.0 -9999.0 -9999.0 -99.000 -99.000 -99.000 -99.000 -99.000 -9999.0 -9999.0 -9999.0 -9999.0 -9999.0
03054 20081129  1.302 -102.77   33.96    11.5     0.7     6.1     5.0     0.3    11.21 R    19.2     0.3     6.5 -9999.0 -9999.0 -9999.0 -99.000 -99.000 -99.000 -99.000 -99.000 -9999.0 -9999.0 -9999.0 -9999.0 -9999.0
03054 20081130  1.302 -102.77   33.96     7.1    -1.2     3.0     3.3     0.8     3.25 R     9.3    -1.1     3.2 -9999.0 -9999.0 -9999.0 -99.000 -99.000 -99.000 -99.000 -99.000 -9999.0 -9999.0 -9999.0 -9999.0 -9999.0
03054 20081201  1.302 -102.77   33.96    13.3    -0.5     6.4     5.5     0.0    13.55 R    19.2    -1.1     6.4 -9999.0 -9999.0 -9999.0 -99.000 -99.000 -99.000 -99.000 -99.000 -9999.0 -9999.0 -9999.0 -9999.0 -9999.0
03054 20081202  1.302 -102.77   33.96    25.2    -0.8    12.2    12.2     0.0    10.48 R    27.6    -2.1    10.8 -9999.0 -9999.0 -9999.0 -99.000 -99.000 -99.000 -99.000 -99.000 -9999.0 -9999.0 -9999.0 -9999.0 -9999.0
03054 20081203  1.302 -102.77   33.96    11.2    -7.1     2.0     3.8     0.0     7.62 R    13.5    -7.1     4.2 -9999.0 -9999.0 -9999.0 -99.000 -99.000 -99.000 -99.000 -99.000 -9999.0 -9999.0 -9999.0 -9999.0 -9999.0
03054 20081204  1.302 -102.77   33.96     4.7   -12.2    -3.7    -3.7     0.0    12.77 R    11.9   -11.4    -2.0 -9999.0 -9999.0 -9999.0 -99.000 -99.000 -99.000 -99.000 -99.000 -9999.0 -9999.0 -9999.0 -9999.0 -9999.0
03054 20081205  1.302 -102.77   33.96     8.6   -11.5    -1.5    -2.4     0.0    13.12 R    12.7   -10.3    -1.4 -9999.0 -9999.0 -9999.0 -99.000 -99.000 -99.000 -99.000 -99.000 -9999.0 -9999.0 -9999.0 -9999.0 -9999.0
03054 20081206  1.302 -102.77   33.96    17.1    -8.6     4.2     4.5     0.0    13.00 R    23.6    -8.2     4.9 -9999.0 -9999.0 -9999.0 -99.000 -99.000 -99.000 -99.000 -99.000 -9999.0 -9999.0 -9999.0 -9999.0 -9999.0
03054 20081207  1.302 -102.77   33.96    21.6    -7.9     6.9     7.3     0.0    12.00 R    25.0    -7.2     7.0 -9999.0 -9999.0 -9999.0 -99.000 -99.000 -99.000 -99.000 -99.000 -9999.0 -9999.0 -9999.0 -9999.0 -9999.0
03054 20081208  1.302 -102.77   33.96    19.2     1.3    10.3     9.6     0.2     7.81 R    25.2     0.8     9.0 -9999.0 -9999.0 -9999.0 -99.000 -99.000 -99.000 -99.000 -99.000 -9999.0 -9999.0 -9999.0 -9999.0 -9999.0
03054 20081209  1.302 -102.77   33.96    10.8    -4.8     3.0     0.5     2.9     2.47 R     9.5    -5.2     0.7 -9999.0 -9999.0 -9999.0 -99.000 -99.000 -99.000 -99.000 -99.000 -9999.0 -9999.0 -9999.0 -9999.0 -9999.0
03054 20081210  1.302 -102.77   33.96     8.7   -10.6    -1.0    -1.1     0.0    13.12 R    14.2   -10.5    -0.1 -9999.0 -9999.0 -9999.0 -99.000 -99.000 -99.000 -99.000 -99.000 -9999.0 -9999.0 -9999.0 -9999.0 -9999.0
03054 20081211  1.302 -102.77   33.96    16.0    -3.8     6.1     4.9     0.0    13.14 R    21.4    -3.9     5.3 -9999.0 -9999.0 -9999.0 -99.000 -99.000 -99.000 -99.000 -99.000 -9999.0 -9999.0 -9999.0 -9999.0 -9999.0
03054 20081212  1.302 -102.77   33.96    15.5    -6.8     4.4     4.6     0.0    12.43 R    18.6    -6.6     4.8 -9999.0 -9999.0 -9999.0 -99.000 -99.000 -99.000 -99.000 -99.000 -9999.0 -9999.0 -9999.0 -9999.0 -9999.0
03054 20081213  1.302 -102.77   33.96    20.0     1.1    10.6    11.2     0.0    12.97 R    23.4     0.5    10.6 -9999.0 -9999.0 -9999.0 -99.000 -99.000 -99.000 -99.000 -99.000 -9999.0 -9999.0 -9999.0 -9999.0 -9999.0
03054 20081214  1.302 -102.77   33.96    19.6    -8.7     5.4     8.8     0.0    12.12 R    22.6    -7.6     8.6 -9999.0 -9999.0 -9999.0 -99.000 -99.000 -99.000 -99.000 -99.000 -9999.0 -9999.0 -9999.0 -9999.0 -9999.0
03054 20081215  1.302 -102.77   33.96    -3.0   -10.3    -6.7    -7.4     0.0     7.05 R     7.0    -9.3    -4.7 -9999.0 -9999.0 -9999.0 -99.000 -99.000 -99.000 -99.000 -99.000 -9999.0 -9999.0 -9999.0 -9999.0 -9999.0
03054 20081216  1.302 -102.77   33.96    16.9   -13.3     1.8    -0.9     0.0    12.80 R    19.4   -12.4     0.2 -9999.0 -9999.0 -9999.0 -99.000 -99.000 -99.000 -99.000 -99.000 -9999.0 -9999.0 -9999.0 -9999.0 -9999.0
03054 20081217  1.302 -102.77   33.96    19.0    -1.2     8.9     9.8     0.0     5.90 R    19.2    -2.4     8.9 -9999.0 -9999.0 -9999.0 -99.000 -99.000 -99.000 -99.000 -99.000 -9999.0 -9999.0 -9999.0 -9999.0 -9999.0
03054 20081218  1.302 -102.77   33.96    21.1     2.5    11.8    11.4     0.0     8.78 R    22.9     1.4    10.8 -9999.0 -9999.0 -9999.0 -99.000 -99.000 -99.000 -99.000 -99.000 -9999.0 -9999.0 -9999.0 -9999.0 -9999.0
03054 20081219  1.302 -102.77   33.96    15.8     1.6     8.7     7.8     0.0     8.18 R    19.9     0.5     7.2 -9999.0 -9999.0 -9999.0 -99.000 -99.000 -99.000 -99.000 -99.000 -9999.0 -9999.0 -9999.0 -9999.0 -9999.0
03054 20081220  1.302 -102.77   33.96    15.1    -6.5     4.3     4.4     0.0    11.56 R    21.5    -7.0     4.7 -9999.0 -9999.0 -9999.0 -99.000 -99.000 -99.000 -99.000 -99.000 -9999.0 -9999.0 -9999.0 -9999.0 -9999.0
03054 20081221  1.302 -102.77   33.96    -0.9   -12.2    -6.5    -6.0     0.0     7.44 R     6.2   -12.0    -4.2 -9999.0 -9999.0 -9999.0 -99.000 -99.000 -99.000 -99.000 -99.000 -9999.0 -9999.0 -9999.0 -9999.0 -9999.0
03054 20081222  1.302 -102.77   33.96     1.6   -10.9    -4.7    -3.5     0.0     7.74 R     6.6   -10.7    -2.6 -9999.0 -9999.0 -9999.0 -99.000 -99.000 -99.000 -99.000 -99.000 -9999.0 -9999.0 -9999.0 -9999.0 -9999.0
03054 20081223  1.302 -102.77   33.96    17.9    -2.4     7.8     6.6     0.0     7.35 R    21.6    -3.9     5.9 -9999.0 -9999.0 -9999.0 -99.000 -99.000 -99.000 -99.000 -99.000 -9999.0 -9999.0 -9999.0 -9999.0 -9999.0
03054 20081224  1.302 -102.77   33.96    13.0    -2.4     5.3     4.5     0.0    12.38 R    20.4    -2.9     5.0 -9999.0 -9999.0 -9999.0 -99.000 -99.000 -99.000 -99.000 -99.000 -9999.0 -9999.0 -9999.0 -9999.0 -9999.0
03054 20081225  1.302 -102.77   33.96    22.2    -4.4     8.9     8.9     0.0    12.21 R    25.2    -4.4     8.2 -9999.0 -9999.0 -9999.0 -99.000 -99.000 -99.000 -99.000 -99.000 -9999.0 -9999.0 -9999.0 -9999.0 -9999.0
03054 20081226  1.302 -102.77   33.96    20.3    -2.7     8.8     8.8     0.0    10.00 R    22.4    -2.7     7.8 -9999.0 -9999.0 -9999.0 -99.000 -99.000 -99.000 -99.000 -99.000 -9999.0 -9999.0 -9999.0 -9999.0 -9999.0
03054 20081227  1.302 -102.77   33.96     6.0    -6.8    -0.4     0.6     0.0    13.40 R    11.8    -7.4     1.5 -9999.0 -9999.0 -9999.0 -99.000 -99.000 -99.000 -99.000 -99.000 -9999.0 -9999.0 -9999.0 -9999.0 -9999.0
03054 20081228  1.302 -102.77   33.96    14.5    -8.1     3.2     2.1     0.0    13.33 R    22.7    -8.1     3.3 -9999.0 -9999.0 -9999.0 -99.000 -99.000 -99.000 -99.000 -99.000 -9999.0 -9999.0 -9999.0 -9999.0 -9999.0
03054 20081229  1.302 -102.77   33.96    19.7   -10.0     4.9     4.7     0.0    13.48 R    24.2    -9.7     4.4 -9999.0 -9999.0 -9999.0 -99.000 -99.000 -99.000 -99.000 -99.000 -9999.0 -9999.0 -9999.0 -9999.0 -9999.0
03054 20081230  1.302 -102.77   33.96    23.6    -5.3     9.2    10.6     0.0    13.43 R    27.3    -5.3     9.5 -9999.0 -9999.0 -9999.0 -99.000 -99.000 -99.000 -99.000 -99.000 -9999.0 -9999.0 -9999.0 -9999.0 -9999.0
03054 20081231  1.302 -102.77   33.96     9.9    -6.7     1.6     1.3     0.0    13.25 R    17.4    -6.6     3.3 -9999.0 -9999.0 -9999.0 -99.000 -99.000 -99.000 -99.000 -99.000 -9999.0 -9999.0 -9999.0 -9999.0 -9999.0
