03761 20070101  1.301  -75.79   39.86    11.8     5.5     8.7     9.2    34.3     0.46 R    13.2     3.6     8.7 -9999.0 -9999.0 -9999.0 -99.000 -99.000 -99.000 -99.000 -99.000 -9999.0 -9999.0 -9999.0 -9999.0 -9999.0
03761 20070102  1.301  -75.79   39.86     7.8    -1.8     3.0     4.7     0.0     9.73 R    10.4    -4.4     2.4 -9999.0 -9999.0 -9999.0 -99.000 -99.000 -99.000 -99.000 -99.000 -9999.0 -9999.0 -9999.0 -9999.0 -9999.0
03761 20070103  1.301  -75.79   39.86    10.9    -4.2     3.3     2.8     0.0     9.14 R    13.5    -5.9     0.5 -9999.0 -9999.0 -9999.0 -99.000 -99.000 -99.000 -99.000 -99.000 -9999.0 -9999.0 -9999.0 -9999.0 -9999.0
03761 20070104  1.301  -75.79   39.86    15.0    -2.3     6.3     5.7     0.0     8.87 R    16.4    -4.3     3.3 -9999.0 -9999.0 -9999.0 -99.000 -99.000 -99.000 -99.000 -99.000 -9999.0 -9999.0 -9999.0 -9999.0 -9999.0
03761 20070105  1.301  -75.79   39.86    16.3     7.8    12.0    12.8     6.9     0.98 R    16.3     4.1    11.9 -9999.0 -9999.0 -9999.0 -99.000 -99.000 -99.000 -99.000 -99.000 -9999.0 -9999.0 -9999.0 -9999.0 -9999.0
03761 20070106  1.301  -75.79   39.86    20.5    11.2    15.9    16.7     1.0     8.26 R    21.2     6.3    15.0 -9999.0 -9999.0 -9999.0 -99.000 -99.000 -99.000 -99.000 -99.000 -9999.0 -9999.0 -9999.0 -9999.0 -9999.0
03761 20070107  1.301  -75.79   39.86    12.2     4.0     8.1     7.5    14.9     6.16 R    13.0     0.1     6.6 -9999.0 -9999.0 -9999.0 -99.000 -99.000 -99.000 -99.000 -99.000 -9999.0 -9999.0 -9999.0 -9999.0 -9999.0
03761 20070108  1.301  -75.79   39.86    11.4     1.4     6.4     7.1    15.1     3.81 R    11.6    -2.0     5.8 -9999.0 -9999.0 -9999.0 -99.000 -99.000 -99.000 -99.000 -99.000 -9999.0 -9999.0 -9999.0 -9999.0 -9999.0
03761 20070109  1.301  -75.79   39.86     6.0    -1.8     2.1     2.1     0.0     5.42 R    11.4    -5.3     0.6 -9999.0 -9999.0 -9999.0 -99.000 -99.000 -99.000 -99.000 -99.000 -9999.0 -9999.0 -9999.0 -9999.0 -9999.0
03761 20070110  1.301  -75.79   39.86     1.3    -4.8    -1.8    -0.9     0.0     8.96 R     7.9    -7.2    -1.5 -9999.0 -9999.0 -9999.0 -99.000 -99.000 -99.000 -99.000 -99.000 -9999.0 -9999.0 -9999.0 -9999.0 -9999.0
03761 20070111  1.301  -75.79   39.86     3.2    -8.2    -2.5    -1.9     0.0     9.78 R     7.9    -8.6    -2.5 -9999.0 -9999.0 -9999.0 -99.000 -99.000 -99.000 -99.000 -99.000 -9999.0 -9999.0 -9999.0 -9999.0 -9999.0
03761 20070112  1.301  -75.79   39.86     8.5    -0.9     3.8     4.8     0.0     2.94 R     9.9    -4.0     3.6 -9999.0 -9999.0 -9999.0 -99.000 -99.000 -99.000 -99.000 -99.000 -9999.0 -9999.0 -9999.0 -9999.0 -9999.0
03761 20070113  1.301  -75.79   39.86    14.8     6.5    10.7    11.0     1.7     4.54 R    17.1     5.5     9.9 -9999.0 -9999.0 -9999.0 -99.000 -99.000 -99.000 -99.000 -99.000 -9999.0 -9999.0 -9999.0 -9999.0 -9999.0
03761 20070114  1.301  -75.79   39.86    14.3     9.7    12.0    11.6     0.5     3.29 R    17.7     9.4    11.5 -9999.0 -9999.0 -9999.0 -99.000 -99.000 -99.000 -99.000 -99.000 -9999.0 -9999.0 -9999.0 -9999.0 -9999.0
03761 20070115  1.301  -75.79   39.86    16.6     7.2    11.9    11.1     0.0     2.05 R    14.5     7.3    10.5 -9999.0 -9999.0 -9999.0 -99.000 -99.000 -99.000 -99.000 -99.000 -9999.0 -9999.0 -9999.0 -9999.0 -9999.0
03761 20070116  1.301  -75.79   39.86    16.3    -3.2     6.5     5.2     0.0     2.22 R    13.3    -4.7     4.3 -9999.0 -9999.0 -9999.0 -99.000 -99.000 -99.000 -99.000 -99.000 -9999.0 -9999.0 -9999.0 -9999.0 -9999.0
03761 20070117  1.301  -75.79   39.86    -1.2    -7.9    -4.6    -4.8     0.0    10.94 R     5.7    -9.3    -4.3 -9999.0 -9999.0 -9999.0 -99.000 -99.000 -99.000 -99.000 -99.000 -9999.0 -9999.0 -9999.0 -9999.0 -9999.0
03761 20070118  1.301  -75.79   39.86    -0.4    -7.8    -4.1    -3.0     0.0     3.23 R     3.5    -8.4    -2.5 -9999.0 -9999.0 -9999.0 -99.000 -99.000 -99.000 -99.000 -99.000 -9999.0 -9999.0 -9999.0 -9999.0 -9999.0
03761 20070119  1.301  -75.79   39.86     5.1    -2.2     1.4     1.1     0.2     8.52 R     9.4    -4.5     0.7 -9999.0 -9999.0 -9999.0 -99.000 -99.000 -99.000 -99.000 -99.000 -9999.0 -9999.0 -9999.0 -9999.0 -9999.0
03761 20070120  1.301  -75.79   39.86     0.2    -5.4    -2.6    -1.8     0.0    10.15 R     6.7    -8.2    -2.3 -9999.0 -9999.0 -9999.0 -99.000 -99.000 -99.000 -99.000 -99.000 -9999.0 -9999.0 -9999.0 -9999.0 -9999.0
03761 20070121  1.301  -75.79   39.86    -3.2    -7.0    -5.1    -5.4     0.4     4.30 R     2.2    -9.4    -3.9 -9999.0 -9999.0 -9999.0 -99.000 -99.000 -99.000 -99.000 -99.000 -9999.0 -9999.0 -9999.0 -9999.0 -9999.0
03761 20070122  1.301  -75.79   39.86    -0.4    -5.2    -2.8    -2.4     0.7     1.69 R     2.4    -4.1    -1.6 -9999.0 -9999.0 -9999.0 -99.000 -99.000 -99.000 -99.000 -99.000 -9999.0 -9999.0 -9999.0 -9999.0 -9999.0
03761 20070123  1.301  -75.79   39.86     2.6    -2.0     0.3     0.1     0.0     8.69 R     9.2    -6.1    -0.9 -9999.0 -9999.0 -9999.0 -99.000 -99.000 -99.000 -99.000 -99.000 -9999.0 -9999.0 -9999.0 -9999.0 -9999.0
03761 20070124  1.301  -75.79   39.86     2.9    -3.8    -0.4    -0.6     0.0     4.92 R     9.4    -6.0    -1.2 -9999.0 -9999.0 -9999.0 -99.000 -99.000 -99.000 -99.000 -99.000 -9999.0 -9999.0 -9999.0 -9999.0 -9999.0
03761 20070125  1.301  -75.79   39.86     0.8    -9.4    -4.3    -2.2     0.8     7.23 R     7.8   -12.9    -2.1 -9999.0 -9999.0 -9999.0 -99.000 -99.000 -99.000 -99.000 -99.000 -9999.0 -9999.0 -9999.0 -9999.0 -9999.0
03761 20070126  1.301  -75.79   39.86    -4.6   -13.0    -8.8    -8.3     0.0    10.12 R    -1.3   -16.5    -8.4 -9999.0 -9999.0 -9999.0 -99.000 -99.000 -99.000 -99.000 -99.000 -9999.0 -9999.0 -9999.0 -9999.0 -9999.0
03761 20070127  1.301  -75.79   39.86    10.2    -8.7     0.7     0.5     0.0     9.10 R    15.3    -9.6     0.2 -9999.0 -9999.0 -9999.0 -99.000 -99.000 -99.000 -99.000 -99.000 -9999.0 -9999.0 -9999.0 -9999.0 -9999.0
03761 20070128  1.301  -75.79   39.86     4.9    -2.1     1.4     1.7     0.8     2.87 R     6.8    -2.8     1.0 -9999.0 -9999.0 -9999.0 -99.000 -99.000 -99.000 -99.000 -99.000 -9999.0 -9999.0 -9999.0 -9999.0 -9999.0
03761 20070129  1.301  -75.79   39.86    -1.4    -7.7    -4.6    -4.9     0.0    11.86 R     0.5   -11.2    -6.1 -9999.0 -9999.0 -9999.0 -99.000 -99.000 -99.000 -99.000 -99.000 -9999.0 -9999.0 -9999.0 -9999.0 -9999.0
03761 20070130  1.301  -75.79   39.86     3.3    -9.0    -2.8    -2.8     0.6    10.41 R    10.0   -11.4    -2.4 -9999.0 -9999.0 -9999.0 -99.000 -99.000 -99.000 -99.000 -99.000 -9999.0 -9999.0 -9999.0 -9999.0 -9999.0
03761 20070131  1.301  -75.79   39.86    -1.2    -6.9    -4.0    -4.5     0.0    12.09 R     4.8    -9.1    -4.7 -9999.0 -9999.0 -9999.0 -99.000 -99.000 -99.000 -99.000 -99.000 -9999.0 -9999.0 -9999.0 -9999.0 -9999.0
03761 20070201  1.301  -75.79   39.86     1.7    -6.8    -2.6    -2.5     0.0     4.23 R     6.4    -7.6    -2.2 -9999.0 -9999.0 -9999.0 -99.000 -99.000 -99.000 -99.000 -99.000 -9999.0 -9999.0 -9999.0 -9999.0 -9999.0
03761 20070202  1.301  -75.79   39.86     4.1    -3.3     0.4     0.2     3.5     5.27 R     9.4    -4.7     0.6 -9999.0 -9999.0 -9999.0 -99.000 -99.000 -99.000 -99.000 -99.000 -9999.0 -9999.0 -9999.0 -9999.0 -9999.0
03761 20070203  1.301  -75.79   39.86     0.2    -8.6    -4.2    -4.7     0.0    13.70 R    -1.4   -13.4    -7.8 -9999.0 -9999.0 -9999.0 -99.000 -99.000 -99.000 -99.000 -99.000 -9999.0 -9999.0 -9999.0 -9999.0 -9999.0
03761 20070204  1.301  -75.79   39.86    -3.0   -10.5    -6.7    -6.3     0.0    11.89 R    -1.3   -14.1    -7.8 -9999.0 -9999.0 -9999.0 -99.000 -99.000 -99.000 -99.000 -99.000 -9999.0 -9999.0 -9999.0 -9999.0 -9999.0
03761 20070205  1.301  -75.79   39.86    -9.7   -14.3   -12.0   -11.8     0.0    13.43 R    -3.6   -15.9   -11.1 -9999.0 -9999.0 -9999.0 -99.000 -99.000 -99.000 -99.000 -99.000 -9999.0 -9999.0 -9999.0 -9999.0 -9999.0
03761 20070206  1.301  -75.79   39.86    -7.9   -14.0   -11.0   -10.9     0.0    13.03 R     1.1   -15.1    -9.4 -9999.0 -9999.0 -9999.0 -99.000 -99.000 -99.000 -99.000 -99.000 -9999.0 -9999.0 -9999.0 -9999.0 -9999.0
03761 20070207  1.301  -75.79   39.86    -5.9   -11.6    -8.7    -9.0     0.8    13.24 R    -1.5   -14.2    -8.7 -9999.0 -9999.0 -9999.0 -99.000 -99.000 -99.000 -99.000 -99.000 -9999.0 -9999.0 -9999.0 -9999.0 -9999.0
03761 20070208  1.301  -75.79   39.86    -4.8   -12.5    -8.7    -8.3     0.0    13.68 R     1.2   -15.5    -8.9 -9999.0 -9999.0 -9999.0 -99.000 -99.000 -99.000 -99.000 -99.000 -9999.0 -9999.0 -9999.0 -9999.0 -9999.0
03761 20070209  1.301  -75.79   39.86    -1.9   -10.9    -6.4    -6.1     0.0    13.94 R     6.0   -14.8    -6.2 -9999.0 -9999.0 -9999.0 -99.000 -99.000 -99.000 -99.000 -99.000 -9999.0 -9999.0 -9999.0 -9999.0 -9999.0
03761 20070210  1.301  -75.79   39.86    -1.2    -7.8    -4.5    -5.2     0.0    14.28 R     7.6   -10.8    -4.6 -9999.0 -9999.0 -9999.0 -99.000 -99.000 -99.000 -99.000 -99.000 -9999.0 -9999.0 -9999.0 -9999.0 -9999.0
03761 20070211  1.301  -75.79   39.86     0.4   -11.4    -5.5    -5.3     0.0    13.66 R     9.5   -14.5    -5.1 -9999.0 -9999.0 -9999.0 -99.000 -99.000 -99.000 -99.000 -99.000 -9999.0 -9999.0 -9999.0 -9999.0 -9999.0
03761 20070212  1.301  -75.79   39.86     5.5    -5.4     0.0     0.5     0.0     8.87 R    14.1    -9.6     0.3 -9999.0 -9999.0 -9999.0 -99.000 -99.000 -99.000 -99.000 -99.000 -9999.0 -9999.0 -9999.0 -9999.0 -9999.0
03761 20070213  1.301  -75.79   39.86     0.6    -6.6    -3.0    -3.7     7.5     4.00 R    -0.3    -6.7    -3.7 -9999.0 -9999.0 -9999.0 -99.000 -99.000 -99.000 -99.000 -99.000 -9999.0 -9999.0 -9999.0 -9999.0 -9999.0
03761 20070214  1.301  -75.79   39.86     1.8    -8.6    -3.4    -5.0    28.9     5.57 R     0.9   -11.9    -5.2 -9999.0 -9999.0 -9999.0 -99.000 -99.000 -99.000 -99.000 -99.000 -9999.0 -9999.0 -9999.0 -9999.0 -9999.0
03761 20070215  1.301  -75.79   39.86    -6.9   -10.7    -8.8    -9.2     0.0    13.72 R    -6.4   -15.7   -11.4 -9999.0 -9999.0 -9999.0 -99.000 -99.000 -99.000 -99.000 -99.000 -9999.0 -9999.0 -9999.0 -9999.0 -9999.0
03761 20070216  1.301  -75.79   39.86    -4.7   -12.3    -8.5    -8.3     0.0    15.86 R    -5.4   -17.7   -11.9 -9999.0 -9999.0 -9999.0 -99.000 -99.000 -99.000 -99.000 -99.000 -9999.0 -9999.0 -9999.0 -9999.0 -9999.0
03761 20070217  1.301  -75.79   39.86 -9999.0 -9999.0 -9999.0 -9999.0 -9999.0 -9999.00 U -9999.0 -9999.0 -9999.0 -9999.0 -9999.0 -9999.0 -99.000 -99.000 -99.000 -99.000 -99.000 -9999.0 -9999.0 -9999.0 -9999.0 -9999.0
03761 20070218  1.301  -75.79   39.86    -1.2    -8.0    -4.6    -3.4     0.0    12.98 R    -0.6   -12.6    -6.1 -9999.0 -9999.0 -9999.0 -99.000 -99.000 -99.000 -99.000 -99.000 -9999.0 -9999.0 -9999.0 -9999.0 -9999.0
03761 20070219  1.301  -75.79   39.86    -2.6   -11.2    -6.9    -6.8     0.0    16.06 R    -2.9   -15.5    -9.4 -9999.0 -9999.0 -9999.0 -99.000 -99.000 -99.000 -99.000 -99.000 -9999.0 -9999.0 -9999.0 -9999.0 -9999.0
03761 20070220  1.301  -75.79   39.86     6.7    -4.2     1.3     3.0     1.3     5.68 R     1.3    -8.6    -1.4 -9999.0 -9999.0 -9999.0 -99.000 -99.000 -99.000 -99.000 -99.000 -9999.0 -9999.0 -9999.0 -9999.0 -9999.0
03761 20070221  1.301  -75.79   39.86     6.8    -2.3     2.2     3.9     0.0    15.15 R     2.2    -5.2    -0.3 -9999.0 -9999.0 -9999.0 -99.000 -99.000 -99.000 -99.000 -99.000 -9999.0 -9999.0 -9999.0 -9999.0 -9999.0
03761 20070222  1.301  -75.79   39.86     6.4    -3.8     1.3     2.1     1.5     7.57 R     1.5    -5.8    -0.9 -9999.0 -9999.0 -9999.0 -99.000 -99.000 -99.000 -99.000 -99.000 -9999.0 -9999.0 -9999.0 -9999.0 -9999.0
03761 20070223  1.301  -75.79   39.86     2.2    -4.0    -0.9    -1.3     0.0    15.65 R     1.7    -7.4    -3.1 -9999.0 -9999.0 -9999.0 -99.000 -99.000 -99.000 -99.000 -99.000 -9999.0 -9999.0 -9999.0 -9999.0 -9999.0
03761 20070224  1.301  -75.79   39.86     1.4    -8.0    -3.3    -3.1     0.0    17.24 R     3.0   -10.1    -4.0 -9999.0 -9999.0 -9999.0 -99.000 -99.000 -99.000 -99.000 -99.000 -9999.0 -9999.0 -9999.0 -9999.0 -9999.0
03761 20070225  1.301  -75.79   39.86     0.0    -2.9    -1.4    -1.5    12.7     2.63 R     1.8    -5.0    -1.5 -9999.0 -9999.0 -9999.0 -99.000 -99.000 -99.000 -99.000 -99.000 -9999.0 -9999.0 -9999.0 -9999.0 -9999.0
03761 20070226  1.301  -75.79   39.86     1.9    -0.8     0.5     0.4     1.6     6.21 R     1.2    -1.4    -0.1 -9999.0 -9999.0 -9999.0 -99.000 -99.000 -99.000 -99.000 -99.000 -9999.0 -9999.0 -9999.0 -9999.0 -9999.0
03761 20070227  1.301  -75.79   39.86     5.8    -1.7     2.1     2.4     0.2    11.89 R     9.2    -3.5     0.6 -9999.0 -9999.0 -9999.0 -99.000 -99.000 -99.000 -99.000 -99.000 -9999.0 -9999.0 -9999.0 -9999.0 -9999.0
03761 20070228  1.301  -75.79   39.86     5.0    -3.0     1.0     1.6     0.0    11.82 R    10.1    -5.1    -0.1 -9999.0 -9999.0 -9999.0 -99.000 -99.000 -99.000 -99.000 -99.000 -9999.0 -9999.0 -9999.0 -9999.0 -9999.0
03761 20070301  1.301  -75.79   39.86     7.8    -3.0     2.4     2.7     7.9    10.70 R    12.6    -4.9     2.6 -9999.0 -9999.0 -9999.0 -99.000 -99.000 -99.000 -99.000 -99.000 -9999.0 -9999.0 -9999.0 -9999.0 -9999.0
03761 20070302  1.301  -75.79   39.86    14.4    -1.2     6.6     9.2    35.1    12.69 R    17.4    -4.5     6.5 -9999.0 -9999.0 -9999.0 -99.000 -99.000 -99.000 -99.000 -99.000 -9999.0 -9999.0 -9999.0 -9999.0 -9999.0
03761 20070303  1.301  -75.79   39.86    11.6    -3.4     4.1     4.0     0.3    14.87 R    19.4    -5.2     3.1 -9999.0 -9999.0 -9999.0 -99.000 -99.000 -99.000 -99.000 -99.000 -9999.0 -9999.0 -9999.0 -9999.0 -9999.0
03761 20070304  1.301  -75.79   39.86     2.5    -1.1     0.7     0.7     0.0    11.31 R    10.1    -4.6     0.2 -9999.0 -9999.0 -9999.0 -99.000 -99.000 -99.000 -99.000 -99.000 -9999.0 -9999.0 -9999.0 -9999.0 -9999.0
03761 20070305  1.301  -75.79   39.86     4.9    -6.0    -0.6     0.0     0.0    14.82 R    13.0    -6.9    -0.4 -9999.0 -9999.0 -9999.0 -99.000 -99.000 -99.000 -99.000 -99.000 -9999.0 -9999.0 -9999.0 -9999.0 -9999.0
03761 20070306  1.301  -75.79   39.86    -4.2    -9.6    -6.9    -7.2     0.0    19.41 R     5.6   -10.5    -5.7 -9999.0 -9999.0 -9999.0 -99.000 -99.000 -99.000 -99.000 -99.000 -9999.0 -9999.0 -9999.0 -9999.0 -9999.0
03761 20070307  1.301  -75.79   39.86    -5.3   -13.1    -9.2    -8.3     4.6     8.31 R    -3.6   -18.8    -9.1 -9999.0 -9999.0 -9999.0 -99.000 -99.000 -99.000 -99.000 -99.000 -9999.0 -9999.0 -9999.0 -9999.0 -9999.0
03761 20070308  1.301  -75.79   39.86    -0.3   -15.1    -7.7    -6.4     0.0    18.58 R    -1.1   -19.6    -9.6 -9999.0 -9999.0 -9999.0 -99.000 -99.000 -99.000 -99.000 -99.000 -9999.0 -9999.0 -9999.0 -9999.0 -9999.0
03761 20070309  1.301  -75.79   39.86     3.1   -10.0    -3.5    -3.0     0.0    19.03 R    11.3   -12.7    -3.2 -9999.0 -9999.0 -9999.0 -99.000 -99.000 -99.000 -99.000 -99.000 -9999.0 -9999.0 -9999.0 -9999.0 -9999.0
03761 20070310  1.301  -75.79   39.86    15.1    -4.4     5.3     5.7     2.4    11.55 R    18.7    -5.6     4.2 -9999.0 -9999.0 -9999.0 -99.000 -99.000 -99.000 -99.000 -99.000 -9999.0 -9999.0 -9999.0 -9999.0 -9999.0
03761 20070311  1.301  -75.79   39.86     9.3    -1.2     4.1     6.3     0.8    19.16 R    17.0    -5.0     4.7 -9999.0 -9999.0 -9999.0 -99.000 -99.000 -99.000 -99.000 -99.000 -9999.0 -9999.0 -9999.0 -9999.0 -9999.0
03761 20070312  1.301  -75.79   39.86    13.5    -4.2     4.6     5.5     0.0    16.59 R    22.8    -6.2     4.4 -9999.0 -9999.0 -9999.0 -99.000 -99.000 -99.000 -99.000 -99.000 -9999.0 -9999.0 -9999.0 -9999.0 -9999.0
03761 20070313  1.301  -75.79   39.86    19.4     2.1    10.8    10.0     0.0    11.87 R    26.0    -2.4     6.9 -9999.0 -9999.0 -9999.0 -99.000 -99.000 -99.000 -99.000 -99.000 -9999.0 -9999.0 -9999.0 -9999.0 -9999.0
03761 20070314  1.301  -75.79   39.86    25.4     8.7    17.0    16.4     0.0    14.21 R    31.3     2.8    13.3 -9999.0 -9999.0 -9999.0 -99.000 -99.000 -99.000 -99.000 -99.000 -9999.0 -9999.0 -9999.0 -9999.0 -9999.0
03761 20070315  1.301  -75.79   39.86    20.9     2.7    11.8    10.2    11.7     7.09 R    24.5     2.7     9.5 -9999.0 -9999.0 -9999.0 -99.000 -99.000 -99.000 -99.000 -99.000 -9999.0 -9999.0 -9999.0 -9999.0 -9999.0
03761 20070316  1.301  -75.79   39.86     2.7    -4.0    -0.6    -0.7    54.1     1.29 R     2.9    -3.6    -0.5 -9999.0 -9999.0 -9999.0 -99.000 -99.000 -99.000 -99.000 -99.000 -9999.0 -9999.0 -9999.0 -9999.0 -9999.0
03761 20070317  1.301  -75.79   39.86    -0.6    -4.2    -2.4    -2.2     0.5    17.43 R     0.1    -6.9    -2.9 -9999.0 -9999.0 -9999.0 -99.000 -99.000 -99.000 -99.000 -99.000 -9999.0 -9999.0 -9999.0 -9999.0 -9999.0
03761 20070318  1.301  -75.79   39.86     2.8    -4.0    -0.6    -0.6     0.0    22.08 R     0.0    -8.1    -4.2 -9999.0 -9999.0 -9999.0 -99.000 -99.000 -99.000 -99.000 -99.000 -9999.0 -9999.0 -9999.0 -9999.0 -9999.0
03761 20070319  1.301  -75.79   39.86     9.0    -4.1     2.5     2.9     0.0    16.60 R     1.6    -8.8    -2.0 -9999.0 -9999.0 -9999.0 -99.000 -99.000 -99.000 -99.000 -99.000 -9999.0 -9999.0 -9999.0 -9999.0 -9999.0
03761 20070320  1.301  -75.79   39.86     9.7     0.2     4.9     7.0     0.0    18.52 R    16.7    -3.1     3.5 -9999.0 -9999.0 -9999.0 -99.000 -99.000 -99.000 -99.000 -99.000 -9999.0 -9999.0 -9999.0 -9999.0 -9999.0
03761 20070321  1.301  -75.79   39.86     6.9    -3.7     1.6     2.1     0.0    15.16 R    21.0    -6.8     3.7 -9999.0 -9999.0 -9999.0 -99.000 -99.000 -99.000 -99.000 -99.000 -9999.0 -9999.0 -9999.0 -9999.0 -9999.0
03761 20070322  1.301  -75.79   39.86    20.3     3.7    12.0    11.8     3.2    16.44 R    27.5     2.7    12.7 -9999.0 -9999.0 -9999.0 -99.000 -99.000 -99.000 -99.000 -99.000 -9999.0 -9999.0 -9999.0 -9999.0 -9999.0
03761 20070323  1.301  -75.79   39.86    17.5     9.6    13.6    12.9     3.2     5.21 R    22.3     8.9    12.4 -9999.0 -9999.0 -9999.0 -99.000 -99.000 -99.000 -99.000 -99.000 -9999.0 -9999.0 -9999.0 -9999.0 -9999.0
03761 20070324  1.301  -75.79   39.86    12.2     7.5     9.9     9.4     1.9     5.54 R    18.1     6.5     9.4 -9999.0 -9999.0 -9999.0 -99.000 -99.000 -99.000 -99.000 -99.000 -9999.0 -9999.0 -9999.0 -9999.0 -9999.0
03761 20070325  1.301  -75.79   39.86    13.7     3.3     8.5     9.0     0.0    22.24 R    25.0     1.8    10.5 -9999.0 -9999.0 -9999.0 -99.000 -99.000 -99.000 -99.000 -99.000 -9999.0 -9999.0 -9999.0 -9999.0 -9999.0
03761 20070326  1.301  -75.79   39.86    14.2     1.4     7.8     7.9     0.0    11.76 R    23.3    -0.4     8.3 -9999.0 -9999.0 -9999.0 -99.000 -99.000 -99.000 -99.000 -99.000 -9999.0 -9999.0 -9999.0 -9999.0 -9999.0
03761 20070327  1.301  -75.79   39.86    26.3     8.8    17.6    18.4     0.0    16.52 R    31.1     5.5    15.7 -9999.0 -9999.0 -9999.0 -99.000 -99.000 -99.000 -99.000 -99.000 -9999.0 -9999.0 -9999.0 -9999.0 -9999.0
03761 20070328  1.301  -75.79   39.86    18.5     7.6    13.1    14.0     0.0    17.88 R    29.6     3.5    12.6 -9999.0 -9999.0 -9999.0 -99.000 -99.000 -99.000 -99.000 -99.000 -9999.0 -9999.0 -9999.0 -9999.0 -9999.0
03761 20070329  1.301  -75.79   39.86    13.9     2.7     8.3     8.3     0.0    24.00 R    22.6    -1.0     7.7 -9999.0 -9999.0 -9999.0 -99.000 -99.000 -99.000 -99.000 -99.000 -9999.0 -9999.0 -9999.0 -9999.0 -9999.0
03761 20070330  1.301  -75.79   39.86    17.6    -2.2     7.7     9.0     0.0    23.71 R    25.4    -4.8     8.1 -9999.0 -9999.0 -9999.0 -99.000 -99.000 -99.000 -99.000 -99.000 -9999.0 -9999.0 -9999.0 -9999.0 -9999.0
03761 20070331  1.301  -75.79   39.86    14.5     2.5     8.5     8.7     0.0    14.96 R    26.0    -0.4     8.1 -9999.0 -9999.0 -9999.0 -99.000 -99.000 -99.000 -99.000 -99.000 -9999.0 -9999.0 -9999.0 -9999.0 -9999.0
03761 20070401  1.301  -75.79   39.86    11.1     5.3     8.2     8.1     1.0     3.50 R    15.1     2.8     8.1 -9999.0 -9999.0 -9999.0 -99.000 -99.000 -99.000 -99.000 -99.000 -9999.0 -9999.0 -9999.0 -9999.0 -9999.0
03761 20070402  1.301  -75.79   39.86    24.4     3.2    13.8    13.7     0.0    22.31 R    29.9     1.7    12.8 -9999.0 -9999.0 -9999.0 -99.000 -99.000 -99.000 -99.000 -99.000 -9999.0 -9999.0 -9999.0 -9999.0 -9999.0
03761 20070403  1.301  -75.79   39.86    19.3     6.5    12.9    10.5     0.0    19.22 R    26.5     4.1    12.4 -9999.0 -9999.0 -9999.0 -99.000 -99.000 -99.000 -99.000 -99.000 -9999.0 -9999.0 -9999.0 -9999.0 -9999.0
03761 20070404  1.301  -75.79   39.86     8.2     4.2     6.2     6.0    15.2     3.21 R    11.2     1.5     6.1 -9999.0 -9999.0 -9999.0 -99.000 -99.000 -99.000 -99.000 -99.000 -9999.0 -9999.0 -9999.0 -9999.0 -9999.0
03761 20070405  1.301  -75.79   39.86     4.6    -0.2     2.2     2.3     0.0    15.03 R    16.2    -3.5     3.2 -9999.0 -9999.0 -9999.0 -99.000 -99.000 -99.000 -99.000 -99.000 -9999.0 -9999.0 -9999.0 -9999.0 -9999.0
03761 20070406  1.301  -75.79   39.86     5.3    -1.8     1.7     1.2     0.0    19.52 R    19.2    -4.5     2.3 -9999.0 -9999.0 -9999.0 -99.000 -99.000 -99.000 -99.000 -99.000 -9999.0 -9999.0 -9999.0 -9999.0 -9999.0
03761 20070407  1.301  -75.79   39.86     3.7    -1.9     0.9     0.4     0.0    13.84 R    16.7    -5.3     1.4 -9999.0 -9999.0 -9999.0 -99.000 -99.000 -99.000 -99.000 -99.000 -9999.0 -9999.0 -9999.0 -9999.0 -9999.0
03761 20070408  1.301  -75.79   39.86     5.1    -2.3     1.4     1.0     0.0    17.43 R    15.1    -5.5     1.6 -9999.0 -9999.0 -9999.0 -99.000 -99.000 -99.000 -99.000 -99.000 -9999.0 -9999.0 -9999.0 -9999.0 -9999.0
03761 20070409  1.301  -75.79   39.86     5.9    -2.5     1.7     2.1     0.0    12.84 R    15.4    -6.3     1.9 -9999.0 -9999.0 -9999.0 -99.000 -99.000 -99.000 -99.000 -99.000 -9999.0 -9999.0 -9999.0 -9999.0 -9999.0
03761 20070410  1.301  -75.79   39.86     8.2    -2.7     2.7     3.3     0.0    21.20 R    22.4    -5.1     3.6 -9999.0 -9999.0 -9999.0 -99.000 -99.000 -99.000 -99.000 -99.000 -9999.0 -9999.0 -9999.0 -9999.0 -9999.0
03761 20070411  1.301  -75.79   39.86    10.6    -4.5     3.0     4.2     1.3    13.53 R    19.7    -6.4     5.0 -9999.0 -9999.0 -9999.0 -99.000 -99.000 -99.000 -99.000 -99.000 -9999.0 -9999.0 -9999.0 -9999.0 -9999.0
03761 20070412  1.301  -75.79   39.86    11.1     4.0     7.5     7.1    21.1     8.68 R    22.4     3.7     7.6 -9999.0 -9999.0 -9999.0 -99.000 -99.000 -99.000 -99.000 -99.000 -9999.0 -9999.0 -9999.0 -9999.0 -9999.0
03761 20070413  1.301  -75.79   39.86     9.9     1.8     5.8     6.8     0.0     9.80 R    15.5    -3.0     5.8 -9999.0 -9999.0 -9999.0 -99.000 -99.000 -99.000 -99.000 -99.000 -9999.0 -9999.0 -9999.0 -9999.0 -9999.0
03761 20070414  1.301  -75.79   39.86    12.5    -1.6     5.4     6.6     2.5    19.69 R    22.0    -4.2     7.6 -9999.0 -9999.0 -9999.0 -99.000 -99.000 -99.000 -99.000 -99.000 -9999.0 -9999.0 -9999.0 -9999.0 -9999.0
03761 20070415  1.301  -75.79   39.86     7.0     4.0     5.5     5.8    82.6     2.03 R     9.1     3.7     5.9 -9999.0 -9999.0 -9999.0 -99.000 -99.000 -99.000 -99.000 -99.000 -9999.0 -9999.0 -9999.0 -9999.0 -9999.0
03761 20070416  1.301  -75.79   39.86     6.0     0.8     3.4     3.9    23.8     6.67 R     7.4     0.2     3.4 -9999.0 -9999.0 -9999.0 -99.000 -99.000 -99.000 -99.000 -99.000 -9999.0 -9999.0 -9999.0 -9999.0 -9999.0
03761 20070417  1.301  -75.79   39.86     9.5     4.4     6.9     6.4     0.0    10.01 R    17.9     2.0     6.1 -9999.0 -9999.0 -9999.0 -99.000 -99.000 -99.000 -99.000 -99.000 -9999.0 -9999.0 -9999.0 -9999.0 -9999.0
03761 20070418  1.301  -75.79   39.86    10.3     3.8     7.1     7.3     0.0     8.51 R    16.7     1.1     7.3 -9999.0 -9999.0 -9999.0 -99.000 -99.000 -99.000 -99.000 -99.000 -9999.0 -9999.0 -9999.0 -9999.0 -9999.0
03761 20070419  1.301  -75.79   39.86    13.2     4.5     8.9     9.0     0.0    10.77 R    21.9     1.1     8.6 -9999.0 -9999.0 -9999.0 -99.000 -99.000 -99.000 -99.000 -99.000 -9999.0 -9999.0 -9999.0 -9999.0 -9999.0
03761 20070420  1.301  -75.79   39.86    20.1     2.1    11.1    11.7     0.0    26.69 R    27.2    -0.2    10.9 -9999.0 -9999.0 -9999.0 -99.000 -99.000 -99.000 -99.000 -99.000 -9999.0 -9999.0 -9999.0 -9999.0 -9999.0
03761 20070421  1.301  -75.79   39.86    22.4     1.0    11.7    13.2     0.0    25.43 R    28.0    -1.1    11.2 -9999.0 -9999.0 -9999.0 -99.000 -99.000 -99.000 -99.000 -99.000 -9999.0 -9999.0 -9999.0 -9999.0 -9999.0
03761 20070422  1.301  -75.79   39.86    25.2     4.6    14.9    16.6     0.0    26.79 R    29.2     1.3    13.7 -9999.0 -9999.0 -9999.0 -99.000 -99.000 -99.000 -99.000 -99.000 -9999.0 -9999.0 -9999.0 -9999.0 -9999.0
03761 20070423  1.301  -75.79   39.86    27.0     6.9    16.9    19.4     0.0    25.77 R    31.4     3.6    16.4 -9999.0 -9999.0 -9999.0 -99.000 -99.000 -99.000 -99.000 -99.000 -9999.0 -9999.0 -9999.0 -9999.0 -9999.0
03761 20070424  1.301  -75.79   39.86    23.7    14.3    19.0    20.4     0.0    19.76 R    28.2     9.4    17.7 -9999.0 -9999.0 -9999.0 -99.000 -99.000 -99.000 -99.000 -99.000 -9999.0 -9999.0 -9999.0 -9999.0 -9999.0
03761 20070425  1.301  -75.79   39.86    20.4     9.1    14.7    13.5     0.4    16.26 R    28.1     5.9    13.4 -9999.0 -9999.0 -9999.0 -99.000 -99.000 -99.000 -99.000 -99.000 -9999.0 -9999.0 -9999.0 -9999.0 -9999.0
03761 20070426  1.301  -75.79   39.86    14.8     8.0    11.4    10.9     7.5     8.54 R    20.3     8.1    11.5 -9999.0 -9999.0 -9999.0 -99.000 -99.000 -99.000 -99.000 -99.000 -9999.0 -9999.0 -9999.0 -9999.0 -9999.0
03761 20070427  1.301  -75.79   39.86    15.0     8.0    11.5    11.3    20.0     4.32 R    17.6     8.1    12.0 -9999.0 -9999.0 -9999.0 -99.000 -99.000 -99.000 -99.000 -99.000 -9999.0 -9999.0 -9999.0 -9999.0 -9999.0
03761 20070428  1.301  -75.79   39.86    18.1     7.9    13.0    13.6     1.3    13.42 R    24.9     7.8    13.4 -9999.0 -9999.0 -9999.0 -99.000 -99.000 -99.000 -99.000 -99.000 -9999.0 -9999.0 -9999.0 -9999.0 -9999.0
03761 20070429  1.301  -75.79   39.86    21.3     6.6    14.0    15.5     0.0    25.02 R    24.6     4.9    14.3 -9999.0 -9999.0 -9999.0 -99.000 -99.000 -99.000 -99.000 -99.000 -9999.0 -9999.0 -9999.0 -9999.0 -9999.0
03761 20070430  1.301  -75.79   39.86    26.1     9.1    17.6    18.5     0.0    25.67 R    27.1     5.2    15.2 -9999.0 -9999.0 -9999.0 -99.000 -99.000 -99.000 -99.000 -99.000 -9999.0 -9999.0 -9999.0 -9999.0 -9999.0
03761 20070501  1.301  -75.79   39.86    21.1     7.7    14.4    14.2     0.0    19.65 R    25.5     4.7    13.8 -9999.0 -9999.0 -9999.0 -99.000 -99.000 -99.000 -99.000 -99.000 -9999.0 -9999.0 -9999.0 -9999.0 -9999.0
03761 20070502  1.301  -75.79   39.86    21.3    11.0    16.2    16.3     0.0    22.28 R    25.4     7.0    15.2 -9999.0 -9999.0 -9999.0 -99.000 -99.000 -99.000 -99.000 -99.000 -9999.0 -9999.0 -9999.0 -9999.0 -9999.0
03761 20070503  1.301  -75.79   39.86    19.1     6.0    12.6    13.5     0.0    27.38 R    25.3     3.7    12.9 -9999.0 -9999.0 -9999.0 -99.000 -99.000 -99.000 -99.000 -99.000 -9999.0 -9999.0 -9999.0 -9999.0 -9999.0
03761 20070504  1.301  -75.79   39.86    19.7     4.9    12.3    13.5     0.0    28.62 R    25.4     2.3    12.8 -9999.0 -9999.0 -9999.0 -99.000 -99.000 -99.000 -99.000 -99.000 -9999.0 -9999.0 -9999.0 -9999.0 -9999.0
03761 20070505  1.301  -75.79   39.86    20.8     3.6    12.2    13.5     0.0    22.67 R    26.2     2.1    13.1 -9999.0 -9999.0 -9999.0 -99.000 -99.000 -99.000 -99.000 -99.000 -9999.0 -9999.0 -9999.0 -9999.0 -9999.0
03761 20070506  1.301  -75.79   39.86    15.4     5.7    10.6    11.2     0.0    28.06 R    23.4     1.4    11.2 -9999.0 -9999.0 -9999.0 -99.000 -99.000 -99.000 -99.000 -99.000 -9999.0 -9999.0 -9999.0 -9999.0 -9999.0
03761 20070507  1.301  -75.79   39.86    18.0     1.9    10.0    10.6     0.0    28.47 R    24.2    -0.5    10.9 -9999.0 -9999.0 -9999.0 -99.000 -99.000 -99.000 -99.000 -99.000 -9999.0 -9999.0 -9999.0 -9999.0 -9999.0
03761 20070508  1.301  -75.79   39.86    22.5     2.0    12.2    13.4     0.0    29.15 R    27.0     0.0    13.5 -9999.0 -9999.0 -9999.0 -99.000 -99.000 -99.000 -99.000 -99.000 -9999.0 -9999.0 -9999.0 -9999.0 -9999.0
03761 20070509  1.301  -75.79   39.86    24.3     8.9    16.6    17.5     0.0    20.39 R    36.7     7.3    18.2 -9999.0 -9999.0 -9999.0 -99.000 -99.000 -99.000 -99.000 -99.000 -9999.0 -9999.0 -9999.0 -9999.0 -9999.0
03761 20070510  1.301  -75.79   39.86    25.5    16.6    21.0    19.8     0.0    14.15 R    39.9    15.8    21.4 -9999.0 -9999.0 -9999.0 -99.000 -99.000 -99.000 -99.000 -99.000 -9999.0 -9999.0 -9999.0 -9999.0 -9999.0
03761 20070511  1.301  -75.79   39.86    26.0    14.6    20.3    20.3     0.0    20.93 R    40.4    11.8    22.0 -9999.0 -9999.0 -9999.0 -99.000 -99.000 -99.000 -99.000 -99.000 -9999.0 -9999.0 -9999.0 -9999.0 -9999.0
03761 20070512  1.301  -75.79   39.86    25.3    13.8    19.5    18.6    11.9    22.29 R    41.1    11.3    21.8 -9999.0 -9999.0 -9999.0 -99.000 -99.000 -99.000 -99.000 -99.000 -9999.0 -9999.0 -9999.0 -9999.0 -9999.0
03761 20070513  1.301  -75.79   39.86    19.3     7.8    13.5    13.8     0.3    29.47 R    34.8     5.2    17.2 -9999.0 -9999.0 -9999.0 -99.000 -99.000 -99.000 -99.000 -99.000 -9999.0 -9999.0 -9999.0 -9999.0 -9999.0
03761 20070514  1.301  -75.79   39.86    19.7     3.0    11.4    13.1     0.0    26.10 R    36.9     1.9    15.8 -9999.0 -9999.0 -9999.0 -99.000 -99.000 -99.000 -99.000 -99.000 -9999.0 -9999.0 -9999.0 -9999.0 -9999.0
03761 20070515  1.301  -75.79   39.86    26.3    11.1    18.7    19.7     0.0    27.98 R    38.1     7.7    21.3 -9999.0 -9999.0 -9999.0 -99.000 -99.000 -99.000 -99.000 -99.000 -9999.0 -9999.0 -9999.0 -9999.0 -9999.0
03761 20070516  1.301  -75.79   39.86    26.8    14.3    20.6    19.3    16.0    18.92 R    39.7    12.6    20.7 -9999.0 -9999.0 -9999.0 -99.000 -99.000 -99.000 -99.000 -99.000 -9999.0 -9999.0 -9999.0 -9999.0 -9999.0
03761 20070517  1.301  -75.79   39.86    19.3    11.0    15.2    15.3     0.0    20.21 R    35.8    10.0    18.0 -9999.0 -9999.0 -9999.0 -99.000 -99.000 -99.000 -99.000 -99.000 -9999.0 -9999.0 -9999.0 -9999.0 -9999.0
03761 20070518  1.301  -75.79   39.86    16.3     7.7    12.0    11.9     0.0    15.33 R    30.2     5.9    14.5 -9999.0 -9999.0 -9999.0 -99.000 -99.000 -99.000 -99.000 -99.000 -9999.0 -9999.0 -9999.0 -9999.0 -9999.0
03761 20070519  1.301  -75.79   39.86    19.9     6.5    13.2    12.6     0.0    23.08 R    34.9     4.2    15.3 -9999.0 -9999.0 -9999.0 -99.000 -99.000 -99.000 -99.000 -99.000 -9999.0 -9999.0 -9999.0 -9999.0 -9999.0
03761 20070520  1.301  -75.79   39.86    22.6    10.3    16.5    16.5     0.0    19.23 R    34.4     8.9    17.3 -9999.0 -9999.0 -9999.0 -99.000 -99.000 -99.000 -99.000 -99.000 -9999.0 -9999.0 -9999.0 -9999.0 -9999.0
03761 20070521  1.301  -75.79   39.86    20.9     9.0    14.9    14.9     0.0    28.98 R    34.5     7.4    18.0 -9999.0 -9999.0 -9999.0 -99.000 -99.000 -99.000 -99.000 -99.000 -9999.0 -9999.0 -9999.0 -9999.0 -9999.0
03761 20070522  1.301  -75.79   39.86    23.6     5.5    14.6    15.6     0.0    27.86 R    36.6     4.3    18.1 -9999.0 -9999.0 -9999.0 -99.000 -99.000 -99.000 -99.000 -99.000 -9999.0 -9999.0 -9999.0 -9999.0 -9999.0
03761 20070523  1.301  -75.79   39.86    24.6     8.5    16.6    16.7     0.0    27.74 R    37.2     7.7    19.5 -9999.0 -9999.0 -9999.0 -99.000 -99.000 -99.000 -99.000 -99.000 -9999.0 -9999.0 -9999.0 -9999.0 -9999.0
03761 20070524  1.301  -75.79   39.86    25.9     9.2    17.6    18.6     0.0    28.71 R    38.4     8.0    20.8 -9999.0 -9999.0 -9999.0 -99.000 -99.000 -99.000 -99.000 -99.000 -9999.0 -9999.0 -9999.0 -9999.0 -9999.0
03761 20070525  1.301  -75.79   39.86    30.1    10.5    20.3    21.4     0.0    28.71 R    40.6     9.2    23.1 -9999.0 -9999.0 -9999.0 -99.000 -99.000 -99.000 -99.000 -99.000 -9999.0 -9999.0 -9999.0 -9999.0 -9999.0
03761 20070526  1.301  -75.79   39.86    30.7    16.1    23.4    22.3     4.3    24.20 R    40.8    14.3    24.2 -9999.0 -9999.0 -9999.0 -99.000 -99.000 -99.000 -99.000 -99.000 -9999.0 -9999.0 -9999.0 -9999.0 -9999.0
03761 20070527  1.301  -75.79   39.86    30.1    14.9    22.5    22.1     2.9    24.46 R    38.2    14.7    23.8 -9999.0 -9999.0 -9999.0 -99.000 -99.000 -99.000 -99.000 -99.000 -9999.0 -9999.0 -9999.0 -9999.0 -9999.0
03761 20070528  1.301  -75.79   39.86    27.1    15.3    21.2    21.1     0.0    16.57 R    32.7    14.8    21.3 -9999.0 -9999.0 -9999.0 -99.000 -99.000 -99.000 -99.000 -99.000 -9999.0 -9999.0 -9999.0 -9999.0 -9999.0
03761 20070529  1.301  -75.79   39.86    25.8    11.8    18.8    19.2     0.0    29.93 R    37.1    10.5    21.4 -9999.0 -9999.0 -9999.0 -99.000 -99.000 -99.000 -99.000 -99.000 -9999.0 -9999.0 -9999.0 -9999.0 -9999.0
03761 20070530  1.301  -75.79   39.86    28.9    10.3    19.6    20.7     0.0    29.68 R    39.7     9.4    22.6 -9999.0 -9999.0 -9999.0 -99.000 -99.000 -99.000 -99.000 -99.000 -9999.0 -9999.0 -9999.0 -9999.0 -9999.0
03761 20070531  1.301  -75.79   39.86    31.1    14.5    22.8    23.7     0.0    26.83 R    41.6    13.7    24.9 -9999.0 -9999.0 -9999.0 -99.000 -99.000 -99.000 -99.000 -99.000 -9999.0 -9999.0 -9999.0 -9999.0 -9999.0
03761 20070601  1.301  -75.79   39.86    30.0    19.2    24.6    23.6     1.7    20.60 R    39.5    17.0    25.3 -9999.0 -9999.0 -9999.0 -99.000 -99.000 -99.000 -99.000 -99.000 -9999.0 -9999.0 -9999.0 -9999.0 -9999.0
03761 20070602  1.301  -75.79   39.86    30.0    17.4    23.7    23.7     0.0    25.78 R    38.2    17.2    25.5 -9999.0 -9999.0 -9999.0 -99.000 -99.000 -99.000 -99.000 -99.000 -9999.0 -9999.0 -9999.0 -9999.0 -9999.0
03761 20070603  1.301  -75.79   39.86    22.7    17.3    20.0    19.4    27.0     7.13 R    27.7    17.0    20.0 -9999.0 -9999.0 -9999.0 -99.000 -99.000 -99.000 -99.000 -99.000 -9999.0 -9999.0 -9999.0 -9999.0 -9999.0
03761 20070604  1.301  -75.79   39.86    25.6    17.3    21.5    20.2     8.4    13.03 R    30.1    16.4    20.7 -9999.0 -9999.0 -9999.0 -99.000 -99.000 -99.000 -99.000 -99.000 -9999.0 -9999.0 -9999.0 -9999.0 -9999.0
03761 20070605  1.301  -75.79   39.86    25.1    15.9    20.5    20.7     0.0    21.02 R    34.2    15.3    21.3 -9999.0 -9999.0 -9999.0 -99.000 -99.000 -99.000 -99.000 -99.000 -9999.0 -9999.0 -9999.0 -9999.0 -9999.0
03761 20070606  1.301  -75.79   39.86    21.1    10.2    15.6    16.6     0.3    27.74 R    33.4     9.6    19.3 -9999.0 -9999.0 -9999.0 -99.000 -99.000 -99.000 -99.000 -99.000 -9999.0 -9999.0 -9999.0 -9999.0 -9999.0
03761 20070607  1.301  -75.79   39.86    26.7     8.3    17.5    18.5     0.0    26.66 R    33.7     7.9    20.0 -9999.0 -9999.0 -9999.0 -99.000 -99.000 -99.000 -99.000 -99.000 -9999.0 -9999.0 -9999.0 -9999.0 -9999.0
03761 20070608  1.301  -75.79   39.86    32.5    14.6    23.6    24.0     0.4    24.96 R    37.8    14.5    25.1 -9999.0 -9999.0 -9999.0 -99.000 -99.000 -99.000 -99.000 -99.000 -9999.0 -9999.0 -9999.0 -9999.0 -9999.0
03761 20070609  1.301  -75.79   39.86    27.1    20.3    23.7    23.7     0.0    28.91 R    36.6    19.2    25.4 -9999.0 -9999.0 -9999.0 -99.000 -99.000 -99.000 -99.000 -99.000 -9999.0 -9999.0 -9999.0 -9999.0 -9999.0
03761 20070610  1.301  -75.79   39.86    23.3    17.3    20.3    20.0     0.8    12.82 R    33.2    17.6    21.5 -9999.0 -9999.0 -9999.0 -99.000 -99.000 -99.000 -99.000 -99.000 -9999.0 -9999.0 -9999.0 -9999.0 -9999.0
03761 20070611  1.301  -75.79   39.86    27.2    16.3    21.7    20.9    30.0    27.84 R    33.6    16.1    22.8 -9999.0 -9999.0 -9999.0 -99.000 -99.000 -99.000 -99.000 -99.000 -9999.0 -9999.0 -9999.0 -9999.0 -9999.0
03761 20070612  1.301  -75.79   39.86    28.6    15.9    22.2    21.1     1.3    22.94 R    35.8    15.8    23.0 -9999.0 -9999.0 -9999.0 -99.000 -99.000 -99.000 -99.000 -99.000 -9999.0 -9999.0 -9999.0 -9999.0 -9999.0
03761 20070613  1.301  -75.79   39.86    24.9    14.9    19.9    18.7     0.4    14.92 R    33.1    14.7    20.1 -9999.0 -9999.0 -9999.0 -99.000 -99.000 -99.000 -99.000 -99.000 -9999.0 -9999.0 -9999.0 -9999.0 -9999.0
03761 20070614  1.301  -75.79   39.86    16.5    10.5    13.5    14.0     0.0    13.17 R    25.5    10.1    16.0 -9999.0 -9999.0 -9999.0 -99.000 -99.000 -99.000 -99.000 -99.000 -9999.0 -9999.0 -9999.0 -9999.0 -9999.0
03761 20070615  1.301  -75.79   39.86    21.5    11.6    16.5    17.2     0.0    17.46 R    33.0    12.6    19.0 -9999.0 -9999.0 -9999.0 -99.000 -99.000 -99.000 -99.000 -99.000 -9999.0 -9999.0 -9999.0 -9999.0 -9999.0
03761 20070616  1.301  -75.79   39.86    25.7    14.8    20.3    20.3     0.0    27.99 R    34.0    14.2    21.8 -9999.0 -9999.0 -9999.0 -99.000 -99.000 -99.000 -99.000 -99.000 -9999.0 -9999.0 -9999.0 -9999.0 -9999.0
03761 20070617  1.301  -75.79   39.86    29.2    15.5    22.3    23.5     0.0    28.31 R    34.6    13.6    23.4 -9999.0 -9999.0 -9999.0 -99.000 -99.000 -99.000 -99.000 -99.000 -9999.0 -9999.0 -9999.0 -9999.0 -9999.0
03761 20070618  1.301  -75.79   39.86    30.9    17.2    24.0    24.3     0.0    28.03 R    49.5    16.4    27.8 -9999.0 -9999.0 -9999.0 -99.000 -99.000 -99.000 -99.000 -99.000 -9999.0 -9999.0 -9999.0 -9999.0 -9999.0
03761 20070619  1.301  -75.79   39.86    30.8    16.6    23.7    23.6     7.1    25.07 R    48.7    16.5    28.9 -9999.0 -9999.0 -9999.0 -99.000 -99.000 -99.000 -99.000 -99.000 -9999.0 -9999.0 -9999.0 -9999.0 -9999.0
03761 20070620  1.301  -75.79   39.86    25.1    13.6    19.3    20.8     8.6    22.01 R    38.5    13.6    23.4 -9999.0 -9999.0 -9999.0 -99.000 -99.000 -99.000 -99.000 -99.000 -9999.0 -9999.0 -9999.0 -9999.0 -9999.0
03761 20070621  1.301  -75.79   39.86    27.1    10.9    19.0    20.4     0.0    27.88 R    42.1    10.8    24.0 -9999.0 -9999.0 -9999.0 -99.000 -99.000 -99.000 -99.000 -99.000 -9999.0 -9999.0 -9999.0 -9999.0 -9999.0
03761 20070622  1.301  -75.79   39.86    23.6    11.1    17.3    19.5     0.0    30.13 R    42.7    10.6    22.9 -9999.0 -9999.0 -9999.0 -99.000 -99.000 -99.000 -99.000 -99.000 -9999.0 -9999.0 -9999.0 -9999.0 -9999.0
03761 20070623  1.301  -75.79   39.86    22.9     8.1    15.5    16.2     0.0    30.93 R    43.5     8.0    22.0 -9999.0 -9999.0 -9999.0 -99.000 -99.000 -99.000 -99.000 -99.000 -9999.0 -9999.0 -9999.0 -9999.0 -9999.0
03761 20070624  1.301  -75.79   39.86    26.5     9.0    17.8    18.9     0.0    30.14 R    45.9     8.9    24.6 -9999.0 -9999.0 -9999.0 -99.000 -99.000 -99.000 -99.000 -99.000 -9999.0 -9999.0 -9999.0 -9999.0 -9999.0
03761 20070625  1.301  -75.79   39.86    27.0    14.6    20.8    21.3     9.2    14.34 R    38.6    15.3    23.7 -9999.0 -9999.0 -9999.0 -99.000 -99.000 -99.000 -99.000 -99.000 -9999.0 -9999.0 -9999.0 -9999.0 -9999.0
03761 20070626  1.301  -75.79   39.86    31.4    17.7    24.5    24.7     0.0    24.32 R    44.1    18.1    28.0 -9999.0 -9999.0 -9999.0 -99.000 -99.000 -99.000 -99.000 -99.000 -9999.0 -9999.0 -9999.0 -9999.0 -9999.0
03761 20070627  1.301  -75.79   39.86    32.0    19.3    25.7    25.1     7.5    22.47 R    45.1    19.7    28.5 -9999.0 -9999.0 -9999.0 -99.000 -99.000 -99.000 -99.000 -99.000 -9999.0 -9999.0 -9999.0 -9999.0 -9999.0
03761 20070628  1.301  -75.79   39.86    29.0    18.9    23.9    24.2    13.3    22.42 R    41.2    19.5    27.1 -9999.0 -9999.0 -9999.0 -99.000 -99.000 -99.000 -99.000 -99.000 -9999.0 -9999.0 -9999.0 -9999.0 -9999.0
03761 20070629  1.301  -75.79   39.86    22.4    17.4    19.9    20.6     2.1     8.35 R    30.7    17.9    22.3 -9999.0 -9999.0 -9999.0 -99.000 -99.000 -99.000 -99.000 -99.000 -9999.0 -9999.0 -9999.0 -9999.0 -9999.0
03761 20070630  1.301  -75.79   39.86    25.6    16.4    21.0    20.6     0.0    24.34 R    37.4    16.1    23.6 -9999.0 -9999.0 -9999.0 -99.000 -99.000 -99.000 -99.000 -99.000 -9999.0 -9999.0 -9999.0 -9999.0 -9999.0
03761 20070701  1.301  -75.79   39.86    22.4    12.7    17.5    18.2     0.0    28.49 R    38.1    12.8    21.5 -9999.0 -9999.0 -9999.0 -99.000 -99.000 -99.000 -99.000 -99.000 -9999.0 -9999.0 -9999.0 -9999.0 -9999.0
03761 20070702  1.301  -75.79   39.86    22.1    10.1    16.1    16.5     0.0    27.23 R    40.6     9.6    20.3 -9999.0 -9999.0 -9999.0 -99.000 -99.000 -99.000 -99.000 -99.000 -9999.0 -9999.0 -9999.0 -9999.0 -9999.0
03761 20070703  1.301  -75.79   39.86    24.5     9.7    17.1    18.2     0.0    27.39 R    44.4     9.6    22.8 -9999.0 -9999.0 -9999.0 -99.000 -99.000 -99.000 -99.000 -99.000 -9999.0 -9999.0 -9999.0 -9999.0 -9999.0
03761 20070704  1.301  -75.79   39.86    24.3    15.5    19.9    20.1     5.6     8.95 R    30.7    16.1    21.5 -9999.0 -9999.0 -9999.0 -99.000 -99.000 -99.000 -99.000 -99.000 -9999.0 -9999.0 -9999.0 -9999.0 -9999.0
03761 20070705  1.301  -75.79   39.86    26.0    19.2    22.6    21.9    13.9    10.35 R    32.4    19.2    23.1 -9999.0 -9999.0 -9999.0 -99.000 -99.000 -99.000 -99.000 -99.000 -9999.0 -9999.0 -9999.0 -9999.0 -9999.0
03761 20070706  1.301  -75.79   39.86    27.3    17.9    22.6    23.0     0.0    27.67 R    37.9    17.3    25.3 -9999.0 -9999.0 -9999.0 -99.000 -99.000 -99.000 -99.000 -99.000 -9999.0 -9999.0 -9999.0 -9999.0 -9999.0
03761 20070707  1.301  -75.79   39.86    28.2    14.4    21.3    22.0     0.0    29.67 R    39.9    14.6    24.7 -9999.0 -9999.0 -9999.0 -99.000 -99.000 -99.000 -99.000 -99.000 -9999.0 -9999.0 -9999.0 -9999.0 -9999.0
03761 20070708  1.301  -75.79   39.86    30.7    15.1    22.9    23.7     0.0    27.52 R    42.1    15.4    26.2 -9999.0 -9999.0 -9999.0 -99.000 -99.000 -99.000 -99.000 -99.000 -9999.0 -9999.0 -9999.0 -9999.0 -9999.0
03761 20070709  1.301  -75.79   39.86    32.6    18.2    25.4    26.0     0.0    27.64 R    42.5    17.9    28.3 -9999.0 -9999.0 -9999.0 -99.000 -99.000 -99.000 -99.000 -99.000 -9999.0 -9999.0 -9999.0 -9999.0 -9999.0
03761 20070710  1.301  -75.79   39.86    33.3    19.7    26.5    24.8     3.3    18.30 R    44.2    19.7    26.9 -9999.0 -9999.0 -9999.0 -99.000 -99.000 -99.000 -99.000 -99.000 -9999.0 -9999.0 -9999.0 -9999.0 -9999.0
03761 20070711  1.301  -75.79   39.86    29.3    19.7    24.5    23.6     1.6    14.73 R    40.0    19.8    25.7 -9999.0 -9999.0 -9999.0 -99.000 -99.000 -99.000 -99.000 -99.000 -9999.0 -9999.0 -9999.0 -9999.0 -9999.0
03761 20070712  1.301  -75.79   39.86    25.4    15.4    20.4    21.0     0.0    30.37 R    40.2    15.3    24.8 -9999.0 -9999.0 -9999.0 -99.000 -99.000 -99.000 -99.000 -99.000 -9999.0 -9999.0 -9999.0 -9999.0 -9999.0
03761 20070713  1.301  -75.79   39.86    26.3    14.9    20.6    21.1     0.0    21.29 R    43.0    14.8    23.8 -9999.0 -9999.0 -9999.0 -99.000 -99.000 -99.000 -99.000 -99.000 -9999.0 -9999.0 -9999.0 -9999.0 -9999.0
03761 20070714  1.301  -75.79   39.86    27.3    15.2    21.2    22.0     0.0    26.04 R    44.5    14.7    25.5 -9999.0 -9999.0 -9999.0 -99.000 -99.000 -99.000 -99.000 -99.000 -9999.0 -9999.0 -9999.0 -9999.0 -9999.0
03761 20070715  1.301  -75.79   39.86    31.2    19.0    25.1    24.8     0.0    22.89 R    46.2    16.9    27.5 -9999.0 -9999.0 -9999.0 -99.000 -99.000 -99.000 -99.000 -99.000 -9999.0 -9999.0 -9999.0 -9999.0 -9999.0
03761 20070716  1.301  -75.79   39.86    29.4    19.2    24.3    23.8     0.0    22.36 R    45.0    18.8    27.5 -9999.0 -9999.0 -9999.0 -99.000 -99.000 -99.000 -99.000 -99.000 -9999.0 -9999.0 -9999.0 -9999.0 -9999.0
03761 20070717  1.301  -75.79   39.86    30.5    17.5    24.0    23.9     0.0    28.38 R    46.1    17.2    28.3 -9999.0 -9999.0 -9999.0 -99.000 -99.000 -99.000 -99.000 -99.000 -9999.0 -9999.0 -9999.0 -9999.0 -9999.0
03761 20070718  1.301  -75.79   39.86    29.3    20.0    24.7    23.6     7.5    16.02 R    47.9    19.7    26.5 -9999.0 -9999.0 -9999.0 -99.000 -99.000 -99.000 -99.000 -99.000 -9999.0 -9999.0 -9999.0 -9999.0 -9999.0
03761 20070719  1.301  -75.79   39.86    28.6    18.8    23.7    23.7     0.0    14.39 R    37.7    19.0    25.2 -9999.0 -9999.0 -9999.0 -99.000 -99.000 -99.000 -99.000 -99.000 -9999.0 -9999.0 -9999.0 -9999.0 -9999.0
03761 20070720  1.301  -75.79   39.86    25.1    15.7    20.4    21.9     0.0    25.21 R    40.5    13.4    24.1 -9999.0 -9999.0 -9999.0 -99.000 -99.000 -99.000 -99.000 -99.000 -9999.0 -9999.0 -9999.0 -9999.0 -9999.0
03761 20070721  1.301  -75.79   39.86    27.2    11.7    19.5    20.0     0.0    28.73 R    45.0    11.5    23.5 -9999.0 -9999.0 -9999.0 -99.000 -99.000 -99.000 -99.000 -99.000 -9999.0 -9999.0 -9999.0 -9999.0 -9999.0
03761 20070722  1.301  -75.79   39.86    27.3    15.6    21.5    21.1     0.0    27.33 R    46.3    13.5    25.2 -9999.0 -9999.0 -9999.0 -99.000 -99.000 -99.000 -99.000 -99.000 -9999.0 -9999.0 -9999.0 -9999.0 -9999.0
03761 20070723  1.301  -75.79   39.86    21.7    12.8    17.2    18.4     0.0    18.90 R    38.4    11.3    20.9 -9999.0 -9999.0 -9999.0 -99.000 -99.000 -99.000 -99.000 -99.000 -9999.0 -9999.0 -9999.0 -9999.0 -9999.0
03761 20070724  1.301  -75.79   39.86    28.3    10.8    19.5    20.3     0.0    23.93 R    48.4    10.1    25.2 -9999.0 -9999.0 -9999.0 -99.000 -99.000 -99.000 -99.000 -99.000 -9999.0 -9999.0 -9999.0 -9999.0 -9999.0
03761 20070725  1.301  -75.79   39.86    28.7    15.9    22.3    22.8     0.0    22.04 R    48.0    14.7    26.9 -9999.0 -9999.0 -9999.0 -99.000 -99.000 -99.000 -99.000 -99.000 -9999.0 -9999.0 -9999.0 -9999.0 -9999.0
03761 20070726  1.301  -75.79   39.86    29.9    20.2    25.1    24.2     0.0    22.29 R    50.9    19.3    28.9 -9999.0 -9999.0 -9999.0 -99.000 -99.000 -99.000 -99.000 -99.000 -9999.0 -9999.0 -9999.0 -9999.0 -9999.0
03761 20070727  1.301  -75.79   39.86    30.9    19.1    25.0    24.1    17.5    20.02 R    52.1    20.1    29.0 -9999.0 -9999.0 -9999.0 -99.000 -99.000 -99.000 -99.000 -99.000 -9999.0 -9999.0 -9999.0 -9999.0 -9999.0
03761 20070728  1.301  -75.79   39.86    29.7    18.7    24.2    23.9     0.0    23.27 R    42.4    19.2    27.5 -9999.0 -9999.0 -9999.0 -99.000 -99.000 -99.000 -99.000 -99.000 -9999.0 -9999.0 -9999.0 -9999.0 -9999.0
03761 20070729  1.301  -75.79   39.86    26.5    20.0    23.3    22.5    22.1    10.66 R    33.5    20.8    23.9 -9999.0 -9999.0 -9999.0 -99.000 -99.000 -99.000 -99.000 -99.000 -9999.0 -9999.0 -9999.0 -9999.0 -9999.0
03761 20070730  1.301  -75.79   39.86    28.3    19.4    23.8    22.9     0.0    19.74 R    38.7    19.8    25.9 -9999.0 -9999.0 -9999.0 -99.000 -99.000 -99.000 -99.000 -99.000 -9999.0 -9999.0 -9999.0 -9999.0 -9999.0
03761 20070731  1.301  -75.79   39.86    29.4    17.9    23.6    23.4     0.0    27.58 R    40.3    18.1    26.0 -9999.0 -9999.0 -9999.0 -99.000 -99.000 -99.000 -99.000 -99.000 -9999.0 -9999.0 -9999.0 -9999.0 -9999.0
03761 20070801  1.301  -75.79   39.86    30.8    17.2    24.0    23.9     0.0    26.48 R    41.8    17.3    26.4 -9999.0 -9999.0 -9999.0 -99.000 -99.000 -99.000 -99.000 -99.000 -9999.0 -9999.0 -9999.0 -9999.0 -9999.0
03761 20070802  1.301  -75.79   39.86    32.5    17.5    25.0    25.3     0.0    25.46 R    42.7    17.4    27.3 -9999.0 -9999.0 -9999.0 -99.000 -99.000 -99.000 -99.000 -99.000 -9999.0 -9999.0 -9999.0 -9999.0 -9999.0
03761 20070803  1.301  -75.79   39.86    31.9    19.4    25.6    25.7     0.0    24.29 R    42.2    18.1    27.8 -9999.0 -9999.0 -9999.0 -99.000 -99.000 -99.000 -99.000 -99.000 -9999.0 -9999.0 -9999.0 -9999.0 -9999.0
03761 20070804  1.301  -75.79   39.86    31.9    19.2    25.5    25.2     0.0    25.15 R    43.5    18.9    27.8 -9999.0 -9999.0 -9999.0 -99.000 -99.000 -99.000 -99.000 -99.000 -9999.0 -9999.0 -9999.0 -9999.0 -9999.0
03761 20070805  1.301  -75.79   39.86    29.3    19.7    24.5    23.8     7.4    21.78 R    43.4    17.8    26.8 -9999.0 -9999.0 -9999.0 -99.000 -99.000 -99.000 -99.000 -99.000 -9999.0 -9999.0 -9999.0 -9999.0 -9999.0
03761 20070806  1.301  -75.79   39.86    28.7    21.4    25.0    24.6     0.0    12.53 R    36.4    22.4    26.2 -9999.0 -9999.0 -9999.0 -99.000 -99.000 -99.000 -99.000 -99.000 -9999.0 -9999.0 -9999.0 -9999.0 -9999.0
03761 20070807  1.301  -75.79   39.86    31.6    21.4    26.5    26.6     0.0    18.38 R    39.4    20.8    27.9 -9999.0 -9999.0 -9999.0 -99.000 -99.000 -99.000 -99.000 -99.000 -9999.0 -9999.0 -9999.0 -9999.0 -9999.0
03761 20070808  1.301  -75.79   39.86    33.8    23.5    28.7    28.4     4.0    23.79 R    39.2    23.1    29.3 -9999.0 -9999.0 -9999.0 -99.000 -99.000 -99.000 -99.000 -99.000 -9999.0 -9999.0 -9999.0 -9999.0 -9999.0
03761 20070809  1.301  -75.79   39.86    30.5    21.2    25.8    24.3    20.9    15.43 R    46.0    20.7    26.7 -9999.0 -9999.0 -9999.0 -99.000 -99.000 -99.000 -99.000 -99.000 -9999.0 -9999.0 -9999.0 -9999.0 -9999.0
03761 20070810  1.301  -75.79   39.86    29.8    14.8    22.3    22.6     1.7    17.30 R    38.8    16.3    25.1 -9999.0 -9999.0 -9999.0 -99.000 -99.000 -99.000 -99.000 -99.000 -9999.0 -9999.0 -9999.0 -9999.0 -9999.0
03761 20070811  1.301  -75.79   39.86    26.6    14.9    20.7    19.7     0.0    24.27 R    37.6    16.2    23.4 -9999.0 -9999.0 -9999.0 -99.000 -99.000 -99.000 -99.000 -99.000 -9999.0 -9999.0 -9999.0 -9999.0 -9999.0
03761 20070812  1.301  -75.79   39.86    29.5    15.3    22.4    22.7     0.0    26.52 R    41.0    15.0    25.5 -9999.0 -9999.0 -9999.0 -99.000 -99.000 -99.000 -99.000 -99.000 -9999.0 -9999.0 -9999.0 -9999.0 -9999.0
03761 20070813  1.301  -75.79   39.86    29.6    19.0    24.3    24.1     0.0    25.36 R    40.7    17.0    26.1 -9999.0 -9999.0 -9999.0 -99.000 -99.000 -99.000 -99.000 -99.000 -9999.0 -9999.0 -9999.0 -9999.0 -9999.0
03761 20070814  1.301  -75.79   39.86    26.8    12.0    19.4    19.7     0.0    26.13 R    40.8    11.0    22.8 -9999.0 -9999.0 -9999.0 -99.000 -99.000 -99.000 -99.000 -99.000 -9999.0 -9999.0 -9999.0 -9999.0 -9999.0
03761 20070815  1.301  -75.79   39.86    29.2    12.9    21.1    21.8     0.0    22.87 R    41.9    12.3    25.1 -9999.0 -9999.0 -9999.0 -99.000 -99.000 -99.000 -99.000 -99.000 -9999.0 -9999.0 -9999.0 -9999.0 -9999.0
03761 20070816  1.301  -75.79   39.86    29.4    19.7    24.5    23.7     0.3    14.05 R    38.8    19.6    25.2 -9999.0 -9999.0 -9999.0 -99.000 -99.000 -99.000 -99.000 -99.000 -9999.0 -9999.0 -9999.0 -9999.0 -9999.0
03761 20070817  1.301  -75.79   39.86    29.7    18.9    24.3    25.4     2.2    18.15 R    42.1    17.5    26.7 -9999.0 -9999.0 -9999.0 -99.000 -99.000 -99.000 -99.000 -99.000 -9999.0 -9999.0 -9999.0 -9999.0 -9999.0
03761 20070818  1.301  -75.79   39.86    23.3    12.5    17.9    18.4     0.0    26.62 R    40.3    12.4    21.9 -9999.0 -9999.0 -9999.0 -99.000 -99.000 -99.000 -99.000 -99.000 -9999.0 -9999.0 -9999.0 -9999.0 -9999.0
03761 20070819  1.301  -75.79   39.86    21.1    13.3    17.2    16.4    11.6     3.83 R    27.2    14.1    18.1 -9999.0 -9999.0 -9999.0 -99.000 -99.000 -99.000 -99.000 -99.000 -9999.0 -9999.0 -9999.0 -9999.0 -9999.0
03761 20070820  1.301  -75.79   39.86    17.7    15.0    16.3    16.2    22.3     2.90 R    20.1    15.8    17.2 -9999.0 -9999.0 -9999.0 -99.000 -99.000 -99.000 -99.000 -99.000 -9999.0 -9999.0 -9999.0 -9999.0 -9999.0
03761 20070821  1.301  -75.79   39.86    16.8    14.4    15.6    15.3    25.4     2.46 R    18.5    14.8    16.0 -9999.0 -9999.0 -9999.0 -99.000 -99.000 -99.000 -99.000 -99.000 -9999.0 -9999.0 -9999.0 -9999.0 -9999.0
03761 20070822  1.301  -75.79   39.86    18.3    13.3    15.8    16.0     0.2     6.65 R    22.8    14.1    17.4 -9999.0 -9999.0 -9999.0 -99.000 -99.000 -99.000 -99.000 -99.000 -9999.0 -9999.0 -9999.0 -9999.0 -9999.0
03761 20070823  1.301  -75.79   39.86    24.2    16.1    20.2    19.7     0.0    12.02 R    31.6    16.9    21.3 -9999.0 -9999.0 -9999.0 -99.000 -99.000 -99.000 -99.000 -99.000 -9999.0 -9999.0 -9999.0 -9999.0 -9999.0
03761 20070824  1.301  -75.79   39.86    28.0    19.4    23.7    22.7     0.0    12.86 R    32.8    18.7    23.7 -9999.0 -9999.0 -9999.0 -99.000 -99.000 -99.000 -99.000 -99.000 -9999.0 -9999.0 -9999.0 -9999.0 -9999.0
03761 20070825  1.301  -75.79   39.86    32.4    20.6    26.5    26.4     0.0    20.48 R    37.0    21.2    27.2 -9999.0 -9999.0 -9999.0 -99.000 -99.000 -99.000 -99.000 -99.000 -9999.0 -9999.0 -9999.0 -9999.0 -9999.0
03761 20070826  1.301  -75.79   39.86    27.5    19.9    23.7    23.5     0.0    13.05 R    34.7    18.2    24.0 -9999.0 -9999.0 -9999.0 -99.000 -99.000 -99.000 -99.000 -99.000 -9999.0 -9999.0 -9999.0 -9999.0 -9999.0
03761 20070827  1.301  -75.79   39.86    27.0    15.3    21.2    21.2     0.0    22.24 R    34.4    15.2    22.3 -9999.0 -9999.0 -9999.0 -99.000 -99.000 -99.000 -99.000 -99.000 -9999.0 -9999.0 -9999.0 -9999.0 -9999.0
03761 20070828  1.301  -75.79   39.86    28.1    14.9    21.5    21.4     0.0    23.66 R    35.7    14.4    22.5 -9999.0 -9999.0 -9999.0 -99.000 -99.000 -99.000 -99.000 -99.000 -9999.0 -9999.0 -9999.0 -9999.0 -9999.0
03761 20070829  1.301  -75.79   39.86    28.1    14.7    21.4    21.1     0.0    21.09 R    35.1    14.1    22.0 -9999.0 -9999.0 -9999.0 -99.000 -99.000 -99.000 -99.000 -99.000 -9999.0 -9999.0 -9999.0 -9999.0 -9999.0
03761 20070830  1.301  -75.79   39.86    28.4    15.4    21.9    21.8     0.0    20.33 R    35.7    14.8    23.0 -9999.0 -9999.0 -9999.0 -99.000 -99.000 -99.000 -99.000 -99.000 -9999.0 -9999.0 -9999.0 -9999.0 -9999.0
03761 20070831  1.301  -75.79   39.86    26.7    17.4    22.0    21.6     0.0    13.22 R    38.3    14.2    22.7 -9999.0 -9999.0 -9999.0 -99.000 -99.000 -99.000 -99.000 -99.000 -9999.0 -9999.0 -9999.0 -9999.0 -9999.0
03761 20070901  1.301  -75.79   39.86    25.2    11.5    18.4    18.8     0.0    21.64 R    44.6    10.6    21.7 -9999.0 -9999.0 -9999.0 -99.000 -99.000 -99.000 -99.000 -99.000 -9999.0 -9999.0 -9999.0 -9999.0 -9999.0
03761 20070902  1.301  -75.79   39.86    24.9    10.0    17.4    17.8     0.0    24.38 R    42.5     9.2    21.7 -9999.0 -9999.0 -9999.0 -99.000 -99.000 -99.000 -99.000 -99.000 -9999.0 -9999.0 -9999.0 -9999.0 -9999.0
03761 20070903  1.301  -75.79   39.86    27.4    12.6    20.0    20.2     0.0    22.17 R    43.0    11.9    23.5 -9999.0 -9999.0 -9999.0 -99.000 -99.000 -99.000 -99.000 -99.000 -9999.0 -9999.0 -9999.0 -9999.0 -9999.0
03761 20070904  1.301  -75.79   39.86    27.6    15.2    21.4    21.1     0.0    22.65 R    43.2    14.3    24.1 -9999.0 -9999.0 -9999.0 -99.000 -99.000 -99.000 -99.000 -99.000 -9999.0 -9999.0 -9999.0 -9999.0 -9999.0
03761 20070905  1.301  -75.79   39.86    28.0    13.2    20.6    21.0     0.0    20.75 R    43.4    13.0    24.4 -9999.0 -9999.0 -9999.0 -99.000 -99.000 -99.000 -99.000 -99.000 -9999.0 -9999.0 -9999.0 -9999.0 -9999.0
03761 20070906  1.301  -75.79   39.86    29.4    19.0    24.2    23.0     0.0    19.52 R    43.9    17.3    26.3 -9999.0 -9999.0 -9999.0 -99.000 -99.000 -99.000 -99.000 -99.000 -9999.0 -9999.0 -9999.0 -9999.0 -9999.0
03761 20070907  1.301  -75.79   39.86    30.4    18.6    24.5    23.9     0.0    20.45 R    44.6    16.8    26.7 -9999.0 -9999.0 -9999.0 -99.000 -99.000 -99.000 -99.000 -99.000 -9999.0 -9999.0 -9999.0 -9999.0 -9999.0
03761 20070908  1.301  -75.79   39.86    30.5    18.4    24.4    23.9     0.0    20.98 R    45.2    17.2    27.0 -9999.0 -9999.0 -9999.0 -99.000 -99.000 -99.000 -99.000 -99.000 -9999.0 -9999.0 -9999.0 -9999.0 -9999.0
03761 20070909  1.301  -75.79   39.86    29.0    17.9    23.4    23.2     0.0    17.69 R    45.4    16.4    26.9 -9999.0 -9999.0 -9999.0 -99.000 -99.000 -99.000 -99.000 -99.000 -9999.0 -9999.0 -9999.0 -9999.0 -9999.0
03761 20070910  1.301  -75.79   39.86    29.4    20.8    25.1    24.7     0.0    17.12 R    46.4    21.2    28.5 -9999.0 -9999.0 -9999.0 -99.000 -99.000 -99.000 -99.000 -99.000 -9999.0 -9999.0 -9999.0 -9999.0 -9999.0
03761 20070911  1.301  -75.79   39.86    23.8    18.0    20.9    21.6     7.3     5.19 R    27.2    15.4    22.4 -9999.0 -9999.0 -9999.0 -99.000 -99.000 -99.000 -99.000 -99.000 -9999.0 -9999.0 -9999.0 -9999.0 -9999.0
03761 20070912  1.301  -75.79   39.86    22.2    10.5    16.4    17.2     0.0    22.82 R    35.7    10.1    19.4 -9999.0 -9999.0 -9999.0 -99.000 -99.000 -99.000 -99.000 -99.000 -9999.0 -9999.0 -9999.0 -9999.0 -9999.0
03761 20070913  1.301  -75.79   39.86    25.0     9.8    17.4    17.4     0.0    20.43 R    40.1     9.3    20.4 -9999.0 -9999.0 -9999.0 -99.000 -99.000 -99.000 -99.000 -99.000 -9999.0 -9999.0 -9999.0 -9999.0 -9999.0
03761 20070914  1.301  -75.79   39.86    24.2    15.8    20.0    19.8     0.0     8.94 R    37.3    14.8    21.2 -9999.0 -9999.0 -9999.0 -99.000 -99.000 -99.000 -99.000 -99.000 -9999.0 -9999.0 -9999.0 -9999.0 -9999.0
03761 20070915  1.301  -75.79   39.86    20.1     7.4    13.8    15.5     1.1    18.21 R    35.0     6.2    17.6 -9999.0 -9999.0 -9999.0 -99.000 -99.000 -99.000 -99.000 -99.000 -9999.0 -9999.0 -9999.0 -9999.0 -9999.0
03761 20070916  1.301  -75.79   39.86    17.4     5.1    11.2    10.8     0.0    18.77 R    35.7     3.7    13.7 -9999.0 -9999.0 -9999.0 -99.000 -99.000 -99.000 -99.000 -99.000 -9999.0 -9999.0 -9999.0 -9999.0 -9999.0
03761 20070917  1.301  -75.79   39.86    20.4     4.5    12.4    12.3     0.0    21.71 R    36.8     3.1    15.6 -9999.0 -9999.0 -9999.0 -99.000 -99.000 -99.000 -99.000 -99.000 -9999.0 -9999.0 -9999.0 -9999.0 -9999.0
03761 20070918  1.301  -75.79   39.86    21.4     5.6    13.5    13.5     0.0    21.37 R    38.4     4.3    16.9 -9999.0 -9999.0 -9999.0 -99.000 -99.000 -99.000 -99.000 -99.000 -9999.0 -9999.0 -9999.0 -9999.0 -9999.0
03761 20070919  1.301  -75.79   39.86    24.1     7.7    15.9    15.8     0.0    19.89 R    40.5     6.7    19.5 -9999.0 -9999.0 -9999.0 -99.000 -99.000 -99.000 -99.000 -99.000 -9999.0 -9999.0 -9999.0 -9999.0 -9999.0
03761 20070920  1.301  -75.79   39.86    24.4     9.1    16.7    16.6     0.0    15.02 R    40.4     8.3    19.0 -9999.0 -9999.0 -9999.0 -99.000 -99.000 -99.000 -99.000 -99.000 -9999.0 -9999.0 -9999.0 -9999.0 -9999.0
03761 20070921  1.301  -75.79   39.86    27.9    10.4    19.2    19.2     0.0    19.68 R    43.1     9.5    22.2 -9999.0 -9999.0 -9999.0 -99.000 -99.000 -99.000 -99.000 -99.000 -9999.0 -9999.0 -9999.0 -9999.0 -9999.0
03761 20070922  1.301  -75.79   39.86    28.6    15.6    22.1    21.2     0.8    11.14 R    39.2    14.5    22.2 -9999.0 -9999.0 -9999.0 -99.000 -99.000 -99.000 -99.000 -99.000 -9999.0 -9999.0 -9999.0 -9999.0 -9999.0
03761 20070923  1.301  -75.79   39.86    25.8    11.6    18.7    19.8     0.0    21.08 R    42.1     9.7    22.0 -9999.0 -9999.0 -9999.0 -99.000 -99.000 -99.000 -99.000 -99.000 -9999.0 -9999.0 -9999.0 -9999.0 -9999.0
03761 20070924  1.301  -75.79   39.86    26.8     8.5    17.6    17.7     0.0    20.64 R    42.7     6.5    20.2 -9999.0 -9999.0 -9999.0 -99.000 -99.000 -99.000 -99.000 -99.000 -9999.0 -9999.0 -9999.0 -9999.0 -9999.0
03761 20070925  1.301  -75.79   39.86    29.5    10.5    20.0    20.1     0.0    19.55 R    45.2     9.1    22.4 -9999.0 -9999.0 -9999.0 -99.000 -99.000 -99.000 -99.000 -99.000 -9999.0 -9999.0 -9999.0 -9999.0 -9999.0
03761 20070926  1.301  -75.79   39.86    31.8    14.8    23.3    23.2     0.0    17.36 R    46.4    13.1    25.8 -9999.0 -9999.0 -9999.0 -99.000 -99.000 -99.000 -99.000 -99.000 -9999.0 -9999.0 -9999.0 -9999.0 -9999.0
03761 20070927  1.301  -75.79   39.86    29.2    18.1    23.6    22.6     0.0    13.73 R    45.2    16.6    24.7 -9999.0 -9999.0 -9999.0 -99.000 -99.000 -99.000 -99.000 -99.000 -9999.0 -9999.0 -9999.0 -9999.0 -9999.0
03761 20070928  1.301  -75.79   39.86    24.9    14.0    19.4    19.7     0.6    13.80 R    38.0     9.2    20.6 -9999.0 -9999.0 -9999.0 -99.000 -99.000 -99.000 -99.000 -99.000 -9999.0 -9999.0 -9999.0 -9999.0 -9999.0
03761 20070929  1.301  -75.79   39.86    23.1     9.5    16.3    16.0     0.0    19.71 R    39.3     7.6    18.5 -9999.0 -9999.0 -9999.0 -99.000 -99.000 -99.000 -99.000 -99.000 -9999.0 -9999.0 -9999.0 -9999.0 -9999.0
03761 20070930  1.301  -75.79   39.86    23.9     7.1    15.5    15.2     0.0    18.81 R    40.4     5.4    18.3 -9999.0 -9999.0 -9999.0 -99.000 -99.000 -99.000 -99.000 -99.000 -9999.0 -9999.0 -9999.0 -9999.0 -9999.0
03761 20071001  1.301  -75.79   39.86    22.8     7.9    15.3    15.3     0.0    13.32 R    39.0     6.5    17.2 -9999.0 -9999.0 -9999.0 -99.000 -99.000 -99.000 -99.000 -99.000 -9999.0 -9999.0 -9999.0 -9999.0 -9999.0
03761 20071002  1.301  -75.79   39.86    25.3     8.1    16.7    16.4     0.0    15.39 R    43.7     6.7    18.9 -9999.0 -9999.0 -9999.0 -99.000 -99.000 -99.000 -99.000 -99.000 -9999.0 -9999.0 -9999.0 -9999.0 -9999.0
03761 20071003  1.301  -75.79   39.86    27.4    14.2    20.8    20.3     0.0    15.10 R    47.4    13.9    23.4 -9999.0 -9999.0 -9999.0 -99.000 -99.000 -99.000 -99.000 -99.000 -9999.0 -9999.0 -9999.0 -9999.0 -9999.0
03761 20071004  1.301  -75.79   39.86    27.5    14.4    21.0    20.3     0.0    12.12 R    41.0    13.9    22.4 -9999.0 -9999.0 -9999.0 -99.000 -99.000 -99.000 -99.000 -99.000 -9999.0 -9999.0 -9999.0 -9999.0 -9999.0
03761 20071005  1.301  -75.79   39.86    25.7    14.9    20.3    20.0     0.0     8.72 R    43.6    14.8    21.5 -9999.0 -9999.0 -9999.0 -99.000 -99.000 -99.000 -99.000 -99.000 -9999.0 -9999.0 -9999.0 -9999.0 -9999.0
03761 20071006  1.301  -75.79   39.86    27.4    14.5    21.0    20.3     0.0    10.65 R    42.0    14.8    21.9 -9999.0 -9999.0 -9999.0 -99.000 -99.000 -99.000 -99.000 -99.000 -9999.0 -9999.0 -9999.0 -9999.0 -9999.0
03761 20071007  1.301  -75.79   39.86    29.1    15.7    22.4    22.2     0.0    14.16 R    45.6    14.4    23.8 -9999.0 -9999.0 -9999.0 -99.000 -99.000 -99.000 -99.000 -99.000 -9999.0 -9999.0 -9999.0 -9999.0 -9999.0
03761 20071008  1.301  -75.79   39.86    31.0    16.1    23.5    23.6     0.0    15.43 R    44.3    16.7    26.0 -9999.0 -9999.0 -9999.0 -99.000 -99.000 -99.000 -99.000 -99.000 -9999.0 -9999.0 -9999.0 -9999.0 -9999.0
03761 20071009  1.301  -75.79   39.86    31.8    17.8    24.8    22.7    14.9    10.69 R    44.8    17.2    24.7 -9999.0 -9999.0 -9999.0 -99.000 -99.000 -99.000 -99.000 -99.000 -9999.0 -9999.0 -9999.0 -9999.0 -9999.0
03761 20071010  1.301  -75.79   39.86    24.8    14.4    19.6    19.1     2.7    15.01 R    36.0    13.8    21.1 -9999.0 -9999.0 -9999.0 -99.000 -99.000 -99.000 -99.000 -99.000 -9999.0 -9999.0 -9999.0 -9999.0 -9999.0
03761 20071011  1.301  -75.79   39.86    16.2    10.0    13.1    12.2    20.5     2.87 R    18.1    10.6    13.1 -9999.0 -9999.0 -9999.0 -99.000 -99.000 -99.000 -99.000 -99.000 -9999.0 -9999.0 -9999.0 -9999.0 -9999.0
03761 20071012  1.301  -75.79   39.86    15.8     3.8     9.8    11.6     5.3    14.31 R    25.6     3.2    12.2 -9999.0 -9999.0 -9999.0 -99.000 -99.000 -99.000 -99.000 -99.000 -9999.0 -9999.0 -9999.0 -9999.0 -9999.0
03761 20071013  1.301  -75.79   39.86    16.0     1.7     8.8     8.8     0.0    15.49 R    24.9     1.5     9.9 -9999.0 -9999.0 -9999.0 -99.000 -99.000 -99.000 -99.000 -99.000 -9999.0 -9999.0 -9999.0 -9999.0 -9999.0
03761 20071014  1.301  -75.79   39.86    17.8     2.5    10.1    10.0     0.0    16.38 R    25.9     1.7    10.8 -9999.0 -9999.0 -9999.0 -99.000 -99.000 -99.000 -99.000 -99.000 -9999.0 -9999.0 -9999.0 -9999.0 -9999.0
03761 20071015  1.301  -75.79   39.86    20.2     4.5    12.3    12.1     0.0    15.81 R    28.5     4.0    13.4 -9999.0 -9999.0 -9999.0 -99.000 -99.000 -99.000 -99.000 -99.000 -9999.0 -9999.0 -9999.0 -9999.0 -9999.0
03761 20071016  1.301  -75.79   39.86    20.8     8.8    14.8    14.7     0.0    12.71 R    29.1     7.2    15.2 -9999.0 -9999.0 -9999.0 -99.000 -99.000 -99.000 -99.000 -99.000 -9999.0 -9999.0 -9999.0 -9999.0 -9999.0
03761 20071017  1.301  -75.79   39.86    24.8    10.9    17.8    16.6     0.0    12.70 R    32.3     9.9    17.2 -9999.0 -9999.0 -9999.0 -99.000 -99.000 -99.000 -99.000 -99.000 -9999.0 -9999.0 -9999.0 -9999.0 -9999.0
03761 20071018  1.301  -75.79   39.86    25.2    11.8    18.5    18.5     0.0     8.04 R    31.3    11.1    18.9 -9999.0 -9999.0 -9999.0 -99.000 -99.000 -99.000 -99.000 -99.000 -9999.0 -9999.0 -9999.0 -9999.0 -9999.0
03761 20071019  1.301  -75.79   39.86    25.4    14.1    19.7    21.2    28.3     4.58 R    29.3    14.8    21.3 -9999.0 -9999.0 -9999.0 -99.000 -99.000 -99.000 -99.000 -99.000 -9999.0 -9999.0 -9999.0 -9999.0 -9999.0
03761 20071020  1.301  -75.79   39.86    20.6     9.8    15.2    15.6     0.0    12.95 R    27.0     7.2    14.6 -9999.0 -9999.0 -9999.0 -99.000 -99.000 -99.000 -99.000 -99.000 -9999.0 -9999.0 -9999.0 -9999.0 -9999.0
03761 20071021  1.301  -75.79   39.86    23.8     5.9    14.9    14.7     0.0    15.65 R    28.0     5.0    13.8 -9999.0 -9999.0 -9999.0 -99.000 -99.000 -99.000 -99.000 -99.000 -9999.0 -9999.0 -9999.0 -9999.0 -9999.0
03761 20071022  1.301  -75.79   39.86    24.6     6.9    15.7    16.0     0.0    14.20 R    29.9     6.0    15.4 -9999.0 -9999.0 -9999.0 -99.000 -99.000 -99.000 -99.000 -99.000 -9999.0 -9999.0 -9999.0 -9999.0 -9999.0
03761 20071023  1.301  -75.79   39.86    24.2    16.0    20.1    20.4     0.4     9.85 R    29.6    13.2    19.5 -9999.0 -9999.0 -9999.0 -99.000 -99.000 -99.000 -99.000 -99.000 -9999.0 -9999.0 -9999.0 -9999.0 -9999.0
03761 20071024  1.301  -75.79   39.86    19.9    12.2    16.0    16.3    11.2     3.19 R    25.9    12.8    16.9 -9999.0 -9999.0 -9999.0 -99.000 -99.000 -99.000 -99.000 -99.000 -9999.0 -9999.0 -9999.0 -9999.0 -9999.0
03761 20071025  1.301  -75.79   39.86    12.2     9.5    10.9    11.0     2.8     2.12 R    13.0    10.3    11.5 -9999.0 -9999.0 -9999.0 -99.000 -99.000 -99.000 -99.000 -99.000 -9999.0 -9999.0 -9999.0 -9999.0 -9999.0
03761 20071026  1.301  -75.79   39.86    15.9     9.6    12.8    12.5    26.9     1.24 R    15.7    10.5    12.8 -9999.0 -9999.0 -9999.0 -99.000 -99.000 -99.000 -99.000 -99.000 -9999.0 -9999.0 -9999.0 -9999.0 -9999.0
03761 20071027  1.301  -75.79   39.86    20.5    10.4    15.4    17.0    49.7     5.96 R    22.9     7.2    16.0 -9999.0 -9999.0 -9999.0 -99.000 -99.000 -99.000 -99.000 -99.000 -9999.0 -9999.0 -9999.0 -9999.0 -9999.0
03761 20071028  1.301  -75.79   39.86    12.5     1.4     6.9     8.7     0.0    14.76 R    18.9     0.4     8.1 -9999.0 -9999.0 -9999.0 -99.000 -99.000 -99.000 -99.000 -99.000 -9999.0 -9999.0 -9999.0 -9999.0 -9999.0
03761 20071029  1.301  -75.79   39.86    11.2    -0.8     5.2     4.5     0.0    14.56 R    17.1    -1.6     5.1 -9999.0 -9999.0 -9999.0 -99.000 -99.000 -99.000 -99.000 -99.000 -9999.0 -9999.0 -9999.0 -9999.0 -9999.0
03761 20071030  1.301  -75.79   39.86    15.8     0.3     8.1     7.2     0.0    13.64 R    20.0    -0.6     7.0 -9999.0 -9999.0 -9999.0 -99.000 -99.000 -99.000 -99.000 -99.000 -9999.0 -9999.0 -9999.0 -9999.0 -9999.0
03761 20071031  1.301  -75.79   39.86    18.1     0.6     9.3     9.5     0.0    13.96 R    21.4    -0.4     8.2 -9999.0 -9999.0 -9999.0 -99.000 -99.000 -99.000 -99.000 -99.000 -9999.0 -9999.0 -9999.0 -9999.0 -9999.0
03761 20071101  1.301  -75.79   39.86    18.7     4.8    11.8    11.3     0.0     7.37 R    21.2     2.1     9.6 -9999.0 -9999.0 -9999.0 -99.000 -99.000 -99.000 -99.000 -99.000 -9999.0 -9999.0 -9999.0 -9999.0 -9999.0
03761 20071102  1.301  -75.79   39.86    12.4     1.3     6.8     7.5     0.0    13.82 R    16.9    -0.5     6.9 -9999.0 -9999.0 -9999.0 -99.000 -99.000 -99.000 -99.000 -99.000 -9999.0 -9999.0 -9999.0 -9999.0 -9999.0
03761 20071103  1.301  -75.79   39.86    12.6     2.5     7.6     8.1     0.0     5.57 R    13.8    -0.4     6.1 -9999.0 -9999.0 -9999.0 -99.000 -99.000 -99.000 -99.000 -99.000 -9999.0 -9999.0 -9999.0 -9999.0 -9999.0
03761 20071104  1.301  -75.79   39.86    12.2     1.2     6.7     7.8     0.0    10.62 R    18.0    -0.7     6.0 -9999.0 -9999.0 -9999.0 -99.000 -99.000 -99.000 -99.000 -99.000 -9999.0 -9999.0 -9999.0 -9999.0 -9999.0
03761 20071105  1.301  -75.79   39.86    14.0    -0.6     6.7     7.6     0.8    12.37 R    17.9    -2.4     7.0 -9999.0 -9999.0 -9999.0 -99.000 -99.000 -99.000 -99.000 -99.000 -9999.0 -9999.0 -9999.0 -9999.0 -9999.0
03761 20071106  1.301  -75.79   39.86    10.0     3.3     6.7     7.6     2.6     8.36 R    13.9    -0.5     6.4 -9999.0 -9999.0 -9999.0 -99.000 -99.000 -99.000 -99.000 -99.000 -9999.0 -9999.0 -9999.0 -9999.0 -9999.0
03761 20071107  1.301  -75.79   39.86     9.1    -1.5     3.8     4.8     0.0     9.19 R    15.4    -3.5     3.2 -9999.0 -9999.0 -9999.0 -99.000 -99.000 -99.000 -99.000 -99.000 -9999.0 -9999.0 -9999.0 -9999.0 -9999.0
03761 20071108  1.301  -75.79   39.86     6.1    -3.5     1.3     0.8     0.0     9.29 R    11.6    -5.0     0.7 -9999.0 -9999.0 -9999.0 -99.000 -99.000 -99.000 -99.000 -99.000 -9999.0 -9999.0 -9999.0 -9999.0 -9999.0
03761 20071109  1.301  -75.79   39.86     6.6    -3.6     1.5     2.1     0.8     5.77 R    10.9    -4.8     2.9 -9999.0 -9999.0 -9999.0 -99.000 -99.000 -99.000 -99.000 -99.000 -9999.0 -9999.0 -9999.0 -9999.0 -9999.0
03761 20071110  1.301  -75.79   39.86     5.9     0.2     3.0     3.6     0.7     3.22 R    11.2    -1.9     3.9 -9999.0 -9999.0 -9999.0 -99.000 -99.000 -99.000 -99.000 -99.000 -9999.0 -9999.0 -9999.0 -9999.0 -9999.0
03761 20071111  1.302  -75.79   39.86 -9999.0 -9999.0 -9999.0 -9999.0     0.0 -9999.00 U -9999.0 -9999.0 -9999.0 -9999.0 -9999.0 -9999.0 -99.000 -99.000 -99.000 -99.000 -99.000 -9999.0 -9999.0 -9999.0 -9999.0 -9999.0
03761 20071112  1.302  -75.79   39.86    10.9     3.8     7.4     7.2     4.3     4.90 R    15.2     4.2     7.7 -9999.0 -9999.0 -9999.0 -99.000 -99.000 -99.000 -99.000 -99.000 -9999.0 -9999.0 -9999.0 -9999.0 -9999.0
03761 20071113  1.302  -75.79   39.86    15.1     2.4     8.7     9.1     6.7     5.44 R    19.3     1.5     8.5 -9999.0 -9999.0 -9999.0 -99.000 -99.000 -99.000 -99.000 -99.000 -9999.0 -9999.0 -9999.0 -9999.0 -9999.0
03761 20071114  1.302  -75.79   39.86    12.4     2.1     7.2     8.7     0.3     1.77 R    13.1     2.4     8.9 -9999.0 -9999.0 -9999.0 -99.000 -99.000 -99.000 -99.000 -99.000 -9999.0 -9999.0 -9999.0 -9999.0 -9999.0
03761 20071115  1.302  -75.79   39.86    14.7     4.3     9.5     8.3    12.3     1.00 R    13.2     1.5     7.2 -9999.0 -9999.0 -9999.0 -99.000 -99.000 -99.000 -99.000 -99.000 -9999.0 -9999.0 -9999.0 -9999.0 -9999.0
03761 20071116  1.302  -75.79   39.86     5.9     0.3     3.1     4.2     0.0     7.00 R    10.4    -2.7     2.8 -9999.0 -9999.0 -9999.0 -99.000 -99.000 -99.000 -99.000 -99.000 -9999.0 -9999.0 -9999.0 -9999.0 -9999.0
03761 20071117  1.302  -75.79   39.86     7.2    -1.4     2.9     3.2     0.0     5.90 R    11.3    -4.2     2.4 -9999.0 -9999.0 -9999.0 -99.000 -99.000 -99.000 -99.000 -99.000 -9999.0 -9999.0 -9999.0 -9999.0 -9999.0
03761 20071118  1.302  -75.79   39.86     4.9     2.7     3.8     3.9     4.5     1.45 R     6.9     3.0     3.8 -9999.0 -9999.0 -9999.0 -99.000 -99.000 -99.000 -99.000 -99.000 -9999.0 -9999.0 -9999.0 -9999.0 -9999.0
03761 20071119  1.302  -75.79   39.86     4.3     1.4     2.8     2.8    12.5     1.45 R     5.4     1.9     3.4 -9999.0 -9999.0 -9999.0 -99.000 -99.000 -99.000 -99.000 -99.000 -9999.0 -9999.0 -9999.0 -9999.0 -9999.0
03761 20071120  1.302  -75.79   39.86     9.2     4.2     6.7     6.8     2.1     0.98 R     9.9     4.2     6.7 -9999.0 -9999.0 -9999.0 -99.000 -99.000 -99.000 -99.000 -99.000 -9999.0 -9999.0 -9999.0 -9999.0 -9999.0
03761 20071121  1.302  -75.79   39.86    18.2     6.4    12.3    11.6     0.0     8.08 R    22.1     5.4    10.3 -9999.0 -9999.0 -9999.0 -99.000 -99.000 -99.000 -99.000 -99.000 -9999.0 -9999.0 -9999.0 -9999.0 -9999.0
03761 20071122  1.302  -75.79   39.86    20.5     3.9    12.2    12.2     1.0     7.57 R    24.0     1.2    10.0 -9999.0 -9999.0 -9999.0 -99.000 -99.000 -99.000 -99.000 -99.000 -9999.0 -9999.0 -9999.0 -9999.0 -9999.0
03761 20071123  1.302  -75.79   39.86     4.0    -3.2     0.4     1.7     0.0    10.35 R     8.6    -6.3     0.3 -9999.0 -9999.0 -9999.0 -99.000 -99.000 -99.000 -99.000 -99.000 -9999.0 -9999.0 -9999.0 -9999.0 -9999.0
03761 20071124  1.302  -75.79   39.86     3.7    -7.0    -1.7    -0.9     0.0    10.85 R     9.6    -7.9    -0.6 -9999.0 -9999.0 -9999.0 -99.000 -99.000 -99.000 -99.000 -99.000 -9999.0 -9999.0 -9999.0 -9999.0 -9999.0
03761 20071125  1.302  -75.79   39.86     9.7    -4.9     2.4     3.1     0.0    10.00 R    13.7    -5.9     2.2 -9999.0 -9999.0 -9999.0 -99.000 -99.000 -99.000 -99.000 -99.000 -9999.0 -9999.0 -9999.0 -9999.0 -9999.0
03761 20071126  1.302  -75.79   39.86    16.1     4.6    10.3     8.7    10.9     0.90 R    14.5     4.8     8.5 -9999.0 -9999.0 -9999.0 -99.000 -99.000 -99.000 -99.000 -99.000 -9999.0 -9999.0 -9999.0 -9999.0 -9999.0
03761 20071127  1.302  -75.79   39.86    16.6     2.2     9.4     9.1     0.0     7.07 R    14.5    -1.5     6.4 -9999.0 -9999.0 -9999.0 -99.000 -99.000 -99.000 -99.000 -99.000 -9999.0 -9999.0 -9999.0 -9999.0 -9999.0
03761 20071128  1.302  -75.79   39.86     5.6    -1.1     2.2     2.4     0.0    10.42 R    11.4    -4.1     1.1 -9999.0 -9999.0 -9999.0 -99.000 -99.000 -99.000 -99.000 -99.000 -9999.0 -9999.0 -9999.0 -9999.0 -9999.0
03761 20071129  1.302  -75.79   39.86    12.3    -0.4     6.0     5.3     0.0     5.47 R    12.6    -4.2     2.7 -9999.0 -9999.0 -9999.0 -99.000 -99.000 -99.000 -99.000 -99.000 -9999.0 -9999.0 -9999.0 -9999.0 -9999.0
03761 20071130  1.302  -75.79   39.86     4.1    -2.5     0.8     1.4     0.0     8.85 R     8.7    -5.7    -0.5 -9999.0 -9999.0 -9999.0 -99.000 -99.000 -99.000 -99.000 -99.000 -9999.0 -9999.0 -9999.0 -9999.0 -9999.0
03761 20071201  1.302  -75.79   39.86     2.1    -2.1     0.0     0.2     0.0     9.62 R     6.9    -5.8    -0.7 -9999.0 -9999.0 -9999.0 -99.000 -99.000 -99.000 -99.000 -99.000 -9999.0 -9999.0 -9999.0 -9999.0 -9999.0
03761 20071202  1.302  -75.79   39.86     1.8    -3.5    -0.8    -1.4    23.0     0.87 R     1.8    -2.6    -0.5 -9999.0 -9999.0 -9999.0 -99.000 -99.000 -99.000 -99.000 -99.000 -9999.0 -9999.0 -9999.0 -9999.0 -9999.0
03761 20071203  1.302  -75.79   39.86     8.2    -0.2     4.0     4.0     3.4     7.36 R    11.7    -1.9     3.4 -9999.0 -9999.0 -9999.0 -99.000 -99.000 -99.000 -99.000 -99.000 -9999.0 -9999.0 -9999.0 -9999.0 -9999.0
03761 20071204  1.302  -75.79   39.86     1.7    -2.6    -0.5    -0.3     0.0     7.09 R     5.2    -4.4    -1.0 -9999.0 -9999.0 -9999.0 -99.000 -99.000 -99.000 -99.000 -99.000 -9999.0 -9999.0 -9999.0 -9999.0 -9999.0
03761 20071205  1.302  -75.79   39.86    -2.0    -4.8    -3.4    -3.1     4.8     1.99 R     0.8   -12.2    -3.4 -9999.0 -9999.0 -9999.0 -99.000 -99.000 -99.000 -99.000 -99.000 -9999.0 -9999.0 -9999.0 -9999.0 -9999.0
03761 20071206  1.302  -75.79   39.86    -2.8   -11.7    -7.2    -6.4     0.0    10.30 R    -4.5   -18.3   -11.0 -9999.0 -9999.0 -9999.0 -99.000 -99.000 -99.000 -99.000 -99.000 -9999.0 -9999.0 -9999.0 -9999.0 -9999.0
03761 20071207  1.302  -75.79   39.86     0.3   -12.2    -6.0    -4.3     0.9     3.19 R    -0.1   -17.5    -5.1 -9999.0 -9999.0 -9999.0 -99.000 -99.000 -99.000 -99.000 -99.000 -9999.0 -9999.0 -9999.0 -9999.0 -9999.0
03761 20071208  1.302  -75.79   39.86     7.7    -2.4     2.7     1.6     4.1     7.40 R    11.2    -3.6     0.7 -9999.0 -9999.0 -9999.0 -99.000 -99.000 -99.000 -99.000 -99.000 -9999.0 -9999.0 -9999.0 -9999.0 -9999.0
03761 20071209  1.302  -75.79   39.86     2.8    -1.8     0.5     1.2     2.7     0.97 R     3.5    -1.2     1.5 -9999.0 -9999.0 -9999.0 -99.000 -99.000 -99.000 -99.000 -99.000 -9999.0 -9999.0 -9999.0 -9999.0 -9999.0
03761 20071210  1.302  -75.79   39.86     6.7     1.4     4.0     4.0     4.5     1.78 R     8.8     1.7     4.5 -9999.0 -9999.0 -9999.0 -99.000 -99.000 -99.000 -99.000 -99.000 -9999.0 -9999.0 -9999.0 -9999.0 -9999.0
03761 20071211  1.302  -75.79   39.86     8.5     3.5     6.0     5.0     0.2     1.36 R     8.0     2.3     5.2 -9999.0 -9999.0 -9999.0 -99.000 -99.000 -99.000 -99.000 -99.000 -9999.0 -9999.0 -9999.0 -9999.0 -9999.0
03761 20071212  1.302  -75.79   39.86    12.8     1.4     7.1     8.4     0.0     1.86 R    12.1    -1.5     6.6 -9999.0 -9999.0 -9999.0 -99.000 -99.000 -99.000 -99.000 -99.000 -9999.0 -9999.0 -9999.0 -9999.0 -9999.0
03761 20071213  1.302  -75.79   39.86     1.6    -0.9     0.4     0.3    12.2     0.10 R     1.4    -2.1     0.5 -9999.0 -9999.0 -9999.0 -99.000 -99.000 -99.000 -99.000 -99.000 -9999.0 -9999.0 -9999.0 -9999.0 -9999.0
03761 20071214  1.302  -75.79   39.86 -9999.0 -9999.0 -9999.0 -9999.0 -9999.0 -9999.00 U -9999.0 -9999.0 -9999.0 -9999.0 -9999.0 -9999.0 -99.000 -99.000 -99.000 -99.000 -99.000 -9999.0 -9999.0 -9999.0 -9999.0 -9999.0
03761 20071215  1.302  -75.79   39.86     1.1    -2.6    -0.7    -0.6     1.6     5.18 R     6.9    -4.8    -1.0 -9999.0 -9999.0 -9999.0 -99.000 -99.000 -99.000 -99.000 -99.000 -9999.0 -9999.0 -9999.0 -9999.0 -9999.0
03761 20071216  1.302  -75.79   39.86     5.5    -0.7     2.4     2.4    29.8     1.15 R     6.7    -2.4     1.9 -9999.0 -9999.0 -9999.0 -99.000 -99.000 -99.000 -99.000 -99.000 -9999.0 -9999.0 -9999.0 -9999.0 -9999.0
03761 20071217  1.302  -75.79   39.86     1.9    -1.5     0.2    -0.3     0.0     8.59 R     6.1    -4.3    -0.9 -9999.0 -9999.0 -9999.0 -99.000 -99.000 -99.000 -99.000 -99.000 -9999.0 -9999.0 -9999.0 -9999.0 -9999.0
03761 20071218  1.302  -75.79   39.86     2.1    -5.5    -1.7    -1.5     0.0     8.64 R     6.9    -7.1    -1.9 -9999.0 -9999.0 -9999.0 -99.000 -99.000 -99.000 -99.000 -99.000 -9999.0 -9999.0 -9999.0 -9999.0 -9999.0
03761 20071219  1.302  -75.79   39.86     5.3    -3.0     1.2     1.4     0.0     3.44 R     8.3    -5.3     0.1 -9999.0 -9999.0 -9999.0 -99.000 -99.000 -99.000 -99.000 -99.000 -9999.0 -9999.0 -9999.0 -9999.0 -9999.0
03761 20071220  1.302  -75.79   39.86     5.8    -4.0     0.9     1.2     0.0     8.70 R     9.7    -4.9    -0.2 -9999.0 -9999.0 -9999.0 -99.000 -99.000 -99.000 -99.000 -99.000 -9999.0 -9999.0 -9999.0 -9999.0 -9999.0
03761 20071221  1.302  -75.79   39.86     3.9    -3.5     0.2     1.6     0.4     2.98 R     5.4    -4.0     1.2 -9999.0 -9999.0 -9999.0 -99.000 -99.000 -99.000 -99.000 -99.000 -9999.0 -9999.0 -9999.0 -9999.0 -9999.0
03761 20071222  1.302  -75.79   39.86     5.0     0.9     2.9     3.2     0.0     2.65 R     6.9    -0.8     3.2 -9999.0 -9999.0 -9999.0 -99.000 -99.000 -99.000 -99.000 -99.000 -9999.0 -9999.0 -9999.0 -9999.0 -9999.0
03761 20071223  1.302  -75.79   39.86    16.4     4.0    10.2    10.0    13.6     0.54 R    14.7     2.1     9.0 -9999.0 -9999.0 -9999.0 -99.000 -99.000 -99.000 -99.000 -99.000 -9999.0 -9999.0 -9999.0 -9999.0 -9999.0
03761 20071224  1.302  -75.79   39.86     7.5     0.2     3.8     4.3     0.0     8.42 R    11.4    -3.6     1.8 -9999.0 -9999.0 -9999.0 -99.000 -99.000 -99.000 -99.000 -99.000 -9999.0 -9999.0 -9999.0 -9999.0 -9999.0
03761 20071225  1.302  -75.79   39.86     6.5    -3.5     1.5     1.6     0.0     9.16 R     9.6    -4.8     0.0 -9999.0 -9999.0 -9999.0 -99.000 -99.000 -99.000 -99.000 -99.000 -9999.0 -9999.0 -9999.0 -9999.0 -9999.0
03761 20071226  1.302  -75.79   39.86     1.6    -4.5    -1.5    -0.5    10.8     0.59 R     1.4    -5.0    -0.8 -9999.0 -9999.0 -9999.0 -99.000 -99.000 -99.000 -99.000 -99.000 -9999.0 -9999.0 -9999.0 -9999.0 -9999.0
03761 20071227  1.302  -75.79   39.86     5.3     0.8     3.1     2.6     0.2     2.63 R     7.9    -0.8     2.6 -9999.0 -9999.0 -9999.0 -99.000 -99.000 -99.000 -99.000 -99.000 -9999.0 -9999.0 -9999.0 -9999.0 -9999.0
03761 20071228  1.302  -75.79   39.86     7.8    -3.0     2.4     3.0     6.0     6.89 R    12.0    -4.3     2.9 -9999.0 -9999.0 -9999.0 -99.000 -99.000 -99.000 -99.000 -99.000 -9999.0 -9999.0 -9999.0 -9999.0 -9999.0
03761 20071229  1.302  -75.79   39.86     9.2     0.2     4.7     6.7     5.8     5.85 R    11.5    -2.8     5.2 -9999.0 -9999.0 -9999.0 -99.000 -99.000 -99.000 -99.000 -99.000 -9999.0 -9999.0 -9999.0 -9999.0 -9999.0
03761 20071230  1.302  -75.79   39.86     4.2    -3.0     0.6     0.8     7.5     2.42 R     5.4    -3.8     0.5 -9999.0 -9999.0 -9999.0 -99.000 -99.000 -99.000 -99.000 -99.000 -9999.0 -9999.0 -9999.0 -9999.0 -9999.0
03761 20071231  1.302  -75.79   39.86     6.7    -2.5     2.1     2.1     3.1     9.32 R    11.1    -4.3     1.2 -9999.0 -9999.0 -9999.0 -99.000 -99.000 -99.000 -99.000 -99.000 -9999.0 -9999.0 -9999.0 -9999.0 -9999.0
