63898 20071003  1.302  -86.57   38.89 -9999.0 -9999.0 -9999.0 -9999.0 -9999.0 -9999.00 U -9999.0 -9999.0 -9999.0 -9999.0 -9999.0 -9999.0 -99.000 -99.000 -99.000 -99.000 -99.000 -9999.0 -9999.0 -9999.0 -9999.0 -9999.0
63898 20071004  1.302  -86.57   38.89    28.9    14.8    21.9    21.9     0.0    15.15 R    42.5    13.5    22.7 -9999.0 -9999.0 -9999.0 -99.000 -99.000 -99.000 -99.000 -99.000 -9999.0 -9999.0 -9999.0 -9999.0 -9999.0
63898 20071005  1.302  -86.57   38.89    29.3    19.0    24.2    23.5     0.0    11.53 R    40.9    18.0    24.3 -9999.0 -9999.0 -9999.0 -99.000 -99.000 -99.000 -99.000 -99.000 -9999.0 -9999.0 -9999.0 -9999.0 -9999.0
63898 20071006  1.302  -86.57   38.89    30.2    19.5    24.9    24.4     0.0    17.72 R    43.1    17.8    25.9 -9999.0 -9999.0 -9999.0 -99.000 -99.000 -99.000 -99.000 -99.000 -9999.0 -9999.0 -9999.0 -9999.0 -9999.0
63898 20071007  1.302  -86.57   38.89    31.4    17.9    24.6    24.4     0.0    16.78 R    43.9    16.9    25.6 -9999.0 -9999.0 -9999.0 -99.000 -99.000 -99.000 -99.000 -99.000 -9999.0 -9999.0 -9999.0 -9999.0 -9999.0
63898 20071008  1.302  -86.57   38.89    31.0    18.0    24.5    24.7     0.0    16.23 R    41.5    16.5    25.3 -9999.0 -9999.0 -9999.0 -99.000 -99.000 -99.000 -99.000 -99.000 -9999.0 -9999.0 -9999.0 -9999.0 -9999.0
63898 20071009  1.302  -86.57   38.89    24.5    15.7    20.1    20.3     0.0    18.40 R    37.7    11.7    22.2 -9999.0 -9999.0 -9999.0 -99.000 -99.000 -99.000 -99.000 -99.000 -9999.0 -9999.0 -9999.0 -9999.0 -9999.0
63898 20071010  1.302  -86.57   38.89    16.4     8.0    12.2    11.0     0.0     8.83 R    29.3     6.8    12.6 -9999.0 -9999.0 -9999.0 -99.000 -99.000 -99.000 -99.000 -99.000 -9999.0 -9999.0 -9999.0 -9999.0 -9999.0
63898 20071011  1.302  -86.57   38.89    15.9     5.8    10.9    10.7     0.0     9.78 R    29.0     4.3    12.9 -9999.0 -9999.0 -9999.0 -99.000 -99.000 -99.000 -99.000 -99.000 -9999.0 -9999.0 -9999.0 -9999.0 -9999.0
63898 20071012  1.302  -86.57   38.89    16.2     6.3    11.2    11.5     0.0    15.69 R    33.5     4.6    14.4 -9999.0 -9999.0 -9999.0 -99.000 -99.000 -99.000 -99.000 -99.000 -9999.0 -9999.0 -9999.0 -9999.0 -9999.0
63898 20071013  1.302  -86.57   38.89    17.8     2.9    10.3    11.3     0.0    11.94 R    30.3     2.1    13.5 -9999.0 -9999.0 -9999.0 -99.000 -99.000 -99.000 -99.000 -99.000 -9999.0 -9999.0 -9999.0 -9999.0 -9999.0
63898 20071014  1.302  -86.57   38.89    25.4    11.8    18.6    17.7     0.0    14.32 R    35.8     9.9    19.0 -9999.0 -9999.0 -9999.0 -99.000 -99.000 -99.000 -99.000 -99.000 -9999.0 -9999.0 -9999.0 -9999.0 -9999.0
63898 20071015  1.302  -86.57   38.89    26.4    12.5    19.4    19.4     0.0    12.66 R    37.0     9.6    19.1 -9999.0 -9999.0 -9999.0 -99.000 -99.000 -99.000 -99.000 -99.000 -9999.0 -9999.0 -9999.0 -9999.0 -9999.0
63898 20071016  1.302  -86.57   38.89    23.1    14.9    19.0    18.7     2.5     9.48 R    30.2    12.7    18.4 -9999.0 -9999.0 -9999.0 -99.000 -99.000 -99.000 -99.000 -99.000 -9999.0 -9999.0 -9999.0 -9999.0 -9999.0
63898 20071017  1.302  -86.57   38.89    25.3    10.5    17.9    18.3     2.4     8.67 R    29.9     9.6    18.3 -9999.0 -9999.0 -9999.0 -99.000 -99.000 -99.000 -99.000 -99.000 -9999.0 -9999.0 -9999.0 -9999.0 -9999.0
63898 20071018  1.302  -86.57   38.89    27.3    18.2    22.7    21.6    36.0    11.15 R    28.7    18.3    21.1 -9999.0 -9999.0 -9999.0 -99.000 -99.000 -99.000 -99.000 -99.000 -9999.0 -9999.0 -9999.0 -9999.0 -9999.0
63898 20071019  1.302  -86.57   38.89    20.0    12.6    16.3    15.3     0.0     5.35 R    19.2    11.0    14.7 -9999.0 -9999.0 -9999.0 -99.000 -99.000 -99.000 -99.000 -99.000 -9999.0 -9999.0 -9999.0 -9999.0 -9999.0
63898 20071020  1.302  -86.57   38.89    22.0     9.3    15.7    15.8     0.0    16.45 R    24.3     7.6    14.5 -9999.0 -9999.0 -9999.0 -99.000 -99.000 -99.000 -99.000 -99.000 -9999.0 -9999.0 -9999.0 -9999.0 -9999.0
63898 20071021  1.302  -86.57   38.89    25.2    12.5    18.8    18.4     0.0    16.16 R    26.2     8.7    15.0 -9999.0 -9999.0 -9999.0 -99.000 -99.000 -99.000 -99.000 -99.000 -9999.0 -9999.0 -9999.0 -9999.0 -9999.0
63898 20071022  1.302  -86.57   38.89    17.9    11.5    14.7    15.5    11.7     3.42 R    18.0     8.6    13.9 -9999.0 -9999.0 -9999.0 -99.000 -99.000 -99.000 -99.000 -99.000 -9999.0 -9999.0 -9999.0 -9999.0 -9999.0
63898 20071023  1.302  -86.57   38.89    15.6     8.8    12.2    10.8    20.7     1.76 R    16.6     9.7    12.0 -9999.0 -9999.0 -9999.0 -99.000 -99.000 -99.000 -99.000 -99.000 -9999.0 -9999.0 -9999.0 -9999.0 -9999.0
63898 20071024  1.302  -86.57   38.89    12.2     8.8    10.5    10.2     0.0     4.09 R    13.3     7.8    10.3 -9999.0 -9999.0 -9999.0 -99.000 -99.000 -99.000 -99.000 -99.000 -9999.0 -9999.0 -9999.0 -9999.0 -9999.0
63898 20071025  1.302  -86.57   38.89    11.6     7.4     9.5    10.0     0.0     1.48 R    12.4     6.0     9.7 -9999.0 -9999.0 -9999.0 -99.000 -99.000 -99.000 -99.000 -99.000 -9999.0 -9999.0 -9999.0 -9999.0 -9999.0
63898 20071026  1.302  -86.57   38.89    14.1     9.3    11.7    11.1     2.1     2.07 R    15.9     8.0    11.3 -9999.0 -9999.0 -9999.0 -99.000 -99.000 -99.000 -99.000 -99.000 -9999.0 -9999.0 -9999.0 -9999.0 -9999.0
63898 20071027  1.302  -86.57   38.89    12.6     9.3    11.0    10.9     0.6     2.22 R    14.6     8.1    11.2 -9999.0 -9999.0 -9999.0 -99.000 -99.000 -99.000 -99.000 -99.000 -9999.0 -9999.0 -9999.0 -9999.0 -9999.0
63898 20071028  1.302  -86.57   38.89    13.2     2.8     8.0     8.1     0.0    15.45 R    17.7     2.6     8.1 -9999.0 -9999.0 -9999.0 -99.000 -99.000 -99.000 -99.000 -99.000 -9999.0 -9999.0 -9999.0 -9999.0 -9999.0
63898 20071029  1.302  -86.57   38.89    14.8    -1.1     6.8     6.9     0.0    15.47 R    18.2    -0.4     6.8 -9999.0 -9999.0 -9999.0 -99.000 -99.000 -99.000 -99.000 -99.000 -9999.0 -9999.0 -9999.0 -9999.0 -9999.0
63898 20071030  1.302  -86.57   38.89    18.4    -0.1     9.2     9.3     0.0    14.95 R    20.2     0.0     8.2 -9999.0 -9999.0 -9999.0 -99.000 -99.000 -99.000 -99.000 -99.000 -9999.0 -9999.0 -9999.0 -9999.0 -9999.0
63898 20071031  1.302  -86.57   38.89    19.7     4.2    11.9    12.9     0.0    10.88 R    21.0     3.4    11.1 -9999.0 -9999.0 -9999.0 -99.000 -99.000 -99.000 -99.000 -99.000 -9999.0 -9999.0 -9999.0 -9999.0 -9999.0
63898 20071101  1.302  -86.57   38.89    13.6     2.1     7.8     8.7     0.0    15.04 R    17.5     0.8     7.9 -9999.0 -9999.0 -9999.0 -99.000 -99.000 -99.000 -99.000 -99.000 -9999.0 -9999.0 -9999.0 -9999.0 -9999.0
63898 20071102  1.302  -86.57   38.89    15.2    -0.1     7.5     7.4     0.0    14.68 R    18.0    -0.2     6.3 -9999.0 -9999.0 -9999.0 -99.000 -99.000 -99.000 -99.000 -99.000 -9999.0 -9999.0 -9999.0 -9999.0 -9999.0
63898 20071103  1.302  -86.57   38.89    15.3    -0.4     7.5     7.1     0.0    12.94 R    17.8    -0.1     6.2 -9999.0 -9999.0 -9999.0 -99.000 -99.000 -99.000 -99.000 -99.000 -9999.0 -9999.0 -9999.0 -9999.0 -9999.0
63898 20071104  1.302  -86.57   38.89    13.7     3.1     8.4     8.6     0.0    13.84 R    16.4     1.7     7.0 -9999.0 -9999.0 -9999.0 -99.000 -99.000 -99.000 -99.000 -99.000 -9999.0 -9999.0 -9999.0 -9999.0 -9999.0
63898 20071105  1.302  -86.57   38.89    18.5     4.4    11.4    10.9     0.0     7.84 R    19.6     1.7     8.7 -9999.0 -9999.0 -9999.0 -99.000 -99.000 -99.000 -99.000 -99.000 -9999.0 -9999.0 -9999.0 -9999.0 -9999.0
63898 20071106  1.302  -86.57   38.89     7.8    -0.3     3.8     3.8     0.0    13.69 R    14.0    -1.9     3.8 -9999.0 -9999.0 -9999.0 -99.000 -99.000 -99.000 -99.000 -99.000 -9999.0 -9999.0 -9999.0 -9999.0 -9999.0
63898 20071107  1.302  -86.57   38.89     6.7    -3.0     1.9     2.0     0.0    12.95 R    14.3    -4.2     2.3 -9999.0 -9999.0 -9999.0 -99.000 -99.000 -99.000 -99.000 -99.000 -9999.0 -9999.0 -9999.0 -9999.0 -9999.0
63898 20071108  1.302  -86.57   38.89    12.1     0.2     6.1     6.5     0.0    10.25 R    15.9     0.8     6.2 -9999.0 -9999.0 -9999.0 -99.000 -99.000 -99.000 -99.000 -99.000 -9999.0 -9999.0 -9999.0 -9999.0 -9999.0
63898 20071109  1.302  -86.57   38.89    13.0     3.7     8.4     8.0     0.0    12.49 R    16.9     1.2     7.4 -9999.0 -9999.0 -9999.0 -99.000 -99.000 -99.000 -99.000 -99.000 -9999.0 -9999.0 -9999.0 -9999.0 -9999.0
63898 20071110  1.302  -86.57   38.89    10.6    -1.3     4.7     4.9     0.0    12.14 R    15.3    -2.3     4.5 -9999.0 -9999.0 -9999.0 -99.000 -99.000 -99.000 -99.000 -99.000 -9999.0 -9999.0 -9999.0 -9999.0 -9999.0
63898 20071111  1.302  -86.57   38.89    12.9     3.2     8.1     8.8     0.3     2.99 R    12.8     1.7     7.4 -9999.0 -9999.0 -9999.0 -99.000 -99.000 -99.000 -99.000 -99.000 -9999.0 -9999.0 -9999.0 -9999.0 -9999.0
63898 20071112  1.302  -86.57   38.89    19.6    12.3    15.9    15.6     0.0     7.83 R    19.5     8.6    13.9 -9999.0 -9999.0 -9999.0 -99.000 -99.000 -99.000 -99.000 -99.000 -9999.0 -9999.0 -9999.0 -9999.0 -9999.0
63898 20071113  1.302  -86.57   38.89    15.7    11.4    13.6    13.6     7.7     3.90 R    18.2    12.0    14.0 -9999.0 -9999.0 -9999.0 -99.000 -99.000 -99.000 -99.000 -99.000 -9999.0 -9999.0 -9999.0 -9999.0 -9999.0
63898 20071114  1.302  -86.57   38.89    18.7     7.4    13.1    14.8     0.0     6.75 R    21.8     5.1    14.2 -9999.0 -9999.0 -9999.0 -99.000 -99.000 -99.000 -99.000 -99.000 -9999.0 -9999.0 -9999.0 -9999.0 -9999.0
63898 20071115  1.302  -86.57   38.89     7.5    -0.6     3.4     3.6     0.0     4.33 R     7.7    -1.9     3.4 -9999.0 -9999.0 -9999.0 -99.000 -99.000 -99.000 -99.000 -99.000 -9999.0 -9999.0 -9999.0 -9999.0 -9999.0
63898 20071116  1.302  -86.57   38.89     6.8    -3.6     1.6     2.0     0.0    10.53 R    12.7    -4.0     1.9 -9999.0 -9999.0 -9999.0 -99.000 -99.000 -99.000 -99.000 -99.000 -9999.0 -9999.0 -9999.0 -9999.0 -9999.0
63898 20071117  1.302  -86.57   38.89    15.0     1.8     8.4     7.8     0.0    11.14 R    16.5    -0.9     5.7 -9999.0 -9999.0 -9999.0 -99.000 -99.000 -99.000 -99.000 -99.000 -9999.0 -9999.0 -9999.0 -9999.0 -9999.0
63898 20071118  1.302  -86.57   38.89    10.2     1.2     5.7     5.5     0.0     7.85 R    15.4     0.3     5.9 -9999.0 -9999.0 -9999.0 -99.000 -99.000 -99.000 -99.000 -99.000 -9999.0 -9999.0 -9999.0 -9999.0 -9999.0
63898 20071119  1.302  -86.57   38.89    17.1     5.1    11.1    11.6     0.0     2.35 R    16.9     4.0    11.0 -9999.0 -9999.0 -9999.0 -99.000 -99.000 -99.000 -99.000 -99.000 -9999.0 -9999.0 -9999.0 -9999.0 -9999.0
63898 20071120  1.302  -86.57   38.89    19.0    13.7    16.3    16.2     0.0     5.34 R    21.4    11.2    14.6 -9999.0 -9999.0 -9999.0 -99.000 -99.000 -99.000 -99.000 -99.000 -9999.0 -9999.0 -9999.0 -9999.0 -9999.0
63898 20071121  1.302  -86.57   38.89    18.1     8.0    13.0    16.8     2.6     1.70 R    17.8     9.4    15.8 -9999.0 -9999.0 -9999.0 -99.000 -99.000 -99.000 -99.000 -99.000 -9999.0 -9999.0 -9999.0 -9999.0 -9999.0
63898 20071122  1.302  -86.57   38.89     8.0    -2.7     2.7     2.5     0.3     2.50 R     9.6    -3.1     3.4 -9999.0 -9999.0 -9999.0 -99.000 -99.000 -99.000 -99.000 -99.000 -9999.0 -9999.0 -9999.0 -9999.0 -9999.0
63898 20071123  1.302  -86.57   38.89     2.3    -6.0    -1.9    -1.9     0.0    10.51 R     7.8    -5.3    -1.2 -9999.0 -9999.0 -9999.0 -99.000 -99.000 -99.000 -99.000 -99.000 -9999.0 -9999.0 -9999.0 -9999.0 -9999.0
63898 20071124  1.302  -86.57   38.89     3.8    -6.3    -1.3    -0.8     0.0     6.66 R    10.7    -5.8    -0.5 -9999.0 -9999.0 -9999.0 -99.000 -99.000 -99.000 -99.000 -99.000 -9999.0 -9999.0 -9999.0 -9999.0 -9999.0
63898 20071125  1.302  -86.57   38.89     4.3    -5.0    -0.4     0.2     6.0     2.62 R     6.8    -4.4     0.9 -9999.0 -9999.0 -9999.0 -99.000 -99.000 -99.000 -99.000 -99.000 -9999.0 -9999.0 -9999.0 -9999.0 -9999.0
63898 20071126  1.302  -86.57   38.89     5.9     2.2     4.1     3.9    16.7     0.97 R     8.0     2.6     4.4 -9999.0 -9999.0 -9999.0 -99.000 -99.000 -99.000 -99.000 -99.000 -9999.0 -9999.0 -9999.0 -9999.0 -9999.0
63898 20071127  1.302  -86.57   38.89     8.0    -1.7     3.1     2.8     0.0    10.89 R    10.2    -2.6     2.2 -9999.0 -9999.0 -9999.0 -99.000 -99.000 -99.000 -99.000 -99.000 -9999.0 -9999.0 -9999.0 -9999.0 -9999.0
63898 20071128  1.302  -86.57   38.89    11.9    -3.2     4.4     4.8     0.0     8.79 R    13.3    -4.0     3.0 -9999.0 -9999.0 -9999.0 -99.000 -99.000 -99.000 -99.000 -99.000 -9999.0 -9999.0 -9999.0 -9999.0 -9999.0
63898 20071129  1.302  -86.57   38.89     9.9    -2.9     3.5     1.4     0.0    11.28 R     8.2    -4.3     1.1 -9999.0 -9999.0 -9999.0 -99.000 -99.000 -99.000 -99.000 -99.000 -9999.0 -9999.0 -9999.0 -9999.0 -9999.0
63898 20071130  1.302  -86.57   38.89     8.0    -6.2     0.9     0.8     0.0     9.64 R     9.8    -6.1    -0.5 -9999.0 -9999.0 -9999.0 -99.000 -99.000 -99.000 -99.000 -99.000 -9999.0 -9999.0 -9999.0 -9999.0 -9999.0
63898 20071201  1.302  -86.57   38.89     5.3    -4.4     0.4    -0.1     0.0     2.05 R     4.2    -5.2    -0.6 -9999.0 -9999.0 -9999.0 -99.000 -99.000 -99.000 -99.000 -99.000 -9999.0 -9999.0 -9999.0 -9999.0 -9999.0
63898 20071202  1.302  -86.57   38.89    14.8    -0.9     6.9    10.2    30.5     0.15 R    13.8     0.1     9.1 -9999.0 -9999.0 -9999.0 -99.000 -99.000 -99.000 -99.000 -99.000 -9999.0 -9999.0 -9999.0 -9999.0 -9999.0
63898 20071203  1.302  -86.57   38.89     1.5    -5.3    -1.9    -2.1     0.0     9.17 R     4.7    -4.7    -1.2 -9999.0 -9999.0 -9999.0 -99.000 -99.000 -99.000 -99.000 -99.000 -9999.0 -9999.0 -9999.0 -9999.0 -9999.0
63898 20071204  1.302  -86.57   38.89     2.2    -5.2    -1.5    -1.2     0.0     5.10 R     5.1    -5.4    -0.7 -9999.0 -9999.0 -9999.0 -99.000 -99.000 -99.000 -99.000 -99.000 -9999.0 -9999.0 -9999.0 -9999.0 -9999.0
63898 20071205  1.302  -86.57   38.89     4.0    -7.5    -1.8    -1.1     0.9     2.56 R     3.3    -7.2    -0.7 -9999.0 -9999.0 -9999.0 -99.000 -99.000 -99.000 -99.000 -99.000 -9999.0 -9999.0 -9999.0 -9999.0 -9999.0
63898 20071206  1.302  -86.57   38.89     0.5   -10.1    -4.8    -4.2     1.2     9.27 R     3.0    -9.3    -3.2 -9999.0 -9999.0 -9999.0 -99.000 -99.000 -99.000 -99.000 -99.000 -9999.0 -9999.0 -9999.0 -9999.0 -9999.0
63898 20071207  1.302  -86.57   38.89     2.4    -1.1     0.6     0.5     2.5     2.62 R     4.9    -0.6     0.9 -9999.0 -9999.0 -9999.0 -99.000 -99.000 -99.000 -99.000 -99.000 -9999.0 -9999.0 -9999.0 -9999.0 -9999.0
63898 20071208  1.302  -86.57   38.89     3.5     0.9     2.2     2.0    11.8     2.22 R     6.2     1.2     2.6 -9999.0 -9999.0 -9999.0 -99.000 -99.000 -99.000 -99.000 -99.000 -9999.0 -9999.0 -9999.0 -9999.0 -9999.0
63898 20071209  1.302  -86.57   38.89     5.9     1.9     3.9     3.6    28.6     1.45 R     8.8     2.2     4.2 -9999.0 -9999.0 -9999.0 -99.000 -99.000 -99.000 -99.000 -99.000 -9999.0 -9999.0 -9999.0 -9999.0 -9999.0
63898 20071210  1.302  -86.57   38.89     4.4     1.9     3.1     3.0     2.9     1.40 R     7.0     2.5     3.9 -9999.0 -9999.0 -9999.0 -99.000 -99.000 -99.000 -99.000 -99.000 -9999.0 -9999.0 -9999.0 -9999.0 -9999.0
63898 20071211  1.302  -86.57   38.89    19.4     3.5    11.5    11.8     2.0     3.42 R    18.7     3.9    10.8 -9999.0 -9999.0 -9999.0 -99.000 -99.000 -99.000 -99.000 -99.000 -9999.0 -9999.0 -9999.0 -9999.0 -9999.0
63898 20071212  1.302  -86.57   38.89    12.1     3.2     7.6     4.8    12.4     2.72 R    11.9     4.1     6.0 -9999.0 -9999.0 -9999.0 -99.000 -99.000 -99.000 -99.000 -99.000 -9999.0 -9999.0 -9999.0 -9999.0 -9999.0
63898 20071213  1.302  -86.57   38.89     4.8    -0.2     2.3     2.5    10.5     0.79 R     6.0     0.6     3.4 -9999.0 -9999.0 -9999.0 -99.000 -99.000 -99.000 -99.000 -99.000 -9999.0 -9999.0 -9999.0 -9999.0 -9999.0
63898 20071214  1.302  -86.57   38.89     2.9    -0.6     1.1     0.6     0.0     5.08 R     8.6    -1.0     1.7 -9999.0 -9999.0 -9999.0 -99.000 -99.000 -99.000 -99.000 -99.000 -9999.0 -9999.0 -9999.0 -9999.0 -9999.0
63898 20071215  1.302  -86.57   38.89     0.6    -1.5    -0.5    -0.3    24.4     0.87 R     2.2    -1.6    -0.3 -9999.0 -9999.0 -9999.0 -99.000 -99.000 -99.000 -99.000 -99.000 -9999.0 -9999.0 -9999.0 -9999.0 -9999.0
63898 20071216  1.302  -86.57   38.89     0.2    -7.0    -3.4    -3.4     6.4     8.53 R     1.0   -11.1    -4.1 -9999.0 -9999.0 -9999.0 -99.000 -99.000 -99.000 -99.000 -99.000 -9999.0 -9999.0 -9999.0 -9999.0 -9999.0
63898 20071217  1.302  -86.57   38.89    -2.6    -7.1    -4.8    -5.1     0.0     6.62 R    -1.3   -10.2    -6.2 -9999.0 -9999.0 -9999.0 -99.000 -99.000 -99.000 -99.000 -99.000 -9999.0 -9999.0 -9999.0 -9999.0 -9999.0
63898 20071218  1.302  -86.57   38.89     6.6    -5.6     0.5     0.8     0.0     5.50 R     2.9   -10.2    -2.6 -9999.0 -9999.0 -9999.0 -99.000 -99.000 -99.000 -99.000 -99.000 -9999.0 -9999.0 -9999.0 -9999.0 -9999.0
63898 20071219  1.302  -86.57   38.89     7.5     0.8     4.1     4.3     0.0     9.81 R     9.8    -1.5     3.1 -9999.0 -9999.0 -9999.0 -99.000 -99.000 -99.000 -99.000 -99.000 -9999.0 -9999.0 -9999.0 -9999.0 -9999.0
63898 20071220  1.302  -86.57   38.89     7.3    -0.6     3.3     3.8     4.1     4.37 R     7.8    -2.2     3.0 -9999.0 -9999.0 -9999.0 -99.000 -99.000 -99.000 -99.000 -99.000 -9999.0 -9999.0 -9999.0 -9999.0 -9999.0
63898 20071221  1.302  -86.57   38.89     8.8     4.9     6.9     6.7     0.6     1.47 R     9.9     4.9     6.7 -9999.0 -9999.0 -9999.0 -99.000 -99.000 -99.000 -99.000 -99.000 -9999.0 -9999.0 -9999.0 -9999.0 -9999.0
63898 20071222  1.302  -86.57   38.89    13.8     8.2    11.0    10.7    13.6     4.12 R    14.4     6.8     9.6 -9999.0 -9999.0 -9999.0 -99.000 -99.000 -99.000 -99.000 -99.000 -9999.0 -9999.0 -9999.0 -9999.0 -9999.0
63898 20071223  1.302  -86.57   38.89    12.1    -2.6     4.8     1.6     8.3     4.47 R    12.1    -3.1     1.8 -9999.0 -9999.0 -9999.0 -99.000 -99.000 -99.000 -99.000 -99.000 -9999.0 -9999.0 -9999.0 -9999.0 -9999.0
63898 20071224  1.302  -86.57   38.89     3.9    -3.7     0.1    -0.1     0.0     9.93 R     5.4    -4.6    -0.9 -9999.0 -9999.0 -9999.0 -99.000 -99.000 -99.000 -99.000 -99.000 -9999.0 -9999.0 -9999.0 -9999.0 -9999.0
63898 20071225  1.302  -86.57   38.89     8.6    -3.8     2.4     2.2     0.0    10.08 R     9.5    -4.7     0.3 -9999.0 -9999.0 -9999.0 -99.000 -99.000 -99.000 -99.000 -99.000 -9999.0 -9999.0 -9999.0 -9999.0 -9999.0
63898 20071226  1.302  -86.57   38.89     9.8    -5.0     2.4     3.0     1.3     9.65 R    11.0    -5.2     1.7 -9999.0 -9999.0 -9999.0 -99.000 -99.000 -99.000 -99.000 -99.000 -9999.0 -9999.0 -9999.0 -9999.0 -9999.0
63898 20071227  1.302  -86.57   38.89     4.0     1.7     2.8     2.6     1.2     1.32 R     4.9     1.8     2.9 -9999.0 -9999.0 -9999.0 -99.000 -99.000 -99.000 -99.000 -99.000 -9999.0 -9999.0 -9999.0 -9999.0 -9999.0
63898 20071228  1.302  -86.57   38.89     6.5     2.5     4.5     4.1     4.0     0.50 R     7.1     1.5     3.7 -9999.0 -9999.0 -9999.0 -99.000 -99.000 -99.000 -99.000 -99.000 -9999.0 -9999.0 -9999.0 -9999.0 -9999.0
63898 20071229  1.302  -86.57   38.89     3.3    -3.3     0.0     0.0     0.0     2.64 R     4.0    -4.2     0.4 -9999.0 -9999.0 -9999.0 -99.000 -99.000 -99.000 -99.000 -99.000 -9999.0 -9999.0 -9999.0 -9999.0 -9999.0
63898 20071230  1.302  -86.57   38.89     3.6    -4.4    -0.4    -0.4     0.0     5.00 R     7.1    -4.6    -0.4 -9999.0 -9999.0 -9999.0 -99.000 -99.000 -99.000 -99.000 -99.000 -9999.0 -9999.0 -9999.0 -9999.0 -9999.0
63898 20071231  1.302  -86.57   38.89    10.0    -0.4     4.8     3.7     1.9     8.81 R    10.7    -2.0     2.6 -9999.0 -9999.0 -9999.0 -99.000 -99.000 -99.000 -99.000 -99.000 -9999.0 -9999.0 -9999.0 -9999.0 -9999.0
