53927 20070101  1.301  -97.11   36.13     7.6    -5.4     1.1     0.3     0.0    12.01 R    14.3    -4.3     1.7 -9999.0 -9999.0 -9999.0 -99.000 -99.000 -99.000 -99.000 -99.000 -9999.0 -9999.0 -9999.0 -9999.0 -9999.0
53927 20070102  1.301  -97.11   36.13     9.5    -7.3     1.1    -1.0     0.0     9.44 R    15.6    -5.8     0.4 -9999.0 -9999.0 -9999.0 -99.000 -99.000 -99.000 -99.000 -99.000 -9999.0 -9999.0 -9999.0 -9999.0 -9999.0
53927 20070103  1.301  -97.11   36.13    13.7    -5.9     3.9     4.1     0.0     9.67 R    17.4    -4.6     4.3 -9999.0 -9999.0 -9999.0 -99.000 -99.000 -99.000 -99.000 -99.000 -9999.0 -9999.0 -9999.0 -9999.0 -9999.0
53927 20070104  1.301  -97.11   36.13    10.8     4.2     7.5     8.7     0.0     2.57 R    13.9     2.5     8.7 -9999.0 -9999.0 -9999.0 -99.000 -99.000 -99.000 -99.000 -99.000 -9999.0 -9999.0 -9999.0 -9999.0 -9999.0
53927 20070105  1.301  -97.11   36.13    10.9     4.9     7.9     8.1     0.0     1.98 R    13.0     3.6     8.8 -9999.0 -9999.0 -9999.0 -99.000 -99.000 -99.000 -99.000 -99.000 -9999.0 -9999.0 -9999.0 -9999.0 -9999.0
53927 20070106  1.301  -97.11   36.13     8.6    -1.8     3.4     3.7     0.0     7.83 R    18.6    -2.1     4.9 -9999.0 -9999.0 -9999.0 -99.000 -99.000 -99.000 -99.000 -99.000 -9999.0 -9999.0 -9999.0 -9999.0 -9999.0
53927 20070107  1.301  -97.11   36.13     8.8    -4.4     2.2     1.9     0.0    11.96 R    13.1    -4.8     1.9 -9999.0 -9999.0 -9999.0 -99.000 -99.000 -99.000 -99.000 -99.000 -9999.0 -9999.0 -9999.0 -9999.0 -9999.0
53927 20070108  1.301  -97.11   36.13    14.7    -6.7     4.0     3.4     0.0    11.70 R    18.2    -6.8     2.6 -9999.0 -9999.0 -9999.0 -99.000 -99.000 -99.000 -99.000 -99.000 -9999.0 -9999.0 -9999.0 -9999.0 -9999.0
53927 20070109  1.301  -97.11   36.13    10.7    -4.7     3.0     3.3     0.0    11.96 R    16.6    -4.7     2.7 -9999.0 -9999.0 -9999.0 -99.000 -99.000 -99.000 -99.000 -99.000 -9999.0 -9999.0 -9999.0 -9999.0 -9999.0
53927 20070110  1.301  -97.11   36.13    16.4    -4.8     5.8     7.5     0.0    10.05 R    19.2    -4.9     6.0 -9999.0 -9999.0 -9999.0 -99.000 -99.000 -99.000 -99.000 -99.000 -9999.0 -9999.0 -9999.0 -9999.0 -9999.0
53927 20070111  1.301  -97.11   36.13    22.3    11.9    17.1    15.7     0.0     8.39 R    25.2     9.1    14.2 -9999.0 -9999.0 -9999.0 -99.000 -99.000 -99.000 -99.000 -99.000 -9999.0 -9999.0 -9999.0 -9999.0 -9999.0
53927 20070112  1.301  -97.11   36.13    15.3    -6.3     4.5    -2.6    11.4     1.14 R    13.7    -5.1    -0.9 -9999.0 -9999.0 -9999.0 -99.000 -99.000 -99.000 -99.000 -99.000 -9999.0 -9999.0 -9999.0 -9999.0 -9999.0
53927 20070113  1.301  -97.11   36.13    -4.5    -6.4    -5.5    -5.6     5.9     2.69 R    -0.2    -5.2    -3.8 -9999.0 -9999.0 -9999.0 -99.000 -99.000 -99.000 -99.000 -99.000 -9999.0 -9999.0 -9999.0 -9999.0 -9999.0
53927 20070114  1.301  -97.11   36.13    -3.4    -6.1    -4.8    -5.0     8.3     1.96 R     0.2    -4.9    -3.1 -9999.0 -9999.0 -9999.0 -99.000 -99.000 -99.000 -99.000 -99.000 -9999.0 -9999.0 -9999.0 -9999.0 -9999.0
53927 20070115  1.301  -97.11   36.13    -4.7   -10.5    -7.6    -7.2     0.0    12.81 R    -1.1   -10.5    -5.5 -9999.0 -9999.0 -9999.0 -99.000 -99.000 -99.000 -99.000 -99.000 -9999.0 -9999.0 -9999.0 -9999.0 -9999.0
53927 20070116  1.301  -97.11   36.13    -4.2   -10.3    -7.3    -7.9     0.0    10.15 R     1.7    -9.8    -5.4 -9999.0 -9999.0 -9999.0 -99.000 -99.000 -99.000 -99.000 -99.000 -9999.0 -9999.0 -9999.0 -9999.0 -9999.0
53927 20070117  1.301  -97.11   36.13    -0.2    -8.6    -4.4    -4.1     0.0     4.49 R     1.6    -6.6    -2.3 -9999.0 -9999.0 -9999.0 -99.000 -99.000 -99.000 -99.000 -99.000 -9999.0 -9999.0 -9999.0 -9999.0 -9999.0
53927 20070118  1.301  -97.11   36.13     3.8    -3.5     0.2     0.7     0.0     8.98 R     4.3    -3.3     0.5 -9999.0 -9999.0 -9999.0 -99.000 -99.000 -99.000 -99.000 -99.000 -9999.0 -9999.0 -9999.0 -9999.0 -9999.0
53927 20070119  1.301  -97.11   36.13     5.2    -5.8    -0.3    -0.5     0.0    10.53 R     5.2    -4.4    -0.3 -9999.0 -9999.0 -9999.0 -99.000 -99.000 -99.000 -99.000 -99.000 -9999.0 -9999.0 -9999.0 -9999.0 -9999.0
53927 20070120  1.301  -97.11   36.13     0.8    -0.4     0.2     0.2    10.6     2.27 R     3.8     0.1     0.6 -9999.0 -9999.0 -9999.0 -99.000 -99.000 -99.000 -99.000 -99.000 -9999.0 -9999.0 -9999.0 -9999.0 -9999.0
53927 20070121  1.301  -97.11   36.13     3.2    -0.2     1.5     1.4     0.0     8.79 R     3.2    -0.1     1.1 -9999.0 -9999.0 -9999.0 -99.000 -99.000 -99.000 -99.000 -99.000 -9999.0 -9999.0 -9999.0 -9999.0 -9999.0
53927 20070122  1.301  -97.11   36.13     2.7    -7.0    -2.1    -1.0     0.0    11.04 R     7.0    -7.1    -0.4 -9999.0 -9999.0 -9999.0 -99.000 -99.000 -99.000 -99.000 -99.000 -9999.0 -9999.0 -9999.0 -9999.0 -9999.0
53927 20070123  1.301  -97.11   36.13     7.4    -8.6    -0.6    -1.3     0.0    13.35 R     9.6    -8.2    -1.5 -9999.0 -9999.0 -9999.0 -99.000 -99.000 -99.000 -99.000 -99.000 -9999.0 -9999.0 -9999.0 -9999.0 -9999.0
53927 20070124  1.301  -97.11   36.13     9.3    -4.0     2.7     0.9     0.0    12.64 R    12.5    -4.1     0.8 -9999.0 -9999.0 -9999.0 -99.000 -99.000 -99.000 -99.000 -99.000 -9999.0 -9999.0 -9999.0 -9999.0 -9999.0
53927 20070125  1.301  -97.11   36.13    11.4    -5.2     3.1     1.5     0.0    13.34 R    15.5    -5.0     1.6 -9999.0 -9999.0 -9999.0 -99.000 -99.000 -99.000 -99.000 -99.000 -9999.0 -9999.0 -9999.0 -9999.0 -9999.0
53927 20070126  1.301  -97.11   36.13    16.1    -4.2     6.0     5.6     0.0    13.83 R    18.9    -4.5     4.7 -9999.0 -9999.0 -9999.0 -99.000 -99.000 -99.000 -99.000 -99.000 -9999.0 -9999.0 -9999.0 -9999.0 -9999.0
53927 20070127  1.301  -97.11   36.13    10.3    -2.8     3.8     3.4     0.2     5.63 R    14.0    -3.6     3.3 -9999.0 -9999.0 -9999.0 -99.000 -99.000 -99.000 -99.000 -99.000 -9999.0 -9999.0 -9999.0 -9999.0 -9999.0
53927 20070128  1.301  -97.11   36.13     4.2    -8.6    -2.2    -2.3     0.0    14.15 R    11.4   -10.6    -1.6 -9999.0 -9999.0 -9999.0 -99.000 -99.000 -99.000 -99.000 -99.000 -9999.0 -9999.0 -9999.0 -9999.0 -9999.0
53927 20070129  1.301  -97.11   36.13     9.0    -3.9     2.5     1.4     0.0     9.75 R    14.6    -5.6     1.0 -9999.0 -9999.0 -9999.0 -99.000 -99.000 -99.000 -99.000 -99.000 -9999.0 -9999.0 -9999.0 -9999.0 -9999.0
53927 20070130  1.301  -97.11   36.13     0.3    -9.0    -4.4    -3.5     0.0    14.27 R     9.4    -9.9    -2.5 -9999.0 -9999.0 -9999.0 -99.000 -99.000 -99.000 -99.000 -99.000 -9999.0 -9999.0 -9999.0 -9999.0 -9999.0
53927 20070131  1.301  -97.11   36.13    -2.3    -7.3    -4.8    -4.2     2.8     2.08 R    -0.4    -8.7    -2.8 -9999.0 -9999.0 -9999.0 -99.000 -99.000 -99.000 -99.000 -99.000 -9999.0 -9999.0 -9999.0 -9999.0 -9999.0
53927 20070201  1.301  -97.11   36.13    -0.8    -4.5    -2.7    -2.6     0.0     5.00 R     1.9    -5.7    -1.5 -9999.0 -9999.0 -9999.0 -99.000 -99.000 -99.000 -99.000 -99.000 -9999.0 -9999.0 -9999.0 -9999.0 -9999.0
53927 20070202  1.301  -97.11   36.13    -1.9    -8.3    -5.1    -4.8     0.0    14.14 R     7.5    -8.1    -3.0 -9999.0 -9999.0 -9999.0 -99.000 -99.000 -99.000 -99.000 -99.000 -9999.0 -9999.0 -9999.0 -9999.0 -9999.0
53927 20070203  1.301  -97.11   36.13     0.6    -8.9    -4.1    -3.5     0.0     5.42 R     7.6    -8.4    -2.6 -9999.0 -9999.0 -9999.0 -99.000 -99.000 -99.000 -99.000 -99.000 -9999.0 -9999.0 -9999.0 -9999.0 -9999.0
53927 20070204  1.301  -97.11   36.13     6.1   -10.1    -2.0    -3.2     0.0    14.98 R    13.9    -9.2    -1.4 -9999.0 -9999.0 -9999.0 -99.000 -99.000 -99.000 -99.000 -99.000 -9999.0 -9999.0 -9999.0 -9999.0 -9999.0
53927 20070205  1.301  -97.11   36.13    13.9    -8.0     3.0     1.0     0.0    14.49 R    19.2    -9.9     1.2 -9999.0 -9999.0 -9999.0 -99.000 -99.000 -99.000 -99.000 -99.000 -9999.0 -9999.0 -9999.0 -9999.0 -9999.0
53927 20070206  1.301  -97.11   36.13    22.3    -3.5     9.4     7.6     0.0    15.12 R    27.2    -3.8     6.9 -9999.0 -9999.0 -9999.0 -99.000 -99.000 -99.000 -99.000 -99.000 -9999.0 -9999.0 -9999.0 -9999.0 -9999.0
53927 20070207  1.301  -97.11   36.13     6.0    -1.1     2.4     2.2     0.0    10.84 R    19.5    -2.4     3.8 -9999.0 -9999.0 -9999.0 -99.000 -99.000 -99.000 -99.000 -99.000 -9999.0 -9999.0 -9999.0 -9999.0 -9999.0
53927 20070208  1.301  -97.11   36.13     0.1    -3.4    -1.7    -1.3     0.0     3.14 R     6.2    -2.3     0.8 -9999.0 -9999.0 -9999.0 -99.000 -99.000 -99.000 -99.000 -99.000 -9999.0 -9999.0 -9999.0 -9999.0 -9999.0
53927 20070209  1.301  -97.11   36.13     0.3    -3.0    -1.3    -1.0     0.0     3.81 R     6.8    -4.5     0.9 -9999.0 -9999.0 -9999.0 -99.000 -99.000 -99.000 -99.000 -99.000 -9999.0 -9999.0 -9999.0 -9999.0 -9999.0
53927 20070210  1.301  -97.11   36.13     2.5    -6.9    -2.2    -2.4     0.0    11.58 R    16.4    -9.4    -0.3 -9999.0 -9999.0 -9999.0 -99.000 -99.000 -99.000 -99.000 -99.000 -9999.0 -9999.0 -9999.0 -9999.0 -9999.0
53927 20070211  1.301  -97.11   36.13     6.7    -1.9     2.4     3.0     0.0     3.63 R    10.7    -0.8     4.0 -9999.0 -9999.0 -9999.0 -99.000 -99.000 -99.000 -99.000 -99.000 -9999.0 -9999.0 -9999.0 -9999.0 -9999.0
53927 20070212  1.301  -97.11   36.13    10.3     4.1     7.2     8.4     7.1     1.72 R    13.3     4.8     8.3 -9999.0 -9999.0 -9999.0 -99.000 -99.000 -99.000 -99.000 -99.000 -9999.0 -9999.0 -9999.0 -9999.0 -9999.0
53927 20070213  1.301  -97.11   36.13     4.1    -6.1    -1.0    -1.4     0.2     5.30 R     5.3    -4.6     0.4 -9999.0 -9999.0 -9999.0 -99.000 -99.000 -99.000 -99.000 -99.000 -9999.0 -9999.0 -9999.0 -9999.0 -9999.0
53927 20070214  1.301  -97.11   36.13    -2.5    -9.8    -6.1    -6.4     0.0    10.31 R     7.5   -10.2    -3.3 -9999.0 -9999.0 -9999.0 -99.000 -99.000 -99.000 -99.000 -99.000 -9999.0 -9999.0 -9999.0 -9999.0 -9999.0
53927 20070215  1.301  -97.11   36.13    -6.7   -13.1    -9.9    -9.0     0.2     9.11 R     5.4   -13.8    -6.9 -9999.0 -9999.0 -9999.0 -99.000 -99.000 -99.000 -99.000 -99.000 -9999.0 -9999.0 -9999.0 -9999.0 -9999.0
53927 20070216  1.301  -97.11   36.13     7.8   -15.3    -3.7    -2.3     0.0    15.35 R    13.5   -15.0    -1.4 -9999.0 -9999.0 -9999.0 -99.000 -99.000 -99.000 -99.000 -99.000 -9999.0 -9999.0 -9999.0 -9999.0 -9999.0
53927 20070217  1.301  -97.11   36.13     9.2    -3.8     2.7     3.7     0.0    17.08 R    17.9    -5.5     4.0 -9999.0 -9999.0 -9999.0 -99.000 -99.000 -99.000 -99.000 -99.000 -9999.0 -9999.0 -9999.0 -9999.0 -9999.0
53927 20070218  1.301  -97.11   36.13    16.4    -6.6     4.9     5.8     0.0    17.44 R    24.5    -7.5     5.6 -9999.0 -9999.0 -9999.0 -99.000 -99.000 -99.000 -99.000 -99.000 -9999.0 -9999.0 -9999.0 -9999.0 -9999.0
53927 20070219  1.301  -97.11   36.13    22.5     5.4    13.9    13.8     0.0    17.16 R    29.6     2.2    12.5 -9999.0 -9999.0 -9999.0 -99.000 -99.000 -99.000 -99.000 -99.000 -9999.0 -9999.0 -9999.0 -9999.0 -9999.0
53927 20070220  1.301  -97.11   36.13    16.1    -0.3     7.9     7.7     0.0    17.09 R    28.2    -1.6     8.4 -9999.0 -9999.0 -9999.0 -99.000 -99.000 -99.000 -99.000 -99.000 -9999.0 -9999.0 -9999.0 -9999.0 -9999.0
53927 20070221  1.301  -97.11   36.13    21.8    -4.0     8.9     7.6     0.0    17.74 R    32.3    -4.9     8.4 -9999.0 -9999.0 -9999.0 -99.000 -99.000 -99.000 -99.000 -99.000 -9999.0 -9999.0 -9999.0 -9999.0 -9999.0
53927 20070222  1.301  -97.11   36.13    21.5     0.3    10.9    12.1     0.0    17.27 R    32.0    -1.0    11.9 -9999.0 -9999.0 -9999.0 -99.000 -99.000 -99.000 -99.000 -99.000 -9999.0 -9999.0 -9999.0 -9999.0 -9999.0
53927 20070223  1.301  -97.11   36.13    23.2    12.6    17.9    17.2     0.0    14.25 R    31.5     8.7    17.1 -9999.0 -9999.0 -9999.0 -99.000 -99.000 -99.000 -99.000 -99.000 -9999.0 -9999.0 -9999.0 -9999.0 -9999.0
53927 20070224  1.301  -97.11   36.13    17.1     4.9    11.0    12.6     2.0    15.77 R    25.5     5.3    13.4 -9999.0 -9999.0 -9999.0 -99.000 -99.000 -99.000 -99.000 -99.000 -9999.0 -9999.0 -9999.0 -9999.0 -9999.0
53927 20070225  1.301  -97.11   36.13    12.7     0.1     6.4     5.3     0.0    18.47 R    25.2    -1.0     7.3 -9999.0 -9999.0 -9999.0 -99.000 -99.000 -99.000 -99.000 -99.000 -9999.0 -9999.0 -9999.0 -9999.0 -9999.0
53927 20070226  1.301  -97.11   36.13    15.0    -0.4     7.3     7.4     0.0    18.88 R    30.3    -1.7     9.1 -9999.0 -9999.0 -9999.0 -99.000 -99.000 -99.000 -99.000 -99.000 -9999.0 -9999.0 -9999.0 -9999.0 -9999.0
53927 20070227  1.301  -97.11   36.13    20.2    -4.4     7.9     9.7     0.0    18.85 R    31.3    -4.7    10.3 -9999.0 -9999.0 -9999.0 -99.000 -99.000 -99.000 -99.000 -99.000 -9999.0 -9999.0 -9999.0 -9999.0 -9999.0
53927 20070228  1.301  -97.11   36.13    25.2    10.8    18.0    18.8     0.0    14.98 R    36.8     6.1    18.0 -9999.0 -9999.0 -9999.0 -99.000 -99.000 -99.000 -99.000 -99.000 -9999.0 -9999.0 -9999.0 -9999.0 -9999.0
53927 20070301  1.301  -97.11   36.13    13.8    -3.6     5.1     7.0     0.0    19.80 R    26.3    -5.3     8.1 -9999.0 -9999.0 -9999.0 -99.000 -99.000 -99.000 -99.000 -99.000 -9999.0 -9999.0 -9999.0 -9999.0 -9999.0
53927 20070302  1.301  -97.11   36.13    13.2    -3.5     4.9     6.0     0.0    19.69 R    26.9    -5.3     6.8 -9999.0 -9999.0 -9999.0 -99.000 -99.000 -99.000 -99.000 -99.000 -9999.0 -9999.0 -9999.0 -9999.0 -9999.0
53927 20070303  1.301  -97.11   36.13     6.3    -7.9    -0.8     1.4     0.0    20.11 R    22.5   -10.0     3.6 -9999.0 -9999.0 -9999.0 -99.000 -99.000 -99.000 -99.000 -99.000 -9999.0 -9999.0 -9999.0 -9999.0 -9999.0
53927 20070304  1.301  -97.11   36.13    16.2   -10.6     2.8     2.0     0.0    20.63 R    30.3   -12.4     3.7 -9999.0 -9999.0 -9999.0 -99.000 -99.000 -99.000 -99.000 -99.000 -9999.0 -9999.0 -9999.0 -9999.0 -9999.0
53927 20070305  1.301  -97.11   36.13    21.8    -5.9     7.9     7.2     0.0    19.22 R    35.6    -7.4     8.7 -9999.0 -9999.0 -9999.0 -99.000 -99.000 -99.000 -99.000 -99.000 -9999.0 -9999.0 -9999.0 -9999.0 -9999.0
53927 20070306  1.301  -97.11   36.13    22.9    -0.8    11.1    10.0     0.0    18.07 R    35.3    -2.3    10.3 -9999.0 -9999.0 -9999.0 -99.000 -99.000 -99.000 -99.000 -99.000 -9999.0 -9999.0 -9999.0 -9999.0 -9999.0
53927 20070307  1.301  -97.11   36.13    17.0    -3.6     6.7     7.1     0.0    19.40 R    32.9    -4.3     8.8 -9999.0 -9999.0 -9999.0 -99.000 -99.000 -99.000 -99.000 -99.000 -9999.0 -9999.0 -9999.0 -9999.0 -9999.0
53927 20070308  1.301  -97.11   36.13    23.8    -3.5    10.1    11.1     0.0    19.33 R    35.6    -4.3    12.6 -9999.0 -9999.0 -9999.0 -99.000 -99.000 -99.000 -99.000 -99.000 -9999.0 -9999.0 -9999.0 -9999.0 -9999.0
53927 20070309  1.301  -97.11   36.13    23.1     8.1    15.6    17.3     0.7    19.40 R    35.8     5.6    17.3 -9999.0 -9999.0 -9999.0 -99.000 -99.000 -99.000 -99.000 -99.000 -9999.0 -9999.0 -9999.0 -9999.0 -9999.0
53927 20070310  1.301  -97.11   36.13    23.9     1.6    12.7    14.6     0.0    19.12 R    39.0     0.5    16.1 -9999.0 -9999.0 -9999.0 -99.000 -99.000 -99.000 -99.000 -99.000 -9999.0 -9999.0 -9999.0 -9999.0 -9999.0
53927 20070311  1.301  -97.11   36.13    14.6    12.1    13.4    13.3     5.6     3.04 R    16.9    11.3    13.4 -9999.0 -9999.0 -9999.0 -99.000 -99.000 -99.000 -99.000 -99.000 -9999.0 -9999.0 -9999.0 -9999.0 -9999.0
53927 20070312  1.301  -97.11   36.13    23.7     9.9    16.8    16.4     0.0    16.35 R    34.8     9.4    18.3 -9999.0 -9999.0 -9999.0 -99.000 -99.000 -99.000 -99.000 -99.000 -9999.0 -9999.0 -9999.0 -9999.0 -9999.0
53927 20070313  1.301  -97.11   36.13    26.0     9.7    17.8    17.9     0.0    17.45 R    38.1     8.6    18.8 -9999.0 -9999.0 -9999.0 -99.000 -99.000 -99.000 -99.000 -99.000 -9999.0 -9999.0 -9999.0 -9999.0 -9999.0
53927 20070314  1.301  -97.11   36.13    21.4     8.1    14.8    14.3     0.0     9.07 R    29.2     7.1    15.1 -9999.0 -9999.0 -9999.0 -99.000 -99.000 -99.000 -99.000 -99.000 -9999.0 -9999.0 -9999.0 -9999.0 -9999.0
53927 20070315  1.301  -97.11   36.13    19.1     6.3    12.7    10.9     0.0    15.25 R    34.9     5.0    13.3 -9999.0 -9999.0 -9999.0 -99.000 -99.000 -99.000 -99.000 -99.000 -9999.0 -9999.0 -9999.0 -9999.0 -9999.0
53927 20070316  1.301  -97.11   36.13    16.0    -0.7     7.6     8.1     0.0    22.11 R    32.4    -1.8    10.6 -9999.0 -9999.0 -9999.0 -99.000 -99.000 -99.000 -99.000 -99.000 -9999.0 -9999.0 -9999.0 -9999.0 -9999.0
53927 20070317  1.301  -97.11   36.13    23.2    -0.4    11.4    12.1     0.0    21.31 R    35.6    -1.5    12.8 -9999.0 -9999.0 -9999.0 -99.000 -99.000 -99.000 -99.000 -99.000 -9999.0 -9999.0 -9999.0 -9999.0 -9999.0
53927 20070318  1.301  -97.11   36.13    24.4     2.6    13.5    14.8     0.0    21.06 R    37.4     1.5    16.7 -9999.0 -9999.0 -9999.0 -99.000 -99.000 -99.000 -99.000 -99.000 -9999.0 -9999.0 -9999.0 -9999.0 -9999.0
53927 20070319  1.301  -97.11   36.13    23.7    17.0    20.3    19.8     0.0     6.51 R    34.2    15.2    19.7 -9999.0 -9999.0 -9999.0 -99.000 -99.000 -99.000 -99.000 -99.000 -9999.0 -9999.0 -9999.0 -9999.0 -9999.0
53927 20070320  1.301  -97.11   36.13    21.9    16.8    19.3    19.3     0.0     5.23 R    25.7    15.0    18.8 -9999.0 -9999.0 -9999.0 -99.000 -99.000 -99.000 -99.000 -99.000 -9999.0 -9999.0 -9999.0 -9999.0 -9999.0
53927 20070321  1.301  -97.11   36.13    27.8    17.9    22.8    22.0     0.0    15.77 R    38.6    15.5    22.1 -9999.0 -9999.0 -9999.0 -99.000 -99.000 -99.000 -99.000 -99.000 -9999.0 -9999.0 -9999.0 -9999.0 -9999.0
53927 20070322  1.301  -97.11   36.13    26.1    15.8    21.0    21.4    26.4    13.81 R    36.0    16.0    21.8 -9999.0 -9999.0 -9999.0 -99.000 -99.000 -99.000 -99.000 -99.000 -9999.0 -9999.0 -9999.0 -9999.0 -9999.0
53927 20070323  1.301  -97.11   36.13    23.4    15.5    19.4    19.9     7.1     7.33 R    26.9    15.8    19.5 -9999.0 -9999.0 -9999.0 -99.000 -99.000 -99.000 -99.000 -99.000 -9999.0 -9999.0 -9999.0 -9999.0 -9999.0
53927 20070324  1.301  -97.11   36.13    24.4    16.9    20.6    20.4     0.0    10.28 R    30.9    15.7    19.8 -9999.0 -9999.0 -9999.0 -99.000 -99.000 -99.000 -99.000 -99.000 -9999.0 -9999.0 -9999.0 -9999.0 -9999.0
53927 20070325  1.301  -97.11   36.13    25.3    15.6    20.5    20.2     0.0    13.42 R    33.0    13.3    19.6 -9999.0 -9999.0 -9999.0 -99.000 -99.000 -99.000 -99.000 -99.000 -9999.0 -9999.0 -9999.0 -9999.0 -9999.0
53927 20070326  1.301  -97.11   36.13    22.8    15.0    18.9    19.0     7.1     6.73 R    27.3    13.6    18.5 -9999.0 -9999.0 -9999.0 -99.000 -99.000 -99.000 -99.000 -99.000 -9999.0 -9999.0 -9999.0 -9999.0 -9999.0
53927 20070327  1.301  -97.11   36.13    20.9    14.2    17.6    17.5    10.4    10.14 R    29.8    12.5    18.1 -9999.0 -9999.0 -9999.0 -99.000 -99.000 -99.000 -99.000 -99.000 -9999.0 -9999.0 -9999.0 -9999.0 -9999.0
53927 20070328  1.301  -97.11   36.13    25.6    12.8    19.2    19.8     0.0    13.83 R    30.2    11.5    19.5 -9999.0 -9999.0 -9999.0 -99.000 -99.000 -99.000 -99.000 -99.000 -9999.0 -9999.0 -9999.0 -9999.0 -9999.0
53927 20070329  1.301  -97.11   36.13    20.2    14.5    17.3    18.1    43.6     3.73 R    23.2    15.0    18.1 -9999.0 -9999.0 -9999.0 -99.000 -99.000 -99.000 -99.000 -99.000 -9999.0 -9999.0 -9999.0 -9999.0 -9999.0
53927 20070330  1.301  -97.11   36.13    20.0    14.9    17.5    17.0    32.0     3.88 R    23.6    13.9    17.6 -9999.0 -9999.0 -9999.0 -99.000 -99.000 -99.000 -99.000 -99.000 -9999.0 -9999.0 -9999.0 -9999.0 -9999.0
53927 20070331  1.301  -97.11   36.13    18.9    10.1    14.5    14.6     0.6    21.58 R    27.2    10.9    16.1 -9999.0 -9999.0 -9999.0 -99.000 -99.000 -99.000 -99.000 -99.000 -9999.0 -9999.0 -9999.0 -9999.0 -9999.0
53927 20070401  1.301  -97.11   36.13    26.4     7.9    17.2    17.2     0.0    24.63 R    31.8     7.2    17.3 -9999.0 -9999.0 -9999.0 -99.000 -99.000 -99.000 -99.000 -99.000 -9999.0 -9999.0 -9999.0 -9999.0 -9999.0
53927 20070402  1.301  -97.11   36.13    29.7     9.5    19.6    20.5     0.0    24.49 R    33.6     8.9    20.0 -9999.0 -9999.0 -9999.0 -99.000 -99.000 -99.000 -99.000 -99.000 -9999.0 -9999.0 -9999.0 -9999.0 -9999.0
53927 20070403  1.301  -97.11   36.13    22.0     8.2    15.1    18.5     0.0    22.94 R    28.4     7.6    18.9 -9999.0 -9999.0 -9999.0 -99.000 -99.000 -99.000 -99.000 -99.000 -9999.0 -9999.0 -9999.0 -9999.0 -9999.0
53927 20070404  1.301  -97.11   36.13    13.7     2.0     7.8     8.2     0.0    22.19 R    25.5     2.6    11.1 -9999.0 -9999.0 -9999.0 -99.000 -99.000 -99.000 -99.000 -99.000 -9999.0 -9999.0 -9999.0 -9999.0 -9999.0
53927 20070405  1.301  -97.11   36.13    11.1     1.6     6.4     5.3     0.0    16.83 R    26.1     2.1     8.8 -9999.0 -9999.0 -9999.0 -99.000 -99.000 -99.000 -99.000 -99.000 -9999.0 -9999.0 -9999.0 -9999.0 -9999.0
53927 20070406  1.301  -97.11   36.13     4.7    -0.3     2.2     2.1     0.0     9.07 R    13.5     0.2     4.9 -9999.0 -9999.0 -9999.0 -99.000 -99.000 -99.000 -99.000 -99.000 -9999.0 -9999.0 -9999.0 -9999.0 -9999.0
53927 20070407  1.301  -97.11   36.13     5.7    -3.0     1.4     0.9     0.0    24.63 R    20.4    -3.4     5.3 -9999.0 -9999.0 -9999.0 -99.000 -99.000 -99.000 -99.000 -99.000 -9999.0 -9999.0 -9999.0 -9999.0 -9999.0
53927 20070408  1.301  -97.11   36.13     7.5    -4.6     1.5     2.9     0.0    11.37 R    16.9    -4.5     5.8 -9999.0 -9999.0 -9999.0 -99.000 -99.000 -99.000 -99.000 -99.000 -9999.0 -9999.0 -9999.0 -9999.0 -9999.0
53927 20070409  1.301  -97.11   36.13    12.3     3.9     8.1     7.8     0.0    13.94 R    21.9     5.1    10.5 -9999.0 -9999.0 -9999.0 -99.000 -99.000 -99.000 -99.000 -99.000 -9999.0 -9999.0 -9999.0 -9999.0 -9999.0
53927 20070410  1.301  -97.11   36.13    13.1     7.8    10.5    10.1     0.0     4.40 R    16.3     5.2    11.0 -9999.0 -9999.0 -9999.0 -99.000 -99.000 -99.000 -99.000 -99.000 -9999.0 -9999.0 -9999.0 -9999.0 -9999.0
53927 20070411  1.301  -97.11   36.13    18.3     2.3    10.3    10.6     0.0    23.34 R    29.5     1.3    11.3 -9999.0 -9999.0 -9999.0 -99.000 -99.000 -99.000 -99.000 -99.000 -9999.0 -9999.0 -9999.0 -9999.0 -9999.0
53927 20070412  1.301  -97.11   36.13    14.4    -0.1     7.2     8.1     0.0    14.77 R    24.1     0.3     9.9 -9999.0 -9999.0 -9999.0 -99.000 -99.000 -99.000 -99.000 -99.000 -9999.0 -9999.0 -9999.0 -9999.0 -9999.0
53927 20070413  1.301  -97.11   36.13     9.8     5.0     7.4     6.6    33.7     1.30 R     9.6     5.8     7.5 -9999.0 -9999.0 -9999.0 -99.000 -99.000 -99.000 -99.000 -99.000 -9999.0 -9999.0 -9999.0 -9999.0 -9999.0
53927 20070414  1.302  -97.11   36.13 -9999.0 -9999.0 -9999.0 -9999.0     1.7 -9999.00 U -9999.0 -9999.0 -9999.0 -9999.0 -9999.0 -9999.0 -99.000 -99.000 -99.000 -99.000 -99.000 -9999.0 -9999.0 -9999.0 -9999.0 -9999.0
53927 20070415  1.302  -97.11   36.13    19.6    -0.3     9.7     9.7     0.0    27.44 R    29.5     0.1    12.4 -9999.0 -9999.0 -9999.0 -99.000 -99.000 -99.000 -99.000 -99.000 -9999.0 -9999.0 -9999.0 -9999.0 -9999.0
53927 20070416  1.302  -97.11   36.13    22.7     1.2    12.0    13.0     0.0    27.28 R    31.1     1.7    14.2 -9999.0 -9999.0 -9999.0 -99.000 -99.000 -99.000 -99.000 -99.000 -9999.0 -9999.0 -9999.0 -9999.0 -9999.0
53927 20070417  1.302  -97.11   36.13    17.0     5.4    11.2    11.6    12.0     4.85 R    23.3     5.8    12.3 -9999.0 -9999.0 -9999.0 -99.000 -99.000 -99.000 -99.000 -99.000 -9999.0 -9999.0 -9999.0 -9999.0 -9999.0
53927 20070418  1.302  -97.11   36.13    21.2     9.3    15.2    14.5     0.0    19.71 R    31.0     8.5    16.2 -9999.0 -9999.0 -9999.0 -99.000 -99.000 -99.000 -99.000 -99.000 -9999.0 -9999.0 -9999.0 -9999.0 -9999.0
53927 20070419  1.302  -97.11   36.13    25.0     6.1    15.6    16.6     0.0    25.61 R    31.1     6.3    17.3 -9999.0 -9999.0 -9999.0 -99.000 -99.000 -99.000 -99.000 -99.000 -9999.0 -9999.0 -9999.0 -9999.0 -9999.0
53927 20070420  1.302  -97.11   36.13    25.6    14.9    20.3    20.1     0.0    23.94 R    31.7    13.5    19.9 -9999.0 -9999.0 -9999.0 -99.000 -99.000 -99.000 -99.000 -99.000 -9999.0 -9999.0 -9999.0 -9999.0 -9999.0
53927 20070421  1.302  -97.11   36.13    26.0    14.1    20.0    20.2     0.0    26.61 R    32.0    12.0    20.1 -9999.0 -9999.0 -9999.0 -99.000 -99.000 -99.000 -99.000 -99.000 -9999.0 -9999.0 -9999.0 -9999.0 -9999.0
53927 20070422  1.302  -97.11   36.13    27.5    12.5    20.0    21.2     0.0    25.43 R    33.2    12.0    20.7 -9999.0 -9999.0 -9999.0 -99.000 -99.000 -99.000 -99.000 -99.000 -9999.0 -9999.0 -9999.0 -9999.0 -9999.0
53927 20070423  1.302  -97.11   36.13    25.1     9.6    17.4    18.7     0.0    12.89 R    32.3    10.0    19.1 -9999.0 -9999.0 -9999.0 -99.000 -99.000 -99.000 -99.000 -99.000 -9999.0 -9999.0 -9999.0 -9999.0 -9999.0
53927 20070424  1.302  -97.11   36.13    23.7    16.1    19.9    19.5    43.5     5.66 R    28.3    15.6    19.3 -9999.0 -9999.0 -9999.0 -99.000 -99.000 -99.000 -99.000 -99.000 -9999.0 -9999.0 -9999.0 -9999.0 -9999.0
53927 20070425  1.302  -97.11   36.13    18.2    11.6    14.9    15.2     7.4    13.62 R    26.6    12.6    16.5 -9999.0 -9999.0 -9999.0 -99.000 -99.000 -99.000 -99.000 -99.000 -9999.0 -9999.0 -9999.0 -9999.0 -9999.0
53927 20070426  1.302  -97.11   36.13    17.6     6.9    12.2    11.9     0.0    13.75 R    25.3     6.8    12.9 -9999.0 -9999.0 -9999.0 -99.000 -99.000 -99.000 -99.000 -99.000 -9999.0 -9999.0 -9999.0 -9999.0 -9999.0
53927 20070427  1.302  -97.11   36.13    22.4     5.2    13.8    14.0     0.0    18.92 R    28.4     5.8    14.5 -9999.0 -9999.0 -9999.0 -99.000 -99.000 -99.000 -99.000 -99.000 -9999.0 -9999.0 -9999.0 -9999.0 -9999.0
53927 20070428  1.302  -97.11   36.13    24.9     6.7    15.8    16.3     0.0    28.41 R    31.6     6.6    17.3 -9999.0 -9999.0 -9999.0 -99.000 -99.000 -99.000 -99.000 -99.000 -9999.0 -9999.0 -9999.0 -9999.0 -9999.0
53927 20070429  1.302  -97.11   36.13    28.0     7.5    17.7    18.4     0.0    27.64 R    33.8     7.7    18.7 -9999.0 -9999.0 -9999.0 -99.000 -99.000 -99.000 -99.000 -99.000 -9999.0 -9999.0 -9999.0 -9999.0 -9999.0
53927 20070430  1.302  -97.11   36.13    27.4    11.8    19.6    19.2     6.9    17.40 R    33.8    11.9    19.7 -9999.0 -9999.0 -9999.0 -99.000 -99.000 -99.000 -99.000 -99.000 -9999.0 -9999.0 -9999.0 -9999.0 -9999.0
53927 20070501  1.302  -97.11   36.13    21.7    17.2    19.4    18.4    57.9     7.75 R    23.4    17.6    19.1 -9999.0 -9999.0 -9999.0 -99.000 -99.000 -99.000 -99.000 -99.000 -9999.0 -9999.0 -9999.0 -9999.0 -9999.0
53927 20070502  1.302  -97.11   36.13    23.0    16.9    19.9    19.0     0.8    11.60 R    28.7    16.4    20.0 -9999.0 -9999.0 -9999.0 -99.000 -99.000 -99.000 -99.000 -99.000 -9999.0 -9999.0 -9999.0 -9999.0 -9999.0
53927 20070503  1.302  -97.11   36.13    24.6    17.0    20.8    19.2     1.3    10.35 R    29.5    17.1    20.1 -9999.0 -9999.0 -9999.0 -99.000 -99.000 -99.000 -99.000 -99.000 -9999.0 -9999.0 -9999.0 -9999.0 -9999.0
53927 20070504  1.302  -97.11   36.13    27.0    17.7    22.4    22.1     0.0    18.62 R    31.2    17.7    22.3 -9999.0 -9999.0 -9999.0 -99.000 -99.000 -99.000 -99.000 -99.000 -9999.0 -9999.0 -9999.0 -9999.0 -9999.0
53927 20070505  1.302  -97.11   36.13    27.1    23.0    25.0    24.5     0.0    12.24 R    30.3    21.5    23.8 -9999.0 -9999.0 -9999.0 -99.000 -99.000 -99.000 -99.000 -99.000 -9999.0 -9999.0 -9999.0 -9999.0 -9999.0
53927 20070506  1.302  -97.11   36.13    28.1    21.1    24.6    24.6     5.7    13.97 R    31.0    21.1    24.1 -9999.0 -9999.0 -9999.0 -99.000 -99.000 -99.000 -99.000 -99.000 -9999.0 -9999.0 -9999.0 -9999.0 -9999.0
53927 20070507  1.302  -97.11   36.13    22.2    16.1    19.1    18.5    69.6     9.48 R    26.6    15.9    19.3 -9999.0 -9999.0 -9999.0 -99.000 -99.000 -99.000 -99.000 -99.000 -9999.0 -9999.0 -9999.0 -9999.0 -9999.0
53927 20070508  1.302  -97.11   36.13    23.3    15.0    19.1    19.0    17.3    12.61 R    28.3    15.0    19.9 -9999.0 -9999.0 -9999.0 -99.000 -99.000 -99.000 -99.000 -99.000 -9999.0 -9999.0 -9999.0 -9999.0 -9999.0
53927 20070509  1.302  -97.11   36.13    25.4    16.6    21.0    20.8     5.2    19.92 R    30.0    16.7    21.6 -9999.0 -9999.0 -9999.0 -99.000 -99.000 -99.000 -99.000 -99.000 -9999.0 -9999.0 -9999.0 -9999.0 -9999.0
53927 20070510  1.302  -97.11   36.13    25.5    16.0    20.7    19.8     0.9    18.46 R    32.4    16.0    21.2 -9999.0 -9999.0 -9999.0 -99.000 -99.000 -99.000 -99.000 -99.000 -9999.0 -9999.0 -9999.0 -9999.0 -9999.0
53927 20070511  1.302  -97.11   36.13    26.6    14.8    20.7    20.3     2.2    20.69 R    34.5    15.0    21.5 -9999.0 -9999.0 -9999.0 -99.000 -99.000 -99.000 -99.000 -99.000 -9999.0 -9999.0 -9999.0 -9999.0 -9999.0
53927 20070512  1.302  -97.11   36.13    29.3    14.8    22.1    22.2     0.0    27.42 R    34.9    14.6    22.6 -9999.0 -9999.0 -9999.0 -99.000 -99.000 -99.000 -99.000 -99.000 -9999.0 -9999.0 -9999.0 -9999.0 -9999.0
53927 20070513  1.302  -97.11   36.13    29.6    15.1    22.4    22.6     0.0    28.32 R    34.8    15.0    22.9 -9999.0 -9999.0 -9999.0 -99.000 -99.000 -99.000 -99.000 -99.000 -9999.0 -9999.0 -9999.0 -9999.0 -9999.0
53927 20070514  1.302  -97.11   36.13    29.6    16.2    22.9    23.4     0.0    24.90 R    34.7    16.0    23.3 -9999.0 -9999.0 -9999.0 -99.000 -99.000 -99.000 -99.000 -99.000 -9999.0 -9999.0 -9999.0 -9999.0 -9999.0
53927 20070515  1.302  -97.11   36.13    23.5    11.4    17.5    19.0     2.9    14.57 R    25.9    10.9    19.1 -9999.0 -9999.0 -9999.0 -99.000 -99.000 -99.000 -99.000 -99.000 -9999.0 -9999.0 -9999.0 -9999.0 -9999.0
53927 20070516  1.302  -97.11   36.13    22.4     8.8    15.6    15.6     0.0    28.61 R    29.3     8.6    17.4 -9999.0 -9999.0 -9999.0 -99.000 -99.000 -99.000 -99.000 -99.000 -9999.0 -9999.0 -9999.0 -9999.0 -9999.0
53927 20070517  1.302  -97.11   36.13    24.7     8.8    16.7    17.4     0.0    28.18 R    30.8     8.9    18.7 -9999.0 -9999.0 -9999.0 -99.000 -99.000 -99.000 -99.000 -99.000 -9999.0 -9999.0 -9999.0 -9999.0 -9999.0
53927 20070518  1.302  -97.11   36.13    24.6     9.4    17.0    17.4     0.0    24.89 R    31.9     9.8    17.9 -9999.0 -9999.0 -9999.0 -99.000 -99.000 -99.000 -99.000 -99.000 -9999.0 -9999.0 -9999.0 -9999.0 -9999.0
53927 20070519  1.302  -97.11   36.13    24.0     9.8    16.9    17.6     0.0    24.05 R    31.5    10.0    18.6 -9999.0 -9999.0 -9999.0 -99.000 -99.000 -99.000 -99.000 -99.000 -9999.0 -9999.0 -9999.0 -9999.0 -9999.0
53927 20070520  1.302  -97.11   36.13    26.2    15.7    21.0    20.9     0.0    25.16 R    33.0    14.9    21.4 -9999.0 -9999.0 -9999.0 -99.000 -99.000 -99.000 -99.000 -99.000 -9999.0 -9999.0 -9999.0 -9999.0 -9999.0
53927 20070521  1.302  -97.11   36.13    25.2    15.5    20.3    20.9     0.0    16.03 R    31.3    15.1    20.9 -9999.0 -9999.0 -9999.0 -99.000 -99.000 -99.000 -99.000 -99.000 -9999.0 -9999.0 -9999.0 -9999.0 -9999.0
53927 20070522  1.302  -97.11   36.13    26.6    18.6    22.6    21.8     0.2    18.03 R    32.3    18.1    22.1 -9999.0 -9999.0 -9999.0 -99.000 -99.000 -99.000 -99.000 -99.000 -9999.0 -9999.0 -9999.0 -9999.0 -9999.0
53927 20070523  1.302  -97.11   36.13    27.9    20.7    24.3    23.7     0.0    15.43 R    34.6    20.5    23.7 -9999.0 -9999.0 -9999.0 -99.000 -99.000 -99.000 -99.000 -99.000 -9999.0 -9999.0 -9999.0 -9999.0 -9999.0
53927 20070524  1.302  -97.11   36.13    23.3    15.4    19.3    18.2    21.1     4.42 R    22.5    16.2    18.8 -9999.0 -9999.0 -9999.0 -99.000 -99.000 -99.000 -99.000 -99.000 -9999.0 -9999.0 -9999.0 -9999.0 -9999.0
53927 20070525  1.302  -97.11   36.13    23.2    15.8    19.5    18.9     0.0     9.28 R    25.0    17.0    19.9 -9999.0 -9999.0 -9999.0 -99.000 -99.000 -99.000 -99.000 -99.000 -9999.0 -9999.0 -9999.0 -9999.0 -9999.0
53927 20070526  1.302  -97.11   36.13    25.0    17.7    21.4    20.7     1.2    17.36 R    29.7    17.9    21.5 -9999.0 -9999.0 -9999.0 -99.000 -99.000 -99.000 -99.000 -99.000 -9999.0 -9999.0 -9999.0 -9999.0 -9999.0
53927 20070527  1.302  -97.11   36.13    21.6    18.4    20.0    19.6    55.8     6.35 R    24.4    19.0    20.3 -9999.0 -9999.0 -9999.0 -99.000 -99.000 -99.000 -99.000 -99.000 -9999.0 -9999.0 -9999.0 -9999.0 -9999.0
53927 20070528  1.302  -97.11   36.13    24.6    17.6    21.1    20.2    10.7    13.76 R    29.0    17.2    21.1 -9999.0 -9999.0 -9999.0 -99.000 -99.000 -99.000 -99.000 -99.000 -9999.0 -9999.0 -9999.0 -9999.0 -9999.0
53927 20070529  1.302  -97.11   36.13    26.1    18.5    22.3    21.3     0.0    17.63 R    32.1    18.6    22.2 -9999.0 -9999.0 -9999.0 -99.000 -99.000 -99.000 -99.000 -99.000 -9999.0 -9999.0 -9999.0 -9999.0 -9999.0
53927 20070530  1.302  -97.11   36.13    24.5    16.2    20.3    20.3    38.8    13.05 R    26.3    15.6    20.5 -9999.0 -9999.0 -9999.0 -99.000 -99.000 -99.000 -99.000 -99.000 -9999.0 -9999.0 -9999.0 -9999.0 -9999.0
53927 20070531  1.302  -97.11   36.13    27.7    13.3    20.5    22.0     0.0    26.66 R    33.4    13.4    22.7 -9999.0 -9999.0 -9999.0 -99.000 -99.000 -99.000 -99.000 -99.000 -9999.0 -9999.0 -9999.0 -9999.0 -9999.0
53927 20070601  1.302  -97.11   36.13    26.4    16.6    21.5    19.7   148.9    14.59 R    30.9    17.0    20.5 -9999.0 -9999.0 -9999.0 -99.000 -99.000 -99.000 -99.000 -99.000 -9999.0 -9999.0 -9999.0 -9999.0 -9999.0
53927 20070602  1.302  -97.11   36.13    27.3    15.8    21.6    21.0     0.0    24.22 R    30.5    16.2    21.7 -9999.0 -9999.0 -9999.0 -99.000 -99.000 -99.000 -99.000 -99.000 -9999.0 -9999.0 -9999.0 -9999.0 -9999.0
53927 20070603  1.302  -97.11   36.13    28.1    17.7    22.9    22.0     0.0    25.66 R    32.1    17.1    22.4 -9999.0 -9999.0 -9999.0 -99.000 -99.000 -99.000 -99.000 -99.000 -9999.0 -9999.0 -9999.0 -9999.0 -9999.0
53927 20070604  1.302  -97.11   36.13    28.4    16.3    22.4    22.2     0.0    28.78 R    32.5    16.0    22.6 -9999.0 -9999.0 -9999.0 -99.000 -99.000 -99.000 -99.000 -99.000 -9999.0 -9999.0 -9999.0 -9999.0 -9999.0
53927 20070605  1.302  -97.11   36.13    30.9    15.6    23.3    23.6     0.0    29.18 R    35.2    15.3    23.8 -9999.0 -9999.0 -9999.0 -99.000 -99.000 -99.000 -99.000 -99.000 -9999.0 -9999.0 -9999.0 -9999.0 -9999.0
53927 20070606  1.302  -97.11   36.13    30.2    20.1    25.2    25.5     0.0    26.26 R    35.6    18.6    25.4 -9999.0 -9999.0 -9999.0 -99.000 -99.000 -99.000 -99.000 -99.000 -9999.0 -9999.0 -9999.0 -9999.0 -9999.0
53927 20070607  1.302  -97.11   36.13    32.3    22.6    27.5    27.8     0.0    24.76 R    37.0    21.2    27.8 -9999.0 -9999.0 -9999.0 -99.000 -99.000 -99.000 -99.000 -99.000 -9999.0 -9999.0 -9999.0 -9999.0 -9999.0
53927 20070608  1.302  -97.11   36.13    24.9    13.2    19.1    19.2     0.0    31.06 R    32.1    13.7    20.9 -9999.0 -9999.0 -9999.0 -99.000 -99.000 -99.000 -99.000 -99.000 -9999.0 -9999.0 -9999.0 -9999.0 -9999.0
53927 20070609  1.302  -97.11   36.13    30.6    13.6    22.1    22.5     0.0    21.89 R    35.6    13.8    23.7 -9999.0 -9999.0 -9999.0 -99.000 -99.000 -99.000 -99.000 -99.000 -9999.0 -9999.0 -9999.0 -9999.0 -9999.0
53927 20070610  1.302  -97.11   36.13    30.8    20.0    25.4    23.2    15.8    11.85 R    36.1    20.2    23.8 -9999.0 -9999.0 -9999.0 -99.000 -99.000 -99.000 -99.000 -99.000 -9999.0 -9999.0 -9999.0 -9999.0 -9999.0
53927 20070611  1.302  -97.11   36.13    32.2    19.1    25.6    25.8     0.0    24.21 R    37.6    19.3    26.7 -9999.0 -9999.0 -9999.0 -99.000 -99.000 -99.000 -99.000 -99.000 -9999.0 -9999.0 -9999.0 -9999.0 -9999.0
53927 20070612  1.302  -97.11   36.13    32.1    23.0    27.5    26.9     5.3    27.18 R    37.6    22.4    28.1 -9999.0 -9999.0 -9999.0 -99.000 -99.000 -99.000 -99.000 -99.000 -9999.0 -9999.0 -9999.0 -9999.0 -9999.0
53927 20070613  1.302  -97.11   36.13    27.2    19.5    23.3    23.1    35.0    16.55 R    31.8    20.6    24.2 -9999.0 -9999.0 -9999.0 -99.000 -99.000 -99.000 -99.000 -99.000 -9999.0 -9999.0 -9999.0 -9999.0 -9999.0
53927 20070614  1.302  -97.11   36.13    26.6    18.4    22.5    21.3    20.3    11.09 R    30.2    19.5    22.4 -9999.0 -9999.0 -9999.0 -99.000 -99.000 -99.000 -99.000 -99.000 -9999.0 -9999.0 -9999.0 -9999.0 -9999.0
53927 20070615  1.302  -97.11   36.13    25.7    18.2    21.9    21.2     3.4    11.94 R    29.6    19.0    22.1 -9999.0 -9999.0 -9999.0 -99.000 -99.000 -99.000 -99.000 -99.000 -9999.0 -9999.0 -9999.0 -9999.0 -9999.0
53927 20070616  1.302  -97.11   36.13    27.9    18.9    23.4    22.9     0.5    18.28 R    33.5    19.0    23.8 -9999.0 -9999.0 -9999.0 -99.000 -99.000 -99.000 -99.000 -99.000 -9999.0 -9999.0 -9999.0 -9999.0 -9999.0
53927 20070617  1.302  -97.11   36.13    27.4    20.4    23.9    22.6    14.0    14.63 R    34.1    20.5    23.8 -9999.0 -9999.0 -9999.0 -99.000 -99.000 -99.000 -99.000 -99.000 -9999.0 -9999.0 -9999.0 -9999.0 -9999.0
53927 20070618  1.302  -97.11   36.13    27.3    22.1    24.7    24.0     0.0    10.88 R    28.6    22.1    24.3 -9999.0 -9999.0 -9999.0 -99.000 -99.000 -99.000 -99.000 -99.000 -9999.0 -9999.0 -9999.0 -9999.0 -9999.0
53927 20070619  1.302  -97.11   36.13    32.3    19.9    26.1    25.7     7.3    22.42 R    37.1    20.1    26.6 -9999.0 -9999.0 -9999.0 -99.000 -99.000 -99.000 -99.000 -99.000 -9999.0 -9999.0 -9999.0 -9999.0 -9999.0
53927 20070620  1.302  -97.11   36.13    28.3    19.6    24.0    23.0    16.8    16.15 R    32.4    20.4    23.6 -9999.0 -9999.0 -9999.0 -99.000 -99.000 -99.000 -99.000 -99.000 -9999.0 -9999.0 -9999.0 -9999.0 -9999.0
53927 20070621  1.302  -97.11   36.13    28.8    19.1    23.9    23.2     0.0    20.93 R    35.8    19.4    24.7 -9999.0 -9999.0 -9999.0 -99.000 -99.000 -99.000 -99.000 -99.000 -9999.0 -9999.0 -9999.0 -9999.0 -9999.0
53927 20070622  1.302  -97.11   36.13    29.7    19.2    24.4    24.3     0.0    23.62 R    35.5    19.9    25.8 -9999.0 -9999.0 -9999.0 -99.000 -99.000 -99.000 -99.000 -99.000 -9999.0 -9999.0 -9999.0 -9999.0 -9999.0
53927 20070623  1.302  -97.11   36.13    30.2    19.9    25.0    23.6     4.9    18.09 R    36.9    20.8    25.1 -9999.0 -9999.0 -9999.0 -99.000 -99.000 -99.000 -99.000 -99.000 -9999.0 -9999.0 -9999.0 -9999.0 -9999.0
53927 20070624  1.302  -97.11   36.13    30.9    18.6    24.7    24.9     0.0    28.50 R    36.9    19.3    26.4 -9999.0 -9999.0 -9999.0 -99.000 -99.000 -99.000 -99.000 -99.000 -9999.0 -9999.0 -9999.0 -9999.0 -9999.0
53927 20070625  1.302  -97.11   36.13    30.4    21.1    25.7    24.8     0.0    23.03 R    36.4    21.5    26.3 -9999.0 -9999.0 -9999.0 -99.000 -99.000 -99.000 -99.000 -99.000 -9999.0 -9999.0 -9999.0 -9999.0 -9999.0
53927 20070626  1.302  -97.11   36.13    25.5    21.4    23.4    22.4    55.3     5.05 R    29.0    22.0    23.3 -9999.0 -9999.0 -9999.0 -99.000 -99.000 -99.000 -99.000 -99.000 -9999.0 -9999.0 -9999.0 -9999.0 -9999.0
53927 20070627  1.302  -97.11   36.13    25.8    21.2    23.5    23.0    17.6    11.19 R    28.4    21.9    24.0 -9999.0 -9999.0 -9999.0 -99.000 -99.000 -99.000 -99.000 -99.000 -9999.0 -9999.0 -9999.0 -9999.0 -9999.0
53927 20070628  1.302  -97.11   36.13    26.6    21.1    23.8    22.4    82.2     6.61 R    29.5    21.7    23.2 -9999.0 -9999.0 -9999.0 -99.000 -99.000 -99.000 -99.000 -99.000 -9999.0 -9999.0 -9999.0 -9999.0 -9999.0
53927 20070629  1.302  -97.11   36.13    25.5    20.5    23.0    22.4    19.8     6.30 R    27.2    21.4    23.2 -9999.0 -9999.0 -9999.0 -99.000 -99.000 -99.000 -99.000 -99.000 -9999.0 -9999.0 -9999.0 -9999.0 -9999.0
53927 20070630  1.302  -97.11   36.13    27.0    21.8    24.4    23.4     1.2    15.04 R    32.6    22.1    24.4 -9999.0 -9999.0 -9999.0 -99.000 -99.000 -99.000 -99.000 -99.000 -9999.0 -9999.0 -9999.0 -9999.0 -9999.0
53927 20070701  1.302  -97.11   36.13    27.6    20.7    24.1    22.9     4.5    12.88 R    29.7    21.6    24.0 -9999.0 -9999.0 -9999.0 -99.000 -99.000 -99.000 -99.000 -99.000 -9999.0 -9999.0 -9999.0 -9999.0 -9999.0
53927 20070702  1.302  -97.11   36.13    29.6    22.1    25.8    24.7     1.2    18.47 R    33.4    22.6    25.6 -9999.0 -9999.0 -9999.0 -99.000 -99.000 -99.000 -99.000 -99.000 -9999.0 -9999.0 -9999.0 -9999.0 -9999.0
53927 20070703  1.302  -97.11   36.13    30.4    22.3    26.3    25.6     0.4    20.97 R    34.8    22.8    26.6 -9999.0 -9999.0 -9999.0 -99.000 -99.000 -99.000 -99.000 -99.000 -9999.0 -9999.0 -9999.0 -9999.0 -9999.0
53927 20070704  1.302  -97.11   36.13    31.4    21.2    26.3    26.1     0.2    24.93 R    37.2    21.7    27.2 -9999.0 -9999.0 -9999.0 -99.000 -99.000 -99.000 -99.000 -99.000 -9999.0 -9999.0 -9999.0 -9999.0 -9999.0
53927 20070705  1.302  -97.11   36.13    31.1    21.3    26.2    23.7     1.2    15.84 R    36.7    21.6    25.2 -9999.0 -9999.0 -9999.0 -99.000 -99.000 -99.000 -99.000 -99.000 -9999.0 -9999.0 -9999.0 -9999.0 -9999.0
53927 20070706  1.302  -97.11   36.13    32.6    19.7    26.2    25.6     0.0    27.76 R    36.1    20.2    26.1 -9999.0 -9999.0 -9999.0 -99.000 -99.000 -99.000 -99.000 -99.000 -9999.0 -9999.0 -9999.0 -9999.0 -9999.0
53927 20070707  1.302  -97.11   36.13    32.4    18.4    25.4    25.5     0.0    29.72 R    36.7    19.1    26.4 -9999.0 -9999.0 -9999.0 -99.000 -99.000 -99.000 -99.000 -99.000 -9999.0 -9999.0 -9999.0 -9999.0 -9999.0
53927 20070708  1.302  -97.11   36.13    32.8    20.5    26.6    27.2     0.0    29.07 R    37.7    20.8    27.7 -9999.0 -9999.0 -9999.0 -99.000 -99.000 -99.000 -99.000 -99.000 -9999.0 -9999.0 -9999.0 -9999.0 -9999.0
53927 20070709  1.302  -97.11   36.13    31.2    20.5    25.9    24.8    16.8    13.71 R    36.7    21.1    25.8 -9999.0 -9999.0 -9999.0 -99.000 -99.000 -99.000 -99.000 -99.000 -9999.0 -9999.0 -9999.0 -9999.0 -9999.0
53927 20070710  1.302  -97.11   36.13    30.0    20.6    25.3    24.4     0.0    20.07 R    34.1    21.5    25.3 -9999.0 -9999.0 -9999.0 -99.000 -99.000 -99.000 -99.000 -99.000 -9999.0 -9999.0 -9999.0 -9999.0 -9999.0
53927 20070711  1.302  -97.11   36.13    28.2    19.6    23.9    23.5     0.0    17.27 R    31.6    19.5    23.5 -9999.0 -9999.0 -9999.0 -99.000 -99.000 -99.000 -99.000 -99.000 -9999.0 -9999.0 -9999.0 -9999.0 -9999.0
53927 20070712  1.302  -97.11   36.13    27.3    19.1    23.2    22.7    31.1    16.38 R    30.6    19.6    23.5 -9999.0 -9999.0 -9999.0 -99.000 -99.000 -99.000 -99.000 -99.000 -9999.0 -9999.0 -9999.0 -9999.0 -9999.0
53927 20070713  1.302  -97.11   36.13    28.3    19.6    23.9    22.8    78.5    14.50 R    29.7    20.6    23.5 -9999.0 -9999.0 -9999.0 -99.000 -99.000 -99.000 -99.000 -99.000 -9999.0 -9999.0 -9999.0 -9999.0 -9999.0
53927 20070714  1.302  -97.11   36.13    31.6    18.5    25.0    25.1     0.0    29.16 R    34.6    19.2    25.5 -9999.0 -9999.0 -9999.0 -99.000 -99.000 -99.000 -99.000 -99.000 -9999.0 -9999.0 -9999.0 -9999.0 -9999.0
53927 20070715  1.302  -97.11   36.13    34.0    19.8    26.9    26.6     0.0    27.09 R    35.8    20.3    26.6 -9999.0 -9999.0 -9999.0 -99.000 -99.000 -99.000 -99.000 -99.000 -9999.0 -9999.0 -9999.0 -9999.0 -9999.0
53927 20070716  1.302  -97.11   36.13    33.3    20.8    27.0    26.9     0.0    28.13 R    35.5    21.2    27.0 -9999.0 -9999.0 -9999.0 -99.000 -99.000 -99.000 -99.000 -99.000 -9999.0 -9999.0 -9999.0 -9999.0 -9999.0
53927 20070717  1.302  -97.11   36.13    32.8    20.3    26.6    27.2     0.0    28.13 R    35.8    20.7    26.9 -9999.0 -9999.0 -9999.0 -99.000 -99.000 -99.000 -99.000 -99.000 -9999.0 -9999.0 -9999.0 -9999.0 -9999.0
53927 20070718  1.302  -97.11   36.13    32.1    21.6    26.9    27.1     0.0    28.92 R    35.0    21.5    26.9 -9999.0 -9999.0 -9999.0 -99.000 -99.000 -99.000 -99.000 -99.000 -9999.0 -9999.0 -9999.0 -9999.0 -9999.0
53927 20070719  1.302  -97.11   36.13    31.6    22.5    27.1    26.8     0.0    26.44 R    34.9    20.8    26.3 -9999.0 -9999.0 -9999.0 -99.000 -99.000 -99.000 -99.000 -99.000 -9999.0 -9999.0 -9999.0 -9999.0 -9999.0
53927 20070720  1.302  -97.11   36.13    32.5    21.3    26.9    27.0     0.0    27.01 R    35.9    21.5    27.0 -9999.0 -9999.0 -9999.0 -99.000 -99.000 -99.000 -99.000 -99.000 -9999.0 -9999.0 -9999.0 -9999.0 -9999.0
53927 20070721  1.302  -97.11   36.13    32.0    21.1    26.5    27.1     0.0    28.99 R    36.1    21.3    27.4 -9999.0 -9999.0 -9999.0 -99.000 -99.000 -99.000 -99.000 -99.000 -9999.0 -9999.0 -9999.0 -9999.0 -9999.0
53927 20070722  1.302  -97.11   36.13    33.4    22.1    27.8    27.1     0.0    26.44 R    36.5    22.3    27.6 -9999.0 -9999.0 -9999.0 -99.000 -99.000 -99.000 -99.000 -99.000 -9999.0 -9999.0 -9999.0 -9999.0 -9999.0
53927 20070723  1.302  -97.11   36.13    29.9    20.8    25.3    24.9    10.6    16.10 R    31.4    21.5    25.0 -9999.0 -9999.0 -9999.0 -99.000 -99.000 -99.000 -99.000 -99.000 -9999.0 -9999.0 -9999.0 -9999.0 -9999.0
53927 20070724  1.302  -97.11   36.13    30.6    21.1    25.8    25.4     0.0    24.86 R    34.5    21.0    25.9 -9999.0 -9999.0 -9999.0 -99.000 -99.000 -99.000 -99.000 -99.000 -9999.0 -9999.0 -9999.0 -9999.0 -9999.0
53927 20070725  1.302  -97.11   36.13    29.7    18.7    24.2    24.5     0.0    27.10 R    33.1    19.0    24.4 -9999.0 -9999.0 -9999.0 -99.000 -99.000 -99.000 -99.000 -99.000 -9999.0 -9999.0 -9999.0 -9999.0 -9999.0
53927 20070726  1.302  -97.11   36.13    31.4    18.4    24.9    25.6     0.0    27.85 R    34.8    18.6    25.3 -9999.0 -9999.0 -9999.0 -99.000 -99.000 -99.000 -99.000 -99.000 -9999.0 -9999.0 -9999.0 -9999.0 -9999.0
53927 20070727  1.302  -97.11   36.13    30.7    19.6    25.1    25.6     0.0    26.49 R    34.1    19.7    25.6 -9999.0 -9999.0 -9999.0 -99.000 -99.000 -99.000 -99.000 -99.000 -9999.0 -9999.0 -9999.0 -9999.0 -9999.0
53927 20070728  1.302  -97.11   36.13    32.7    19.9    26.3    26.5     0.0    26.35 R    35.4    20.1    26.2 -9999.0 -9999.0 -9999.0 -99.000 -99.000 -99.000 -99.000 -99.000 -9999.0 -9999.0 -9999.0 -9999.0 -9999.0
53927 20070729  1.302  -97.11   36.13    33.4    20.8    27.1    26.9     0.0    27.02 R    35.7    20.9    26.8 -9999.0 -9999.0 -9999.0 -99.000 -99.000 -99.000 -99.000 -99.000 -9999.0 -9999.0 -9999.0 -9999.0 -9999.0
53927 20070730  1.302  -97.11   36.13    32.8    21.5    27.1    25.4     4.3    19.32 R    35.3    21.9    25.9 -9999.0 -9999.0 -9999.0 -99.000 -99.000 -99.000 -99.000 -99.000 -9999.0 -9999.0 -9999.0 -9999.0 -9999.0
53927 20070731  1.302  -97.11   36.13    31.2    22.2    26.7    25.7     0.0    22.76 R    33.8    22.4    26.0 -9999.0 -9999.0 -9999.0 -99.000 -99.000 -99.000 -99.000 -99.000 -9999.0 -9999.0 -9999.0 -9999.0 -9999.0
53927 20070801  1.302  -97.11   36.13    31.6    21.9    26.7    26.7     0.0    26.13 R    34.7    21.6    26.8 -9999.0 -9999.0 -9999.0 -99.000 -99.000 -99.000 -99.000 -99.000 -9999.0 -9999.0 -9999.0 -9999.0 -9999.0
53927 20070802  1.302  -97.11   36.13    32.8    20.1    26.4    26.1     0.0    23.75 R    33.3    20.2    25.5 -9999.0 -9999.0 -9999.0 -99.000 -99.000 -99.000 -99.000 -99.000 -9999.0 -9999.0 -9999.0 -9999.0 -9999.0
53927 20070803  1.302  -97.11   36.13    33.3    20.2    26.8    26.9     0.0    24.73 R    34.2    20.3    26.5 -9999.0 -9999.0 -9999.0 -99.000 -99.000 -99.000 -99.000 -99.000 -9999.0 -9999.0 -9999.0 -9999.0 -9999.0
53927 20070804  1.302  -97.11   36.13    33.5    23.0    28.2    28.1     0.0    26.61 R    34.4    22.0    27.2 -9999.0 -9999.0 -9999.0 -99.000 -99.000 -99.000 -99.000 -99.000 -9999.0 -9999.0 -9999.0 -9999.0 -9999.0
53927 20070805  1.302  -97.11   36.13    34.8    24.3    29.5    29.2     0.0    26.32 R    35.2    23.5    28.1 -9999.0 -9999.0 -9999.0 -99.000 -99.000 -99.000 -99.000 -99.000 -9999.0 -9999.0 -9999.0 -9999.0 -9999.0
53927 20070806  1.302  -97.11   36.13    34.9    23.9    29.4    29.4     0.0    27.30 R    35.5    22.9    28.4 -9999.0 -9999.0 -9999.0 -99.000 -99.000 -99.000 -99.000 -99.000 -9999.0 -9999.0 -9999.0 -9999.0 -9999.0
53927 20070807  1.302  -97.11   36.13    35.0    23.3    29.2    29.6     0.0    26.74 R    35.6    22.1    28.4 -9999.0 -9999.0 -9999.0 -99.000 -99.000 -99.000 -99.000 -99.000 -9999.0 -9999.0 -9999.0 -9999.0 -9999.0
53927 20070808  1.302  -97.11   36.13    35.5    23.9    29.7    30.1     0.0    27.01 R    36.1    22.6    28.8 -9999.0 -9999.0 -9999.0 -99.000 -99.000 -99.000 -99.000 -99.000 -9999.0 -9999.0 -9999.0 -9999.0 -9999.0
53927 20070809  1.302  -97.11   36.13    36.2    24.1    30.2    29.3     0.0    22.52 R    36.2    22.8    27.9 -9999.0 -9999.0 -9999.0 -99.000 -99.000 -99.000 -99.000 -99.000 -9999.0 -9999.0 -9999.0 -9999.0 -9999.0
53927 20070810  1.302  -97.11   36.13    36.0    19.1    27.6    28.3     0.0    27.32 R    36.4    19.1    26.7 -9999.0 -9999.0 -9999.0 -99.000 -99.000 -99.000 -99.000 -99.000 -9999.0 -9999.0 -9999.0 -9999.0 -9999.0
53927 20070811  1.302  -97.11   36.13    36.1    20.4    28.2    29.1     0.0    26.55 R    37.6    19.5    27.6 -9999.0 -9999.0 -9999.0 -99.000 -99.000 -99.000 -99.000 -99.000 -9999.0 -9999.0 -9999.0 -9999.0 -9999.0
53927 20070812  1.302  -97.11   36.13    37.2    21.5    29.3    29.1     0.0    26.46 R    38.3    21.0    28.1 -9999.0 -9999.0 -9999.0 -99.000 -99.000 -99.000 -99.000 -99.000 -9999.0 -9999.0 -9999.0 -9999.0 -9999.0
53927 20070813  1.302  -97.11   36.13    37.8    18.9    28.3    28.2     0.0    26.51 R    39.1    18.5    27.2 -9999.0 -9999.0 -9999.0 -99.000 -99.000 -99.000 -99.000 -99.000 -9999.0 -9999.0 -9999.0 -9999.0 -9999.0
53927 20070814  1.302  -97.11   36.13    38.5    19.1    28.8    28.7     0.0    25.96 R    40.0    18.9    28.0 -9999.0 -9999.0 -9999.0 -99.000 -99.000 -99.000 -99.000 -99.000 -9999.0 -9999.0 -9999.0 -9999.0 -9999.0
53927 20070815  1.302  -97.11   36.13    38.0    20.2    29.1    29.5     0.0    25.28 R    40.9    20.0    28.5 -9999.0 -9999.0 -9999.0 -99.000 -99.000 -99.000 -99.000 -99.000 -9999.0 -9999.0 -9999.0 -9999.0 -9999.0
53927 20070816  1.302  -97.11   36.13    36.6    21.8    29.2    29.4     0.0    25.10 R    39.6    20.9    28.5 -9999.0 -9999.0 -9999.0 -99.000 -99.000 -99.000 -99.000 -99.000 -9999.0 -9999.0 -9999.0 -9999.0 -9999.0
53927 20070817  1.302  -97.11   36.13    33.9    20.1    27.0    27.1     0.0    17.52 R    37.5    19.8    26.9 -9999.0 -9999.0 -9999.0 -99.000 -99.000 -99.000 -99.000 -99.000 -9999.0 -9999.0 -9999.0 -9999.0 -9999.0
53927 20070818  1.302  -97.11   36.13    30.5    23.3    26.9    25.5    10.4    11.32 R    34.0    23.2    25.5 -9999.0 -9999.0 -9999.0 -99.000 -99.000 -99.000 -99.000 -99.000 -9999.0 -9999.0 -9999.0 -9999.0 -9999.0
53927 20070819  1.302  -97.11   36.13    32.0    22.9    27.5    26.4    13.6    15.89 R    31.8    22.3    25.7 -9999.0 -9999.0 -9999.0 -99.000 -99.000 -99.000 -99.000 -99.000 -9999.0 -9999.0 -9999.0 -9999.0 -9999.0
53927 20070820  1.302  -97.11   36.13    33.4    24.7    29.1    28.8     0.0    24.16 R    33.3    23.3    27.4 -9999.0 -9999.0 -9999.0 -99.000 -99.000 -99.000 -99.000 -99.000 -9999.0 -9999.0 -9999.0 -9999.0 -9999.0
53927 20070821  1.302  -97.11   36.13    32.5    23.6    28.1    27.8     0.0    24.47 R    32.6    22.0    26.6 -9999.0 -9999.0 -9999.0 -99.000 -99.000 -99.000 -99.000 -99.000 -9999.0 -9999.0 -9999.0 -9999.0 -9999.0
53927 20070822  1.302  -97.11   36.13    33.0    23.2    28.1    27.8     0.0    24.51 R    34.5    22.0    27.0 -9999.0 -9999.0 -9999.0 -99.000 -99.000 -99.000 -99.000 -99.000 -9999.0 -9999.0 -9999.0 -9999.0 -9999.0
53927 20070823  1.302  -97.11   36.13    33.6    25.1    29.4    28.7     0.0    21.49 R    35.8    23.9    27.9 -9999.0 -9999.0 -9999.0 -99.000 -99.000 -99.000 -99.000 -99.000 -9999.0 -9999.0 -9999.0 -9999.0 -9999.0
53927 20070824  1.302  -97.11   36.13    28.1    22.3    25.2    25.2     9.1     7.98 R    30.4    21.6    24.6 -9999.0 -9999.0 -9999.0 -99.000 -99.000 -99.000 -99.000 -99.000 -9999.0 -9999.0 -9999.0 -9999.0 -9999.0
53927 20070825  1.302  -97.11   36.13    29.5    20.7    25.1    24.7     0.0    17.11 R    31.9    20.0    24.2 -9999.0 -9999.0 -9999.0 -99.000 -99.000 -99.000 -99.000 -99.000 -9999.0 -9999.0 -9999.0 -9999.0 -9999.0
53927 20070826  1.302  -97.11   36.13    33.8    21.2    27.5    27.1     0.0    24.93 R    37.3    20.4    27.0 -9999.0 -9999.0 -9999.0 -99.000 -99.000 -99.000 -99.000 -99.000 -9999.0 -9999.0 -9999.0 -9999.0 -9999.0
53927 20070827  1.302  -97.11   36.13    34.5    22.1    28.3    28.3     0.0    25.01 R    40.0    20.7    28.1 -9999.0 -9999.0 -9999.0 -99.000 -99.000 -99.000 -99.000 -99.000 -9999.0 -9999.0 -9999.0 -9999.0 -9999.0
53927 20070828  1.302  -97.11   36.13    34.3    20.1    27.2    27.0     0.0    24.95 R    39.8    19.1    27.0 -9999.0 -9999.0 -9999.0 -99.000 -99.000 -99.000 -99.000 -99.000 -9999.0 -9999.0 -9999.0 -9999.0 -9999.0
53927 20070829  1.302  -97.11   36.13    35.5    19.7    27.6    26.0     0.0    20.56 R    41.4    18.8    26.6 -9999.0 -9999.0 -9999.0 -99.000 -99.000 -99.000 -99.000 -99.000 -9999.0 -9999.0 -9999.0 -9999.0 -9999.0
53927 20070830  1.302  -97.11   36.13    30.9    19.6    25.3    24.9     0.0    19.60 R    37.9    19.2    25.8 -9999.0 -9999.0 -9999.0 -99.000 -99.000 -99.000 -99.000 -99.000 -9999.0 -9999.0 -9999.0 -9999.0 -9999.0
53927 20070831  1.302  -97.11   36.13    31.2    16.4    23.8    23.7     0.0    24.84 R    37.5    15.9    24.5 -9999.0 -9999.0 -9999.0 -99.000 -99.000 -99.000 -99.000 -99.000 -9999.0 -9999.0 -9999.0 -9999.0 -9999.0
53927 20070901  1.302  -97.11   36.13    31.8    13.3    22.6    22.1     0.0    25.37 R    38.8    12.9    23.4 -9999.0 -9999.0 -9999.0 -99.000 -99.000 -99.000 -99.000 -99.000 -9999.0 -9999.0 -9999.0 -9999.0 -9999.0
53927 20070902  1.302  -97.11   36.13    32.5    12.0    22.2    22.3     0.0    25.09 R    40.2    12.2    23.6 -9999.0 -9999.0 -9999.0 -99.000 -99.000 -99.000 -99.000 -99.000 -9999.0 -9999.0 -9999.0 -9999.0 -9999.0
53927 20070903  1.302  -97.11   36.13    32.9    13.2    23.1    23.4     0.0    21.31 R    41.0    13.3    24.5 -9999.0 -9999.0 -9999.0 -99.000 -99.000 -99.000 -99.000 -99.000 -9999.0 -9999.0 -9999.0 -9999.0 -9999.0
53927 20070904  1.302  -97.11   36.13    29.3    18.3    23.8    23.0    19.4    10.41 R    36.0    18.5    23.5 -9999.0 -9999.0 -9999.0 -99.000 -99.000 -99.000 -99.000 -99.000 -9999.0 -9999.0 -9999.0 -9999.0 -9999.0
53927 20070905  1.302  -97.11   36.13    28.5    21.5    25.0    24.1     0.0    15.06 R    33.6    21.3    24.7 -9999.0 -9999.0 -9999.0 -99.000 -99.000 -99.000 -99.000 -99.000 -9999.0 -9999.0 -9999.0 -9999.0 -9999.0
53927 20070906  1.302  -97.11   36.13    32.9    21.7    27.3    27.3     0.0    21.11 R    37.5    21.6    27.7 -9999.0 -9999.0 -9999.0 -99.000 -99.000 -99.000 -99.000 -99.000 -9999.0 -9999.0 -9999.0 -9999.0 -9999.0
53927 20070907  1.302  -97.11   36.13    29.6    21.9    25.8    26.2    22.0     9.64 R    33.7    21.8    26.3 -9999.0 -9999.0 -9999.0 -99.000 -99.000 -99.000 -99.000 -99.000 -9999.0 -9999.0 -9999.0 -9999.0 -9999.0
53927 20070908  1.302  -97.11   36.13    28.2    21.1    24.7    24.1    65.4    10.58 R    31.9    20.9    24.2 -9999.0 -9999.0 -9999.0 -99.000 -99.000 -99.000 -99.000 -99.000 -9999.0 -9999.0 -9999.0 -9999.0 -9999.0
53927 20070909  1.302  -97.11   36.13    28.7    21.7    25.2    24.3     0.0    13.63 R    34.7    21.1    24.7 -9999.0 -9999.0 -9999.0 -99.000 -99.000 -99.000 -99.000 -99.000 -9999.0 -9999.0 -9999.0 -9999.0 -9999.0
53927 20070910  1.302  -97.11   36.13    26.2    16.4    21.3    21.4     0.3    11.34 R    32.0    17.1    22.3 -9999.0 -9999.0 -9999.0 -99.000 -99.000 -99.000 -99.000 -99.000 -9999.0 -9999.0 -9999.0 -9999.0 -9999.0
53927 20070911  1.302  -97.11   36.13    24.2    11.6    17.9    17.2     0.0    24.71 R    29.3    11.9    18.8 -9999.0 -9999.0 -9999.0 -99.000 -99.000 -99.000 -99.000 -99.000 -9999.0 -9999.0 -9999.0 -9999.0 -9999.0
53927 20070912  1.302  -97.11   36.13    26.7    10.6    18.6    18.5     0.0    23.43 R    32.3    10.7    19.5 -9999.0 -9999.0 -9999.0 -99.000 -99.000 -99.000 -99.000 -99.000 -9999.0 -9999.0 -9999.0 -9999.0 -9999.0
53927 20070913  1.302  -97.11   36.13    28.9    12.5    20.7    20.8     0.0    22.49 R    35.0    12.5    21.8 -9999.0 -9999.0 -9999.0 -99.000 -99.000 -99.000 -99.000 -99.000 -9999.0 -9999.0 -9999.0 -9999.0 -9999.0
53927 20070914  1.302  -97.11   36.13    21.1    13.2    17.1    17.7     0.0    11.81 R    25.0    12.7    18.3 -9999.0 -9999.0 -9999.0 -99.000 -99.000 -99.000 -99.000 -99.000 -9999.0 -9999.0 -9999.0 -9999.0 -9999.0
53927 20070915  1.302  -97.11   36.13    21.9    12.3    17.1    16.9     0.0    13.08 R    26.3    11.7    17.7 -9999.0 -9999.0 -9999.0 -99.000 -99.000 -99.000 -99.000 -99.000 -9999.0 -9999.0 -9999.0 -9999.0 -9999.0
53927 20070916  1.302  -97.11   36.13    32.3    18.1    25.2    24.6     0.0    21.68 R    35.9    17.5    24.9 -9999.0 -9999.0 -9999.0 -99.000 -99.000 -99.000 -99.000 -99.000 -9999.0 -9999.0 -9999.0 -9999.0 -9999.0
53927 20070917  1.302  -97.11   36.13    31.2    19.9    25.5    25.3     0.0    21.06 R    35.4    19.4    25.4 -9999.0 -9999.0 -9999.0 -99.000 -99.000 -99.000 -99.000 -99.000 -9999.0 -9999.0 -9999.0 -9999.0 -9999.0
53927 20070918  1.302  -97.11   36.13    29.9    20.6    25.2    24.5     0.0    12.19 R    34.9    19.7    24.3 -9999.0 -9999.0 -9999.0 -99.000 -99.000 -99.000 -99.000 -99.000 -9999.0 -9999.0 -9999.0 -9999.0 -9999.0
53927 20070919  1.302  -97.11   36.13    31.1    20.4    25.8    24.5     0.0    17.24 R    36.7    19.6    25.1 -9999.0 -9999.0 -9999.0 -99.000 -99.000 -99.000 -99.000 -99.000 -9999.0 -9999.0 -9999.0 -9999.0 -9999.0
53927 20070920  1.302  -97.11   36.13    30.6    18.7    24.7    24.4     0.0    21.01 R    35.6    18.5    24.8 -9999.0 -9999.0 -9999.0 -99.000 -99.000 -99.000 -99.000 -99.000 -9999.0 -9999.0 -9999.0 -9999.0 -9999.0
53927 20070921  1.302  -97.11   36.13    32.2    18.6    25.4    25.0     0.0    20.46 R    36.5    18.2    25.4 -9999.0 -9999.0 -9999.0 -99.000 -99.000 -99.000 -99.000 -99.000 -9999.0 -9999.0 -9999.0 -9999.0 -9999.0
53927 20070922  1.302  -97.11   36.13    32.0    18.0    25.0    24.3     0.0    20.21 R    36.6    17.6    24.9 -9999.0 -9999.0 -9999.0 -99.000 -99.000 -99.000 -99.000 -99.000 -9999.0 -9999.0 -9999.0 -9999.0 -9999.0
53927 20070923  1.302  -97.11   36.13    30.1    14.9    22.5    22.7     0.0    16.82 R    37.2    14.8    23.7 -9999.0 -9999.0 -9999.0 -99.000 -99.000 -99.000 -99.000 -99.000 -9999.0 -9999.0 -9999.0 -9999.0 -9999.0
53927 20070924  1.302  -97.11   36.13    30.5    20.5    25.5    25.1     0.0    19.50 R    35.6    20.0    25.5 -9999.0 -9999.0 -9999.0 -99.000 -99.000 -99.000 -99.000 -99.000 -9999.0 -9999.0 -9999.0 -9999.0 -9999.0
53927 20070925  1.302  -97.11   36.13    23.0    18.1    20.6    20.1    10.4     5.48 R    23.7    18.2    20.4 -9999.0 -9999.0 -9999.0 -99.000 -99.000 -99.000 -99.000 -99.000 -9999.0 -9999.0 -9999.0 -9999.0 -9999.0
53927 20070926  1.302  -97.11   36.13    25.7    16.8    21.3    19.5     0.0    12.54 R    30.5    16.7    20.6 -9999.0 -9999.0 -9999.0 -99.000 -99.000 -99.000 -99.000 -99.000 -9999.0 -9999.0 -9999.0 -9999.0 -9999.0
53927 20070927  1.302  -97.11   36.13    29.8    15.8    22.8    21.5     0.0    17.73 R    34.2    15.8    22.2 -9999.0 -9999.0 -9999.0 -99.000 -99.000 -99.000 -99.000 -99.000 -9999.0 -9999.0 -9999.0 -9999.0 -9999.0
53927 20070928  1.302  -97.11   36.13    30.0    13.8    21.9    21.5     0.0    19.55 R    33.2    13.9    21.6 -9999.0 -9999.0 -9999.0 -99.000 -99.000 -99.000 -99.000 -99.000 -9999.0 -9999.0 -9999.0 -9999.0 -9999.0
53927 20070929  1.302  -97.11   36.13    29.5    15.7    22.6    22.0     0.0    19.64 R    33.1    14.8    22.0 -9999.0 -9999.0 -9999.0 -99.000 -99.000 -99.000 -99.000 -99.000 -9999.0 -9999.0 -9999.0 -9999.0 -9999.0
53927 20070930  1.302  -97.11   36.13    31.3    15.5    23.4    23.4     1.3    15.34 R    34.1    14.8    22.6 -9999.0 -9999.0 -9999.0 -99.000 -99.000 -99.000 -99.000 -99.000 -9999.0 -9999.0 -9999.0 -9999.0 -9999.0
53927 20071001  1.302  -97.11   36.13    28.5    11.2    19.8    20.3     0.0    20.34 R    32.4    11.3    20.7 -9999.0 -9999.0 -9999.0 -99.000 -99.000 -99.000 -99.000 -99.000 -9999.0 -9999.0 -9999.0 -9999.0 -9999.0
53927 20071002  1.302  -97.11   36.13    32.3    15.7    24.0    24.5     0.0     9.81 R    35.0    14.4    23.9 -9999.0 -9999.0 -9999.0 -99.000 -99.000 -99.000 -99.000 -99.000 -9999.0 -9999.0 -9999.0 -9999.0 -9999.0
53927 20071003  1.302  -97.11   36.13    28.5     8.9    18.7    20.2     0.0    20.86 R    32.8     8.7    20.7 -9999.0 -9999.0 -9999.0 -99.000 -99.000 -99.000 -99.000 -99.000 -9999.0 -9999.0 -9999.0 -9999.0 -9999.0
53927 20071004  1.302  -97.11   36.13    30.8    21.1    25.9    25.1     0.0    18.46 R    35.3    20.1    25.1 -9999.0 -9999.0 -9999.0 -99.000 -99.000 -99.000 -99.000 -99.000 -9999.0 -9999.0 -9999.0 -9999.0 -9999.0
53927 20071005  1.302  -97.11   36.13    31.3    21.5    26.4    25.6     0.0    18.07 R    36.6    20.5    25.8 -9999.0 -9999.0 -9999.0 -99.000 -99.000 -99.000 -99.000 -99.000 -9999.0 -9999.0 -9999.0 -9999.0 -9999.0
53927 20071006  1.302  -97.11   36.13    29.4    20.9    25.2    24.3     1.9     7.83 R    34.4    20.1    24.4 -9999.0 -9999.0 -9999.0 -99.000 -99.000 -99.000 -99.000 -99.000 -9999.0 -9999.0 -9999.0 -9999.0 -9999.0
53927 20071007  1.302  -97.11   36.13    28.7    22.9    25.8    25.1     0.0    11.23 R    32.2    22.0    25.1 -9999.0 -9999.0 -9999.0 -99.000 -99.000 -99.000 -99.000 -99.000 -9999.0 -9999.0 -9999.0 -9999.0 -9999.0
53927 20071008  1.302  -97.11   36.13    23.3     9.7    16.5    18.0     3.7    13.70 R    26.2     9.2    18.3 -9999.0 -9999.0 -9999.0 -99.000 -99.000 -99.000 -99.000 -99.000 -9999.0 -9999.0 -9999.0 -9999.0 -9999.0
53927 20071009  1.302  -97.11   36.13    26.6     7.2    16.9    15.8     0.0    19.88 R    30.3     6.9    16.0 -9999.0 -9999.0 -9999.0 -99.000 -99.000 -99.000 -99.000 -99.000 -9999.0 -9999.0 -9999.0 -9999.0 -9999.0
53927 20071010  1.302  -97.11   36.13    26.7     7.7    17.2    16.0     0.0    18.72 R    31.2     7.5    16.5 -9999.0 -9999.0 -9999.0 -99.000 -99.000 -99.000 -99.000 -99.000 -9999.0 -9999.0 -9999.0 -9999.0 -9999.0
53927 20071011  1.302  -97.11   36.13    23.8     7.2    15.5    15.1     0.0    18.81 R    28.9     6.7    15.5 -9999.0 -9999.0 -9999.0 -99.000 -99.000 -99.000 -99.000 -99.000 -9999.0 -9999.0 -9999.0 -9999.0 -9999.0
53927 20071012  1.302  -97.11   36.13    27.2     7.3    17.2    17.9     0.0    17.73 R    31.7     6.9    18.2 -9999.0 -9999.0 -9999.0 -99.000 -99.000 -99.000 -99.000 -99.000 -9999.0 -9999.0 -9999.0 -9999.0 -9999.0
53927 20071013  1.302  -97.11   36.13    29.3    15.9    22.6    22.1     0.0    16.34 R    33.3    15.1    22.0 -9999.0 -9999.0 -9999.0 -99.000 -99.000 -99.000 -99.000 -99.000 -9999.0 -9999.0 -9999.0 -9999.0 -9999.0
53927 20071014  1.302  -97.11   36.13    27.4    14.8    21.1    20.6    21.1    12.52 R    32.7    15.1    20.8 -9999.0 -9999.0 -9999.0 -99.000 -99.000 -99.000 -99.000 -99.000 -9999.0 -9999.0 -9999.0 -9999.0 -9999.0
53927 20071015  1.302  -97.11   36.13    18.9     8.8    13.8    14.4     0.0    10.28 R    25.5     8.2    15.0 -9999.0 -9999.0 -9999.0 -99.000 -99.000 -99.000 -99.000 -99.000 -9999.0 -9999.0 -9999.0 -9999.0 -9999.0
53927 20071016  1.302  -97.11   36.13    22.7     6.4    14.5    15.4     0.0    17.65 R    25.5     6.0    15.8 -9999.0 -9999.0 -9999.0 -99.000 -99.000 -99.000 -99.000 -99.000 -9999.0 -9999.0 -9999.0 -9999.0 -9999.0
53927 20071017  1.302  -97.11   36.13    24.5    16.4    20.4    20.0     9.7     4.65 R    24.6    15.1    19.0 -9999.0 -9999.0 -9999.0 -99.000 -99.000 -99.000 -99.000 -99.000 -9999.0 -9999.0 -9999.0 -9999.0 -9999.0
53927 20071018  1.302  -97.11   36.13    21.9     9.7    15.8    16.5     0.0    17.74 R    25.3     8.8    15.4 -9999.0 -9999.0 -9999.0 -99.000 -99.000 -99.000 -99.000 -99.000 -9999.0 -9999.0 -9999.0 -9999.0 -9999.0
53927 20071019  1.302  -97.11   36.13    23.1     5.8    14.5    13.7     0.0    17.86 R    25.2     4.6    12.9 -9999.0 -9999.0 -9999.0 -99.000 -99.000 -99.000 -99.000 -99.000 -9999.0 -9999.0 -9999.0 -9999.0 -9999.0
53927 20071020  1.302  -97.11   36.13    29.2     9.2    19.2    21.0     0.0    17.34 R    28.6     7.5    18.6 -9999.0 -9999.0 -9999.0 -99.000 -99.000 -99.000 -99.000 -99.000 -9999.0 -9999.0 -9999.0 -9999.0 -9999.0
53927 20071021  1.302  -97.11   36.13    25.5     8.7    17.1    19.1    32.2    13.26 R    28.9     6.4    18.1 -9999.0 -9999.0 -9999.0 -99.000 -99.000 -99.000 -99.000 -99.000 -9999.0 -9999.0 -9999.0 -9999.0 -9999.0
53927 20071022  1.302  -97.11   36.13    11.1     3.9     7.5     9.2    26.4     1.59 R    10.4     3.0     8.9 -9999.0 -9999.0 -9999.0 -99.000 -99.000 -99.000 -99.000 -99.000 -9999.0 -9999.0 -9999.0 -9999.0 -9999.0
53927 20071023  1.302  -97.11   36.13    18.1     1.4     9.8     9.3     0.0    17.24 R    20.4     0.7     9.0 -9999.0 -9999.0 -9999.0 -99.000 -99.000 -99.000 -99.000 -99.000 -9999.0 -9999.0 -9999.0 -9999.0 -9999.0
53927 20071024  1.302  -97.11   36.13    17.9     2.9    10.4    12.5     0.0    17.26 R    19.6     2.0    11.1 -9999.0 -9999.0 -9999.0 -99.000 -99.000 -99.000 -99.000 -99.000 -9999.0 -9999.0 -9999.0 -9999.0 -9999.0
53927 20071025  1.302  -97.11   36.13    16.1     2.2     9.1     7.8     0.0    17.20 R    19.4     1.3     7.4 -9999.0 -9999.0 -9999.0 -99.000 -99.000 -99.000 -99.000 -99.000 -9999.0 -9999.0 -9999.0 -9999.0 -9999.0
53927 20071026  1.302  -97.11   36.13    16.8     0.7     8.7     7.7     0.0    15.80 R    20.4     0.3     7.9 -9999.0 -9999.0 -9999.0 -99.000 -99.000 -99.000 -99.000 -99.000 -9999.0 -9999.0 -9999.0 -9999.0 -9999.0
53927 20071027  1.302  -97.11   36.13    17.8     1.4     9.6     8.8     0.0    16.03 R    21.0     1.2     8.8 -9999.0 -9999.0 -9999.0 -99.000 -99.000 -99.000 -99.000 -99.000 -9999.0 -9999.0 -9999.0 -9999.0 -9999.0
53927 20071028  1.302  -97.11   36.13    19.4     3.2    11.3    10.0     0.0    15.08 R    21.9     2.5    10.0 -9999.0 -9999.0 -9999.0 -99.000 -99.000 -99.000 -99.000 -99.000 -9999.0 -9999.0 -9999.0 -9999.0 -9999.0
53927 20071029  1.302  -97.11   36.13    22.3     3.6    12.9    12.5     0.0    15.27 R    25.4     3.0    11.6 -9999.0 -9999.0 -9999.0 -99.000 -99.000 -99.000 -99.000 -99.000 -9999.0 -9999.0 -9999.0 -9999.0 -9999.0
53927 20071030  1.302  -97.11   36.13    23.6     4.9    14.2    14.9     0.0    15.32 R    24.4     4.2    13.3 -9999.0 -9999.0 -9999.0 -99.000 -99.000 -99.000 -99.000 -99.000 -9999.0 -9999.0 -9999.0 -9999.0 -9999.0
53927 20071031  1.302  -97.11   36.13    18.9     7.9    13.4    14.0     0.0    10.65 R    23.0     5.3    12.8 -9999.0 -9999.0 -9999.0 -99.000 -99.000 -99.000 -99.000 -99.000 -9999.0 -9999.0 -9999.0 -9999.0 -9999.0
53927 20071101  1.302  -97.11   36.13    16.8     2.8     9.8     8.6     0.0    15.82 R    19.5     0.8     7.9 -9999.0 -9999.0 -9999.0 -99.000 -99.000 -99.000 -99.000 -99.000 -9999.0 -9999.0 -9999.0 -9999.0 -9999.0
53927 20071102  1.302  -97.11   36.13    19.7     2.5    11.1    10.9     0.0    10.53 R    23.7     2.1    10.9 -9999.0 -9999.0 -9999.0 -99.000 -99.000 -99.000 -99.000 -99.000 -9999.0 -9999.0 -9999.0 -9999.0 -9999.0
53927 20071103  1.302  -97.11   36.13    18.6     3.2    10.9     9.7     0.0    14.82 R    20.2     2.0     9.0 -9999.0 -9999.0 -9999.0 -99.000 -99.000 -99.000 -99.000 -99.000 -9999.0 -9999.0 -9999.0 -9999.0 -9999.0
53927 20071104  1.302  -97.11   36.13    26.3     2.5    14.4    13.9     0.0    14.31 R    28.7     1.9    12.5 -9999.0 -9999.0 -9999.0 -99.000 -99.000 -99.000 -99.000 -99.000 -9999.0 -9999.0 -9999.0 -9999.0 -9999.0
53927 20071105  1.302  -97.11   36.13    20.9     5.0    12.9    12.6     0.0    14.89 R    21.7     1.9    10.7 -9999.0 -9999.0 -9999.0 -99.000 -99.000 -99.000 -99.000 -99.000 -9999.0 -9999.0 -9999.0 -9999.0 -9999.0
53927 20071106  1.302  -97.11   36.13    11.1    -1.8     4.6     4.6     0.0    14.87 R    15.4    -2.7     4.1 -9999.0 -9999.0 -9999.0 -99.000 -99.000 -99.000 -99.000 -99.000 -9999.0 -9999.0 -9999.0 -9999.0 -9999.0
53927 20071107  1.302  -97.11   36.13    16.4    -4.1     6.2     6.0     0.0    14.68 R    17.2    -4.7     4.5 -9999.0 -9999.0 -9999.0 -99.000 -99.000 -99.000 -99.000 -99.000 -9999.0 -9999.0 -9999.0 -9999.0 -9999.0
53927 20071108  1.302  -97.11   36.13    23.5     0.2    11.8     9.5     0.0    14.39 R    22.3    -0.9     8.0 -9999.0 -9999.0 -9999.0 -99.000 -99.000 -99.000 -99.000 -99.000 -9999.0 -9999.0 -9999.0 -9999.0 -9999.0
53927 20071109  1.302  -97.11   36.13    24.1     1.7    12.9    11.3     0.0    12.06 R    24.2     0.9     9.4 -9999.0 -9999.0 -9999.0 -99.000 -99.000 -99.000 -99.000 -99.000 -9999.0 -9999.0 -9999.0 -9999.0 -9999.0
53927 20071110  1.302  -97.11   36.13    25.4     3.8    14.6    14.6     0.0     8.85 R    25.1     3.0    13.5 -9999.0 -9999.0 -9999.0 -99.000 -99.000 -99.000 -99.000 -99.000 -9999.0 -9999.0 -9999.0 -9999.0 -9999.0
53927 20071111  1.302  -97.11   36.13    25.6    17.1    21.3    20.9     0.0     6.89 R    26.9    14.8    19.2 -9999.0 -9999.0 -9999.0 -99.000 -99.000 -99.000 -99.000 -99.000 -9999.0 -9999.0 -9999.0 -9999.0 -9999.0
53927 20071112  1.302  -97.11   36.13    26.8    10.6    18.7    19.5     0.0    10.27 R    29.6     9.3    17.8 -9999.0 -9999.0 -9999.0 -99.000 -99.000 -99.000 -99.000 -99.000 -9999.0 -9999.0 -9999.0 -9999.0 -9999.0
53927 20071113  1.302  -97.11   36.13    24.1     5.1    14.6    15.2     0.0    13.02 R    23.7     4.0    13.6 -9999.0 -9999.0 -9999.0 -99.000 -99.000 -99.000 -99.000 -99.000 -9999.0 -9999.0 -9999.0 -9999.0 -9999.0
53927 20071114  1.302  -97.11   36.13    18.0     1.3     9.7    12.1     0.0    12.88 R    22.5    -1.6     9.9 -9999.0 -9999.0 -9999.0 -99.000 -99.000 -99.000 -99.000 -99.000 -9999.0 -9999.0 -9999.0 -9999.0 -9999.0
53927 20071115  1.302  -97.11   36.13    12.4    -3.6     4.4     4.4     0.0    14.13 R    16.2    -5.3     2.6 -9999.0 -9999.0 -9999.0 -99.000 -99.000 -99.000 -99.000 -99.000 -9999.0 -9999.0 -9999.0 -9999.0 -9999.0
53927 20071116  1.302  -97.11   36.13    20.1     2.7    11.4    10.4     0.0    13.50 R    20.6    -1.6     7.5 -9999.0 -9999.0 -9999.0 -99.000 -99.000 -99.000 -99.000 -99.000 -9999.0 -9999.0 -9999.0 -9999.0 -9999.0
53927 20071117  1.302  -97.11   36.13    24.0     3.2    13.6    11.1     0.0    13.04 R    23.3     1.6     9.3 -9999.0 -9999.0 -9999.0 -99.000 -99.000 -99.000 -99.000 -99.000 -9999.0 -9999.0 -9999.0 -9999.0 -9999.0
53927 20071118  1.302  -97.11   36.13    24.9     0.7    12.8    12.5     0.0    12.71 R    24.6    -0.3    10.8 -9999.0 -9999.0 -9999.0 -99.000 -99.000 -99.000 -99.000 -99.000 -9999.0 -9999.0 -9999.0 -9999.0 -9999.0
53927 20071119  1.302  -97.11   36.13    24.1     7.6    15.9    16.4     0.0    11.26 R    25.1     6.2    14.3 -9999.0 -9999.0 -9999.0 -99.000 -99.000 -99.000 -99.000 -99.000 -9999.0 -9999.0 -9999.0 -9999.0 -9999.0
53927 20071120  1.302  -97.11   36.13    26.8     9.1    17.9    18.1     0.0    12.08 R    26.6     8.6    16.5 -9999.0 -9999.0 -9999.0 -99.000 -99.000 -99.000 -99.000 -99.000 -9999.0 -9999.0 -9999.0 -9999.0 -9999.0
53927 20071121  1.302  -97.11   36.13     9.6     0.1     4.8     4.4     0.0     2.40 R    10.1    -1.1     4.6 -9999.0 -9999.0 -9999.0 -99.000 -99.000 -99.000 -99.000 -99.000 -9999.0 -9999.0 -9999.0 -9999.0 -9999.0
53927 20071122  1.302  -97.11   36.13     3.8    -6.7    -1.5    -1.3     0.0    10.16 R     9.3    -8.5    -1.4 -9999.0 -9999.0 -9999.0 -99.000 -99.000 -99.000 -99.000 -99.000 -9999.0 -9999.0 -9999.0 -9999.0 -9999.0
53927 20071123  1.302  -97.11   36.13     4.6   -10.0    -2.7    -2.2     3.8     9.63 R     9.9   -11.7    -1.9 -9999.0 -9999.0 -9999.0 -99.000 -99.000 -99.000 -99.000 -99.000 -9999.0 -9999.0 -9999.0 -9999.0 -9999.0
53927 20071124  1.302  -97.11   36.13     7.3    -2.3     2.5     1.9     0.0     6.91 R    10.4    -3.3     1.5 -9999.0 -9999.0 -9999.0 -99.000 -99.000 -99.000 -99.000 -99.000 -9999.0 -9999.0 -9999.0 -9999.0 -9999.0
53927 20071125  1.302  -97.11   36.13     7.7     1.3     4.5     4.8     9.1     4.99 R    12.0     0.1     5.4 -9999.0 -9999.0 -9999.0 -99.000 -99.000 -99.000 -99.000 -99.000 -9999.0 -9999.0 -9999.0 -9999.0 -9999.0
53927 20071126  1.302  -97.11   36.13    12.3    -0.4     5.9     4.4     9.0    12.47 R    14.4    -1.8     4.1 -9999.0 -9999.0 -9999.0 -99.000 -99.000 -99.000 -99.000 -99.000 -9999.0 -9999.0 -9999.0 -9999.0 -9999.0
53927 20071127  1.302  -97.11   36.13    15.7    -4.0     5.8     6.5     0.0    12.54 R    16.7    -5.4     5.4 -9999.0 -9999.0 -9999.0 -99.000 -99.000 -99.000 -99.000 -99.000 -9999.0 -9999.0 -9999.0 -9999.0 -9999.0
53927 20071128  1.302  -97.11   36.13    15.3    -2.3     6.5     9.3     0.0     8.50 R    17.5    -3.8     7.9 -9999.0 -9999.0 -9999.0 -99.000 -99.000 -99.000 -99.000 -99.000 -9999.0 -9999.0 -9999.0 -9999.0 -9999.0
53927 20071129  1.302  -97.11   36.13    12.0    -6.3     2.8     3.3     0.0    12.76 R    13.7    -7.5     2.2 -9999.0 -9999.0 -9999.0 -99.000 -99.000 -99.000 -99.000 -99.000 -9999.0 -9999.0 -9999.0 -9999.0 -9999.0
53927 20071130  1.302  -97.11   36.13    10.5    -0.5     5.0     6.5     0.0     3.85 R    12.2    -1.4     5.5 -9999.0 -9999.0 -9999.0 -99.000 -99.000 -99.000 -99.000 -99.000 -9999.0 -9999.0 -9999.0 -9999.0 -9999.0
53927 20071201  1.302  -97.11   36.13    20.1     6.5    13.3    13.7     0.7     1.17 R    18.4     6.6    13.1 -9999.0 -9999.0 -9999.0 -99.000 -99.000 -99.000 -99.000 -99.000 -9999.0 -9999.0 -9999.0 -9999.0 -9999.0
53927 20071202  1.302  -97.11   36.13    19.5    -4.2     7.7     8.5     0.0     7.53 R    17.5    -6.1     7.4 -9999.0 -9999.0 -9999.0 -99.000 -99.000 -99.000 -99.000 -99.000 -9999.0 -9999.0 -9999.0 -9999.0 -9999.0
53927 20071203  1.302  -97.11   36.13    11.0    -8.0     1.5     0.2     0.0    12.49 R    11.5    -9.4    -0.7 -9999.0 -9999.0 -9999.0 -99.000 -99.000 -99.000 -99.000 -99.000 -9999.0 -9999.0 -9999.0 -9999.0 -9999.0
53927 20071204  1.302  -97.11   36.13    18.6    -2.8     7.9     5.9     0.0    11.31 R    18.2    -3.5     4.4 -9999.0 -9999.0 -9999.0 -99.000 -99.000 -99.000 -99.000 -99.000 -9999.0 -9999.0 -9999.0 -9999.0 -9999.0
53927 20071205  1.302  -97.11   36.13    10.1    -1.6     4.3     4.6     0.0    11.24 R    13.2    -2.5     3.8 -9999.0 -9999.0 -9999.0 -99.000 -99.000 -99.000 -99.000 -99.000 -9999.0 -9999.0 -9999.0 -9999.0 -9999.0
53927 20071206  1.302  -97.11   36.13     7.2    -1.9     2.6     2.1     0.2     4.93 R     8.9    -2.5     2.2 -9999.0 -9999.0 -9999.0 -99.000 -99.000 -99.000 -99.000 -99.000 -9999.0 -9999.0 -9999.0 -9999.0 -9999.0
53927 20071207  1.302  -97.11   36.13     4.8    -1.9     1.4     3.0     1.0     1.07 R     6.2    -2.4     3.5 -9999.0 -9999.0 -9999.0 -99.000 -99.000 -99.000 -99.000 -99.000 -9999.0 -9999.0 -9999.0 -9999.0 -9999.0
53927 20071208  1.302  -97.11   36.13     3.7    -2.1     0.8     2.3     0.7     1.66 R     6.1    -0.7     3.3 -9999.0 -9999.0 -9999.0 -99.000 -99.000 -99.000 -99.000 -99.000 -9999.0 -9999.0 -9999.0 -9999.0 -9999.0
53927 20071209  1.302  -97.11   36.13    -2.1    -4.3    -3.2    -2.9    10.9     1.60 R    -0.4    -3.5    -1.9 -9999.0 -9999.0 -9999.0 -99.000 -99.000 -99.000 -99.000 -99.000 -9999.0 -9999.0 -9999.0 -9999.0 -9999.0
53927 20071210  1.302  -97.11   36.13     0.1    -3.4    -1.6    -1.6     7.1     1.87 R     0.4    -2.7    -0.8 -9999.0 -9999.0 -9999.0 -99.000 -99.000 -99.000 -99.000 -99.000 -9999.0 -9999.0 -9999.0 -9999.0 -9999.0
53927 20071211  1.302  -97.11   36.13     1.6     0.0     0.8     0.8    17.6     1.22 R     2.9     0.3     1.1 -9999.0 -9999.0 -9999.0 -99.000 -99.000 -99.000 -99.000 -99.000 -9999.0 -9999.0 -9999.0 -9999.0 -9999.0
53927 20071212  1.302  -97.11   36.13     1.0    -0.8     0.1    -0.2     0.0     1.52 R     2.9    -0.3     0.6 -9999.0 -9999.0 -9999.0 -99.000 -99.000 -99.000 -99.000 -99.000 -9999.0 -9999.0 -9999.0 -9999.0 -9999.0
53927 20071213  1.302  -97.11   36.13     0.9    -2.1    -0.6    -0.7     0.0     2.67 R     4.5    -0.8     0.8 -9999.0 -9999.0 -9999.0 -99.000 -99.000 -99.000 -99.000 -99.000 -9999.0 -9999.0 -9999.0 -9999.0 -9999.0
53927 20071214  1.302  -97.11   36.13     2.5    -1.5     0.5     0.5     1.8     1.42 R     3.6    -0.6     1.5 -9999.0 -9999.0 -9999.0 -99.000 -99.000 -99.000 -99.000 -99.000 -9999.0 -9999.0 -9999.0 -9999.0 -9999.0
53927 20071215  1.302  -97.11   36.13     2.4    -5.3    -1.4    -1.2     2.9     4.18 R     3.0    -8.9    -1.4 -9999.0 -9999.0 -9999.0 -99.000 -99.000 -99.000 -99.000 -99.000 -9999.0 -9999.0 -9999.0 -9999.0 -9999.0
53927 20071216  1.302  -97.11   36.13     7.3   -10.2    -1.5    -2.6     0.0    11.71 R     7.4   -12.5    -4.1 -9999.0 -9999.0 -9999.0 -99.000 -99.000 -99.000 -99.000 -99.000 -9999.0 -9999.0 -9999.0 -9999.0 -9999.0
53927 20071217  1.302  -97.11   36.13    12.2    -6.8     2.7     2.7     0.0    12.14 R    12.5    -8.6     0.8 -9999.0 -9999.0 -9999.0 -99.000 -99.000 -99.000 -99.000 -99.000 -9999.0 -9999.0 -9999.0 -9999.0 -9999.0
53927 20071218  1.302  -97.11   36.13    11.4    -3.2     4.1     4.2     0.0    11.47 R    13.8    -5.3     2.4 -9999.0 -9999.0 -9999.0 -99.000 -99.000 -99.000 -99.000 -99.000 -9999.0 -9999.0 -9999.0 -9999.0 -9999.0
53927 20071219  1.302  -97.11   36.13    16.1    -5.8     5.2     4.7     0.0    10.76 R    17.3    -7.4     2.4 -9999.0 -9999.0 -9999.0 -99.000 -99.000 -99.000 -99.000 -99.000 -9999.0 -9999.0 -9999.0 -9999.0 -9999.0
53927 20071220  1.302  -97.11   36.13    13.7    -3.1     5.3     4.1     0.0    11.46 R    13.7    -4.5     2.5 -9999.0 -9999.0 -9999.0 -99.000 -99.000 -99.000 -99.000 -99.000 -9999.0 -9999.0 -9999.0 -9999.0 -9999.0
53927 20071221  1.302  -97.11   36.13    19.4    -3.7     7.9     9.1     0.0    10.47 R    19.3    -5.0     6.0 -9999.0 -9999.0 -9999.0 -99.000 -99.000 -99.000 -99.000 -99.000 -9999.0 -9999.0 -9999.0 -9999.0 -9999.0
53927 20071222  1.302  -97.11   36.13    10.0    -6.1     2.0    -0.2     3.1     0.92 R     6.1   -11.2    -1.4 -9999.0 -9999.0 -9999.0 -99.000 -99.000 -99.000 -99.000 -99.000 -9999.0 -9999.0 -9999.0 -9999.0 -9999.0
53927 20071223  1.302  -97.11   36.13     7.7   -10.6    -1.4    -1.8     0.0    11.62 R     7.1   -13.6    -4.1 -9999.0 -9999.0 -9999.0 -99.000 -99.000 -99.000 -99.000 -99.000 -9999.0 -9999.0 -9999.0 -9999.0 -9999.0
53927 20071224  1.302  -97.11   36.13    10.7    -5.6     2.5     0.8     0.0    11.69 R    11.3    -7.5    -0.1 -9999.0 -9999.0 -9999.0 -99.000 -99.000 -99.000 -99.000 -99.000 -9999.0 -9999.0 -9999.0 -9999.0 -9999.0
53927 20071225  1.302  -97.11   36.13    13.7    -3.9     4.9     5.0     0.0    11.56 R    13.1    -6.1     2.0 -9999.0 -9999.0 -9999.0 -99.000 -99.000 -99.000 -99.000 -99.000 -9999.0 -9999.0 -9999.0 -9999.0 -9999.0
53927 20071226  1.302  -97.11   36.13     2.1    -2.3    -0.1     0.6     0.8     2.14 R     4.4    -3.7     0.5 -9999.0 -9999.0 -9999.0 -99.000 -99.000 -99.000 -99.000 -99.000 -9999.0 -9999.0 -9999.0 -9999.0 -9999.0
53927 20071227  1.302  -97.11   36.13     1.3     0.0     0.7     0.6     0.5     0.72 R     1.9     0.5     1.2 -9999.0 -9999.0 -9999.0 -99.000 -99.000 -99.000 -99.000 -99.000 -9999.0 -9999.0 -9999.0 -9999.0 -9999.0
53927 20071228  1.302  -97.11   36.13     1.1    -5.6    -2.3    -1.8     1.8     8.58 R     5.6    -7.5    -0.8 -9999.0 -9999.0 -9999.0 -99.000 -99.000 -99.000 -99.000 -99.000 -9999.0 -9999.0 -9999.0 -9999.0 -9999.0
53927 20071229  1.302  -97.11   36.13     5.5    -7.9    -1.2    -1.5     0.0    11.53 R     8.3    -9.5    -2.1 -9999.0 -9999.0 -9999.0 -99.000 -99.000 -99.000 -99.000 -99.000 -9999.0 -9999.0 -9999.0 -9999.0 -9999.0
53927 20071230  1.302  -97.11   36.13    10.7    -8.8     1.0    -1.1     0.0    11.80 R    10.7   -10.8    -2.8 -9999.0 -9999.0 -9999.0 -99.000 -99.000 -99.000 -99.000 -99.000 -9999.0 -9999.0 -9999.0 -9999.0 -9999.0
53927 20071231  1.302  -97.11   36.13     8.2    -6.5     0.8     1.6     0.0    10.47 R     9.1    -8.2    -0.3 -9999.0 -9999.0 -9999.0 -99.000 -99.000 -99.000 -99.000 -99.000 -9999.0 -9999.0 -9999.0 -9999.0 -9999.0
