12987 20070101  1.301  -98.06   26.53    18.7     4.3    11.5    10.8     0.0    16.84 R    21.8     3.4    10.4 -9999.0 -9999.0 -9999.0 -99.000 -99.000 -99.000 -99.000 -99.000 -9999.0 -9999.0 -9999.0 -9999.0 -9999.0
12987 20070102  1.301  -98.06   26.53    18.4     5.6    12.0    12.5     0.0     8.55 R    20.3     4.8    12.4 -9999.0 -9999.0 -9999.0 -99.000 -99.000 -99.000 -99.000 -99.000 -9999.0 -9999.0 -9999.0 -9999.0 -9999.0
12987 20070103  1.301  -98.06   26.53    18.9     9.6    14.2    14.8     8.1     2.06 R    19.6     9.4    14.8 -9999.0 -9999.0 -9999.0 -99.000 -99.000 -99.000 -99.000 -99.000 -9999.0 -9999.0 -9999.0 -9999.0 -9999.0
12987 20070104  1.301  -98.06   26.53    19.7    10.2    14.9    13.3    13.5    11.00 R    22.9    10.0    13.7 -9999.0 -9999.0 -9999.0 -99.000 -99.000 -99.000 -99.000 -99.000 -9999.0 -9999.0 -9999.0 -9999.0 -9999.0
12987 20070105  1.301  -98.06   26.53    27.3    11.3    19.3    18.2     0.0    16.67 R    30.7    10.4    18.8 -9999.0 -9999.0 -9999.0 -99.000 -99.000 -99.000 -99.000 -99.000 -9999.0 -9999.0 -9999.0 -9999.0 -9999.0
12987 20070106  1.301  -98.06   26.53    25.4    11.2    18.3    18.4     0.3     5.23 R    29.3    11.2    18.6 -9999.0 -9999.0 -9999.0 -99.000 -99.000 -99.000 -99.000 -99.000 -9999.0 -9999.0 -9999.0 -9999.0 -9999.0
12987 20070107  1.301  -98.06   26.53    21.6    10.5    16.0    14.2     0.0    10.56 R    23.8     8.5    14.0 -9999.0 -9999.0 -9999.0 -99.000 -99.000 -99.000 -99.000 -99.000 -9999.0 -9999.0 -9999.0 -9999.0 -9999.0
12987 20070108  1.301  -98.06   26.53    19.2     3.1    11.1    10.6     0.0    16.62 R    23.6     0.5    10.5 -9999.0 -9999.0 -9999.0 -99.000 -99.000 -99.000 -99.000 -99.000 -9999.0 -9999.0 -9999.0 -9999.0 -9999.0
12987 20070109  1.301  -98.06   26.53    20.9     4.3    12.6    11.5     0.0    13.57 R    24.9     3.5    11.1 -9999.0 -9999.0 -9999.0 -99.000 -99.000 -99.000 -99.000 -99.000 -9999.0 -9999.0 -9999.0 -9999.0 -9999.0
12987 20070110  1.301  -98.06   26.53    23.7     4.2    14.0    14.2     0.0    14.51 R    28.2     3.6    14.1 -9999.0 -9999.0 -9999.0 -99.000 -99.000 -99.000 -99.000 -99.000 -9999.0 -9999.0 -9999.0 -9999.0 -9999.0
12987 20070111  1.301  -98.06   26.53    26.5    12.9    19.7    19.3     0.0    11.27 R    29.6    11.4    19.3 -9999.0 -9999.0 -9999.0 -99.000 -99.000 -99.000 -99.000 -99.000 -9999.0 -9999.0 -9999.0 -9999.0 -9999.0
12987 20070112  1.301  -98.06   26.53    27.7    18.4    23.0    22.1     0.0    10.18 R    31.2    17.9    22.3 -9999.0 -9999.0 -9999.0 -99.000 -99.000 -99.000 -99.000 -99.000 -9999.0 -9999.0 -9999.0 -9999.0 -9999.0
12987 20070113  1.301  -98.06   26.53    28.1    21.5    24.8    23.7     0.8     7.51 R    31.2    21.2    23.6 -9999.0 -9999.0 -9999.0 -99.000 -99.000 -99.000 -99.000 -99.000 -9999.0 -9999.0 -9999.0 -9999.0 -9999.0
12987 20070114  1.301  -98.06   26.53    29.0    21.5    25.3    24.0     0.0     8.34 R    32.8    21.0    24.0 -9999.0 -9999.0 -9999.0 -99.000 -99.000 -99.000 -99.000 -99.000 -9999.0 -9999.0 -9999.0 -9999.0 -9999.0
12987 20070115  1.301  -98.06   26.53    22.8     2.6    12.7     8.5     2.8     2.29 R    23.5     2.0     8.3 -9999.0 -9999.0 -9999.0 -99.000 -99.000 -99.000 -99.000 -99.000 -9999.0 -9999.0 -9999.0 -9999.0 -9999.0
12987 20070116  1.301  -98.06   26.53     4.3     0.9     2.6     3.1     0.0     3.29 R     5.9     0.8     3.2 -9999.0 -9999.0 -9999.0 -99.000 -99.000 -99.000 -99.000 -99.000 -9999.0 -9999.0 -9999.0 -9999.0 -9999.0
12987 20070117  1.301  -98.06   26.53     5.5     0.5     3.0     2.8     1.3     4.79 R     8.9     0.3     3.0 -9999.0 -9999.0 -9999.0 -99.000 -99.000 -99.000 -99.000 -99.000 -9999.0 -9999.0 -9999.0 -9999.0 -9999.0
12987 20070118  1.301  -98.06   26.53     9.4     3.1     6.3     5.9     1.1     4.55 R    11.9     3.0     6.2 -9999.0 -9999.0 -9999.0 -99.000 -99.000 -99.000 -99.000 -99.000 -9999.0 -9999.0 -9999.0 -9999.0 -9999.0
12987 20070119  1.301  -98.06   26.53     8.5     6.9     7.7     7.6     3.2     3.20 R     9.9     7.0     7.6 -9999.0 -9999.0 -9999.0 -99.000 -99.000 -99.000 -99.000 -99.000 -9999.0 -9999.0 -9999.0 -9999.0 -9999.0
12987 20070120  1.301  -98.06   26.53    13.4     7.4    10.4     9.6     0.2     5.33 R    16.4     7.3     9.9 -9999.0 -9999.0 -9999.0 -99.000 -99.000 -99.000 -99.000 -99.000 -9999.0 -9999.0 -9999.0 -9999.0 -9999.0
12987 20070121  1.301  -98.06   26.53    20.1     9.1    14.6    12.9     0.0    13.76 R    25.0     8.9    13.8 -9999.0 -9999.0 -9999.0 -99.000 -99.000 -99.000 -99.000 -99.000 -9999.0 -9999.0 -9999.0 -9999.0 -9999.0
12987 20070122  1.302  -98.06   26.53 -9999.0 -9999.0 -9999.0 -9999.0     1.4 -9999.00 U -9999.0 -9999.0 -9999.0 -9999.0 -9999.0 -9999.0 -99.000 -99.000 -99.000 -99.000 -99.000 -9999.0 -9999.0 -9999.0 -9999.0 -9999.0
12987 20070123  1.302  -98.06   26.53     8.6     5.4     7.0     6.0     4.0     0.86 R     9.0     5.5     6.2 -9999.0 -9999.0 -9999.0 -99.000 -99.000 -99.000 -99.000 -99.000 -9999.0 -9999.0 -9999.0 -9999.0 -9999.0
12987 20070124  1.302  -98.06   26.53     6.8     5.2     6.0     6.1    38.2     0.89 R     7.3     5.3     6.2 -9999.0 -9999.0 -9999.0 -99.000 -99.000 -99.000 -99.000 -99.000 -9999.0 -9999.0 -9999.0 -9999.0 -9999.0
12987 20070125  1.302  -98.06   26.53    17.2     6.3    11.7    11.1     0.0    14.17 R    26.6     5.2    12.2 -9999.0 -9999.0 -9999.0 -99.000 -99.000 -99.000 -99.000 -99.000 -9999.0 -9999.0 -9999.0 -9999.0 -9999.0
12987 20070126  1.302  -98.06   26.53    20.9     9.1    15.0    14.5     0.0     7.58 R    28.1     6.4    15.2 -9999.0 -9999.0 -9999.0 -99.000 -99.000 -99.000 -99.000 -99.000 -9999.0 -9999.0 -9999.0 -9999.0 -9999.0
12987 20070127  1.302  -98.06   26.53    24.7    12.7    18.7    17.3     2.0    13.52 R    31.2     9.5    17.4 -9999.0 -9999.0 -9999.0 -99.000 -99.000 -99.000 -99.000 -99.000 -9999.0 -9999.0 -9999.0 -9999.0 -9999.0
12987 20070128  1.302  -98.06   26.53    15.6     6.2    10.9    10.7     0.0    17.19 R    27.3     3.1    11.9 -9999.0 -9999.0 -9999.0 -99.000 -99.000 -99.000 -99.000 -99.000 -9999.0 -9999.0 -9999.0 -9999.0 -9999.0
12987 20070129  1.302  -98.06   26.53    19.0     5.6    12.3    12.4     0.0     6.16 R    31.2     2.2    12.9 -9999.0 -9999.0 -9999.0 -99.000 -99.000 -99.000 -99.000 -99.000 -9999.0 -9999.0 -9999.0 -9999.0 -9999.0
12987 20070130  1.302  -98.06   26.53    15.1    10.2    12.6    13.1     0.3     2.85 R    16.5    10.4    13.4 -9999.0 -9999.0 -9999.0 -99.000 -99.000 -99.000 -99.000 -99.000 -9999.0 -9999.0 -9999.0 -9999.0 -9999.0
12987 20070131  1.302  -98.06   26.53    13.2    10.0    11.6    11.1     0.3     3.97 R    17.0    10.1    11.9 -9999.0 -9999.0 -9999.0 -99.000 -99.000 -99.000 -99.000 -99.000 -9999.0 -9999.0 -9999.0 -9999.0 -9999.0
12987 20070201  1.302  -98.06   26.53    18.7     9.0    13.9    13.1     0.3     8.00 R    29.4     7.8    13.6 -9999.0 -9999.0 -9999.0 -99.000 -99.000 -99.000 -99.000 -99.000 -9999.0 -9999.0 -9999.0 -9999.0 -9999.0
12987 20070202  1.302  -98.06   26.53    14.3     8.0    11.2    11.0     0.0     4.36 R    18.9     6.5    11.4 -9999.0 -9999.0 -9999.0 -99.000 -99.000 -99.000 -99.000 -99.000 -9999.0 -9999.0 -9999.0 -9999.0 -9999.0
12987 20070203  1.302  -98.06   26.53    14.7     7.2    10.9    10.8     0.0     5.04 R    20.4     7.4    11.6 -9999.0 -9999.0 -9999.0 -99.000 -99.000 -99.000 -99.000 -99.000 -9999.0 -9999.0 -9999.0 -9999.0 -9999.0
12987 20070204  1.302  -98.06   26.53    20.7    10.6    15.7    14.6     0.0     5.87 R    27.8    10.4    15.4 -9999.0 -9999.0 -9999.0 -99.000 -99.000 -99.000 -99.000 -99.000 -9999.0 -9999.0 -9999.0 -9999.0 -9999.0
12987 20070205  1.302  -98.06   26.53    21.2    10.7    16.0    15.3     0.0    11.40 R    34.4     9.7    16.4 -9999.0 -9999.0 -9999.0 -99.000 -99.000 -99.000 -99.000 -99.000 -9999.0 -9999.0 -9999.0 -9999.0 -9999.0
12987 20070206  1.302  -98.06   26.53    24.9     8.9    16.9    16.3     0.0    15.54 R    42.4     7.3    18.5 -9999.0 -9999.0 -9999.0 -99.000 -99.000 -99.000 -99.000 -99.000 -9999.0 -9999.0 -9999.0 -9999.0 -9999.0
12987 20070207  1.302  -98.06   26.53    28.5    12.8    20.7    19.6     0.0    15.18 R    40.6    10.2    21.4 -9999.0 -9999.0 -9999.0 -99.000 -99.000 -99.000 -99.000 -99.000 -9999.0 -9999.0 -9999.0 -9999.0 -9999.0
12987 20070208  1.302  -98.06   26.53    28.8    18.0    23.4    21.4     0.0    10.98 R    43.8    16.5    23.0 -9999.0 -9999.0 -9999.0 -99.000 -99.000 -99.000 -99.000 -99.000 -9999.0 -9999.0 -9999.0 -9999.0 -9999.0
12987 20070209  1.302  -98.06   26.53    27.5    13.5    20.5    20.4     0.7    12.20 R    44.6    13.7    22.9 -9999.0 -9999.0 -9999.0 -99.000 -99.000 -99.000 -99.000 -99.000 -9999.0 -9999.0 -9999.0 -9999.0 -9999.0
12987 20070210  1.302  -98.06   26.53    13.5     8.8    11.1     9.9     1.6     2.42 R    13.7     9.2    10.5 -9999.0 -9999.0 -9999.0 -99.000 -99.000 -99.000 -99.000 -99.000 -9999.0 -9999.0 -9999.0 -9999.0 -9999.0
12987 20070211  1.302  -98.06   26.53    14.8     8.6    11.7    11.2     0.2     3.87 R    17.1     9.1    12.2 -9999.0 -9999.0 -9999.0 -99.000 -99.000 -99.000 -99.000 -99.000 -9999.0 -9999.0 -9999.0 -9999.0 -9999.0
12987 20070212  1.302  -98.06   26.53    27.6    13.0    20.3    18.8     0.0    15.42 R    41.1    13.1    20.3 -9999.0 -9999.0 -9999.0 -99.000 -99.000 -99.000 -99.000 -99.000 -9999.0 -9999.0 -9999.0 -9999.0 -9999.0
12987 20070213  1.302  -98.06   26.53    27.7    11.8    19.8    17.5     0.0    18.14 R    39.8    10.6    19.9 -9999.0 -9999.0 -9999.0 -99.000 -99.000 -99.000 -99.000 -99.000 -9999.0 -9999.0 -9999.0 -9999.0 -9999.0
12987 20070214  1.302  -98.06   26.53    11.8     6.1     8.9     9.2     0.0    10.99 R    24.3     7.1    11.6 -9999.0 -9999.0 -9999.0 -99.000 -99.000 -99.000 -99.000 -99.000 -9999.0 -9999.0 -9999.0 -9999.0 -9999.0
12987 20070215  1.302  -98.06   26.53    13.2     2.8     8.0     7.2     0.0    13.01 R    25.7     0.4     8.7 -9999.0 -9999.0 -9999.0 -99.000 -99.000 -99.000 -99.000 -99.000 -9999.0 -9999.0 -9999.0 -9999.0 -9999.0
12987 20070216  1.302  -98.06   26.53    16.4    -1.3     7.5     7.8     0.0    20.43 R    31.7    -2.4    10.4 -9999.0 -9999.0 -9999.0 -99.000 -99.000 -99.000 -99.000 -99.000 -9999.0 -9999.0 -9999.0 -9999.0 -9999.0
12987 20070217  1.302  -98.06   26.53 -9999.0 -9999.0 -9999.0 -9999.0 -9999.0 -9999.00 U -9999.0 -9999.0 -9999.0 -9999.0 -9999.0 -9999.0 -99.000 -99.000 -99.000 -99.000 -99.000 -9999.0 -9999.0 -9999.0 -9999.0 -9999.0
12987 20070218  1.302  -98.06   26.53    21.8     3.0    12.4    12.4     0.0    19.67 R    43.4     0.5    13.9 -9999.0 -9999.0 -9999.0 -99.000 -99.000 -99.000 -99.000 -99.000 -9999.0 -9999.0 -9999.0 -9999.0 -9999.0
12987 20070219  1.302  -98.06   26.53    27.7     8.6    18.1    17.8     0.0    19.72 R    40.9     6.3    19.2 -9999.0 -9999.0 -9999.0 -99.000 -99.000 -99.000 -99.000 -99.000 -9999.0 -9999.0 -9999.0 -9999.0 -9999.0
12987 20070220  1.302  -98.06   26.53    32.3    16.2    24.3    22.2     0.0    19.42 R    45.4    14.6    24.1 -9999.0 -9999.0 -9999.0 -99.000 -99.000 -99.000 -99.000 -99.000 -9999.0 -9999.0 -9999.0 -9999.0 -9999.0
12987 20070221  1.302  -98.06   26.53    29.2    14.7    21.9    20.7     0.0    17.84 R    44.9    12.8    23.5 -9999.0 -9999.0 -9999.0 -99.000 -99.000 -99.000 -99.000 -99.000 -9999.0 -9999.0 -9999.0 -9999.0 -9999.0
12987 20070222  1.302  -98.06   26.53    26.3    13.8    20.1    19.4     0.0     8.15 R    37.4    13.1    20.2 -9999.0 -9999.0 -9999.0 -99.000 -99.000 -99.000 -99.000 -99.000 -9999.0 -9999.0 -9999.0 -9999.0 -9999.0
12987 20070223  1.302  -98.06   26.53    29.7    18.9    24.3    22.7     0.0    15.15 R    44.7    18.1    24.7 -9999.0 -9999.0 -9999.0 -99.000 -99.000 -99.000 -99.000 -99.000 -9999.0 -9999.0 -9999.0 -9999.0 -9999.0
12987 20070224  1.302  -98.06   26.53    36.2    17.3    26.7    25.4     0.0    19.95 R    49.2    14.4    27.3 -9999.0 -9999.0 -9999.0 -99.000 -99.000 -99.000 -99.000 -99.000 -9999.0 -9999.0 -9999.0 -9999.0 -9999.0
12987 20070225  1.302  -98.06   26.53    25.9     9.7    17.8    17.3     0.0    18.35 R    38.3     7.5    18.8 -9999.0 -9999.0 -9999.0 -99.000 -99.000 -99.000 -99.000 -99.000 -9999.0 -9999.0 -9999.0 -9999.0 -9999.0
12987 20070226  1.302  -98.06   26.53    31.5     8.5    20.0    19.8     0.0    20.58 R    47.2     6.1    21.4 -9999.0 -9999.0 -9999.0 -99.000 -99.000 -99.000 -99.000 -99.000 -9999.0 -9999.0 -9999.0 -9999.0 -9999.0
12987 20070227  1.302  -98.06   26.53    31.0    18.3    24.6    23.0     0.0    18.69 R    44.1    15.1    25.1 -9999.0 -9999.0 -9999.0 -99.000 -99.000 -99.000 -99.000 -99.000 -9999.0 -9999.0 -9999.0 -9999.0 -9999.0
12987 20070228  1.302  -98.06   26.53    30.9    19.3    25.1    23.7     0.0    13.40 R    44.4    18.2    25.2 -9999.0 -9999.0 -9999.0 -99.000 -99.000 -99.000 -99.000 -99.000 -9999.0 -9999.0 -9999.0 -9999.0 -9999.0
12987 20070301  1.302  -98.06   26.53    28.1    13.1    20.6    22.5     0.0    16.29 R    38.7     9.4    22.7 -9999.0 -9999.0 -9999.0 -99.000 -99.000 -99.000 -99.000 -99.000 -9999.0 -9999.0 -9999.0 -9999.0 -9999.0
12987 20070302  1.302  -98.06   26.53    27.6     9.0    18.3    17.8     0.0    20.92 R    42.6     6.4    19.0 -9999.0 -9999.0 -9999.0 -99.000 -99.000 -99.000 -99.000 -99.000 -9999.0 -9999.0 -9999.0 -9999.0 -9999.0
12987 20070303  1.302  -98.06   26.53    27.6     7.5    17.5    17.1     0.0    18.44 R    43.2     6.1    19.3 -9999.0 -9999.0 -9999.0 -99.000 -99.000 -99.000 -99.000 -99.000 -9999.0 -9999.0 -9999.0 -9999.0 -9999.0
12987 20070304  1.302  -98.06   26.53    17.3     5.2    11.3    11.8     0.0     9.77 R    29.3     0.1    12.1 -9999.0 -9999.0 -9999.0 -99.000 -99.000 -99.000 -99.000 -99.000 -9999.0 -9999.0 -9999.0 -9999.0 -9999.0
12987 20070305  1.302  -98.06   26.53    23.1    -1.0    11.0    11.4     0.0    23.66 R    39.6    -3.1    13.2 -9999.0 -9999.0 -9999.0 -99.000 -99.000 -99.000 -99.000 -99.000 -9999.0 -9999.0 -9999.0 -9999.0 -9999.0
12987 20070306  1.302  -98.06   26.53    25.5     3.1    14.3    14.7     0.0    21.29 R    43.9     0.3    16.6 -9999.0 -9999.0 -9999.0 -99.000 -99.000 -99.000 -99.000 -99.000 -9999.0 -9999.0 -9999.0 -9999.0 -9999.0
12987 20070307  1.302  -98.06   26.53    28.8     9.4    19.1    18.3     0.0    21.99 R    46.0     6.9    21.3 -9999.0 -9999.0 -9999.0 -99.000 -99.000 -99.000 -99.000 -99.000 -9999.0 -9999.0 -9999.0 -9999.0 -9999.0
12987 20070308  1.302  -98.06   26.53    29.5    12.2    20.8    19.6     0.0    17.40 R    48.0    10.5    22.0 -9999.0 -9999.0 -9999.0 -99.000 -99.000 -99.000 -99.000 -99.000 -9999.0 -9999.0 -9999.0 -9999.0 -9999.0
12987 20070309  1.302  -98.06   26.53    28.8    16.4    22.6    21.5     0.0    11.71 R    46.6    15.1    23.3 -9999.0 -9999.0 -9999.0 -99.000 -99.000 -99.000 -99.000 -99.000 -9999.0 -9999.0 -9999.0 -9999.0 -9999.0
12987 20070310  1.302  -98.06   26.53    30.6    14.7    22.7    21.5     0.0    16.27 R    49.8    13.0    24.3 -9999.0 -9999.0 -9999.0 -99.000 -99.000 -99.000 -99.000 -99.000 -9999.0 -9999.0 -9999.0 -9999.0 -9999.0
12987 20070311  1.302  -98.06   26.53    23.8    20.4    22.1    21.8     2.0     4.04 R    25.4    19.7    21.8 -9999.0 -9999.0 -9999.0 -99.000 -99.000 -99.000 -99.000 -99.000 -9999.0 -9999.0 -9999.0 -9999.0 -9999.0
12987 20070312  1.302  -98.06   26.53    22.1    17.7    19.9    20.1     4.9     2.88 R    25.1    17.7    20.2 -9999.0 -9999.0 -9999.0 -99.000 -99.000 -99.000 -99.000 -99.000 -9999.0 -9999.0 -9999.0 -9999.0 -9999.0
12987 20070313  1.302  -98.06   26.53    28.8    17.8    23.3    22.0     0.0    11.57 R    37.8    16.9    22.7 -9999.0 -9999.0 -9999.0 -99.000 -99.000 -99.000 -99.000 -99.000 -9999.0 -9999.0 -9999.0 -9999.0 -9999.0
12987 20070314  1.302  -98.06   26.53    33.5    19.2    26.3    24.8     0.0    18.88 R    48.5    17.4    27.3 -9999.0 -9999.0 -9999.0 -99.000 -99.000 -99.000 -99.000 -99.000 -9999.0 -9999.0 -9999.0 -9999.0 -9999.0
12987 20070315  1.302  -98.06   26.53    27.9    18.5    23.2    21.9     0.0     9.51 R    39.8    18.1    23.2 -9999.0 -9999.0 -9999.0 -99.000 -99.000 -99.000 -99.000 -99.000 -9999.0 -9999.0 -9999.0 -9999.0 -9999.0
12987 20070316  1.302  -98.06   26.53    29.4    16.5    22.9    21.8     0.0    19.48 R    45.1    14.2    24.4 -9999.0 -9999.0 -9999.0 -99.000 -99.000 -99.000 -99.000 -99.000 -9999.0 -9999.0 -9999.0 -9999.0 -9999.0
12987 20070317  1.302  -98.06   26.53    26.9    14.4    20.7    19.8     0.0    12.76 R    43.1    13.2    22.1 -9999.0 -9999.0 -9999.0 -99.000 -99.000 -99.000 -99.000 -99.000 -9999.0 -9999.0 -9999.0 -9999.0 -9999.0
12987 20070318  1.302  -98.06   26.53    30.1    15.7    22.9    22.0     0.0    13.73 R    44.7    14.9    23.6 -9999.0 -9999.0 -9999.0 -99.000 -99.000 -99.000 -99.000 -99.000 -9999.0 -9999.0 -9999.0 -9999.0 -9999.0
12987 20070319  1.302  -98.06   26.53    30.2    17.7    24.0    23.2     0.0    16.17 R    44.4    17.2    24.9 -9999.0 -9999.0 -9999.0 -99.000 -99.000 -99.000 -99.000 -99.000 -9999.0 -9999.0 -9999.0 -9999.0 -9999.0
12987 20070320  1.302  -98.06   26.53    27.2    19.5    23.4    23.3     0.0     7.43 R    34.4    18.7    24.3 -9999.0 -9999.0 -9999.0 -99.000 -99.000 -99.000 -99.000 -99.000 -9999.0 -9999.0 -9999.0 -9999.0 -9999.0
12987 20070321  1.302  -98.06   26.53    30.2    20.4    25.3    24.2     0.0    13.37 R    43.9    19.6    25.8 -9999.0 -9999.0 -9999.0 -99.000 -99.000 -99.000 -99.000 -99.000 -9999.0 -9999.0 -9999.0 -9999.0 -9999.0
12987 20070322  1.302  -98.06   26.53    29.2    22.1    25.7    24.4     0.0    12.46 R    39.8    21.4    25.9 -9999.0 -9999.0 -9999.0 -99.000 -99.000 -99.000 -99.000 -99.000 -9999.0 -9999.0 -9999.0 -9999.0 -9999.0
12987 20070323  1.302  -98.06   26.53    30.1    21.2    25.7    24.2     0.0    12.86 R    42.5    20.6    25.9 -9999.0 -9999.0 -9999.0 -99.000 -99.000 -99.000 -99.000 -99.000 -9999.0 -9999.0 -9999.0 -9999.0 -9999.0
12987 20070324  1.302  -98.06   26.53    30.4    20.2    25.3    23.7     0.0    12.96 R    42.4    19.6    25.3 -9999.0 -9999.0 -9999.0 -99.000 -99.000 -99.000 -99.000 -99.000 -9999.0 -9999.0 -9999.0 -9999.0 -9999.0
12987 20070325  1.302  -98.06   26.53    31.1    20.8    25.9    24.5     0.0    13.70 R    43.7    20.6    26.3 -9999.0 -9999.0 -9999.0 -99.000 -99.000 -99.000 -99.000 -99.000 -9999.0 -9999.0 -9999.0 -9999.0 -9999.0
12987 20070326  1.302  -98.06   26.53    28.7    20.9    24.8    24.1     0.0     9.03 R    38.9    19.7    24.9 -9999.0 -9999.0 -9999.0 -99.000 -99.000 -99.000 -99.000 -99.000 -9999.0 -9999.0 -9999.0 -9999.0 -9999.0
12987 20070327  1.302  -98.06   26.53    32.6    20.0    26.3    24.7     0.0    17.02 R    45.9    19.1    27.0 -9999.0 -9999.0 -9999.0 -99.000 -99.000 -99.000 -99.000 -99.000 -9999.0 -9999.0 -9999.0 -9999.0 -9999.0
12987 20070328  1.302  -98.06   26.53    31.8    20.6    26.2    25.2     0.0    18.61 R    42.6    20.3    27.2 -9999.0 -9999.0 -9999.0 -99.000 -99.000 -99.000 -99.000 -99.000 -9999.0 -9999.0 -9999.0 -9999.0 -9999.0
12987 20070329  1.302  -98.06   26.53    31.5    23.1    27.3    25.9     0.0    14.67 R    42.7    22.5    27.6 -9999.0 -9999.0 -9999.0 -99.000 -99.000 -99.000 -99.000 -99.000 -9999.0 -9999.0 -9999.0 -9999.0 -9999.0
12987 20070330  1.302  -98.06   26.53    30.8    22.8    26.8    25.5     0.0    14.84 R    41.6    22.7    27.1 -9999.0 -9999.0 -9999.0 -99.000 -99.000 -99.000 -99.000 -99.000 -9999.0 -9999.0 -9999.0 -9999.0 -9999.0
12987 20070331  1.302  -98.06   26.53    24.3    19.7    22.0    22.2    22.4     3.95 R    24.6    20.4    22.6 -9999.0 -9999.0 -9999.0 -99.000 -99.000 -99.000 -99.000 -99.000 -9999.0 -9999.0 -9999.0 -9999.0 -9999.0
12987 20070401  1.302  -98.06   26.53    28.3    19.6    24.0    22.9     0.0    12.30 R    40.7    20.2    25.1 -9999.0 -9999.0 -9999.0 -99.000 -99.000 -99.000 -99.000 -99.000 -9999.0 -9999.0 -9999.0 -9999.0 -9999.0
12987 20070402  1.302  -98.06   26.53    32.0    19.4    25.7    25.1     0.0    20.32 R    43.8    19.6    27.7 -9999.0 -9999.0 -9999.0 -99.000 -99.000 -99.000 -99.000 -99.000 -9999.0 -9999.0 -9999.0 -9999.0 -9999.0
12987 20070403  1.302  -98.06   26.53    34.0    19.8    26.9    26.3     6.3    17.54 R    46.4    19.9    28.9 -9999.0 -9999.0 -9999.0 -99.000 -99.000 -99.000 -99.000 -99.000 -9999.0 -9999.0 -9999.0 -9999.0 -9999.0
12987 20070404  1.302  -98.06   26.53    29.0    18.2    23.6    22.6     4.3    14.87 R    41.9    18.2    24.0 -9999.0 -9999.0 -9999.0 -99.000 -99.000 -99.000 -99.000 -99.000 -9999.0 -9999.0 -9999.0 -9999.0 -9999.0
12987 20070405  1.302  -98.06   26.53    25.9    14.7    20.3    19.7     0.0    21.56 R    38.3    13.8    22.3 -9999.0 -9999.0 -9999.0 -99.000 -99.000 -99.000 -99.000 -99.000 -9999.0 -9999.0 -9999.0 -9999.0 -9999.0
12987 20070406  1.302  -98.06   26.53    25.5    12.4    19.0    19.1     0.0    15.83 R    38.4    12.0    20.8 -9999.0 -9999.0 -9999.0 -99.000 -99.000 -99.000 -99.000 -99.000 -9999.0 -9999.0 -9999.0 -9999.0 -9999.0
12987 20070407  1.302  -98.06   26.53    18.3     4.3    11.3    11.8     5.2     2.59 R    18.6     4.8    12.3 -9999.0 -9999.0 -9999.0 -99.000 -99.000 -99.000 -99.000 -99.000 -9999.0 -9999.0 -9999.0 -9999.0 -9999.0
12987 20070408  1.302  -98.06   26.53    10.5     4.2     7.3     7.1     3.8     5.75 R    12.8     4.1     7.8 -9999.0 -9999.0 -9999.0 -99.000 -99.000 -99.000 -99.000 -99.000 -9999.0 -9999.0 -9999.0 -9999.0 -9999.0
12987 20070409  1.302  -98.06   26.53    16.6     9.5    13.1    13.0     1.0     5.39 R    19.8    10.0    14.0 -9999.0 -9999.0 -9999.0 -99.000 -99.000 -99.000 -99.000 -99.000 -9999.0 -9999.0 -9999.0 -9999.0 -9999.0
12987 20070410  1.302  -98.06   26.53    27.0    15.1    21.0    19.4     0.0    16.43 R    37.6    15.6    21.8 -9999.0 -9999.0 -9999.0 -99.000 -99.000 -99.000 -99.000 -99.000 -9999.0 -9999.0 -9999.0 -9999.0 -9999.0
12987 20070411  1.302  -98.06   26.53    31.4    16.8    24.1    23.0     0.0    24.30 R    40.6    14.4    25.7 -9999.0 -9999.0 -9999.0 -99.000 -99.000 -99.000 -99.000 -99.000 -9999.0 -9999.0 -9999.0 -9999.0 -9999.0
12987 20070412  1.302  -98.06   26.53    30.5    13.8    22.1    22.8     0.0    20.45 R    40.2    13.1    24.8 -9999.0 -9999.0 -9999.0 -99.000 -99.000 -99.000 -99.000 -99.000 -9999.0 -9999.0 -9999.0 -9999.0 -9999.0
12987 20070413  1.302  -98.06   26.53    33.7    22.7    28.2    26.9     0.0    23.07 R    43.3    22.5    29.4 -9999.0 -9999.0 -9999.0 -99.000 -99.000 -99.000 -99.000 -99.000 -9999.0 -9999.0 -9999.0 -9999.0 -9999.0
12987 20070414  1.302  -98.06   26.53    26.4    13.4    19.9    21.6     0.0    26.35 R    34.9    10.5    23.3 -9999.0 -9999.0 -9999.0 -99.000 -99.000 -99.000 -99.000 -99.000 -9999.0 -9999.0 -9999.0 -9999.0 -9999.0
12987 20070415  1.302  -98.06   26.53    24.5     6.4    15.4    15.2     0.0    27.61 R    36.5     4.4    18.2 -9999.0 -9999.0 -9999.0 -99.000 -99.000 -99.000 -99.000 -99.000 -9999.0 -9999.0 -9999.0 -9999.0 -9999.0
12987 20070416  1.302  -98.06   26.53    27.3     9.8    18.5    19.1     0.0    21.83 R    38.2     8.3    20.9 -9999.0 -9999.0 -9999.0 -99.000 -99.000 -99.000 -99.000 -99.000 -9999.0 -9999.0 -9999.0 -9999.0 -9999.0
12987 20070417  1.302  -98.06   26.53    28.7    16.8    22.7    22.7     0.0    12.07 R    40.0    15.7    24.0 -9999.0 -9999.0 -9999.0 -99.000 -99.000 -99.000 -99.000 -99.000 -9999.0 -9999.0 -9999.0 -9999.0 -9999.0
12987 20070418  1.302  -98.06   26.53    31.6    14.1    22.8    22.8     0.0    21.93 R    40.1    12.7    24.4 -9999.0 -9999.0 -9999.0 -99.000 -99.000 -99.000 -99.000 -99.000 -9999.0 -9999.0 -9999.0 -9999.0 -9999.0
12987 20070419  1.302  -98.06   26.53    29.7    15.9    22.8    21.9     0.0    19.94 R    39.5    14.7    23.5 -9999.0 -9999.0 -9999.0 -99.000 -99.000 -99.000 -99.000 -99.000 -9999.0 -9999.0 -9999.0 -9999.0 -9999.0
12987 20070420  1.302  -98.06   26.53    28.6    18.1    23.3    22.0     0.0    16.96 R    37.9    17.6    23.5 -9999.0 -9999.0 -9999.0 -99.000 -99.000 -99.000 -99.000 -99.000 -9999.0 -9999.0 -9999.0 -9999.0 -9999.0
12987 20070421  1.302  -98.06   26.53    30.1    18.1    24.1    23.1     0.0    18.61 R    38.7    17.6    24.9 -9999.0 -9999.0 -9999.0 -99.000 -99.000 -99.000 -99.000 -99.000 -9999.0 -9999.0 -9999.0 -9999.0 -9999.0
12987 20070422  1.302  -98.06   26.53    25.6    19.7    22.6    22.3     1.5     5.05 R    28.3    19.3    22.8 -9999.0 -9999.0 -9999.0 -99.000 -99.000 -99.000 -99.000 -99.000 -9999.0 -9999.0 -9999.0 -9999.0 -9999.0
12987 20070423  1.302  -98.06   26.53    31.8    21.7    26.8    25.1     0.0    13.03 R    40.3    21.7    26.4 -9999.0 -9999.0 -9999.0 -99.000 -99.000 -99.000 -99.000 -99.000 -9999.0 -9999.0 -9999.0 -9999.0 -9999.0
12987 20070424  1.302  -98.06   26.53    29.7    23.6    26.6    25.7     0.0     9.39 R    35.7    23.3    26.6 -9999.0 -9999.0 -9999.0 -99.000 -99.000 -99.000 -99.000 -99.000 -9999.0 -9999.0 -9999.0 -9999.0 -9999.0
12987 20070425  1.302  -98.06   26.53    33.7    18.3    26.0    26.6     0.0    24.92 R    40.6    16.9    28.4 -9999.0 -9999.0 -9999.0 -99.000 -99.000 -99.000 -99.000 -99.000 -9999.0 -9999.0 -9999.0 -9999.0 -9999.0
12987 20070426  1.302  -98.06   26.53    32.2    16.0    24.1    23.4     0.0    26.30 R    41.5    14.8    25.7 -9999.0 -9999.0 -9999.0 -99.000 -99.000 -99.000 -99.000 -99.000 -9999.0 -9999.0 -9999.0 -9999.0 -9999.0
12987 20070427  1.302  -98.06   26.53    30.2    18.1    24.2    23.9     0.0    17.57 R    38.8    18.0    25.6 -9999.0 -9999.0 -9999.0 -99.000 -99.000 -99.000 -99.000 -99.000 -9999.0 -9999.0 -9999.0 -9999.0 -9999.0
12987 20070428  1.302  -98.06   26.53    31.7    22.2    27.0    25.6     0.0    15.90 R    40.7    22.4    27.4 -9999.0 -9999.0 -9999.0 -99.000 -99.000 -99.000 -99.000 -99.000 -9999.0 -9999.0 -9999.0 -9999.0 -9999.0
12987 20070429  1.302  -98.06   26.53    33.6    22.0    27.8    26.8     0.0    21.48 R    42.6    22.0    29.2 -9999.0 -9999.0 -9999.0 -99.000 -99.000 -99.000 -99.000 -99.000 -9999.0 -9999.0 -9999.0 -9999.0 -9999.0
12987 20070430  1.302  -98.06   26.53    31.6    24.1    27.8    26.9     0.0    17.12 R    39.5    24.3    28.8 -9999.0 -9999.0 -9999.0 -99.000 -99.000 -99.000 -99.000 -99.000 -9999.0 -9999.0 -9999.0 -9999.0 -9999.0
12987 20070501  1.302  -98.06   26.53    33.1    23.2    28.1    27.0     0.0    20.30 R    41.4    23.1    29.1 -9999.0 -9999.0 -9999.0 -99.000 -99.000 -99.000 -99.000 -99.000 -9999.0 -9999.0 -9999.0 -9999.0 -9999.0
12987 20070502  1.302  -98.06   26.53    32.1    23.2    27.7    26.9     0.0    18.98 R    40.4    23.2    28.9 -9999.0 -9999.0 -9999.0 -99.000 -99.000 -99.000 -99.000 -99.000 -9999.0 -9999.0 -9999.0 -9999.0 -9999.0
12987 20070503  1.302  -98.06   26.53    31.6    16.4    24.0    24.6    17.0    14.47 R    38.4    17.2    26.2 -9999.0 -9999.0 -9999.0 -99.000 -99.000 -99.000 -99.000 -99.000 -9999.0 -9999.0 -9999.0 -9999.0 -9999.0
12987 20070504  1.302  -98.06   26.53    32.7    23.5    28.1    26.9     0.0    16.15 R    40.7    23.6    28.7 -9999.0 -9999.0 -9999.0 -99.000 -99.000 -99.000 -99.000 -99.000 -9999.0 -9999.0 -9999.0 -9999.0 -9999.0
12987 20070505  1.302  -98.06   26.53    32.8    24.2    28.5    27.6     0.0    16.14 R    40.3    24.4    29.1 -9999.0 -9999.0 -9999.0 -99.000 -99.000 -99.000 -99.000 -99.000 -9999.0 -9999.0 -9999.0 -9999.0 -9999.0
12987 20070506  1.302  -98.06   26.53    34.9    24.9    29.9    28.8     0.0    22.72 R    41.0    25.1    30.9 -9999.0 -9999.0 -9999.0 -99.000 -99.000 -99.000 -99.000 -99.000 -9999.0 -9999.0 -9999.0 -9999.0 -9999.0
12987 20070507  1.302  -98.06   26.53    34.0    23.8    28.9    27.5     0.0    22.56 R    41.9    23.9    29.6 -9999.0 -9999.0 -9999.0 -99.000 -99.000 -99.000 -99.000 -99.000 -9999.0 -9999.0 -9999.0 -9999.0 -9999.0
12987 20070508  1.302  -98.06   26.53    32.0    23.2    27.6    26.5     0.0    21.41 R    40.4    23.4    28.6 -9999.0 -9999.0 -9999.0 -99.000 -99.000 -99.000 -99.000 -99.000 -9999.0 -9999.0 -9999.0 -9999.0 -9999.0
12987 20070509  1.302  -98.06   26.53    31.2    21.9    26.6    25.5     0.0    21.20 R    39.5    21.8    27.7 -9999.0 -9999.0 -9999.0 -99.000 -99.000 -99.000 -99.000 -99.000 -9999.0 -9999.0 -9999.0 -9999.0 -9999.0
12987 20070510  1.302  -98.06   26.53    30.3    19.0    24.7    24.4     0.3    19.25 R    41.2    18.7    26.5 -9999.0 -9999.0 -9999.0 -99.000 -99.000 -99.000 -99.000 -99.000 -9999.0 -9999.0 -9999.0 -9999.0 -9999.0
12987 20070511  1.302  -98.06   26.53    32.2    19.0    25.6    25.1     0.0    24.26 R    39.6    18.6    26.9 -9999.0 -9999.0 -9999.0 -99.000 -99.000 -99.000 -99.000 -99.000 -9999.0 -9999.0 -9999.0 -9999.0 -9999.0
12987 20070512  1.302  -98.06   26.53    31.2    17.6    24.4    24.0     0.0    22.80 R    39.4    17.3    25.9 -9999.0 -9999.0 -9999.0 -99.000 -99.000 -99.000 -99.000 -99.000 -9999.0 -9999.0 -9999.0 -9999.0 -9999.0
12987 20070513  1.302  -98.06   26.53    33.2    16.0    24.6    23.9     0.0    27.22 R    40.7    14.4    25.7 -9999.0 -9999.0 -9999.0 -99.000 -99.000 -99.000 -99.000 -99.000 -9999.0 -9999.0 -9999.0 -9999.0 -9999.0
12987 20070514  1.302  -98.06   26.53    33.2    15.6    24.4    24.4     0.0    26.26 R    40.9    15.3    26.8 -9999.0 -9999.0 -9999.0 -99.000 -99.000 -99.000 -99.000 -99.000 -9999.0 -9999.0 -9999.0 -9999.0 -9999.0
12987 20070515  1.302  -98.06   26.53    33.2    18.5    25.8    25.6     0.0    26.15 R    41.2    18.5    28.0 -9999.0 -9999.0 -9999.0 -99.000 -99.000 -99.000 -99.000 -99.000 -9999.0 -9999.0 -9999.0 -9999.0 -9999.0
12987 20070516  1.302  -98.06   26.53    33.1    18.3    25.7    25.0     0.0    19.80 R    42.0    17.9    26.9 -9999.0 -9999.0 -9999.0 -99.000 -99.000 -99.000 -99.000 -99.000 -9999.0 -9999.0 -9999.0 -9999.0 -9999.0
12987 20070517  1.302  -98.06   26.53    31.1    18.4    24.7    24.0     0.0    17.63 R    39.4    18.0    25.6 -9999.0 -9999.0 -9999.0 -99.000 -99.000 -99.000 -99.000 -99.000 -9999.0 -9999.0 -9999.0 -9999.0 -9999.0
12987 20070518  1.302  -98.06   26.53    28.1    17.5    22.8    22.1     0.3    11.23 R    34.3    16.8    22.8 -9999.0 -9999.0 -9999.0 -99.000 -99.000 -99.000 -99.000 -99.000 -9999.0 -9999.0 -9999.0 -9999.0 -9999.0
12987 20070519  1.302  -98.06   26.53    26.3    19.5    22.9    23.2     0.0     6.53 R    29.4    19.5    23.9 -9999.0 -9999.0 -9999.0 -99.000 -99.000 -99.000 -99.000 -99.000 -9999.0 -9999.0 -9999.0 -9999.0 -9999.0
12987 20070520  1.302  -98.06   26.53    26.7    20.3    23.5    23.2     1.5     9.77 R    30.9    20.4    23.6 -9999.0 -9999.0 -9999.0 -99.000 -99.000 -99.000 -99.000 -99.000 -9999.0 -9999.0 -9999.0 -9999.0 -9999.0
12987 20070521  1.302  -98.06   26.53    30.7    18.7    24.7    24.7     0.0    12.76 R    38.1    18.4    25.7 -9999.0 -9999.0 -9999.0 -99.000 -99.000 -99.000 -99.000 -99.000 -9999.0 -9999.0 -9999.0 -9999.0 -9999.0
12987 20070522  1.302  -98.06   26.53    33.3    20.2    26.7    25.9     0.0    24.60 R    40.7    20.2    28.1 -9999.0 -9999.0 -9999.0 -99.000 -99.000 -99.000 -99.000 -99.000 -9999.0 -9999.0 -9999.0 -9999.0 -9999.0
12987 20070523  1.302  -98.06   26.53    32.3    21.5    26.9    26.5     0.0    15.21 R    37.7    21.2    27.9 -9999.0 -9999.0 -9999.0 -99.000 -99.000 -99.000 -99.000 -99.000 -9999.0 -9999.0 -9999.0 -9999.0 -9999.0
12987 20070524  1.302  -98.06   26.53    30.8    20.7    25.7    26.6    42.4    12.12 R    36.1    20.7    27.6 -9999.0 -9999.0 -9999.0 -99.000 -99.000 -99.000 -99.000 -99.000 -9999.0 -9999.0 -9999.0 -9999.0 -9999.0
12987 20070525  1.302  -98.06   26.53    29.3    19.4    24.3    22.2    37.7     9.91 R    36.3    19.5    23.0 -9999.0 -9999.0 -9999.0 -99.000 -99.000 -99.000 -99.000 -99.000 -9999.0 -9999.0 -9999.0 -9999.0 -9999.0
12987 20070526  1.302  -98.06   26.53    29.9    18.5    24.2    23.8     0.0    23.00 R    38.8    18.5    26.3 -9999.0 -9999.0 -9999.0 -99.000 -99.000 -99.000 -99.000 -99.000 -9999.0 -9999.0 -9999.0 -9999.0 -9999.0
12987 20070527  1.302  -98.06   26.53    32.0    18.9    25.5    24.7    21.1    21.96 R    40.8    19.5    26.9 -9999.0 -9999.0 -9999.0 -99.000 -99.000 -99.000 -99.000 -99.000 -9999.0 -9999.0 -9999.0 -9999.0 -9999.0
12987 20070528  1.302  -98.06   26.53    32.4    18.7    25.5    25.1     0.0    26.48 R    40.2    18.8    27.9 -9999.0 -9999.0 -9999.0 -99.000 -99.000 -99.000 -99.000 -99.000 -9999.0 -9999.0 -9999.0 -9999.0 -9999.0
12987 20070529  1.302  -98.06   26.53    33.4    21.8    27.6    26.5     0.0    23.56 R    41.2    21.7    28.8 -9999.0 -9999.0 -9999.0 -99.000 -99.000 -99.000 -99.000 -99.000 -9999.0 -9999.0 -9999.0 -9999.0 -9999.0
12987 20070530  1.302  -98.06   26.53    33.8    22.2    28.0    27.2     0.0    24.49 R    40.8    21.9    29.5 -9999.0 -9999.0 -9999.0 -99.000 -99.000 -99.000 -99.000 -99.000 -9999.0 -9999.0 -9999.0 -9999.0 -9999.0
12987 20070531  1.302  -98.06   26.53    33.5    21.6    27.6    26.6     0.0    24.94 R    40.9    21.5    28.8 -9999.0 -9999.0 -9999.0 -99.000 -99.000 -99.000 -99.000 -99.000 -9999.0 -9999.0 -9999.0 -9999.0 -9999.0
12987 20070601  1.302  -98.06   26.53    33.3    21.6    27.5    26.5     0.0    25.92 R    40.7    21.2    28.6 -9999.0 -9999.0 -9999.0 -99.000 -99.000 -99.000 -99.000 -99.000 -9999.0 -9999.0 -9999.0 -9999.0 -9999.0
12987 20070602  1.302  -98.06   26.53    33.3    21.7    27.5    26.9     0.0    23.66 R    41.3    21.5    28.9 -9999.0 -9999.0 -9999.0 -99.000 -99.000 -99.000 -99.000 -99.000 -9999.0 -9999.0 -9999.0 -9999.0 -9999.0
12987 20070603  1.302  -98.06   26.53    34.2    21.2    27.7    27.4     0.0    25.33 R    42.1    21.2    29.6 -9999.0 -9999.0 -9999.0 -99.000 -99.000 -99.000 -99.000 -99.000 -9999.0 -9999.0 -9999.0 -9999.0 -9999.0
12987 20070604  1.302  -98.06   26.53    34.4    21.2    27.8    28.2     0.4    23.72 R    42.4    20.9    30.4 -9999.0 -9999.0 -9999.0 -99.000 -99.000 -99.000 -99.000 -99.000 -9999.0 -9999.0 -9999.0 -9999.0 -9999.0
12987 20070605  1.302  -98.06   26.53    34.5    22.3    28.4    27.6     0.0    26.08 R    41.0    22.0    29.6 -9999.0 -9999.0 -9999.0 -99.000 -99.000 -99.000 -99.000 -99.000 -9999.0 -9999.0 -9999.0 -9999.0 -9999.0
12987 20070606  1.302  -98.06   26.53    35.0    23.0    29.0    28.6     0.0    24.85 R    41.3    22.6    30.5 -9999.0 -9999.0 -9999.0 -99.000 -99.000 -99.000 -99.000 -99.000 -9999.0 -9999.0 -9999.0 -9999.0 -9999.0
12987 20070607  1.302  -98.06   26.53    34.8    26.1    30.4    29.8     0.0    23.05 R    40.0    26.1    31.4 -9999.0 -9999.0 -9999.0 -99.000 -99.000 -99.000 -99.000 -99.000 -9999.0 -9999.0 -9999.0 -9999.0 -9999.0
12987 20070608  1.302  -98.06   26.53    36.0    26.2    31.1    29.9     0.0    20.88 R    42.2    26.1    31.7 -9999.0 -9999.0 -9999.0 -99.000 -99.000 -99.000 -99.000 -99.000 -9999.0 -9999.0 -9999.0 -9999.0 -9999.0
12987 20070609  1.302  -98.06   26.53    35.4    24.8    30.1    29.0     0.0    22.43 R    41.8    24.8    31.0 -9999.0 -9999.0 -9999.0 -99.000 -99.000 -99.000 -99.000 -99.000 -9999.0 -9999.0 -9999.0 -9999.0 -9999.0
12987 20070610  1.302  -98.06   26.53    35.8    23.6    29.7    28.6     0.0    23.84 R    42.5    23.4    30.7 -9999.0 -9999.0 -9999.0 -99.000 -99.000 -99.000 -99.000 -99.000 -9999.0 -9999.0 -9999.0 -9999.0 -9999.0
12987 20070611  1.302  -98.06   26.53    35.3    22.2    28.8    28.0     0.0    25.41 R    41.8    21.3    29.9 -9999.0 -9999.0 -9999.0 -99.000 -99.000 -99.000 -99.000 -99.000 -9999.0 -9999.0 -9999.0 -9999.0 -9999.0
12987 20070612  1.302  -98.06   26.53    34.9    21.2    28.0    27.5     0.0    27.01 R    41.7    20.3    29.6 -9999.0 -9999.0 -9999.0 -99.000 -99.000 -99.000 -99.000 -99.000 -9999.0 -9999.0 -9999.0 -9999.0 -9999.0
12987 20070613  1.302  -98.06   26.53    35.4    20.3    27.8    27.3     3.4    23.25 R    42.9    20.2    29.1 -9999.0 -9999.0 -9999.0 -99.000 -99.000 -99.000 -99.000 -99.000 -9999.0 -9999.0 -9999.0 -9999.0 -9999.0
12987 20070614  1.302  -98.06   26.53    35.9    21.4    28.7    28.1     0.0    24.82 R    42.5    21.5    30.1 -9999.0 -9999.0 -9999.0 -99.000 -99.000 -99.000 -99.000 -99.000 -9999.0 -9999.0 -9999.0 -9999.0 -9999.0
12987 20070615  1.302  -98.06   26.53    36.4    22.4    29.4    29.1     0.0    26.13 R    42.8    22.4    31.1 -9999.0 -9999.0 -9999.0 -99.000 -99.000 -99.000 -99.000 -99.000 -9999.0 -9999.0 -9999.0 -9999.0 -9999.0
12987 20070616  1.302  -98.06   26.53    36.2    24.4    30.3    29.5     0.0    26.21 R    42.4    24.2    31.6 -9999.0 -9999.0 -9999.0 -99.000 -99.000 -99.000 -99.000 -99.000 -9999.0 -9999.0 -9999.0 -9999.0 -9999.0
12987 20070617  1.302  -98.06   26.53    36.1    24.0    30.1    29.2     4.2    25.65 R    42.4    24.0    31.0 -9999.0 -9999.0 -9999.0 -99.000 -99.000 -99.000 -99.000 -99.000 -9999.0 -9999.0 -9999.0 -9999.0 -9999.0
12987 20070618  1.302  -98.06   26.53    36.0    23.7    29.9    29.7     0.0    24.71 R    41.7    23.5    31.4 -9999.0 -9999.0 -9999.0 -99.000 -99.000 -99.000 -99.000 -99.000 -9999.0 -9999.0 -9999.0 -9999.0 -9999.0
12987 20070619  1.302  -98.06   26.53    36.2    26.8    31.5    30.3     0.0    17.72 R    42.1    26.7    31.7 -9999.0 -9999.0 -9999.0 -99.000 -99.000 -99.000 -99.000 -99.000 -9999.0 -9999.0 -9999.0 -9999.0 -9999.0
12987 20070620  1.302  -98.06   26.53    34.4    25.7    30.0    29.4     0.0    21.67 R    40.6    25.4    31.2 -9999.0 -9999.0 -9999.0 -99.000 -99.000 -99.000 -99.000 -99.000 -9999.0 -9999.0 -9999.0 -9999.0 -9999.0
12987 20070621  1.302  -98.06   26.53    31.0    22.5    26.7    25.9     3.9     6.83 R    36.6    22.5    26.2 -9999.0 -9999.0 -9999.0 -99.000 -99.000 -99.000 -99.000 -99.000 -9999.0 -9999.0 -9999.0 -9999.0 -9999.0
12987 20070622  1.302  -98.06   26.53    33.9    24.0    29.0    27.5     7.2    16.06 R    39.4    24.3    28.5 -9999.0 -9999.0 -9999.0 -99.000 -99.000 -99.000 -99.000 -99.000 -9999.0 -9999.0 -9999.0 -9999.0 -9999.0
12987 20070623  1.302  -98.06   26.53    26.9    22.1    24.5    24.5    22.2     5.32 R    28.2    22.5    24.8 -9999.0 -9999.0 -9999.0 -99.000 -99.000 -99.000 -99.000 -99.000 -9999.0 -9999.0 -9999.0 -9999.0 -9999.0
12987 20070624  1.302  -98.06   26.53    32.9    23.0    27.9    27.4     0.0    21.89 R    38.8    23.2    29.0 -9999.0 -9999.0 -9999.0 -99.000 -99.000 -99.000 -99.000 -99.000 -9999.0 -9999.0 -9999.0 -9999.0 -9999.0
12987 20070625  1.302  -98.06   26.53    34.8    25.7    30.2    29.4     0.0    24.45 R    39.9    26.0    31.1 -9999.0 -9999.0 -9999.0 -99.000 -99.000 -99.000 -99.000 -99.000 -9999.0 -9999.0 -9999.0 -9999.0 -9999.0
12987 20070626  1.302  -98.06   26.53    34.8    26.0    30.4    29.6     0.0    21.41 R    39.8    26.2    30.9 -9999.0 -9999.0 -9999.0 -99.000 -99.000 -99.000 -99.000 -99.000 -9999.0 -9999.0 -9999.0 -9999.0 -9999.0
12987 20070627  1.302  -98.06   26.53    34.4    25.4    29.9    29.1     0.0    20.91 R    39.8    25.4    30.7 -9999.0 -9999.0 -9999.0 -99.000 -99.000 -99.000 -99.000 -99.000 -9999.0 -9999.0 -9999.0 -9999.0 -9999.0
12987 20070628  1.302  -98.06   26.53    34.8    25.0    29.9    28.9     0.0    23.70 R    40.5    24.9    30.7 -9999.0 -9999.0 -9999.0 -99.000 -99.000 -99.000 -99.000 -99.000 -9999.0 -9999.0 -9999.0 -9999.0 -9999.0
12987 20070629  1.302  -98.06   26.53    34.8    22.6    28.7    28.2     0.0    23.86 R    41.0    22.5    30.0 -9999.0 -9999.0 -9999.0 -99.000 -99.000 -99.000 -99.000 -99.000 -9999.0 -9999.0 -9999.0 -9999.0 -9999.0
12987 20070630  1.302  -98.06   26.53    33.9    23.2    28.6    27.5     2.3    19.53 R    39.9    23.2    28.9 -9999.0 -9999.0 -9999.0 -99.000 -99.000 -99.000 -99.000 -99.000 -9999.0 -9999.0 -9999.0 -9999.0 -9999.0
12987 20070701  1.302  -98.06   26.53    35.1    24.7    29.9    28.9     0.9    20.44 R    39.6    24.9    30.0 -9999.0 -9999.0 -9999.0 -99.000 -99.000 -99.000 -99.000 -99.000 -9999.0 -9999.0 -9999.0 -9999.0 -9999.0
12987 20070702  1.302  -98.06   26.53    33.5    25.2    29.3    28.4     0.7    18.91 R    37.9    25.3    29.6 -9999.0 -9999.0 -9999.0 -99.000 -99.000 -99.000 -99.000 -99.000 -9999.0 -9999.0 -9999.0 -9999.0 -9999.0
12987 20070703  1.302  -98.06   26.53    29.9    22.7    26.3    25.1    66.7     6.42 R    35.0    22.8    25.7 -9999.0 -9999.0 -9999.0 -99.000 -99.000 -99.000 -99.000 -99.000 -9999.0 -9999.0 -9999.0 -9999.0 -9999.0
12987 20070704  1.302  -98.06   26.53    33.8    23.0    28.4    25.9    40.3    17.45 R    39.8    23.1    27.4 -9999.0 -9999.0 -9999.0 -99.000 -99.000 -99.000 -99.000 -99.000 -9999.0 -9999.0 -9999.0 -9999.0 -9999.0
12987 20070705  1.302  -98.06   26.53    32.8    22.8    27.8    26.5     0.5    14.68 R    39.5    23.0    27.8 -9999.0 -9999.0 -9999.0 -99.000 -99.000 -99.000 -99.000 -99.000 -9999.0 -9999.0 -9999.0 -9999.0 -9999.0
12987 20070706  1.302  -98.06   26.53    34.5    25.5    30.0    29.0     0.0    21.52 R    40.4    25.8    30.8 -9999.0 -9999.0 -9999.0 -99.000 -99.000 -99.000 -99.000 -99.000 -9999.0 -9999.0 -9999.0 -9999.0 -9999.0
12987 20070707  1.302  -98.06   26.53    34.8    25.3    30.1    28.9     0.0    20.33 R    40.6    25.4    30.6 -9999.0 -9999.0 -9999.0 -99.000 -99.000 -99.000 -99.000 -99.000 -9999.0 -9999.0 -9999.0 -9999.0 -9999.0
12987 20070708  1.302  -98.06   26.53    34.7    24.1    29.4    29.0     0.0    24.10 R    39.5    24.2    30.5 -9999.0 -9999.0 -9999.0 -99.000 -99.000 -99.000 -99.000 -99.000 -9999.0 -9999.0 -9999.0 -9999.0 -9999.0
12987 20070709  1.302  -98.06   26.53    35.1    25.1    30.1    29.4     0.0    26.40 R    39.5    25.3    30.9 -9999.0 -9999.0 -9999.0 -99.000 -99.000 -99.000 -99.000 -99.000 -9999.0 -9999.0 -9999.0 -9999.0 -9999.0
12987 20070710  1.302  -98.06   26.53    35.2    24.8    30.0    28.9     0.0    23.21 R    40.7    24.7    30.4 -9999.0 -9999.0 -9999.0 -99.000 -99.000 -99.000 -99.000 -99.000 -9999.0 -9999.0 -9999.0 -9999.0 -9999.0
12987 20070711  1.302  -98.06   26.53    35.4    24.5    29.9    29.2     0.0    24.52 R    40.8    24.4    30.9 -9999.0 -9999.0 -9999.0 -99.000 -99.000 -99.000 -99.000 -99.000 -9999.0 -9999.0 -9999.0 -9999.0 -9999.0
12987 20070712  1.302  -98.06   26.53    35.7    24.7    30.2    29.8     0.0    25.95 R    40.8    24.5    31.5 -9999.0 -9999.0 -9999.0 -99.000 -99.000 -99.000 -99.000 -99.000 -9999.0 -9999.0 -9999.0 -9999.0 -9999.0
12987 20070713  1.302  -98.06   26.53    35.7    24.3    30.0    29.2     0.0    27.53 R    39.9    24.3    30.5 -9999.0 -9999.0 -9999.0 -99.000 -99.000 -99.000 -99.000 -99.000 -9999.0 -9999.0 -9999.0 -9999.0 -9999.0
12987 20070714  1.302  -98.06   26.53    35.5    24.4    30.0    29.3     0.0    25.84 R    41.1    24.5    30.8 -9999.0 -9999.0 -9999.0 -99.000 -99.000 -99.000 -99.000 -99.000 -9999.0 -9999.0 -9999.0 -9999.0 -9999.0
12987 20070715  1.302  -98.06   26.53    35.7    23.3    29.5    29.2     0.7    23.09 R    40.5    23.6    30.8 -9999.0 -9999.0 -9999.0 -99.000 -99.000 -99.000 -99.000 -99.000 -9999.0 -9999.0 -9999.0 -9999.0 -9999.0
12987 20070716  1.302  -98.06   26.53    34.7    21.3    28.0    26.9    11.5    14.58 R    39.9    21.3    27.9 -9999.0 -9999.0 -9999.0 -99.000 -99.000 -99.000 -99.000 -99.000 -9999.0 -9999.0 -9999.0 -9999.0 -9999.0
12987 20070717  1.302  -98.06   26.53    30.1    22.3    26.2    25.3     0.0    17.40 R    35.5    22.5    26.6 -9999.0 -9999.0 -9999.0 -99.000 -99.000 -99.000 -99.000 -99.000 -9999.0 -9999.0 -9999.0 -9999.0 -9999.0
12987 20070718  1.302  -98.06   26.53    30.2    20.8    25.5    23.9    39.7    11.73 R    33.8    21.1    24.7 -9999.0 -9999.0 -9999.0 -99.000 -99.000 -99.000 -99.000 -99.000 -9999.0 -9999.0 -9999.0 -9999.0 -9999.0
12987 20070719  1.302  -98.06   26.53    29.7    22.5    26.1    25.3     5.5    13.86 R    34.4    22.7    26.3 -9999.0 -9999.0 -9999.0 -99.000 -99.000 -99.000 -99.000 -99.000 -9999.0 -9999.0 -9999.0 -9999.0 -9999.0
12987 20070720  1.302  -98.06   26.53    33.5    23.9    28.7    28.2     0.0    20.15 R    38.5    24.0    29.6 -9999.0 -9999.0 -9999.0 -99.000 -99.000 -99.000 -99.000 -99.000 -9999.0 -9999.0 -9999.0 -9999.0 -9999.0
12987 20070721  1.302  -98.06   26.53    32.3    25.3    28.8    28.0     0.0    13.92 R    37.1    25.6    29.2 -9999.0 -9999.0 -9999.0 -99.000 -99.000 -99.000 -99.000 -99.000 -9999.0 -9999.0 -9999.0 -9999.0 -9999.0
12987 20070722  1.302  -98.06   26.53    32.5    24.4    28.4    27.3    11.0    18.97 R    38.2    24.3    28.6 -9999.0 -9999.0 -9999.0 -99.000 -99.000 -99.000 -99.000 -99.000 -9999.0 -9999.0 -9999.0 -9999.0 -9999.0
12987 20070723  1.302  -98.06   26.53    33.2    22.7    27.9    27.1     0.0    21.39 R    40.0    23.0    29.0 -9999.0 -9999.0 -9999.0 -99.000 -99.000 -99.000 -99.000 -99.000 -9999.0 -9999.0 -9999.0 -9999.0 -9999.0
12987 20070724  1.302  -98.06   26.53    34.0    23.0    28.5    27.9     0.0    24.27 R    40.4    23.1    30.0 -9999.0 -9999.0 -9999.0 -99.000 -99.000 -99.000 -99.000 -99.000 -9999.0 -9999.0 -9999.0 -9999.0 -9999.0
12987 20070725  1.302  -98.06   26.53    33.0    22.5    27.8    25.8    20.1    15.23 R    39.7    22.6    26.9 -9999.0 -9999.0 -9999.0 -99.000 -99.000 -99.000 -99.000 -99.000 -9999.0 -9999.0 -9999.0 -9999.0 -9999.0
12987 20070726  1.302  -98.06   26.53    31.7    24.1    27.9    26.6     4.2    19.24 R    37.1    24.2    28.1 -9999.0 -9999.0 -9999.0 -99.000 -99.000 -99.000 -99.000 -99.000 -9999.0 -9999.0 -9999.0 -9999.0 -9999.0
12987 20070727  1.302  -98.06   26.53    33.3    23.3    28.3    26.4    14.3    16.67 R    40.5    23.7    28.1 -9999.0 -9999.0 -9999.0 -99.000 -99.000 -99.000 -99.000 -99.000 -9999.0 -9999.0 -9999.0 -9999.0 -9999.0
12987 20070728  1.302  -98.06   26.53    34.4    23.4    28.9    28.3     0.0    19.76 R    40.8    23.7    30.1 -9999.0 -9999.0 -9999.0 -99.000 -99.000 -99.000 -99.000 -99.000 -9999.0 -9999.0 -9999.0 -9999.0 -9999.0
12987 20070729  1.302  -98.06   26.53    33.4    24.4    28.9    27.3     2.1    15.89 R    39.8    24.7    28.6 -9999.0 -9999.0 -9999.0 -99.000 -99.000 -99.000 -99.000 -99.000 -9999.0 -9999.0 -9999.0 -9999.0 -9999.0
12987 20070730  1.302  -98.06   26.53    35.1    24.9    30.0    28.6     0.0    19.74 R    41.0    25.1    30.2 -9999.0 -9999.0 -9999.0 -99.000 -99.000 -99.000 -99.000 -99.000 -9999.0 -9999.0 -9999.0 -9999.0 -9999.0
12987 20070731  1.302  -98.06   26.53    34.9    24.0    29.4    28.9     0.0    20.45 R    40.9    23.3    30.5 -9999.0 -9999.0 -9999.0 -99.000 -99.000 -99.000 -99.000 -99.000 -9999.0 -9999.0 -9999.0 -9999.0 -9999.0
12987 20070801  1.302  -98.06   26.53    35.4    22.6    29.0    28.4     0.0    22.36 R    41.1    22.8    30.2 -9999.0 -9999.0 -9999.0 -99.000 -99.000 -99.000 -99.000 -99.000 -9999.0 -9999.0 -9999.0 -9999.0 -9999.0
12987 20070802  1.302  -98.06   26.53    35.1    23.2    29.1    28.3     0.0    21.95 R    41.8    23.5    30.0 -9999.0 -9999.0 -9999.0 -99.000 -99.000 -99.000 -99.000 -99.000 -9999.0 -9999.0 -9999.0 -9999.0 -9999.0
12987 20070803  1.302  -98.06   26.53    35.6    23.5    29.5    28.3     0.0    23.83 R    41.2    23.4    30.1 -9999.0 -9999.0 -9999.0 -99.000 -99.000 -99.000 -99.000 -99.000 -9999.0 -9999.0 -9999.0 -9999.0 -9999.0
12987 20070804  1.302  -98.06   26.53    35.1    23.7    29.4    26.8     0.3    15.57 R    41.5    23.7    28.1 -9999.0 -9999.0 -9999.0 -99.000 -99.000 -99.000 -99.000 -99.000 -9999.0 -9999.0 -9999.0 -9999.0 -9999.0
12987 20070805  1.302  -98.06   26.53    36.0    24.6    30.3    29.3     0.0    25.01 R    41.5    24.6    30.8 -9999.0 -9999.0 -9999.0 -99.000 -99.000 -99.000 -99.000 -99.000 -9999.0 -9999.0 -9999.0 -9999.0 -9999.0
12987 20070806  1.302  -98.06   26.53    35.7    23.9    29.8    29.2     0.0    24.34 R    41.0    23.8    30.7 -9999.0 -9999.0 -9999.0 -99.000 -99.000 -99.000 -99.000 -99.000 -9999.0 -9999.0 -9999.0 -9999.0 -9999.0
12987 20070807  1.302  -98.06   26.53    35.6    25.2    30.4    29.6     0.0    24.12 R    41.2    25.2    31.2 -9999.0 -9999.0 -9999.0 -99.000 -99.000 -99.000 -99.000 -99.000 -9999.0 -9999.0 -9999.0 -9999.0 -9999.0
12987 20070808  1.302  -98.06   26.53    36.1    24.6    30.3    29.7     0.0    26.29 R    41.5    24.1    31.1 -9999.0 -9999.0 -9999.0 -99.000 -99.000 -99.000 -99.000 -99.000 -9999.0 -9999.0 -9999.0 -9999.0 -9999.0
12987 20070809  1.302  -98.06   26.53    36.1    23.3    29.7    28.9     0.0    26.45 R    41.5    23.2    30.6 -9999.0 -9999.0 -9999.0 -99.000 -99.000 -99.000 -99.000 -99.000 -9999.0 -9999.0 -9999.0 -9999.0 -9999.0
12987 20070810  1.302  -98.06   26.53    35.1    23.3    29.2    28.5     0.0    21.85 R    42.2    23.3    30.4 -9999.0 -9999.0 -9999.0 -99.000 -99.000 -99.000 -99.000 -99.000 -9999.0 -9999.0 -9999.0 -9999.0 -9999.0
12987 20070811  1.302  -98.06   26.53    35.4    23.4    29.4    28.7     0.0    21.70 R    40.6    23.6    30.4 -9999.0 -9999.0 -9999.0 -99.000 -99.000 -99.000 -99.000 -99.000 -9999.0 -9999.0 -9999.0 -9999.0 -9999.0
12987 20070812  1.302  -98.06   26.53    35.6    22.4    29.0    28.6     0.0    22.48 R    41.3    22.3    30.8 -9999.0 -9999.0 -9999.0 -99.000 -99.000 -99.000 -99.000 -99.000 -9999.0 -9999.0 -9999.0 -9999.0 -9999.0
12987 20070813  1.302  -98.06   26.53    36.3    22.9    29.6    27.4     0.0    18.10 R    43.1    23.0    29.2 -9999.0 -9999.0 -9999.0 -99.000 -99.000 -99.000 -99.000 -99.000 -9999.0 -9999.0 -9999.0 -9999.0 -9999.0
12987 20070814  1.302  -98.06   26.53    32.8    21.8    27.3    26.3     0.0    14.81 R    37.4    21.8    27.6 -9999.0 -9999.0 -9999.0 -99.000 -99.000 -99.000 -99.000 -99.000 -9999.0 -9999.0 -9999.0 -9999.0 -9999.0
12987 20070815  1.302  -98.06   26.53    35.1    22.7    28.9    28.1     0.0    21.49 R    41.3    22.9    30.4 -9999.0 -9999.0 -9999.0 -99.000 -99.000 -99.000 -99.000 -99.000 -9999.0 -9999.0 -9999.0 -9999.0 -9999.0
12987 20070816  1.302  -98.06   26.53    34.3    22.7    28.5    28.1     0.0    19.13 R    41.4    23.0    30.4 -9999.0 -9999.0 -9999.0 -99.000 -99.000 -99.000 -99.000 -99.000 -9999.0 -9999.0 -9999.0 -9999.0 -9999.0
12987 20070817  1.302  -98.06   26.53    34.8    24.8    29.8    29.2     0.0    19.49 R    39.4    25.0    31.0 -9999.0 -9999.0 -9999.0 -99.000 -99.000 -99.000 -99.000 -99.000 -9999.0 -9999.0 -9999.0 -9999.0 -9999.0
12987 20070818  1.302  -98.06   26.53    36.3    25.5    30.9    30.1     0.0    23.67 R    41.3    25.9    32.0 -9999.0 -9999.0 -9999.0 -99.000 -99.000 -99.000 -99.000 -99.000 -9999.0 -9999.0 -9999.0 -9999.0 -9999.0
12987 20070819  1.302  -98.06   26.53    36.2    25.1    30.6    29.7     0.0    20.29 R    41.1    25.2    31.4 -9999.0 -9999.0 -9999.0 -99.000 -99.000 -99.000 -99.000 -99.000 -9999.0 -9999.0 -9999.0 -9999.0 -9999.0
12987 20070820  1.302  -98.06   26.53    35.8    22.7    29.3    26.8     3.5    14.78 R    41.8    22.9    28.1 -9999.0 -9999.0 -9999.0 -99.000 -99.000 -99.000 -99.000 -99.000 -9999.0 -9999.0 -9999.0 -9999.0 -9999.0
12987 20070821  1.302  -98.06   26.53    34.8    23.8    29.3    28.4     0.0    22.48 R    40.5    24.1    30.3 -9999.0 -9999.0 -9999.0 -99.000 -99.000 -99.000 -99.000 -99.000 -9999.0 -9999.0 -9999.0 -9999.0 -9999.0
12987 20070822  1.302  -98.06   26.53    31.7    24.9    28.3    27.3    19.2    11.83 R    36.9    25.1    28.4 -9999.0 -9999.0 -9999.0 -99.000 -99.000 -99.000 -99.000 -99.000 -9999.0 -9999.0 -9999.0 -9999.0 -9999.0
12987 20070823  1.302  -98.06   26.53    33.7    25.2    29.4    28.0     6.1    17.02 R    38.9    25.5    29.4 -9999.0 -9999.0 -9999.0 -99.000 -99.000 -99.000 -99.000 -99.000 -9999.0 -9999.0 -9999.0 -9999.0 -9999.0
12987 20070824  1.302  -98.06   26.53    33.7    23.4    28.6    27.1    11.8    17.12 R    41.2    23.8    28.9 -9999.0 -9999.0 -9999.0 -99.000 -99.000 -99.000 -99.000 -99.000 -9999.0 -9999.0 -9999.0 -9999.0 -9999.0
12987 20070825  1.302  -98.06   26.53    33.5    23.3    28.4    26.6     3.5    12.11 R    39.9    23.8    28.4 -9999.0 -9999.0 -9999.0 -99.000 -99.000 -99.000 -99.000 -99.000 -9999.0 -9999.0 -9999.0 -9999.0 -9999.0
12987 20070826  1.302  -98.06   26.53    30.8    23.2    27.0    26.1     6.9    12.29 R    38.5    23.5    27.5 -9999.0 -9999.0 -9999.0 -99.000 -99.000 -99.000 -99.000 -99.000 -9999.0 -9999.0 -9999.0 -9999.0 -9999.0
12987 20070827  1.302  -98.06   26.53    30.5    23.4    26.9    25.8     0.7    12.49 R    37.3    23.8    27.5 -9999.0 -9999.0 -9999.0 -99.000 -99.000 -99.000 -99.000 -99.000 -9999.0 -9999.0 -9999.0 -9999.0 -9999.0
12987 20070828  1.302  -98.06   26.53    32.3    22.8    27.5    25.9     0.0    13.18 R    40.2    23.2    27.6 -9999.0 -9999.0 -9999.0 -99.000 -99.000 -99.000 -99.000 -99.000 -9999.0 -9999.0 -9999.0 -9999.0 -9999.0
12987 20070829  1.302  -98.06   26.53    30.1    22.8    26.4    25.4     9.1    12.51 R    36.6    23.1    27.0 -9999.0 -9999.0 -9999.0 -99.000 -99.000 -99.000 -99.000 -99.000 -9999.0 -9999.0 -9999.0 -9999.0 -9999.0
12987 20070830  1.302  -98.06   26.53    32.8    22.9    27.9    25.6     5.1    16.13 R    41.8    23.3    27.8 -9999.0 -9999.0 -9999.0 -99.000 -99.000 -99.000 -99.000 -99.000 -9999.0 -9999.0 -9999.0 -9999.0 -9999.0
12987 20070831  1.302  -98.06   26.53    33.8    22.2    28.0    26.6     0.0    22.73 R    41.7    22.3    29.5 -9999.0 -9999.0 -9999.0 -99.000 -99.000 -99.000 -99.000 -99.000 -9999.0 -9999.0 -9999.0 -9999.0 -9999.0
12987 20070901  1.302  -98.06   26.53    32.4    22.6    27.5    25.6     1.7    15.98 R    39.9    22.8    27.7 -9999.0 -9999.0 -9999.0 -99.000 -99.000 -99.000 -99.000 -99.000 -9999.0 -9999.0 -9999.0 -9999.0 -9999.0
12987 20070902  1.302  -98.06   26.53    28.0    22.8    25.4    24.7     3.5     8.43 R    31.9    23.1    25.7 -9999.0 -9999.0 -9999.0 -99.000 -99.000 -99.000 -99.000 -99.000 -9999.0 -9999.0 -9999.0 -9999.0 -9999.0
12987 20070903  1.302  -98.06   26.53    28.4    21.6    25.0    25.1     0.5    10.48 R    33.4    21.9    26.6 -9999.0 -9999.0 -9999.0 -99.000 -99.000 -99.000 -99.000 -99.000 -9999.0 -9999.0 -9999.0 -9999.0 -9999.0
12987 20070904  1.302  -98.06   26.53    33.7    23.8    28.8    27.7     0.0    19.55 R    39.3    24.4    29.7 -9999.0 -9999.0 -9999.0 -99.000 -99.000 -99.000 -99.000 -99.000 -9999.0 -9999.0 -9999.0 -9999.0 -9999.0
12987 20070905  1.302  -98.06   26.53    34.9    23.9    29.4    28.2     0.0    19.82 R    40.1    24.3    30.0 -9999.0 -9999.0 -9999.0 -99.000 -99.000 -99.000 -99.000 -99.000 -9999.0 -9999.0 -9999.0 -9999.0 -9999.0
12987 20070906  1.302  -98.06   26.53    34.7    23.5    29.1    28.2     0.0    22.90 R    39.2    23.7    29.9 -9999.0 -9999.0 -9999.0 -99.000 -99.000 -99.000 -99.000 -99.000 -9999.0 -9999.0 -9999.0 -9999.0 -9999.0
12987 20070907  1.302  -98.06   26.53    35.6    22.8    29.2    28.4     0.0    18.23 R    40.7    23.0    30.1 -9999.0 -9999.0 -9999.0 -99.000 -99.000 -99.000 -99.000 -99.000 -9999.0 -9999.0 -9999.0 -9999.0 -9999.0
12987 20070908  1.302  -98.06   26.53    35.7    24.1    29.9    27.8     0.0    19.56 R    41.9    24.3    29.6 -9999.0 -9999.0 -9999.0 -99.000 -99.000 -99.000 -99.000 -99.000 -9999.0 -9999.0 -9999.0 -9999.0 -9999.0
12987 20070909  1.302  -98.06   26.53    34.3    22.9    28.6    27.6     0.0    20.28 R    40.1    23.1    29.7 -9999.0 -9999.0 -9999.0 -99.000 -99.000 -99.000 -99.000 -99.000 -9999.0 -9999.0 -9999.0 -9999.0 -9999.0
12987 20070910  1.302  -98.06   26.53    33.4    22.5    28.0    26.3     5.8    14.67 R    42.1    22.8    28.1 -9999.0 -9999.0 -9999.0 -99.000 -99.000 -99.000 -99.000 -99.000 -9999.0 -9999.0 -9999.0 -9999.0 -9999.0
12987 20070911  1.302  -98.06   26.53    33.4    21.4    27.4    26.7     0.0    18.49 R    39.1    21.6    28.5 -9999.0 -9999.0 -9999.0 -99.000 -99.000 -99.000 -99.000 -99.000 -9999.0 -9999.0 -9999.0 -9999.0 -9999.0
12987 20070912  1.302  -98.06   26.53    33.2    21.9    27.6    26.6     0.0    18.73 R    39.1    22.3    28.8 -9999.0 -9999.0 -9999.0 -99.000 -99.000 -99.000 -99.000 -99.000 -9999.0 -9999.0 -9999.0 -9999.0 -9999.0
12987 20070913  1.302  -98.06   26.53    34.2    22.4    28.3    27.4     0.0    21.38 R    42.9    22.4    30.0 -9999.0 -9999.0 -9999.0 -99.000 -99.000 -99.000 -99.000 -99.000 -9999.0 -9999.0 -9999.0 -9999.0 -9999.0
12987 20070914  1.302  -98.06   26.53    35.0    23.0    29.0    27.0     0.0    19.13 R    42.3    23.4    29.0 -9999.0 -9999.0 -9999.0 -99.000 -99.000 -99.000 -99.000 -99.000 -9999.0 -9999.0 -9999.0 -9999.0 -9999.0
12987 20070915  1.302  -98.06   26.53    33.9    23.5    28.7    26.9     0.0    17.58 R    40.4    23.7    28.7 -9999.0 -9999.0 -9999.0 -99.000 -99.000 -99.000 -99.000 -99.000 -9999.0 -9999.0 -9999.0 -9999.0 -9999.0
12987 20070916  1.302  -98.06   26.53    32.1    22.2    27.1    26.1     0.0    15.51 R    38.5    22.3    27.9 -9999.0 -9999.0 -9999.0 -99.000 -99.000 -99.000 -99.000 -99.000 -9999.0 -9999.0 -9999.0 -9999.0 -9999.0
12987 20070917  1.302  -98.06   26.53    33.6    21.8    27.7    26.6     0.0    16.37 R    40.9    22.2    28.5 -9999.0 -9999.0 -9999.0 -99.000 -99.000 -99.000 -99.000 -99.000 -9999.0 -9999.0 -9999.0 -9999.0 -9999.0
12987 20070918  1.302  -98.06   26.53    35.3    22.0    28.6    27.8     0.0    21.99 R    41.7    22.5    30.1 -9999.0 -9999.0 -9999.0 -99.000 -99.000 -99.000 -99.000 -99.000 -9999.0 -9999.0 -9999.0 -9999.0 -9999.0
12987 20070919  1.302  -98.06   26.53    34.4    22.2    28.3    27.2     0.0    19.44 R    41.2    22.2    29.4 -9999.0 -9999.0 -9999.0 -99.000 -99.000 -99.000 -99.000 -99.000 -9999.0 -9999.0 -9999.0 -9999.0 -9999.0
12987 20070920  1.302  -98.06   26.53    34.3    21.0    27.7    26.5     0.0    20.01 R    41.1    21.3    28.7 -9999.0 -9999.0 -9999.0 -99.000 -99.000 -99.000 -99.000 -99.000 -9999.0 -9999.0 -9999.0 -9999.0 -9999.0
12987 20070921  1.302  -98.06   26.53    34.3    18.9    26.6    26.3     0.0    21.26 R    41.7    19.1    28.9 -9999.0 -9999.0 -9999.0 -99.000 -99.000 -99.000 -99.000 -99.000 -9999.0 -9999.0 -9999.0 -9999.0 -9999.0
12987 20070922  1.302  -98.06   26.53    34.3    21.1    27.7    26.4     0.0    16.59 R    41.0    21.7    28.3 -9999.0 -9999.0 -9999.0 -99.000 -99.000 -99.000 -99.000 -99.000 -9999.0 -9999.0 -9999.0 -9999.0 -9999.0
12987 20070923  1.302  -98.06   26.53    33.2    21.6    27.4    26.7     0.0    18.78 R    39.2    21.8    28.6 -9999.0 -9999.0 -9999.0 -99.000 -99.000 -99.000 -99.000 -99.000 -9999.0 -9999.0 -9999.0 -9999.0 -9999.0
12987 20070924  1.302  -98.06   26.53    34.3    19.5    26.9    26.2     0.0    21.76 R    41.5    19.3    28.5 -9999.0 -9999.0 -9999.0 -99.000 -99.000 -99.000 -99.000 -99.000 -9999.0 -9999.0 -9999.0 -9999.0 -9999.0
12987 20070925  1.302  -98.06   26.53    34.9    18.6    26.7    26.2     0.0    17.17 R    42.4    18.6    28.2 -9999.0 -9999.0 -9999.0 -99.000 -99.000 -99.000 -99.000 -99.000 -9999.0 -9999.0 -9999.0 -9999.0 -9999.0
12987 20070926  1.302  -98.06   26.53    34.9    21.2    28.1    27.2     0.0    16.23 R    42.1    21.4    29.1 -9999.0 -9999.0 -9999.0 -99.000 -99.000 -99.000 -99.000 -99.000 -9999.0 -9999.0 -9999.0 -9999.0 -9999.0
12987 20070927  1.302  -98.06   26.53    36.2    21.2    28.7    27.5     0.0    20.58 R    43.8    21.3    30.1 -9999.0 -9999.0 -9999.0 -99.000 -99.000 -99.000 -99.000 -99.000 -9999.0 -9999.0 -9999.0 -9999.0 -9999.0
12987 20070928  1.302  -98.06   26.53    33.7    22.1    27.9    26.5     0.0    15.86 R    39.7    22.3    28.1 -9999.0 -9999.0 -9999.0 -99.000 -99.000 -99.000 -99.000 -99.000 -9999.0 -9999.0 -9999.0 -9999.0 -9999.0
12987 20070929  1.302  -98.06   26.53    29.5    23.6    26.5    25.9     0.0     8.89 R    33.3    23.6    26.9 -9999.0 -9999.0 -9999.0 -99.000 -99.000 -99.000 -99.000 -99.000 -9999.0 -9999.0 -9999.0 -9999.0 -9999.0
12987 20070930  1.302  -98.06   26.53    35.9    23.2    29.6    27.9     0.7    17.56 R    42.6    23.3    29.7 -9999.0 -9999.0 -9999.0 -99.000 -99.000 -99.000 -99.000 -99.000 -9999.0 -9999.0 -9999.0 -9999.0 -9999.0
12987 20071001  1.302  -98.06   26.53    33.7    22.4    28.0    26.8     0.4    12.68 R    41.2    22.6    28.3 -9999.0 -9999.0 -9999.0 -99.000 -99.000 -99.000 -99.000 -99.000 -9999.0 -9999.0 -9999.0 -9999.0 -9999.0
12987 20071002  1.302  -98.06   26.53    35.0    20.9    28.0    26.7     0.0    18.86 R    43.4    21.2    28.9 -9999.0 -9999.0 -9999.0 -99.000 -99.000 -99.000 -99.000 -99.000 -9999.0 -9999.0 -9999.0 -9999.0 -9999.0
12987 20071003  1.302  -98.06   26.53    34.0    20.5    27.3    26.1     0.0    19.65 R    42.4    20.1    28.4 -9999.0 -9999.0 -9999.0 -99.000 -99.000 -99.000 -99.000 -99.000 -9999.0 -9999.0 -9999.0 -9999.0 -9999.0
12987 20071004  1.302  -98.06   26.53    33.4    17.5    25.5    24.9     0.0    21.76 R    40.8    17.4    27.4 -9999.0 -9999.0 -9999.0 -99.000 -99.000 -99.000 -99.000 -99.000 -9999.0 -9999.0 -9999.0 -9999.0 -9999.0
12987 20071005  1.302  -98.06   26.53    34.5    16.8    25.6    25.2     0.0    21.21 R    41.5    16.6    27.4 -9999.0 -9999.0 -9999.0 -99.000 -99.000 -99.000 -99.000 -99.000 -9999.0 -9999.0 -9999.0 -9999.0 -9999.0
12987 20071006  1.302  -98.06   26.53    34.6    20.3    27.4    26.7     0.0    18.34 R    39.7    21.0    28.6 -9999.0 -9999.0 -9999.0 -99.000 -99.000 -99.000 -99.000 -99.000 -9999.0 -9999.0 -9999.0 -9999.0 -9999.0
12987 20071007  1.302  -98.06   26.53    35.0    21.0    28.0    26.6     0.0    18.31 R    43.6    20.9    28.8 -9999.0 -9999.0 -9999.0 -99.000 -99.000 -99.000 -99.000 -99.000 -9999.0 -9999.0 -9999.0 -9999.0 -9999.0
12987 20071008  1.302  -98.06   26.53    32.3    19.5    25.9    25.1     0.7    11.25 R    38.4    19.8    26.5 -9999.0 -9999.0 -9999.0 -99.000 -99.000 -99.000 -99.000 -99.000 -9999.0 -9999.0 -9999.0 -9999.0 -9999.0
12987 20071009  1.302  -98.06   26.53    32.5    23.1    27.8    26.4     3.5    15.68 R    37.2    23.3    27.8 -9999.0 -9999.0 -9999.0 -99.000 -99.000 -99.000 -99.000 -99.000 -9999.0 -9999.0 -9999.0 -9999.0 -9999.0
12987 20071010  1.302  -98.06   26.53    33.7    21.8    27.7    26.1     0.0    15.63 R    39.9    22.0    27.7 -9999.0 -9999.0 -9999.0 -99.000 -99.000 -99.000 -99.000 -99.000 -9999.0 -9999.0 -9999.0 -9999.0 -9999.0
12987 20071011  1.302  -98.06   26.53    33.1    20.2    26.7    25.4     0.0    16.86 R    39.7    20.1    27.4 -9999.0 -9999.0 -9999.0 -99.000 -99.000 -99.000 -99.000 -99.000 -9999.0 -9999.0 -9999.0 -9999.0 -9999.0
12987 20071012  1.302  -98.06   26.53    33.0    17.9    25.5    24.3     0.0    20.04 R    40.2    17.7    26.5 -9999.0 -9999.0 -9999.0 -99.000 -99.000 -99.000 -99.000 -99.000 -9999.0 -9999.0 -9999.0 -9999.0 -9999.0
12987 20071013  1.302  -98.06   26.53    34.2    15.8    25.0    25.1     0.0    18.38 R    40.8    15.7    27.0 -9999.0 -9999.0 -9999.0 -99.000 -99.000 -99.000 -99.000 -99.000 -9999.0 -9999.0 -9999.0 -9999.0 -9999.0
12987 20071014  1.302  -98.06   26.53    34.7    21.7    28.2    27.1     0.0    17.72 R    40.4    21.6    28.8 -9999.0 -9999.0 -9999.0 -99.000 -99.000 -99.000 -99.000 -99.000 -9999.0 -9999.0 -9999.0 -9999.0 -9999.0
12987 20071015  1.302  -98.06   26.53    35.4    21.5    28.4    27.7     0.0    19.11 R    40.9    21.5    29.4 -9999.0 -9999.0 -9999.0 -99.000 -99.000 -99.000 -99.000 -99.000 -9999.0 -9999.0 -9999.0 -9999.0 -9999.0
12987 20071016  1.302  -98.06   26.53    35.9    20.8    28.4    26.6     0.0    19.19 R    43.7    20.6    28.8 -9999.0 -9999.0 -9999.0 -99.000 -99.000 -99.000 -99.000 -99.000 -9999.0 -9999.0 -9999.0 -9999.0 -9999.0
12987 20071017  1.302  -98.06   26.53    35.7    20.0    27.9    27.1     0.0    19.00 R    40.6    20.1    28.7 -9999.0 -9999.0 -9999.0 -99.000 -99.000 -99.000 -99.000 -99.000 -9999.0 -9999.0 -9999.0 -9999.0 -9999.0
12987 20071018  1.302  -98.06   26.53    36.3    23.4    29.8    28.8     0.0    16.92 R    43.3    23.6    30.9 -9999.0 -9999.0 -9999.0 -99.000 -99.000 -99.000 -99.000 -99.000 -9999.0 -9999.0 -9999.0 -9999.0 -9999.0
12987 20071019  1.302  -98.06   26.53    34.5    20.1    27.3    27.0     0.0    16.95 R    41.3    19.9    28.8 -9999.0 -9999.0 -9999.0 -99.000 -99.000 -99.000 -99.000 -99.000 -9999.0 -9999.0 -9999.0 -9999.0 -9999.0
12987 20071020  1.302  -98.06   26.53    34.6    16.0    25.3    24.8     0.0    19.86 R    40.8    15.9    26.9 -9999.0 -9999.0 -9999.0 -99.000 -99.000 -99.000 -99.000 -99.000 -9999.0 -9999.0 -9999.0 -9999.0 -9999.0
12987 20071021  1.302  -98.06   26.53    34.5    18.2    26.4    26.1     0.0    13.42 R    39.7    17.8    27.4 -9999.0 -9999.0 -9999.0 -99.000 -99.000 -99.000 -99.000 -99.000 -9999.0 -9999.0 -9999.0 -9999.0 -9999.0
12987 20071022  1.302  -98.06   26.53    25.7    10.9    18.3    19.6     0.0     8.36 R    26.1    10.8    20.3 -9999.0 -9999.0 -9999.0 -99.000 -99.000 -99.000 -99.000 -99.000 -9999.0 -9999.0 -9999.0 -9999.0 -9999.0
12987 20071023  1.302  -98.06   26.53    26.5     6.7    16.6    15.8     0.0    20.92 R    31.4     6.3    16.8 -9999.0 -9999.0 -9999.0 -99.000 -99.000 -99.000 -99.000 -99.000 -9999.0 -9999.0 -9999.0 -9999.0 -9999.0
12987 20071024  1.302  -98.06   26.53    31.8     9.0    20.4    20.1     0.0    20.36 R    36.5     7.7    21.0 -9999.0 -9999.0 -9999.0 -99.000 -99.000 -99.000 -99.000 -99.000 -9999.0 -9999.0 -9999.0 -9999.0 -9999.0
12987 20071025  1.302  -98.06   26.53    27.2     8.4    17.8    17.8     0.0    20.48 R    32.2     7.9    19.2 -9999.0 -9999.0 -9999.0 -99.000 -99.000 -99.000 -99.000 -99.000 -9999.0 -9999.0 -9999.0 -9999.0 -9999.0
12987 20071026  1.302  -98.06   26.53    29.1     6.8    18.0    17.6     0.0    20.09 R    37.0     7.2    19.7 -9999.0 -9999.0 -9999.0 -99.000 -99.000 -99.000 -99.000 -99.000 -9999.0 -9999.0 -9999.0 -9999.0 -9999.0
12987 20071027  1.302  -98.06   26.53    27.9     9.0    18.4    17.9     0.0    19.79 R    32.7     8.4    19.2 -9999.0 -9999.0 -9999.0 -99.000 -99.000 -99.000 -99.000 -99.000 -9999.0 -9999.0 -9999.0 -9999.0 -9999.0
12987 20071028  1.302  -98.06   26.53    26.3     9.3    17.8    17.0     0.0    19.55 R    31.5     8.9    18.4 -9999.0 -9999.0 -9999.0 -99.000 -99.000 -99.000 -99.000 -99.000 -9999.0 -9999.0 -9999.0 -9999.0 -9999.0
12987 20071029  1.302  -98.06   26.53    27.7     9.8    18.7    17.4     0.0    19.08 R    33.0     9.1    18.9 -9999.0 -9999.0 -9999.0 -99.000 -99.000 -99.000 -99.000 -99.000 -9999.0 -9999.0 -9999.0 -9999.0 -9999.0
12987 20071030  1.302  -98.06   26.53    28.0     8.7    18.3    18.2     0.0    18.57 R    35.8     8.3    20.3 -9999.0 -9999.0 -9999.0 -99.000 -99.000 -99.000 -99.000 -99.000 -9999.0 -9999.0 -9999.0 -9999.0 -9999.0
12987 20071031  1.302  -98.06   26.53    30.5     9.2    19.8    19.6     0.0    18.61 R    38.4     9.3    21.9 -9999.0 -9999.0 -9999.0 -99.000 -99.000 -99.000 -99.000 -99.000 -9999.0 -9999.0 -9999.0 -9999.0 -9999.0
12987 20071101  1.302  -98.06   26.53    27.1    13.5    20.3    19.4     0.0    15.37 R    33.8    13.7    21.0 -9999.0 -9999.0 -9999.0 -99.000 -99.000 -99.000 -99.000 -99.000 -9999.0 -9999.0 -9999.0 -9999.0 -9999.0
12987 20071102  1.302  -98.06   26.53    31.0    12.7    21.8    20.0     0.0    10.69 R    37.8    12.7    21.4 -9999.0 -9999.0 -9999.0 -99.000 -99.000 -99.000 -99.000 -99.000 -9999.0 -9999.0 -9999.0 -9999.0 -9999.0
12987 20071103  1.302  -98.06   26.53    30.4    17.8    24.1    22.8     0.0    10.99 R    37.3    17.7    24.0 -9999.0 -9999.0 -9999.0 -99.000 -99.000 -99.000 -99.000 -99.000 -9999.0 -9999.0 -9999.0 -9999.0 -9999.0
12987 20071104  1.302  -98.06   26.53    31.0    14.5    22.7    21.8     0.0    13.86 R    38.2    14.5    23.5 -9999.0 -9999.0 -9999.0 -99.000 -99.000 -99.000 -99.000 -99.000 -9999.0 -9999.0 -9999.0 -9999.0 -9999.0
12987 20071105  1.302  -98.06   26.53    31.5    16.4    24.0    23.4     0.0    16.65 R    38.4    16.0    25.0 -9999.0 -9999.0 -9999.0 -99.000 -99.000 -99.000 -99.000 -99.000 -9999.0 -9999.0 -9999.0 -9999.0 -9999.0
12987 20071106  1.302  -98.06   26.53    31.2    16.2    23.7    22.2     0.0    13.07 R    37.6    15.9    23.9 -9999.0 -9999.0 -9999.0 -99.000 -99.000 -99.000 -99.000 -99.000 -9999.0 -9999.0 -9999.0 -9999.0 -9999.0
12987 20071107  1.302  -98.06   26.53    27.6    14.1    20.9    19.9     0.0    12.16 R    35.8    14.1    21.5 -9999.0 -9999.0 -9999.0 -99.000 -99.000 -99.000 -99.000 -99.000 -9999.0 -9999.0 -9999.0 -9999.0 -9999.0
12987 20071108  1.302  -98.06   26.53    30.5    15.9    23.2    22.3     0.0    14.66 R    36.6    16.1    24.1 -9999.0 -9999.0 -9999.0 -99.000 -99.000 -99.000 -99.000 -99.000 -9999.0 -9999.0 -9999.0 -9999.0 -9999.0
12987 20071109  1.302  -98.06   26.53    32.1    16.0    24.1    23.5     0.0    16.18 R    37.0    15.9    24.8 -9999.0 -9999.0 -9999.0 -99.000 -99.000 -99.000 -99.000 -99.000 -9999.0 -9999.0 -9999.0 -9999.0 -9999.0
12987 20071110  1.302  -98.06   26.53    31.2    18.9    25.1    24.4     0.0    14.46 R    36.0    19.0    25.6 -9999.0 -9999.0 -9999.0 -99.000 -99.000 -99.000 -99.000 -99.000 -9999.0 -9999.0 -9999.0 -9999.0 -9999.0
12987 20071111  1.302  -98.06   26.53    31.1    17.6    24.3    23.4     0.0    16.16 R    35.7    17.5    24.7 -9999.0 -9999.0 -9999.0 -99.000 -99.000 -99.000 -99.000 -99.000 -9999.0 -9999.0 -9999.0 -9999.0 -9999.0
12987 20071112  1.302  -98.06   26.53    31.5    18.8    25.2    24.1     0.0    12.32 R    37.3    18.5    25.4 -9999.0 -9999.0 -9999.0 -99.000 -99.000 -99.000 -99.000 -99.000 -9999.0 -9999.0 -9999.0 -9999.0 -9999.0
12987 20071113  1.302  -98.06   26.53    32.4    18.1    25.3    24.0     0.0    14.06 R    37.4    17.9    25.3 -9999.0 -9999.0 -9999.0 -99.000 -99.000 -99.000 -99.000 -99.000 -9999.0 -9999.0 -9999.0 -9999.0 -9999.0
12987 20071114  1.302  -98.06   26.53    32.6    15.5    24.1    23.3     0.0    16.05 R    37.6    15.1    24.7 -9999.0 -9999.0 -9999.0 -99.000 -99.000 -99.000 -99.000 -99.000 -9999.0 -9999.0 -9999.0 -9999.0 -9999.0
12987 20071115  1.302  -98.06   26.53    22.6    10.2    16.4    18.0     2.5     9.31 R    27.5     9.2    18.4 -9999.0 -9999.0 -9999.0 -99.000 -99.000 -99.000 -99.000 -99.000 -9999.0 -9999.0 -9999.0 -9999.0 -9999.0
12987 20071116  1.302  -98.06   26.53    26.1     6.4    16.2    17.3     0.0    16.26 R    31.1     6.0    18.8 -9999.0 -9999.0 -9999.0 -99.000 -99.000 -99.000 -99.000 -99.000 -9999.0 -9999.0 -9999.0 -9999.0 -9999.0
12987 20071117  1.302  -98.06   26.53    30.7    18.6    24.6    23.5     0.2     9.23 R    35.2    18.0    24.5 -9999.0 -9999.0 -9999.0 -99.000 -99.000 -99.000 -99.000 -99.000 -9999.0 -9999.0 -9999.0 -9999.0 -9999.0
12987 20071118  1.302  -98.06   26.53    31.2    18.8    25.0    23.9     0.0    14.25 R    37.9    19.0    25.3 -9999.0 -9999.0 -9999.0 -99.000 -99.000 -99.000 -99.000 -99.000 -9999.0 -9999.0 -9999.0 -9999.0 -9999.0
12987 20071119  1.302  -98.06   26.53    29.1    17.6    23.3    22.8     0.0    10.31 R    37.1    17.7    24.2 -9999.0 -9999.0 -9999.0 -99.000 -99.000 -99.000 -99.000 -99.000 -9999.0 -9999.0 -9999.0 -9999.0 -9999.0
12987 20071120  1.302  -98.06   26.53    31.3    19.4    25.4    24.6     0.0    13.22 R    36.5    19.5    25.8 -9999.0 -9999.0 -9999.0 -99.000 -99.000 -99.000 -99.000 -99.000 -9999.0 -9999.0 -9999.0 -9999.0 -9999.0
12987 20071121  1.302  -98.06   26.53    34.0    21.8    27.9    26.4     0.0    15.78 R    39.2    21.5    28.0 -9999.0 -9999.0 -9999.0 -99.000 -99.000 -99.000 -99.000 -99.000 -9999.0 -9999.0 -9999.0 -9999.0 -9999.0
12987 20071122  1.302  -98.06   26.53    23.1    10.3    16.7    12.7     0.6     3.85 R    23.0    10.5    13.3 -9999.0 -9999.0 -9999.0 -99.000 -99.000 -99.000 -99.000 -99.000 -9999.0 -9999.0 -9999.0 -9999.0 -9999.0
12987 20071123  1.302  -98.06   26.53    10.6     7.3     8.9     8.5     0.9     2.04 R    10.9     7.6     8.8 -9999.0 -9999.0 -9999.0 -99.000 -99.000 -99.000 -99.000 -99.000 -9999.0 -9999.0 -9999.0 -9999.0 -9999.0
12987 20071124  1.302  -98.06   26.53    11.3     8.1     9.7     9.3     2.1     2.84 R    11.9     8.2     9.7 -9999.0 -9999.0 -9999.0 -99.000 -99.000 -99.000 -99.000 -99.000 -9999.0 -9999.0 -9999.0 -9999.0 -9999.0
12987 20071125  1.302  -98.06   26.53    15.1     7.5    11.3     9.9     0.0     8.54 R    18.7     7.6    10.7 -9999.0 -9999.0 -9999.0 -99.000 -99.000 -99.000 -99.000 -99.000 -9999.0 -9999.0 -9999.0 -9999.0 -9999.0
12987 20071126  1.302  -98.06   26.53    22.4     3.3    12.8    12.1     0.0    16.79 R    28.9     2.8    14.2 -9999.0 -9999.0 -9999.0 -99.000 -99.000 -99.000 -99.000 -99.000 -9999.0 -9999.0 -9999.0 -9999.0 -9999.0
12987 20071127  1.302  -98.06   26.53    22.3     4.6    13.4    12.8     0.0    16.23 R    28.7     4.1    14.5 -9999.0 -9999.0 -9999.0 -99.000 -99.000 -99.000 -99.000 -99.000 -9999.0 -9999.0 -9999.0 -9999.0 -9999.0
12987 20071128  1.302  -98.06   26.53    25.2     8.7    16.9    16.5     0.0     7.65 R    29.0     8.5    17.5 -9999.0 -9999.0 -9999.0 -99.000 -99.000 -99.000 -99.000 -99.000 -9999.0 -9999.0 -9999.0 -9999.0 -9999.0
12987 20071129  1.302  -98.06   26.53    24.4    16.2    20.3    19.8     0.0     7.45 R    29.0    16.1    20.8 -9999.0 -9999.0 -9999.0 -99.000 -99.000 -99.000 -99.000 -99.000 -9999.0 -9999.0 -9999.0 -9999.0 -9999.0
12987 20071130  1.302  -98.06   26.53    28.1    18.0    23.1    22.5     0.0     5.39 R    30.2    18.3    23.2 -9999.0 -9999.0 -9999.0 -99.000 -99.000 -99.000 -99.000 -99.000 -9999.0 -9999.0 -9999.0 -9999.0 -9999.0
12987 20071201  1.302  -98.06   26.53    29.9    19.8    24.9    24.0     0.0     9.74 R    33.2    19.9    24.9 -9999.0 -9999.0 -9999.0 -99.000 -99.000 -99.000 -99.000 -99.000 -9999.0 -9999.0 -9999.0 -9999.0 -9999.0
12987 20071202  1.302  -98.06   26.53    32.7    20.1    26.4    25.8     0.0    14.07 R    38.2    20.3    27.3 -9999.0 -9999.0 -9999.0 -99.000 -99.000 -99.000 -99.000 -99.000 -9999.0 -9999.0 -9999.0 -9999.0 -9999.0
12987 20071203  1.302  -98.06   26.53    21.7     8.9    15.3    16.6     0.0    15.86 R    26.7     7.3    17.9 -9999.0 -9999.0 -9999.0 -99.000 -99.000 -99.000 -99.000 -99.000 -9999.0 -9999.0 -9999.0 -9999.0 -9999.0
12987 20071204  1.302  -98.06   26.53    23.8     0.7    12.3    12.5     0.0    16.67 R    32.1     0.2    14.7 -9999.0 -9999.0 -9999.0 -99.000 -99.000 -99.000 -99.000 -99.000 -9999.0 -9999.0 -9999.0 -9999.0 -9999.0
12987 20071205  1.302  -98.06   26.53    29.8     4.8    17.3    17.2     0.0    15.80 R    35.2     4.5    18.9 -9999.0 -9999.0 -9999.0 -99.000 -99.000 -99.000 -99.000 -99.000 -9999.0 -9999.0 -9999.0 -9999.0 -9999.0
12987 20071206  1.302  -98.06   26.53    29.8    12.8    21.3    21.1     0.0    12.43 R    34.0    12.6    22.1 -9999.0 -9999.0 -9999.0 -99.000 -99.000 -99.000 -99.000 -99.000 -9999.0 -9999.0 -9999.0 -9999.0 -9999.0
12987 20071207  1.302  -98.06   26.53    31.2    19.2    25.2    24.0     0.0    11.77 R    36.0    19.3    25.2 -9999.0 -9999.0 -9999.0 -99.000 -99.000 -99.000 -99.000 -99.000 -9999.0 -9999.0 -9999.0 -9999.0 -9999.0
12987 20071208  1.302  -98.06   26.53    31.5    23.0    27.2    25.8     0.0    10.57 R    35.7    23.3    26.9 -9999.0 -9999.0 -9999.0 -99.000 -99.000 -99.000 -99.000 -99.000 -9999.0 -9999.0 -9999.0 -9999.0 -9999.0
12987 20071209  1.302  -98.06   26.53    31.6    21.8    26.7    25.4     0.0    10.78 R    35.6    22.1    26.4 -9999.0 -9999.0 -9999.0 -99.000 -99.000 -99.000 -99.000 -99.000 -9999.0 -9999.0 -9999.0 -9999.0 -9999.0
12987 20071210  1.302  -98.06   26.53    31.1    22.0    26.5    25.2     0.0    11.98 R    35.0    22.2    26.4 -9999.0 -9999.0 -9999.0 -99.000 -99.000 -99.000 -99.000 -99.000 -9999.0 -9999.0 -9999.0 -9999.0 -9999.0
12987 20071211  1.302  -98.06   26.53    30.5    23.9    27.2    26.0     0.0    10.36 R    34.4    24.4    27.2 -9999.0 -9999.0 -9999.0 -99.000 -99.000 -99.000 -99.000 -99.000 -9999.0 -9999.0 -9999.0 -9999.0 -9999.0
12987 20071212  1.302  -98.06   26.53    30.1    11.4    20.7    21.7     0.0     8.38 R    35.4    12.1    23.2 -9999.0 -9999.0 -9999.0 -99.000 -99.000 -99.000 -99.000 -99.000 -9999.0 -9999.0 -9999.0 -9999.0 -9999.0
12987 20071213  1.302  -98.06   26.53    15.0     9.9    12.5    12.4     0.0     3.49 R    18.0    10.4    13.5 -9999.0 -9999.0 -9999.0 -99.000 -99.000 -99.000 -99.000 -99.000 -9999.0 -9999.0 -9999.0 -9999.0 -9999.0
12987 20071214  1.302  -98.06   26.53    23.7    12.7    18.2    17.6     0.0     5.96 R    25.6    13.2    19.0 -9999.0 -9999.0 -9999.0 -99.000 -99.000 -99.000 -99.000 -99.000 -9999.0 -9999.0 -9999.0 -9999.0 -9999.0
12987 20071215  1.302  -98.06   26.53    24.1     6.2    15.2    18.8     0.2    13.28 R    28.0     5.6    19.8 -9999.0 -9999.0 -9999.0 -99.000 -99.000 -99.000 -99.000 -99.000 -9999.0 -9999.0 -9999.0 -9999.0 -9999.0
12987 20071216  1.302  -98.06   26.53    15.2    -0.6     7.3     7.3     0.0    16.60 R    22.8    -0.7     9.1 -9999.0 -9999.0 -9999.0 -99.000 -99.000 -99.000 -99.000 -99.000 -9999.0 -9999.0 -9999.0 -9999.0 -9999.0
12987 20071217  1.302  -98.06   26.53    19.1    -1.2     9.0    10.8     0.0     5.51 R    21.5    -1.4    11.4 -9999.0 -9999.0 -9999.0 -99.000 -99.000 -99.000 -99.000 -99.000 -9999.0 -9999.0 -9999.0 -9999.0 -9999.0
12987 20071218  1.302  -98.06   26.53    26.1    13.8    19.9    19.4     0.0     9.65 R    32.9    13.5    21.0 -9999.0 -9999.0 -9999.0 -99.000 -99.000 -99.000 -99.000 -99.000 -9999.0 -9999.0 -9999.0 -9999.0 -9999.0
12987 20071219  1.302  -98.06   26.53    29.7    15.8    22.7    21.6     0.0    10.61 R    34.1    16.2    23.0 -9999.0 -9999.0 -9999.0 -99.000 -99.000 -99.000 -99.000 -99.000 -9999.0 -9999.0 -9999.0 -9999.0 -9999.0
12987 20071220  1.302  -98.06   26.53    29.9    11.2    20.6    21.5     0.0    15.10 R    34.9    10.3    22.5 -9999.0 -9999.0 -9999.0 -99.000 -99.000 -99.000 -99.000 -99.000 -9999.0 -9999.0 -9999.0 -9999.0 -9999.0
12987 20071221  1.302  -98.06   26.53    30.4     6.4    18.4    18.9     0.0    15.52 R    34.1     5.3    19.8 -9999.0 -9999.0 -9999.0 -99.000 -99.000 -99.000 -99.000 -99.000 -9999.0 -9999.0 -9999.0 -9999.0 -9999.0
12987 20071222  1.302  -98.06   26.53    25.3    12.6    18.9    20.3     0.0     6.88 R    27.8    12.6    21.1 -9999.0 -9999.0 -9999.0 -99.000 -99.000 -99.000 -99.000 -99.000 -9999.0 -9999.0 -9999.0 -9999.0 -9999.0
12987 20071223  1.302  -98.06   26.53    15.1     4.5     9.8     9.5     0.0    11.35 R    20.3     4.7    10.7 -9999.0 -9999.0 -9999.0 -99.000 -99.000 -99.000 -99.000 -99.000 -9999.0 -9999.0 -9999.0 -9999.0 -9999.0
12987 20071224  1.302  -98.06   26.53    20.4     4.7    12.5    11.6     0.0    10.99 R    27.5     4.9    12.8 -9999.0 -9999.0 -9999.0 -99.000 -99.000 -99.000 -99.000 -99.000 -9999.0 -9999.0 -9999.0 -9999.0 -9999.0
12987 20071225  1.302  -98.06   26.53    24.0     0.9    12.4    12.4     0.0    14.34 R    27.7     1.0    13.8 -9999.0 -9999.0 -9999.0 -99.000 -99.000 -99.000 -99.000 -99.000 -9999.0 -9999.0 -9999.0 -9999.0 -9999.0
12987 20071226  1.302  -98.06   26.53    23.6     6.6    15.1    17.9     0.0    15.92 R    27.6     5.8    18.7 -9999.0 -9999.0 -9999.0 -99.000 -99.000 -99.000 -99.000 -99.000 -9999.0 -9999.0 -9999.0 -9999.0 -9999.0
12987 20071227  1.302  -98.06   26.53    27.3     3.2    15.2    15.7     0.0    14.18 R    31.9     3.2    16.7 -9999.0 -9999.0 -9999.0 -99.000 -99.000 -99.000 -99.000 -99.000 -9999.0 -9999.0 -9999.0 -9999.0 -9999.0
12987 20071228  1.302  -98.06   26.53    21.3    11.8    16.5    17.5     0.0    10.87 R    26.2    11.9    18.5 -9999.0 -9999.0 -9999.0 -99.000 -99.000 -99.000 -99.000 -99.000 -9999.0 -9999.0 -9999.0 -9999.0 -9999.0
12987 20071229  1.302  -98.06   26.53    18.1     8.0    13.1    14.0     0.0     4.22 R    20.1     8.1    14.6 -9999.0 -9999.0 -9999.0 -99.000 -99.000 -99.000 -99.000 -99.000 -9999.0 -9999.0 -9999.0 -9999.0 -9999.0
12987 20071230  1.302  -98.06   26.53    24.9     9.0    16.9    16.6     0.0    13.02 R    31.0     8.4    18.4 -9999.0 -9999.0 -9999.0 -99.000 -99.000 -99.000 -99.000 -99.000 -9999.0 -9999.0 -9999.0 -9999.0 -9999.0
12987 20071231  1.302  -98.06   26.53    27.7     6.4    17.1    16.7     0.0    15.36 R    33.8     5.8    18.4 -9999.0 -9999.0 -9999.0 -99.000 -99.000 -99.000 -99.000 -99.000 -9999.0 -9999.0 -9999.0 -9999.0 -9999.0
