94085 20070101  1.301 -100.35   44.02    -1.4    -9.5    -5.4    -5.7     0.0     6.82 R    -1.1   -14.4    -8.3 -9999.0 -9999.0 -9999.0 -99.000 -99.000 -99.000 -99.000 -99.000 -9999.0 -9999.0 -9999.0 -9999.0 -9999.0
94085 20070102  1.301 -100.35   44.02     3.3    -8.2    -2.5    -1.3     0.0     7.19 R     2.8   -11.6    -3.9 -9999.0 -9999.0 -9999.0 -99.000 -99.000 -99.000 -99.000 -99.000 -9999.0 -9999.0 -9999.0 -9999.0 -9999.0
94085 20070103  1.301 -100.35   44.02     8.0     1.3     4.6     3.7     0.0     5.70 R    12.2    -2.4     1.8 -9999.0 -9999.0 -9999.0 -99.000 -99.000 -99.000 -99.000 -99.000 -9999.0 -9999.0 -9999.0 -9999.0 -9999.0
94085 20070104  1.301 -100.35   44.02     6.2    -0.1     3.1     2.5     0.8     3.91 R    10.7    -2.8     1.8 -9999.0 -9999.0 -9999.0 -99.000 -99.000 -99.000 -99.000 -99.000 -9999.0 -9999.0 -9999.0 -9999.0 -9999.0
94085 20070105  1.301 -100.35   44.02     2.7    -3.4    -0.4    -0.4     0.0     6.32 R     3.9    -5.7    -1.3 -9999.0 -9999.0 -9999.0 -99.000 -99.000 -99.000 -99.000 -99.000 -9999.0 -9999.0 -9999.0 -9999.0 -9999.0
94085 20070106  1.301 -100.35   44.02     3.9    -9.0    -2.6    -2.2     0.2     5.78 R     8.2   -10.7    -3.2 -9999.0 -9999.0 -9999.0 -99.000 -99.000 -99.000 -99.000 -99.000 -9999.0 -9999.0 -9999.0 -9999.0 -9999.0
94085 20070107  1.301 -100.35   44.02     2.3    -5.0    -1.3    -1.5     0.0     8.42 R     4.4    -8.3    -2.6 -9999.0 -9999.0 -9999.0 -99.000 -99.000 -99.000 -99.000 -99.000 -9999.0 -9999.0 -9999.0 -9999.0 -9999.0
94085 20070108  1.301 -100.35   44.02     7.8    -4.9     1.5     1.5     0.0     7.35 R    10.6    -7.8     0.4 -9999.0 -9999.0 -9999.0 -99.000 -99.000 -99.000 -99.000 -99.000 -9999.0 -9999.0 -9999.0 -9999.0 -9999.0
94085 20070109  1.301 -100.35   44.02     2.8    -9.6    -3.4    -3.8     0.0     7.55 R     9.2   -11.0    -4.1 -9999.0 -9999.0 -9999.0 -99.000 -99.000 -99.000 -99.000 -99.000 -9999.0 -9999.0 -9999.0 -9999.0 -9999.0
94085 20070110  1.301 -100.35   44.02    15.6    -4.6     5.5     3.2     0.0     7.50 R    19.4    -6.5     1.5 -9999.0 -9999.0 -9999.0 -99.000 -99.000 -99.000 -99.000 -99.000 -9999.0 -9999.0 -9999.0 -9999.0 -9999.0
94085 20070111  1.301 -100.35   44.02    -0.1   -17.9    -9.0   -11.0     0.0     5.40 R    -1.3   -17.5   -10.4 -9999.0 -9999.0 -9999.0 -99.000 -99.000 -99.000 -99.000 -99.000 -9999.0 -9999.0 -9999.0 -9999.0 -9999.0
94085 20070112  1.301 -100.35   44.02   -16.7   -21.3   -19.0   -18.7     0.0     6.27 R   -11.2   -22.9   -17.7 -9999.0 -9999.0 -9999.0 -99.000 -99.000 -99.000 -99.000 -99.000 -9999.0 -9999.0 -9999.0 -9999.0 -9999.0
94085 20070113  1.301 -100.35   44.02   -10.3   -20.8   -15.6   -14.4     0.0     6.50 R    -5.4   -21.8   -13.6 -9999.0 -9999.0 -9999.0 -99.000 -99.000 -99.000 -99.000 -99.000 -9999.0 -9999.0 -9999.0 -9999.0 -9999.0
94085 20070114  1.301 -100.35   44.02   -10.3   -22.4   -16.4   -14.7     0.0     4.28 R    -5.1   -23.3   -14.9 -9999.0 -9999.0 -9999.0 -99.000 -99.000 -99.000 -99.000 -99.000 -9999.0 -9999.0 -9999.0 -9999.0 -9999.0
94085 20070115  1.301 -100.35   44.02   -11.9   -22.9   -17.4   -18.4     0.0     8.62 R    -6.8   -23.8   -18.5 -9999.0 -9999.0 -9999.0 -99.000 -99.000 -99.000 -99.000 -99.000 -9999.0 -9999.0 -9999.0 -9999.0 -9999.0
94085 20070116  1.301 -100.35   44.02     3.1   -18.7    -7.8    -8.9     0.0     9.06 R     2.5   -21.6   -10.7 -9999.0 -9999.0 -9999.0 -99.000 -99.000 -99.000 -99.000 -99.000 -9999.0 -9999.0 -9999.0 -9999.0 -9999.0
94085 20070117  1.301 -100.35   44.02     8.0    -7.4     0.3    -2.0     0.0     9.42 R     8.7   -10.8    -4.4 -9999.0 -9999.0 -9999.0 -99.000 -99.000 -99.000 -99.000 -99.000 -9999.0 -9999.0 -9999.0 -9999.0 -9999.0
94085 20070118  1.301 -100.35   44.02     1.0    -7.0    -3.0    -3.7     0.0     9.18 R     2.5    -9.5    -4.9 -9999.0 -9999.0 -9999.0 -99.000 -99.000 -99.000 -99.000 -99.000 -9999.0 -9999.0 -9999.0 -9999.0 -9999.0
94085 20070119  1.301 -100.35   44.02     4.2    -9.2    -2.5    -3.7     0.0     9.32 R     8.5   -12.3    -5.5 -9999.0 -9999.0 -9999.0 -99.000 -99.000 -99.000 -99.000 -99.000 -9999.0 -9999.0 -9999.0 -9999.0 -9999.0
94085 20070120  1.301 -100.35   44.02     9.4    -8.8     0.3    -1.8     0.0     8.45 R    14.6   -11.9    -3.1 -9999.0 -9999.0 -9999.0 -99.000 -99.000 -99.000 -99.000 -99.000 -9999.0 -9999.0 -9999.0 -9999.0 -9999.0
94085 20070121  1.301 -100.35   44.02    -2.7   -12.8    -7.8    -7.1     0.0     3.08 R    -1.3   -18.2    -7.7 -9999.0 -9999.0 -9999.0 -99.000 -99.000 -99.000 -99.000 -99.000 -9999.0 -9999.0 -9999.0 -9999.0 -9999.0
94085 20070122  1.301 -100.35   44.02     6.2   -10.2    -2.0    -2.9     0.0     9.36 R     5.9   -12.5    -4.9 -9999.0 -9999.0 -9999.0 -99.000 -99.000 -99.000 -99.000 -99.000 -9999.0 -9999.0 -9999.0 -9999.0 -9999.0
94085 20070123  1.301 -100.35   44.02     9.2    -2.2     3.5     3.4     1.0     8.07 R     8.6    -5.0     2.2 -9999.0 -9999.0 -9999.0 -99.000 -99.000 -99.000 -99.000 -99.000 -9999.0 -9999.0 -9999.0 -9999.0 -9999.0
94085 20070124  1.301 -100.35   44.02     8.2    -2.7     2.7     2.1     0.0     9.84 R    11.6    -5.2     0.8 -9999.0 -9999.0 -9999.0 -99.000 -99.000 -99.000 -99.000 -99.000 -9999.0 -9999.0 -9999.0 -9999.0 -9999.0
94085 20070125  1.301 -100.35   44.02    13.9    -6.2     3.9     1.4     0.0     9.12 R    17.3    -6.3     0.4 -9999.0 -9999.0 -9999.0 -99.000 -99.000 -99.000 -99.000 -99.000 -9999.0 -9999.0 -9999.0 -9999.0 -9999.0
94085 20070126  1.301 -100.35   44.02     5.7    -5.0     0.3     1.9     0.0    10.28 R     9.5    -7.9     0.4 -9999.0 -9999.0 -9999.0 -99.000 -99.000 -99.000 -99.000 -99.000 -9999.0 -9999.0 -9999.0 -9999.0 -9999.0
94085 20070127  1.301 -100.35   44.02    -4.5   -18.1   -11.3   -10.4     0.0     9.78 R    -0.3   -21.9   -10.4 -9999.0 -9999.0 -9999.0 -99.000 -99.000 -99.000 -99.000 -99.000 -9999.0 -9999.0 -9999.0 -9999.0 -9999.0
94085 20070128  1.301 -100.35   44.02     4.4   -19.5    -7.6    -8.4     0.0     5.33 R     4.5   -22.2    -9.0 -9999.0 -9999.0 -9999.0 -99.000 -99.000 -99.000 -99.000 -99.000 -9999.0 -9999.0 -9999.0 -9999.0 -9999.0
94085 20070129  1.301 -100.35   44.02    -2.1   -17.3    -9.7    -9.8     0.0     8.31 R    -1.9   -18.8    -9.5 -9999.0 -9999.0 -9999.0 -99.000 -99.000 -99.000 -99.000 -99.000 -9999.0 -9999.0 -9999.0 -9999.0 -9999.0
94085 20070130  1.301 -100.35   44.02    -4.7   -20.2   -12.5   -12.9     0.0    11.07 R     2.8   -20.8   -12.1 -9999.0 -9999.0 -9999.0 -99.000 -99.000 -99.000 -99.000 -99.000 -9999.0 -9999.0 -9999.0 -9999.0 -9999.0
94085 20070131  1.301 -100.35   44.02    -5.4   -16.7   -11.0   -10.0     0.0     6.53 R    -1.9   -19.0   -10.6 -9999.0 -9999.0 -9999.0 -99.000 -99.000 -99.000 -99.000 -99.000 -9999.0 -9999.0 -9999.0 -9999.0 -9999.0
94085 20070201  1.301 -100.35   44.02    -6.3   -20.7   -13.5   -13.4     0.0     6.63 R    -3.7   -22.8   -13.8 -9999.0 -9999.0 -9999.0 -99.000 -99.000 -99.000 -99.000 -99.000 -9999.0 -9999.0 -9999.0 -9999.0 -9999.0
94085 20070202  1.301 -100.35   44.02    -9.3   -21.2   -15.2   -16.7     0.0    11.01 R    -7.3   -23.4   -17.6 -9999.0 -9999.0 -9999.0 -99.000 -99.000 -99.000 -99.000 -99.000 -9999.0 -9999.0 -9999.0 -9999.0 -9999.0
94085 20070203  1.301 -100.35   44.02   -11.7   -25.3   -18.5   -18.4     0.0    11.99 R    -7.9   -27.1   -18.6 -9999.0 -9999.0 -9999.0 -99.000 -99.000 -99.000 -99.000 -99.000 -9999.0 -9999.0 -9999.0 -9999.0 -9999.0
94085 20070204  1.301 -100.35   44.02    -8.4   -21.8   -15.1   -14.2     0.0     9.37 R     1.1   -24.2   -12.5 -9999.0 -9999.0 -9999.0 -99.000 -99.000 -99.000 -99.000 -99.000 -9999.0 -9999.0 -9999.0 -9999.0 -9999.0
94085 20070205  1.301 -100.35   44.02    -6.3   -15.0   -10.7   -11.5     0.0     7.32 R     3.6   -14.8    -8.7 -9999.0 -9999.0 -9999.0 -99.000 -99.000 -99.000 -99.000 -99.000 -9999.0 -9999.0 -9999.0 -9999.0 -9999.0
94085 20070206  1.301 -100.35   44.02    -1.7   -13.9    -7.8    -8.3     0.0     3.39 R     1.7   -12.8    -7.5 -9999.0 -9999.0 -9999.0 -99.000 -99.000 -99.000 -99.000 -99.000 -9999.0 -9999.0 -9999.0 -9999.0 -9999.0
94085 20070207  1.301 -100.35   44.02   -11.7   -14.9   -13.3   -13.4     0.3     3.31 R    -5.6   -13.9   -11.4 -9999.0 -9999.0 -9999.0 -99.000 -99.000 -99.000 -99.000 -99.000 -9999.0 -9999.0 -9999.0 -9999.0 -9999.0
94085 20070208  1.301 -100.35   44.02   -10.7   -14.9   -12.8   -13.0     2.6     4.43 R    -5.3   -15.5   -11.5 -9999.0 -9999.0 -9999.0 -99.000 -99.000 -99.000 -99.000 -99.000 -9999.0 -9999.0 -9999.0 -9999.0 -9999.0
94085 20070209  1.301 -100.35   44.02   -11.6   -18.0   -14.8   -14.3     0.0     8.34 R    -7.8   -18.8   -13.8 -9999.0 -9999.0 -9999.0 -99.000 -99.000 -99.000 -99.000 -99.000 -9999.0 -9999.0 -9999.0 -9999.0 -9999.0
94085 20070210  1.301 -100.35   44.02   -10.2   -17.0   -13.6   -12.7     0.3     5.23 R    -6.8   -19.7   -12.3 -9999.0 -9999.0 -9999.0 -99.000 -99.000 -99.000 -99.000 -99.000 -9999.0 -9999.0 -9999.0 -9999.0 -9999.0
94085 20070211  1.301 -100.35   44.02    -5.3   -10.3    -7.8    -7.9     0.0     5.97 R    -2.7   -10.1    -7.5 -9999.0 -9999.0 -9999.0 -99.000 -99.000 -99.000 -99.000 -99.000 -9999.0 -9999.0 -9999.0 -9999.0 -9999.0
94085 20070212  1.301 -100.35   44.02    -9.5   -18.6   -14.0   -14.4     3.1     3.87 R    -8.8   -18.2   -13.9 -9999.0 -9999.0 -9999.0 -99.000 -99.000 -99.000 -99.000 -99.000 -9999.0 -9999.0 -9999.0 -9999.0 -9999.0
94085 20070213  1.301 -100.35   44.02   -18.5   -25.4   -22.0   -21.9     0.0    11.34 R   -17.1   -28.1   -22.2 -9999.0 -9999.0 -9999.0 -99.000 -99.000 -99.000 -99.000 -99.000 -9999.0 -9999.0 -9999.0 -9999.0 -9999.0
94085 20070214  1.301 -100.35   44.02   -20.5   -25.7   -23.1   -22.4     0.0    10.10 R   -17.0   -28.2   -22.0 -9999.0 -9999.0 -9999.0 -99.000 -99.000 -99.000 -99.000 -99.000 -9999.0 -9999.0 -9999.0 -9999.0 -9999.0
94085 20070215  1.301 -100.35   44.02   -10.5   -26.9   -18.7   -20.4     0.0    12.34 R   -12.4   -29.6   -21.3 -9999.0 -9999.0 -9999.0 -99.000 -99.000 -99.000 -99.000 -99.000 -9999.0 -9999.0 -9999.0 -9999.0 -9999.0
94085 20070216  1.301 -100.35   44.02     3.5   -10.7    -3.6    -2.9     0.0     6.73 R     6.9   -12.7    -3.8 -9999.0 -9999.0 -9999.0 -99.000 -99.000 -99.000 -99.000 -99.000 -9999.0 -9999.0 -9999.0 -9999.0 -9999.0
94085 20070217  1.301 -100.35   44.02     1.1    -9.2    -4.1    -2.9     0.3    10.89 R     3.1   -11.3    -4.0 -9999.0 -9999.0 -9999.0 -99.000 -99.000 -99.000 -99.000 -99.000 -9999.0 -9999.0 -9999.0 -9999.0 -9999.0
94085 20070218  1.301 -100.35   44.02     9.2    -4.0     2.6     2.3     0.0    13.37 R     8.9    -6.7     0.2 -9999.0 -9999.0 -9999.0 -99.000 -99.000 -99.000 -99.000 -99.000 -9999.0 -9999.0 -9999.0 -9999.0 -9999.0
94085 20070219  1.301 -100.35   44.02     5.5    -1.1     2.2     2.7     0.0     6.75 R     7.0    -2.7     1.6 -9999.0 -9999.0 -9999.0 -99.000 -99.000 -99.000 -99.000 -99.000 -9999.0 -9999.0 -9999.0 -9999.0 -9999.0
94085 20070220  1.301 -100.35   44.02    10.6    -3.8     3.4     2.4     0.0    11.99 R    12.6    -5.4     0.8 -9999.0 -9999.0 -9999.0 -99.000 -99.000 -99.000 -99.000 -99.000 -9999.0 -9999.0 -9999.0 -9999.0 -9999.0
94085 20070221  1.301 -100.35   44.02     8.7    -3.6     2.5     3.8     0.0    13.04 R    12.5    -5.9     2.2 -9999.0 -9999.0 -9999.0 -99.000 -99.000 -99.000 -99.000 -99.000 -9999.0 -9999.0 -9999.0 -9999.0 -9999.0
94085 20070222  1.301 -100.35   44.02     6.1    -5.7     0.2    -0.1     0.0    13.96 R    12.7    -8.3    -0.5 -9999.0 -9999.0 -9999.0 -99.000 -99.000 -99.000 -99.000 -99.000 -9999.0 -9999.0 -9999.0 -9999.0 -9999.0
94085 20070223  1.301 -100.35   44.02     7.5    -2.0     2.8     1.6     0.0    10.58 R    11.7    -3.0     1.6 -9999.0 -9999.0 -9999.0 -99.000 -99.000 -99.000 -99.000 -99.000 -9999.0 -9999.0 -9999.0 -9999.0 -9999.0
94085 20070224  1.301 -100.35   44.02    -0.2    -4.4    -2.3    -1.7     4.7     2.53 R     6.6    -4.4    -1.5 -9999.0 -9999.0 -9999.0 -99.000 -99.000 -99.000 -99.000 -99.000 -9999.0 -9999.0 -9999.0 -9999.0 -9999.0
94085 20070225  1.301 -100.35   44.02    -3.8    -5.7    -4.8    -4.9     0.0     9.73 R     0.8    -6.2    -4.4 -9999.0 -9999.0 -9999.0 -99.000 -99.000 -99.000 -99.000 -99.000 -9999.0 -9999.0 -9999.0 -9999.0 -9999.0
94085 20070226  1.301 -100.35   44.02    -5.1   -10.8    -7.9    -6.7     0.0    11.78 R    -2.1   -14.5    -6.7 -9999.0 -9999.0 -9999.0 -99.000 -99.000 -99.000 -99.000 -99.000 -9999.0 -9999.0 -9999.0 -9999.0 -9999.0
94085 20070227  1.301 -100.35   44.02    -3.4   -16.4    -9.9    -7.6     0.9    10.75 R    -0.5   -16.3    -7.8 -9999.0 -9999.0 -9999.0 -99.000 -99.000 -99.000 -99.000 -99.000 -9999.0 -9999.0 -9999.0 -9999.0 -9999.0
94085 20070228  1.301 -100.35   44.02    -2.4    -4.8    -3.6    -3.7     1.2     9.63 R     0.8    -6.0    -3.1 -9999.0 -9999.0 -9999.0 -99.000 -99.000 -99.000 -99.000 -99.000 -9999.0 -9999.0 -9999.0 -9999.0 -9999.0
94085 20070301  1.301 -100.35   44.02    -3.7   -10.2    -7.0    -6.6     0.0    17.07 R    -1.7   -11.0    -6.9 -9999.0 -9999.0 -9999.0 -99.000 -99.000 -99.000 -99.000 -99.000 -9999.0 -9999.0 -9999.0 -9999.0 -9999.0
94085 20070302  1.301 -100.35   44.02    -5.9    -9.0    -7.5    -7.5     0.0     9.29 R    -2.7    -9.5    -7.4 -9999.0 -9999.0 -9999.0 -99.000 -99.000 -99.000 -99.000 -99.000 -9999.0 -9999.0 -9999.0 -9999.0 -9999.0
94085 20070303  1.301 -100.35   44.02    -3.2   -12.7    -8.0    -8.2     0.0    17.65 R    -0.3   -14.1    -8.9 -9999.0 -9999.0 -9999.0 -99.000 -99.000 -99.000 -99.000 -99.000 -9999.0 -9999.0 -9999.0 -9999.0 -9999.0
94085 20070304  1.301 -100.35   44.02    12.1    -8.0     2.0     3.1     0.0    16.78 R    13.9   -10.5     1.7 -9999.0 -9999.0 -9999.0 -99.000 -99.000 -99.000 -99.000 -99.000 -9999.0 -9999.0 -9999.0 -9999.0 -9999.0
94085 20070305  1.301 -100.35   44.02     3.9    -7.5    -1.8    -4.6     0.0     8.30 R     3.4    -6.5    -2.4 -9999.0 -9999.0 -9999.0 -99.000 -99.000 -99.000 -99.000 -99.000 -9999.0 -9999.0 -9999.0 -9999.0 -9999.0
94085 20070306  1.301 -100.35   44.02     6.1    -5.6     0.3    -0.7     0.0    15.35 R    13.1    -5.0     1.0 -9999.0 -9999.0 -9999.0 -99.000 -99.000 -99.000 -99.000 -99.000 -9999.0 -9999.0 -9999.0 -9999.0 -9999.0
94085 20070307  1.301 -100.35   44.02    -0.5    -6.4    -3.4    -3.4     0.0     4.09 R     2.6    -4.5    -1.7 -9999.0 -9999.0 -9999.0 -99.000 -99.000 -99.000 -99.000 -99.000 -9999.0 -9999.0 -9999.0 -9999.0 -9999.0
94085 20070308  1.301 -100.35   44.02    19.1    -2.2     8.5     7.2     0.0    15.66 R    25.0    -3.2     6.6 -9999.0 -9999.0 -9999.0 -99.000 -99.000 -99.000 -99.000 -99.000 -9999.0 -9999.0 -9999.0 -9999.0 -9999.0
94085 20070309  1.301 -100.35   44.02    12.9    -0.2     6.4     7.4     0.0    12.89 R    20.2    -1.9     5.5 -9999.0 -9999.0 -9999.0 -99.000 -99.000 -99.000 -99.000 -99.000 -9999.0 -9999.0 -9999.0 -9999.0 -9999.0
94085 20070310  1.301 -100.35   44.02    13.9    -1.9     6.0     6.7     0.0    16.48 R    25.9    -4.4     6.1 -9999.0 -9999.0 -9999.0 -99.000 -99.000 -99.000 -99.000 -99.000 -9999.0 -9999.0 -9999.0 -9999.0 -9999.0
94085 20070311  1.301 -100.35   44.02    18.9     2.0    10.5    10.3     0.0    12.47 R    22.1    -2.2     8.0 -9999.0 -9999.0 -9999.0 -99.000 -99.000 -99.000 -99.000 -99.000 -9999.0 -9999.0 -9999.0 -9999.0 -9999.0
94085 20070312  1.301 -100.35   44.02    26.4     6.7    16.6    15.7     0.0    15.51 R    31.6     2.9    13.1 -9999.0 -9999.0 -9999.0 -99.000 -99.000 -99.000 -99.000 -99.000 -9999.0 -9999.0 -9999.0 -9999.0 -9999.0
94085 20070313  1.301 -100.35   44.02    19.3     3.8    11.6    13.2     0.0    14.83 R    29.6     2.5    12.9 -9999.0 -9999.0 -9999.0 -99.000 -99.000 -99.000 -99.000 -99.000 -9999.0 -9999.0 -9999.0 -9999.0 -9999.0
94085 20070314  1.301 -100.35   44.02     4.4    -0.1     2.1     2.7     0.3     3.09 R     8.0    -0.3     2.8 -9999.0 -9999.0 -9999.0 -99.000 -99.000 -99.000 -99.000 -99.000 -9999.0 -9999.0 -9999.0 -9999.0 -9999.0
94085 20070315  1.301 -100.35   44.02     5.3    -7.4    -1.1    -0.3     0.0    19.90 R    15.8    -7.6     1.6 -9999.0 -9999.0 -9999.0 -99.000 -99.000 -99.000 -99.000 -99.000 -9999.0 -9999.0 -9999.0 -9999.0 -9999.0
94085 20070316  1.301 -100.35   44.02    11.0    -9.8     0.6     0.4     0.0    17.15 R    26.1   -10.0     3.5 -9999.0 -9999.0 -9999.0 -99.000 -99.000 -99.000 -99.000 -99.000 -9999.0 -9999.0 -9999.0 -9999.0 -9999.0
94085 20070317  1.301 -100.35   44.02    11.9    -0.2     5.8     4.4     0.0    16.32 R    26.4    -0.9     7.0 -9999.0 -9999.0 -9999.0 -99.000 -99.000 -99.000 -99.000 -99.000 -9999.0 -9999.0 -9999.0 -9999.0 -9999.0
94085 20070318  1.301 -100.35   44.02    24.4    -0.3    12.0    10.0     0.0    18.48 R    35.2    -1.6    12.0 -9999.0 -9999.0 -9999.0 -99.000 -99.000 -99.000 -99.000 -99.000 -9999.0 -9999.0 -9999.0 -9999.0 -9999.0
94085 20070319  1.301 -100.35   44.02    10.0    -3.4     3.3     3.8     0.0    20.01 R    29.7    -5.1     7.9 -9999.0 -9999.0 -9999.0 -99.000 -99.000 -99.000 -99.000 -99.000 -9999.0 -9999.0 -9999.0 -9999.0 -9999.0
94085 20070320  1.301 -100.35   44.02    21.8     0.2    11.0    10.9     0.0    19.28 R    28.9    -1.6    11.6 -9999.0 -9999.0 -9999.0 -99.000 -99.000 -99.000 -99.000 -99.000 -9999.0 -9999.0 -9999.0 -9999.0 -9999.0
94085 20070321  1.301 -100.35   44.02    14.9     1.3     8.1     9.2     0.0    12.80 R    24.9    -2.0     9.0 -9999.0 -9999.0 -9999.0 -99.000 -99.000 -99.000 -99.000 -99.000 -9999.0 -9999.0 -9999.0 -9999.0 -9999.0
94085 20070322  1.301 -100.35   44.02    22.1    -2.3     9.9     8.8     0.0    19.27 R    35.5    -4.7     9.2 -9999.0 -9999.0 -9999.0 -99.000 -99.000 -99.000 -99.000 -99.000 -9999.0 -9999.0 -9999.0 -9999.0 -9999.0
94085 20070323  1.301 -100.35   44.02    22.5     3.7    13.1    12.5     0.0    20.83 R    36.5    -3.7    12.8 -9999.0 -9999.0 -9999.0 -99.000 -99.000 -99.000 -99.000 -99.000 -9999.0 -9999.0 -9999.0 -9999.0 -9999.0
94085 20070324  1.301 -100.35   44.02    17.3     3.5    10.4    10.5     6.9     6.12 R    24.3     0.7    10.4 -9999.0 -9999.0 -9999.0 -99.000 -99.000 -99.000 -99.000 -99.000 -9999.0 -9999.0 -9999.0 -9999.0 -9999.0
94085 20070325  1.301 -100.35   44.02    24.1    10.4    17.2    15.2     0.0    17.90 R    31.9     5.4    15.1 -9999.0 -9999.0 -9999.0 -99.000 -99.000 -99.000 -99.000 -99.000 -9999.0 -9999.0 -9999.0 -9999.0 -9999.0
94085 20070326  1.301 -100.35   44.02    17.6     5.0    11.3    12.7     0.0    20.48 R    29.4     2.4    12.0 -9999.0 -9999.0 -9999.0 -99.000 -99.000 -99.000 -99.000 -99.000 -9999.0 -9999.0 -9999.0 -9999.0 -9999.0
94085 20070327  1.301 -100.35   44.02    17.3     0.7     9.0     8.9     3.1    16.90 R    26.5    -0.1    10.6 -9999.0 -9999.0 -9999.0 -99.000 -99.000 -99.000 -99.000 -99.000 -9999.0 -9999.0 -9999.0 -9999.0 -9999.0
94085 20070328  1.301 -100.35   44.02    22.2     7.8    15.0    14.7     7.1     7.92 R    25.9     7.9    14.5 -9999.0 -9999.0 -9999.0 -99.000 -99.000 -99.000 -99.000 -99.000 -9999.0 -9999.0 -9999.0 -9999.0 -9999.0
94085 20070329  1.301 -100.35   44.02     8.8     4.2     6.5     6.6    31.8     2.38 R    10.0     4.4     7.0 -9999.0 -9999.0 -9999.0 -99.000 -99.000 -99.000 -99.000 -99.000 -9999.0 -9999.0 -9999.0 -9999.0 -9999.0
94085 20070330  1.301 -100.35   44.02     6.2     2.3     4.3     4.2    10.2     7.17 R     9.7     2.5     4.9 -9999.0 -9999.0 -9999.0 -99.000 -99.000 -99.000 -99.000 -99.000 -9999.0 -9999.0 -9999.0 -9999.0 -9999.0
94085 20070331  1.301 -100.35   44.02     3.1     0.6     1.8     1.8     5.5     3.00 R     4.1     0.9     2.5 -9999.0 -9999.0 -9999.0 -99.000 -99.000 -99.000 -99.000 -99.000 -9999.0 -9999.0 -9999.0 -9999.0 -9999.0
94085 20070401  1.301 -100.35   44.02    15.1     0.4     7.7     6.5     0.2    22.21 R    21.8    -0.5     7.6 -9999.0 -9999.0 -9999.0 -99.000 -99.000 -99.000 -99.000 -99.000 -9999.0 -9999.0 -9999.0 -9999.0 -9999.0
94085 20070402  1.301 -100.35   44.02    12.1    -0.2     6.0     5.2     1.5    11.63 R    26.2    -1.4     6.1 -9999.0 -9999.0 -9999.0 -99.000 -99.000 -99.000 -99.000 -99.000 -9999.0 -9999.0 -9999.0 -9999.0 -9999.0
94085 20070403  1.301 -100.35   44.02    -0.2    -8.3    -4.2    -4.5     0.0    16.63 R     8.3    -7.9    -2.3 -9999.0 -9999.0 -9999.0 -99.000 -99.000 -99.000 -99.000 -99.000 -9999.0 -9999.0 -9999.0 -9999.0 -9999.0
94085 20070404  1.301 -100.35   44.02    -1.0   -11.3    -6.1    -6.1     0.0    22.70 R    18.5   -10.1    -1.6 -9999.0 -9999.0 -9999.0 -99.000 -99.000 -99.000 -99.000 -99.000 -9999.0 -9999.0 -9999.0 -9999.0 -9999.0
94085 20070405  1.301 -100.35   44.02    -1.9    -8.7    -5.3    -6.1     0.0    12.90 R    12.6    -7.9    -1.9 -9999.0 -9999.0 -9999.0 -99.000 -99.000 -99.000 -99.000 -99.000 -9999.0 -9999.0 -9999.0 -9999.0 -9999.0
94085 20070406  1.301 -100.35   44.02    -2.4   -10.9    -6.7    -6.9     0.0    21.62 R    12.8   -12.0    -4.3 -9999.0 -9999.0 -9999.0 -99.000 -99.000 -99.000 -99.000 -99.000 -9999.0 -9999.0 -9999.0 -9999.0 -9999.0
94085 20070407  1.301 -100.35   44.02    -1.5   -12.9    -7.2    -7.1     0.0    24.74 R    13.7   -13.3    -3.6 -9999.0 -9999.0 -9999.0 -99.000 -99.000 -99.000 -99.000 -99.000 -9999.0 -9999.0 -9999.0 -9999.0 -9999.0
94085 20070408  1.301 -100.35   44.02     3.6   -11.0    -3.7    -4.0     0.0    24.89 R    28.0   -13.1     2.2 -9999.0 -9999.0 -9999.0 -99.000 -99.000 -99.000 -99.000 -99.000 -9999.0 -9999.0 -9999.0 -9999.0 -9999.0
94085 20070409  1.301 -100.35   44.02    11.0    -8.8     1.1     1.5     0.0    20.70 R    31.1    -9.5     5.3 -9999.0 -9999.0 -9999.0 -99.000 -99.000 -99.000 -99.000 -99.000 -9999.0 -9999.0 -9999.0 -9999.0 -9999.0
94085 20070410  1.301 -100.35   44.02     3.4    -0.3     1.5     1.9     4.7     2.37 R     6.4     0.2     2.7 -9999.0 -9999.0 -9999.0 -99.000 -99.000 -99.000 -99.000 -99.000 -9999.0 -9999.0 -9999.0 -9999.0 -9999.0
94085 20070411  1.301 -100.35   44.02     1.5    -1.1     0.2    -0.2     0.6     4.42 R     5.6    -0.7     0.9 -9999.0 -9999.0 -9999.0 -99.000 -99.000 -99.000 -99.000 -99.000 -9999.0 -9999.0 -9999.0 -9999.0 -9999.0
94085 20070412  1.301 -100.35   44.02     5.4    -2.4     1.5     0.9     0.7    10.32 R    24.9    -2.3     3.4 -9999.0 -9999.0 -9999.0 -99.000 -99.000 -99.000 -99.000 -99.000 -9999.0 -9999.0 -9999.0 -9999.0 -9999.0
94085 20070413  1.301 -100.35   44.02    11.9    -1.8     5.0     4.8     0.0    17.78 R    35.3    -3.9     7.6 -9999.0 -9999.0 -9999.0 -99.000 -99.000 -99.000 -99.000 -99.000 -9999.0 -9999.0 -9999.0 -9999.0 -9999.0
94085 20070414  1.301 -100.35   44.02    15.9     1.1     8.5     8.0     0.0    25.85 R    37.9    -3.4    11.4 -9999.0 -9999.0 -9999.0 -99.000 -99.000 -99.000 -99.000 -99.000 -9999.0 -9999.0 -9999.0 -9999.0 -9999.0
94085 20070415  1.301 -100.35   44.02    25.1     1.0    13.1    13.1     0.0    24.85 R    40.2    -2.5    14.9 -9999.0 -9999.0 -9999.0 -99.000 -99.000 -99.000 -99.000 -99.000 -9999.0 -9999.0 -9999.0 -9999.0 -9999.0
94085 20070416  1.301 -100.35   44.02    18.9     3.4    11.2    11.7     0.0    22.13 R    31.3    -0.7    13.1 -9999.0 -9999.0 -9999.0 -99.000 -99.000 -99.000 -99.000 -99.000 -9999.0 -9999.0 -9999.0 -9999.0 -9999.0
94085 20070417  1.301 -100.35   44.02    16.9     0.4     8.7     8.8     0.0    25.88 R    39.1    -2.9    12.5 -9999.0 -9999.0 -9999.0 -99.000 -99.000 -99.000 -99.000 -99.000 -9999.0 -9999.0 -9999.0 -9999.0 -9999.0
94085 20070418  1.301 -100.35   44.02    21.7     0.8    11.3    12.0     0.0    24.28 R    38.2    -0.6    14.9 -9999.0 -9999.0 -9999.0 -99.000 -99.000 -99.000 -99.000 -99.000 -9999.0 -9999.0 -9999.0 -9999.0 -9999.0
94085 20070419  1.301 -100.35   44.02    11.3     5.1     8.2     8.3     4.3     6.30 R    16.6     1.4     7.6 -9999.0 -9999.0 -9999.0 -99.000 -99.000 -99.000 -99.000 -99.000 -9999.0 -9999.0 -9999.0 -9999.0 -9999.0
94085 20070420  1.301 -100.35   44.02    23.1     1.0    12.0    12.8     0.5    17.42 R    36.3    -0.1    12.3 -9999.0 -9999.0 -9999.0 -99.000 -99.000 -99.000 -99.000 -99.000 -9999.0 -9999.0 -9999.0 -9999.0 -9999.0
94085 20070421  1.301 -100.35   44.02    19.7     9.9    14.8    14.6    13.9    12.44 R    30.3     6.5    15.8 -9999.0 -9999.0 -9999.0 -99.000 -99.000 -99.000 -99.000 -99.000 -9999.0 -9999.0 -9999.0 -9999.0 -9999.0
94085 20070422  1.301 -100.35   44.02    18.8     8.1    13.5    12.7     0.0    20.09 R    28.6     3.6    13.5 -9999.0 -9999.0 -9999.0 -99.000 -99.000 -99.000 -99.000 -99.000 -9999.0 -9999.0 -9999.0 -9999.0 -9999.0
94085 20070423  1.301 -100.35   44.02    17.3     5.7    11.5    11.8     0.0    13.95 R    36.4     0.7    12.7 -9999.0 -9999.0 -9999.0 -99.000 -99.000 -99.000 -99.000 -99.000 -9999.0 -9999.0 -9999.0 -9999.0 -9999.0
94085 20070424  1.301 -100.35   44.02    13.8     5.8     9.8     9.7     1.2    12.34 R    19.9     2.6    10.8 -9999.0 -9999.0 -9999.0 -99.000 -99.000 -99.000 -99.000 -99.000 -9999.0 -9999.0 -9999.0 -9999.0 -9999.0
94085 20070425  1.301 -100.35   44.02    17.1     3.1    10.1     9.9     0.0    23.39 R    39.7     0.8    14.0 -9999.0 -9999.0 -9999.0 -99.000 -99.000 -99.000 -99.000 -99.000 -9999.0 -9999.0 -9999.0 -9999.0 -9999.0
94085 20070426  1.301 -100.35   44.02    20.6     5.8    13.2    13.2     0.0    25.52 R    41.8     2.6    17.3 -9999.0 -9999.0 -9999.0 -99.000 -99.000 -99.000 -99.000 -99.000 -9999.0 -9999.0 -9999.0 -9999.0 -9999.0
94085 20070427  1.301 -100.35   44.02    21.5     7.4    14.4    14.2     0.6    23.14 R    36.7     7.4    16.2 -9999.0 -9999.0 -9999.0 -99.000 -99.000 -99.000 -99.000 -99.000 -9999.0 -9999.0 -9999.0 -9999.0 -9999.0
94085 20070428  1.301 -100.35   44.02    26.4     8.6    17.5    17.5     0.0    26.98 R    43.9     6.0    19.9 -9999.0 -9999.0 -9999.0 -99.000 -99.000 -99.000 -99.000 -99.000 -9999.0 -9999.0 -9999.0 -9999.0 -9999.0
94085 20070429  1.301 -100.35   44.02    27.7    12.5    20.1    19.7     0.0    25.45 R    45.8     9.1    21.9 -9999.0 -9999.0 -9999.0 -99.000 -99.000 -99.000 -99.000 -99.000 -9999.0 -9999.0 -9999.0 -9999.0 -9999.0
94085 20070430  1.301 -100.35   44.02    24.3     6.0    15.1    16.4     0.0    25.75 R    41.3     5.9    20.1 -9999.0 -9999.0 -9999.0 -99.000 -99.000 -99.000 -99.000 -99.000 -9999.0 -9999.0 -9999.0 -9999.0 -9999.0
94085 20070501  1.301 -100.35   44.02    18.5     4.3    11.4    12.1     0.0    27.29 R    42.8     3.2    18.2 -9999.0 -9999.0 -9999.0 -99.000 -99.000 -99.000 -99.000 -99.000 -9999.0 -9999.0 -9999.0 -9999.0 -9999.0
94085 20070502  1.301 -100.35   44.02    22.0     5.0    13.5    13.8     0.0    27.34 R    39.8     3.9    17.4 -9999.0 -9999.0 -9999.0 -99.000 -99.000 -99.000 -99.000 -99.000 -9999.0 -9999.0 -9999.0 -9999.0 -9999.0
94085 20070503  1.301 -100.35   44.02    21.9     5.0    13.4    14.1     0.0    22.91 R    40.2     2.9    17.6 -9999.0 -9999.0 -9999.0 -99.000 -99.000 -99.000 -99.000 -99.000 -9999.0 -9999.0 -9999.0 -9999.0 -9999.0
94085 20070504  1.301 -100.35   44.02    20.4    11.3    15.8    14.6    14.1    21.32 R    44.9    10.8    19.3 -9999.0 -9999.0 -9999.0 -99.000 -99.000 -99.000 -99.000 -99.000 -9999.0 -9999.0 -9999.0 -9999.0 -9999.0
94085 20070505  1.301 -100.35   44.02    17.3    11.6    14.5    14.2     7.3     5.52 R    22.8     9.9    14.4 -9999.0 -9999.0 -9999.0 -99.000 -99.000 -99.000 -99.000 -99.000 -9999.0 -9999.0 -9999.0 -9999.0 -9999.0
94085 20070506  1.301 -100.35   44.02    20.9     8.2    14.6    15.6     0.0    27.21 R    32.6     7.7    18.2 -9999.0 -9999.0 -9999.0 -99.000 -99.000 -99.000 -99.000 -99.000 -9999.0 -9999.0 -9999.0 -9999.0 -9999.0
94085 20070507  1.301 -100.35   44.02    18.4     7.6    13.0    12.5     0.0    14.93 R    37.3     7.1    15.6 -9999.0 -9999.0 -9999.0 -99.000 -99.000 -99.000 -99.000 -99.000 -9999.0 -9999.0 -9999.0 -9999.0 -9999.0
94085 20070508  1.301 -100.35   44.02    22.7     9.2    16.0    16.1     0.0    27.32 R    46.1     7.4    20.3 -9999.0 -9999.0 -9999.0 -99.000 -99.000 -99.000 -99.000 -99.000 -9999.0 -9999.0 -9999.0 -9999.0 -9999.0
94085 20070509  1.301 -100.35   44.02    26.2     9.2    17.7    18.3     0.0    26.00 R    46.9     5.5    20.4 -9999.0 -9999.0 -9999.0 -99.000 -99.000 -99.000 -99.000 -99.000 -9999.0 -9999.0 -9999.0 -9999.0 -9999.0
94085 20070510  1.301 -100.35   44.02    23.9     9.9    16.9    17.1     0.0    28.26 R    45.7     6.5    21.5 -9999.0 -9999.0 -9999.0 -99.000 -99.000 -99.000 -99.000 -99.000 -9999.0 -9999.0 -9999.0 -9999.0 -9999.0
94085 20070511  1.301 -100.35   44.02    25.3     6.0    15.7    17.0     0.0    28.15 R    43.8     6.3    21.7 -9999.0 -9999.0 -9999.0 -99.000 -99.000 -99.000 -99.000 -99.000 -9999.0 -9999.0 -9999.0 -9999.0 -9999.0
94085 20070512  1.301 -100.35   44.02    26.3     9.5    17.9    18.3     0.0    24.67 R    45.7     9.1    22.8 -9999.0 -9999.0 -9999.0 -99.000 -99.000 -99.000 -99.000 -99.000 -9999.0 -9999.0 -9999.0 -9999.0 -9999.0
94085 20070513  1.301 -100.35   44.02    32.7    17.1    24.9    25.0     0.0    28.30 R    46.9    14.4    27.0 -9999.0 -9999.0 -9999.0 -99.000 -99.000 -99.000 -99.000 -99.000 -9999.0 -9999.0 -9999.0 -9999.0 -9999.0
94085 20070514  1.301 -100.35   44.02    21.4     7.2    14.3    15.9     0.3    20.03 R    40.9     6.3    18.2 -9999.0 -9999.0 -9999.0 -99.000 -99.000 -99.000 -99.000 -99.000 -9999.0 -9999.0 -9999.0 -9999.0 -9999.0
94085 20070515  1.301 -100.35   44.02    17.1     5.1    11.1    11.7     0.0    21.15 R    43.3     4.4    15.1 -9999.0 -9999.0 -9999.0 -99.000 -99.000 -99.000 -99.000 -99.000 -9999.0 -9999.0 -9999.0 -9999.0 -9999.0
94085 20070516  1.301 -100.35   44.02    18.7     4.4    11.6    12.9     0.0    26.58 R    45.3     3.2    18.3 -9999.0 -9999.0 -9999.0 -99.000 -99.000 -99.000 -99.000 -99.000 -9999.0 -9999.0 -9999.0 -9999.0 -9999.0
94085 20070517  1.301 -100.35   44.02    25.2     2.3    13.7    15.3     0.0    28.55 R    39.8     0.8    18.5 -9999.0 -9999.0 -9999.0 -99.000 -99.000 -99.000 -99.000 -99.000 -9999.0 -9999.0 -9999.0 -9999.0 -9999.0
94085 20070518  1.301 -100.35   44.02    31.3    13.3    22.3    22.0     0.0    28.32 R    45.9    10.8    24.7 -9999.0 -9999.0 -9999.0 -99.000 -99.000 -99.000 -99.000 -99.000 -9999.0 -9999.0 -9999.0 -9999.0 -9999.0
94085 20070519  1.301 -100.35   44.02    23.1     8.4    15.7    17.1     0.0    24.90 R    45.2     8.2    22.3 -9999.0 -9999.0 -9999.0 -99.000 -99.000 -99.000 -99.000 -99.000 -9999.0 -9999.0 -9999.0 -9999.0 -9999.0
94085 20070520  1.301 -100.35   44.02    28.4     6.4    17.4    16.5    12.1    20.66 R    43.9     6.7    20.8 -9999.0 -9999.0 -9999.0 -99.000 -99.000 -99.000 -99.000 -99.000 -9999.0 -9999.0 -9999.0 -9999.0 -9999.0
94085 20070521  1.301 -100.35   44.02    27.7    13.3    20.5    20.6     0.9    22.79 R    36.7    12.9    21.9 -9999.0 -9999.0 -9999.0 -99.000 -99.000 -99.000 -99.000 -99.000 -9999.0 -9999.0 -9999.0 -9999.0 -9999.0
94085 20070522  1.301 -100.35   44.02    22.5    11.1    16.8    15.4    30.7    13.18 R    35.0    11.7    17.3 -9999.0 -9999.0 -9999.0 -99.000 -99.000 -99.000 -99.000 -99.000 -9999.0 -9999.0 -9999.0 -9999.0 -9999.0
94085 20070523  1.301 -100.35   44.02    19.2     7.7    13.4    13.0     0.0    27.25 R    32.0     7.4    16.0 -9999.0 -9999.0 -9999.0 -99.000 -99.000 -99.000 -99.000 -99.000 -9999.0 -9999.0 -9999.0 -9999.0 -9999.0
94085 20070524  1.301 -100.35   44.02    17.3     6.1    11.7    11.0     0.0    29.50 R    36.4     7.1    16.6 -9999.0 -9999.0 -9999.0 -99.000 -99.000 -99.000 -99.000 -99.000 -9999.0 -9999.0 -9999.0 -9999.0 -9999.0
94085 20070525  1.301 -100.35   44.02    21.8     6.9    14.4    13.9     2.3    19.45 R    34.4     6.7    15.7 -9999.0 -9999.0 -9999.0 -99.000 -99.000 -99.000 -99.000 -99.000 -9999.0 -9999.0 -9999.0 -9999.0 -9999.0
94085 20070526  1.301 -100.35   44.02    15.8     5.8    10.8    10.1     0.0    25.32 R    32.9     5.9    13.6 -9999.0 -9999.0 -9999.0 -99.000 -99.000 -99.000 -99.000 -99.000 -9999.0 -9999.0 -9999.0 -9999.0 -9999.0
94085 20070527  1.301 -100.35   44.02    21.0     7.6    14.3    13.1     0.0    11.18 R    31.6     6.9    14.7 -9999.0 -9999.0 -9999.0 -99.000 -99.000 -99.000 -99.000 -99.000 -9999.0 -9999.0 -9999.0 -9999.0 -9999.0
94085 20070528  1.301 -100.35   44.02    28.9    12.8    20.8    21.2     0.0    27.00 R    40.0    12.5    23.5 -9999.0 -9999.0 -9999.0 -99.000 -99.000 -99.000 -99.000 -99.000 -9999.0 -9999.0 -9999.0 -9999.0 -9999.0
94085 20070529  1.301 -100.35   44.02    20.6    14.8    17.7    17.2     1.3    15.39 R    33.1    14.6    19.0 -9999.0 -9999.0 -9999.0 -99.000 -99.000 -99.000 -99.000 -99.000 -9999.0 -9999.0 -9999.0 -9999.0 -9999.0
94085 20070530  1.301 -100.35   44.02    15.3     9.9    12.6    12.8    14.9    11.69 R    23.4     9.8    14.1 -9999.0 -9999.0 -9999.0 -99.000 -99.000 -99.000 -99.000 -99.000 -9999.0 -9999.0 -9999.0 -9999.0 -9999.0
94085 20070531  1.301 -100.35   44.02    19.7     9.2    14.4    13.8     2.1    23.55 R    34.1     9.1    16.0 -9999.0 -9999.0 -9999.0 -99.000 -99.000 -99.000 -99.000 -99.000 -9999.0 -9999.0 -9999.0 -9999.0 -9999.0
94085 20070601  1.301 -100.35   44.02    19.3     9.5    14.4    13.7     0.2    19.29 R    36.3     9.3    16.8 -9999.0 -9999.0 -9999.0 -99.000 -99.000 -99.000 -99.000 -99.000 -9999.0 -9999.0 -9999.0 -9999.0 -9999.0
94085 20070602  1.301 -100.35   44.02    20.3    11.9    16.1    14.6     3.9    13.92 R    30.0    12.5    16.0 -9999.0 -9999.0 -9999.0 -99.000 -99.000 -99.000 -99.000 -99.000 -9999.0 -9999.0 -9999.0 -9999.0 -9999.0
94085 20070603  1.301 -100.35   44.02    23.5    12.9    18.2    18.5     0.0    29.02 R    37.1    12.6    21.2 -9999.0 -9999.0 -9999.0 -99.000 -99.000 -99.000 -99.000 -99.000 -9999.0 -9999.0 -9999.0 -9999.0 -9999.0
94085 20070604  1.301 -100.35   44.02    22.3    12.6    17.5    17.5     0.0    20.48 R    39.4     9.6    19.7 -9999.0 -9999.0 -9999.0 -99.000 -99.000 -99.000 -99.000 -99.000 -9999.0 -9999.0 -9999.0 -9999.0 -9999.0
94085 20070605  1.301 -100.35   44.02    23.3    10.9    17.1    17.9     0.0    28.13 R    39.5     8.5    20.8 -9999.0 -9999.0 -9999.0 -99.000 -99.000 -99.000 -99.000 -99.000 -9999.0 -9999.0 -9999.0 -9999.0 -9999.0
94085 20070606  1.301 -100.35   44.02    28.0    12.0    20.0    19.6     0.3    24.05 R    40.1    11.7    22.2 -9999.0 -9999.0 -9999.0 -99.000 -99.000 -99.000 -99.000 -99.000 -9999.0 -9999.0 -9999.0 -9999.0 -9999.0
94085 20070607  1.301 -100.35   44.02    16.5     7.0    11.7    11.6     7.1     8.22 R    19.8     6.4    11.8 -9999.0 -9999.0 -9999.0 -99.000 -99.000 -99.000 -99.000 -99.000 -9999.0 -9999.0 -9999.0 -9999.0 -9999.0
94085 20070608  1.301 -100.35   44.02    21.4     5.3    13.4    13.9     0.0    30.69 R    34.9     5.0    16.9 -9999.0 -9999.0 -9999.0 -99.000 -99.000 -99.000 -99.000 -99.000 -9999.0 -9999.0 -9999.0 -9999.0 -9999.0
94085 20070609  1.301 -100.35   44.02    26.1    10.1    18.1    18.7     0.0    30.95 R    40.5     9.1    22.0 -9999.0 -9999.0 -9999.0 -99.000 -99.000 -99.000 -99.000 -99.000 -9999.0 -9999.0 -9999.0 -9999.0 -9999.0
94085 20070610  1.301 -100.35   44.02    31.2    13.1    22.1    22.7     0.0    30.16 R    43.7    11.8    25.4 -9999.0 -9999.0 -9999.0 -99.000 -99.000 -99.000 -99.000 -99.000 -9999.0 -9999.0 -9999.0 -9999.0 -9999.0
94085 20070611  1.301 -100.35   44.02    32.0    16.9    24.4    24.2     0.0    22.08 R    43.3    15.1    25.3 -9999.0 -9999.0 -9999.0 -99.000 -99.000 -99.000 -99.000 -99.000 -9999.0 -9999.0 -9999.0 -9999.0 -9999.0
94085 20070612  1.301 -100.35   44.02    26.3    17.1    21.7    20.5    20.5     7.61 R    32.6    17.5    20.9 -9999.0 -9999.0 -9999.0 -99.000 -99.000 -99.000 -99.000 -99.000 -9999.0 -9999.0 -9999.0 -9999.0 -9999.0
94085 20070613  1.301 -100.35   44.02    21.4    16.6    19.0    18.6    19.2    10.84 R    25.3    17.1    19.6 -9999.0 -9999.0 -9999.0 -99.000 -99.000 -99.000 -99.000 -99.000 -9999.0 -9999.0 -9999.0 -9999.0 -9999.0
94085 20070614  1.301 -100.35   44.02    24.0    16.2    20.1    19.7     0.0    17.82 R    32.9    16.5    21.7 -9999.0 -9999.0 -9999.0 -99.000 -99.000 -99.000 -99.000 -99.000 -9999.0 -9999.0 -9999.0 -9999.0 -9999.0
94085 20070615  1.301 -100.35   44.02    28.1    14.2    21.1    21.3     0.0    28.41 R    41.7    13.9    24.4 -9999.0 -9999.0 -9999.0 -99.000 -99.000 -99.000 -99.000 -99.000 -9999.0 -9999.0 -9999.0 -9999.0 -9999.0
94085 20070616  1.301 -100.35   44.02    26.0    14.7    20.4    19.8     0.0    14.10 R    34.6    14.9    20.9 -9999.0 -9999.0 -9999.0 -99.000 -99.000 -99.000 -99.000 -99.000 -9999.0 -9999.0 -9999.0 -9999.0 -9999.0
94085 20070617  1.301 -100.35   44.02    30.9    16.9    23.9    23.6     8.3    22.69 R    41.1    16.9    24.8 -9999.0 -9999.0 -9999.0 -99.000 -99.000 -99.000 -99.000 -99.000 -9999.0 -9999.0 -9999.0 -9999.0 -9999.0
94085 20070618  1.301 -100.35   44.02    22.7    12.0    17.3    17.6     0.5    31.17 R    30.8    11.1    19.2 -9999.0 -9999.0 -9999.0 -99.000 -99.000 -99.000 -99.000 -99.000 -9999.0 -9999.0 -9999.0 -9999.0 -9999.0
94085 20070619  1.301 -100.35   44.02    25.3    11.8    18.6    18.8     0.0    29.61 R    37.7    10.7    21.5 -9999.0 -9999.0 -9999.0 -99.000 -99.000 -99.000 -99.000 -99.000 -9999.0 -9999.0 -9999.0 -9999.0 -9999.0
94085 20070620  1.301 -100.35   44.02    31.3    14.8    23.1    23.3     0.0    29.73 R    43.0    14.0    25.9 -9999.0 -9999.0 -9999.0 -99.000 -99.000 -99.000 -99.000 -99.000 -9999.0 -9999.0 -9999.0 -9999.0 -9999.0
94085 20070621  1.301 -100.35   44.02    29.1    18.1    23.6    22.6     0.0    23.67 R    39.8    17.6    24.7 -9999.0 -9999.0 -9999.0 -99.000 -99.000 -99.000 -99.000 -99.000 -9999.0 -9999.0 -9999.0 -9999.0 -9999.0
94085 20070622  1.301 -100.35   44.02    28.4    16.2    22.3    22.2     0.0    26.89 R    41.6    15.8    25.3 -9999.0 -9999.0 -9999.0 -99.000 -99.000 -99.000 -99.000 -99.000 -9999.0 -9999.0 -9999.0 -9999.0 -9999.0
94085 20070623  1.301 -100.35   44.02    31.4    16.9    24.2    24.5     0.0    30.57 R    43.8    16.7    27.3 -9999.0 -9999.0 -9999.0 -99.000 -99.000 -99.000 -99.000 -99.000 -9999.0 -9999.0 -9999.0 -9999.0 -9999.0
94085 20070624  1.301 -100.35   44.02    33.4    18.2    25.8    26.1     0.0    29.18 R    45.3    17.1    28.4 -9999.0 -9999.0 -9999.0 -99.000 -99.000 -99.000 -99.000 -99.000 -9999.0 -9999.0 -9999.0 -9999.0 -9999.0
94085 20070625  1.301 -100.35   44.02    36.4    21.4    28.9    28.4     0.0    29.40 R    46.5    20.1    30.2 -9999.0 -9999.0 -9999.0 -99.000 -99.000 -99.000 -99.000 -99.000 -9999.0 -9999.0 -9999.0 -9999.0 -9999.0
94085 20070626  1.301 -100.35   44.02    27.5    16.5    22.0    21.0     0.5    27.43 R    39.1    11.3    23.2 -9999.0 -9999.0 -9999.0 -99.000 -99.000 -99.000 -99.000 -99.000 -9999.0 -9999.0 -9999.0 -9999.0 -9999.0
94085 20070627  1.301 -100.35   44.02    26.5    14.7    20.6    21.0     0.0    30.56 R    44.4     9.7    23.7 -9999.0 -9999.0 -9999.0 -99.000 -99.000 -99.000 -99.000 -99.000 -9999.0 -9999.0 -9999.0 -9999.0 -9999.0
94085 20070628  1.301 -100.35   44.02    27.6    10.1    18.9    18.9     0.0    29.86 R    42.8    10.5    23.4 -9999.0 -9999.0 -9999.0 -99.000 -99.000 -99.000 -99.000 -99.000 -9999.0 -9999.0 -9999.0 -9999.0 -9999.0
94085 20070629  1.301 -100.35   44.02    30.5    12.6    21.6    21.8     0.0    30.11 R    47.1    12.4    25.8 -9999.0 -9999.0 -9999.0 -99.000 -99.000 -99.000 -99.000 -99.000 -9999.0 -9999.0 -9999.0 -9999.0 -9999.0
94085 20070630  1.301 -100.35   44.02    30.6    12.9    21.8    22.3     0.0    30.53 R    45.8    12.7    26.2 -9999.0 -9999.0 -9999.0 -99.000 -99.000 -99.000 -99.000 -99.000 -9999.0 -9999.0 -9999.0 -9999.0 -9999.0
94085 20070701  1.301 -100.35   44.02    32.6    15.8    24.2    24.5     0.0    28.64 R    47.2    15.3    28.1 -9999.0 -9999.0 -9999.0 -99.000 -99.000 -99.000 -99.000 -99.000 -9999.0 -9999.0 -9999.0 -9999.0 -9999.0
94085 20070702  1.301 -100.35   44.02    34.3    20.0    27.1    25.5     0.0    27.05 R    52.2    19.0    29.5 -9999.0 -9999.0 -9999.0 -99.000 -99.000 -99.000 -99.000 -99.000 -9999.0 -9999.0 -9999.0 -9999.0 -9999.0
94085 20070703  1.301 -100.35   44.02    30.5    18.0    24.3    23.7     0.0    18.86 R    41.9    14.4    24.8 -9999.0 -9999.0 -9999.0 -99.000 -99.000 -99.000 -99.000 -99.000 -9999.0 -9999.0 -9999.0 -9999.0 -9999.0
94085 20070704  1.301 -100.35   44.02    32.1    16.3    24.2    24.9     0.0    30.43 R    50.7    14.4    28.8 -9999.0 -9999.0 -9999.0 -99.000 -99.000 -99.000 -99.000 -99.000 -9999.0 -9999.0 -9999.0 -9999.0 -9999.0
94085 20070705  1.301 -100.35   44.02    33.7    16.9    25.3    25.0     0.3    26.42 R    52.7    15.2    28.2 -9999.0 -9999.0 -9999.0 -99.000 -99.000 -99.000 -99.000 -99.000 -9999.0 -9999.0 -9999.0 -9999.0 -9999.0
94085 20070706  1.301 -100.35   44.02    34.6    16.3    25.5    25.6     0.0    30.18 R    52.9    14.2    30.2 -9999.0 -9999.0 -9999.0 -99.000 -99.000 -99.000 -99.000 -99.000 -9999.0 -9999.0 -9999.0 -9999.0 -9999.0
94085 20070707  1.301 -100.35   44.02    42.3    18.5    30.4    31.5     0.0    29.32 R    59.9    17.0    34.1 -9999.0 -9999.0 -9999.0 -99.000 -99.000 -99.000 -99.000 -99.000 -9999.0 -9999.0 -9999.0 -9999.0 -9999.0
94085 20070708  1.301 -100.35   44.02    30.6    17.0    23.8    25.5     0.0    22.09 R    49.1    16.1    29.1 -9999.0 -9999.0 -9999.0 -99.000 -99.000 -99.000 -99.000 -99.000 -9999.0 -9999.0 -9999.0 -9999.0 -9999.0
94085 20070709  1.301 -100.35   44.02    32.9    15.3    24.1    23.7     1.5    27.39 R    53.5    14.7    29.4 -9999.0 -9999.0 -9999.0 -99.000 -99.000 -99.000 -99.000 -99.000 -9999.0 -9999.0 -9999.0 -9999.0 -9999.0
94085 20070710  1.301 -100.35   44.02    25.1    12.4    18.7    19.0     0.0    30.84 R    41.2    11.4    22.6 -9999.0 -9999.0 -9999.0 -99.000 -99.000 -99.000 -99.000 -99.000 -9999.0 -9999.0 -9999.0 -9999.0 -9999.0
94085 20070711  1.301 -100.35   44.02    27.4    10.6    19.0    19.4     0.0    27.75 R    51.0     9.2    24.0 -9999.0 -9999.0 -9999.0 -99.000 -99.000 -99.000 -99.000 -99.000 -9999.0 -9999.0 -9999.0 -9999.0 -9999.0
94085 20070712  1.301 -100.35   44.02    28.6    15.9    22.2    21.9     0.0    26.51 R    49.9    13.6    26.8 -9999.0 -9999.0 -9999.0 -99.000 -99.000 -99.000 -99.000 -99.000 -9999.0 -9999.0 -9999.0 -9999.0 -9999.0
94085 20070713  1.301 -100.35   44.02    33.1    13.3    23.2    24.5     0.0    29.78 R    55.1    11.4    29.1 -9999.0 -9999.0 -9999.0 -99.000 -99.000 -99.000 -99.000 -99.000 -9999.0 -9999.0 -9999.0 -9999.0 -9999.0
94085 20070714  1.301 -100.35   44.02    33.5    18.7    26.1    26.4     0.0    29.43 R    54.5    16.1    31.0 -9999.0 -9999.0 -9999.0 -99.000 -99.000 -99.000 -99.000 -99.000 -9999.0 -9999.0 -9999.0 -9999.0 -9999.0
94085 20070715  1.301 -100.35   44.02    33.0    16.0    24.5    24.5     0.0    22.54 R    51.1    15.5    28.0 -9999.0 -9999.0 -9999.0 -99.000 -99.000 -99.000 -99.000 -99.000 -9999.0 -9999.0 -9999.0 -9999.0 -9999.0
94085 20070716  1.301 -100.35   44.02    38.3    18.9    28.6    28.9     0.0    23.57 R    60.3    16.4    31.8 -9999.0 -9999.0 -9999.0 -99.000 -99.000 -99.000 -99.000 -99.000 -9999.0 -9999.0 -9999.0 -9999.0 -9999.0
94085 20070717  1.301 -100.35   44.02    36.6    20.9    28.8    28.3     0.0    19.54 R    53.9    16.5    30.2 -9999.0 -9999.0 -9999.0 -99.000 -99.000 -99.000 -99.000 -99.000 -9999.0 -9999.0 -9999.0 -9999.0 -9999.0
94085 20070718  1.301 -100.35   44.02    31.9    19.1    25.5    24.5     0.3    11.57 R    48.4    18.8    26.1 -9999.0 -9999.0 -9999.0 -99.000 -99.000 -99.000 -99.000 -99.000 -9999.0 -9999.0 -9999.0 -9999.0 -9999.0
94085 20070719  1.301 -100.35   44.02    31.4    17.3    24.3    24.0     0.0    28.72 R    52.7    16.8    29.3 -9999.0 -9999.0 -9999.0 -99.000 -99.000 -99.000 -99.000 -99.000 -9999.0 -9999.0 -9999.0 -9999.0 -9999.0
94085 20070720  1.301 -100.35   44.02    32.7    14.8    23.8    24.2     0.0    25.31 R    54.1    14.5    28.6 -9999.0 -9999.0 -9999.0 -99.000 -99.000 -99.000 -99.000 -99.000 -9999.0 -9999.0 -9999.0 -9999.0 -9999.0
94085 20070721  1.301 -100.35   44.02    40.9    20.4    30.6    30.3     0.0    26.54 R    59.5    19.8    34.7 -9999.0 -9999.0 -9999.0 -99.000 -99.000 -99.000 -99.000 -99.000 -9999.0 -9999.0 -9999.0 -9999.0 -9999.0
94085 20070722  1.301 -100.35   44.02    40.6    23.2    31.9    31.8     0.0    25.45 R    58.2    22.0    35.8 -9999.0 -9999.0 -9999.0 -99.000 -99.000 -99.000 -99.000 -99.000 -9999.0 -9999.0 -9999.0 -9999.0 -9999.0
94085 20070723  1.301 -100.35   44.02    40.7    22.8    31.7    31.7     0.0    26.69 R    59.3    20.1    35.7 -9999.0 -9999.0 -9999.0 -99.000 -99.000 -99.000 -99.000 -99.000 -9999.0 -9999.0 -9999.0 -9999.0 -9999.0
94085 20070724  1.301 -100.35   44.02    39.3    22.0    30.6    30.9     0.0    26.74 R    60.0    19.0    34.9 -9999.0 -9999.0 -9999.0 -99.000 -99.000 -99.000 -99.000 -99.000 -9999.0 -9999.0 -9999.0 -9999.0 -9999.0
94085 20070725  1.301 -100.35   44.02    42.2    21.4    31.8    32.1     0.0    27.76 R    60.4    20.0    36.6 -9999.0 -9999.0 -9999.0 -99.000 -99.000 -99.000 -99.000 -99.000 -9999.0 -9999.0 -9999.0 -9999.0 -9999.0
94085 20070726  1.301 -100.35   44.02    29.0    21.0    25.0    24.7     0.2    18.76 R    47.5    21.1    28.4 -9999.0 -9999.0 -9999.0 -99.000 -99.000 -99.000 -99.000 -99.000 -9999.0 -9999.0 -9999.0 -9999.0 -9999.0
94085 20070727  1.301 -100.35   44.02    31.3    15.9    23.6    23.9     0.0    25.07 R    52.6    14.3    29.6 -9999.0 -9999.0 -9999.0 -99.000 -99.000 -99.000 -99.000 -99.000 -9999.0 -9999.0 -9999.0 -9999.0 -9999.0
94085 20070728  1.301 -100.35   44.02    32.4    18.5    25.5    24.4     0.0    19.08 R    58.6    17.3    28.7 -9999.0 -9999.0 -9999.0 -99.000 -99.000 -99.000 -99.000 -99.000 -9999.0 -9999.0 -9999.0 -9999.0 -9999.0
94085 20070729  1.301 -100.35   44.02    33.1    16.0    24.6    24.9     0.0    28.54 R    54.6    13.0    30.2 -9999.0 -9999.0 -9999.0 -99.000 -99.000 -99.000 -99.000 -99.000 -9999.0 -9999.0 -9999.0 -9999.0 -9999.0
94085 20070730  1.301 -100.35   44.02    34.5    17.2    25.8    25.9     0.0    25.99 R    57.5    15.4    30.8 -9999.0 -9999.0 -9999.0 -99.000 -99.000 -99.000 -99.000 -99.000 -9999.0 -9999.0 -9999.0 -9999.0 -9999.0
94085 20070731  1.301 -100.35   44.02    35.4    20.5    27.9    28.0     0.0    27.07 R    54.5    19.5    33.1 -9999.0 -9999.0 -9999.0 -99.000 -99.000 -99.000 -99.000 -99.000 -9999.0 -9999.0 -9999.0 -9999.0 -9999.0
94085 20070801  1.301 -100.35   44.02    33.1    18.7    25.9    25.9     0.3    21.75 R    52.5    17.0    29.3 -9999.0 -9999.0 -9999.0 -99.000 -99.000 -99.000 -99.000 -99.000 -9999.0 -9999.0 -9999.0 -9999.0 -9999.0
94085 20070802  1.301 -100.35   44.02    32.4    15.3    23.8    24.2     0.0    24.78 R    54.7    13.4    28.5 -9999.0 -9999.0 -9999.0 -99.000 -99.000 -99.000 -99.000 -99.000 -9999.0 -9999.0 -9999.0 -9999.0 -9999.0
94085 20070803  1.301 -100.35   44.02    22.2    16.0    19.1    20.0    21.2     3.28 R    23.7    16.9    20.4 -9999.0 -9999.0 -9999.0 -99.000 -99.000 -99.000 -99.000 -99.000 -9999.0 -9999.0 -9999.0 -9999.0 -9999.0
94085 20070804  1.301 -100.35   44.02    26.9    16.2    21.5    20.1     0.0    16.48 R    37.9    16.5    22.8 -9999.0 -9999.0 -9999.0 -99.000 -99.000 -99.000 -99.000 -99.000 -9999.0 -9999.0 -9999.0 -9999.0 -9999.0
94085 20070805  1.301 -100.35   44.02    33.2    15.5    24.3    23.6     0.0    22.77 R    49.6    15.6    27.3 -9999.0 -9999.0 -9999.0 -99.000 -99.000 -99.000 -99.000 -99.000 -9999.0 -9999.0 -9999.0 -9999.0 -9999.0
94085 20070806  1.301 -100.35   44.02    35.5    19.7    27.6    25.2     0.0    19.66 R    49.6    17.8    28.2 -9999.0 -9999.0 -9999.0 -99.000 -99.000 -99.000 -99.000 -99.000 -9999.0 -9999.0 -9999.0 -9999.0 -9999.0
94085 20070807  1.301 -100.35   44.02    33.3    17.9    25.6    25.1     0.0    18.06 R    49.6    16.6    26.9 -9999.0 -9999.0 -9999.0 -99.000 -99.000 -99.000 -99.000 -99.000 -9999.0 -9999.0 -9999.0 -9999.0 -9999.0
94085 20070808  1.301 -100.35   44.02    35.6    19.7    27.7    26.2     0.0    19.33 R    52.6    17.7    28.7 -9999.0 -9999.0 -9999.0 -99.000 -99.000 -99.000 -99.000 -99.000 -9999.0 -9999.0 -9999.0 -9999.0 -9999.0
94085 20070809  1.301 -100.35   44.02    37.1    17.6    27.3    27.6     0.0    26.39 R    54.5    16.6    31.1 -9999.0 -9999.0 -9999.0 -99.000 -99.000 -99.000 -99.000 -99.000 -9999.0 -9999.0 -9999.0 -9999.0 -9999.0
94085 20070810  1.301 -100.35   44.02    33.3    20.4    26.8    27.0     0.0    24.19 R    50.5    19.3    30.2 -9999.0 -9999.0 -9999.0 -99.000 -99.000 -99.000 -99.000 -99.000 -9999.0 -9999.0 -9999.0 -9999.0 -9999.0
94085 20070811  1.301 -100.35   44.02    33.0    20.0    26.5    27.0     0.0    25.98 R    50.5    19.2    30.8 -9999.0 -9999.0 -9999.0 -99.000 -99.000 -99.000 -99.000 -99.000 -9999.0 -9999.0 -9999.0 -9999.0 -9999.0
94085 20070812  1.301 -100.35   44.02    29.5    13.6    21.5    21.4     0.0    22.72 R    49.5    13.2    25.9 -9999.0 -9999.0 -9999.0 -99.000 -99.000 -99.000 -99.000 -99.000 -9999.0 -9999.0 -9999.0 -9999.0 -9999.0
94085 20070813  1.302 -100.35   44.02 -9999.0 -9999.0 -9999.0 -9999.0     0.0 -9999.00 U -9999.0 -9999.0 -9999.0 -9999.0 -9999.0 -9999.0 -99.000 -99.000 -99.000 -99.000 -99.000 -9999.0 -9999.0 -9999.0 -9999.0 -9999.0
94085 20070814  1.302 -100.35   44.02    32.9    21.2    27.1    25.3     0.0    21.93 R    51.1    19.2    29.4 -9999.0 -9999.0 -9999.0 -99.000 -99.000 -99.000 -99.000 -99.000 -9999.0 -9999.0 -9999.0 -9999.0 -9999.0
94085 20070815  1.302 -100.35   44.02    31.7    18.2    25.0    23.8     1.8    19.30 R    49.1    15.1    27.3 -9999.0 -9999.0 -9999.0 -99.000 -99.000 -99.000 -99.000 -99.000 -9999.0 -9999.0 -9999.0 -9999.0 -9999.0
94085 20070816  1.302 -100.35   44.02    28.9    17.4    23.2    22.5     0.0    20.63 R    42.7    16.8    24.9 -9999.0 -9999.0 -9999.0 -99.000 -99.000 -99.000 -99.000 -99.000 -9999.0 -9999.0 -9999.0 -9999.0 -9999.0
94085 20070817  1.302 -100.35   44.02    24.7    17.6    21.1    20.8     0.0     4.94 R    31.4    16.9    21.7 -9999.0 -9999.0 -9999.0 -99.000 -99.000 -99.000 -99.000 -99.000 -9999.0 -9999.0 -9999.0 -9999.0 -9999.0
94085 20070818  1.302 -100.35   44.02    29.4    18.0    23.7    22.2     0.0    18.96 R    51.9    18.3    27.1 -9999.0 -9999.0 -9999.0 -99.000 -99.000 -99.000 -99.000 -99.000 -9999.0 -9999.0 -9999.0 -9999.0 -9999.0
94085 20070819  1.302 -100.35   44.02    23.7    15.5    19.6    18.0     9.0    10.86 R    38.2    16.4    20.8 -9999.0 -9999.0 -9999.0 -99.000 -99.000 -99.000 -99.000 -99.000 -9999.0 -9999.0 -9999.0 -9999.0 -9999.0
94085 20070820  1.302 -100.35   44.02    29.2    16.3    22.7    22.1     5.6    16.84 R    42.7    15.1    23.2 -9999.0 -9999.0 -9999.0 -99.000 -99.000 -99.000 -99.000 -99.000 -9999.0 -9999.0 -9999.0 -9999.0 -9999.0
94085 20070821  1.302 -100.35   44.02    29.6    15.6    22.6    22.1     0.0    19.23 R    44.6    13.6    24.2 -9999.0 -9999.0 -9999.0 -99.000 -99.000 -99.000 -99.000 -99.000 -9999.0 -9999.0 -9999.0 -9999.0 -9999.0
94085 20070822  1.302 -100.35   44.02    25.9    16.6    21.2    20.9     0.5    10.20 R    36.9    13.8    21.4 -9999.0 -9999.0 -9999.0 -99.000 -99.000 -99.000 -99.000 -99.000 -9999.0 -9999.0 -9999.0 -9999.0 -9999.0
94085 20070823  1.302 -100.35   44.02    22.5    13.9    18.2    17.9    17.9    10.18 R    33.9    11.0    18.4 -9999.0 -9999.0 -9999.0 -99.000 -99.000 -99.000 -99.000 -99.000 -9999.0 -9999.0 -9999.0 -9999.0 -9999.0
94085 20070824  1.302 -100.35   44.02    23.3    12.0    17.6    16.7     1.0    13.22 R    35.5    10.2    17.8 -9999.0 -9999.0 -9999.0 -99.000 -99.000 -99.000 -99.000 -99.000 -9999.0 -9999.0 -9999.0 -9999.0 -9999.0
94085 20070825  1.302 -100.35   44.02    24.2    12.3    18.3    17.1     0.0    17.61 R    37.2    13.2    20.2 -9999.0 -9999.0 -9999.0 -99.000 -99.000 -99.000 -99.000 -99.000 -9999.0 -9999.0 -9999.0 -9999.0 -9999.0
94085 20070826  1.302 -100.35   44.02    33.9    17.7    25.8    25.2     0.0    23.57 R    45.2    16.4    27.3 -9999.0 -9999.0 -9999.0 -99.000 -99.000 -99.000 -99.000 -99.000 -9999.0 -9999.0 -9999.0 -9999.0 -9999.0
94085 20070827  1.302 -100.35   44.02    28.4    17.2    22.8    22.2     0.0     9.73 R    37.3    18.1    23.0 -9999.0 -9999.0 -9999.0 -99.000 -99.000 -99.000 -99.000 -99.000 -9999.0 -9999.0 -9999.0 -9999.0 -9999.0
94085 20070828  1.302 -100.35   44.02    17.8    12.9    15.4    16.5     0.0     4.10 R    22.9    12.7    18.0 -9999.0 -9999.0 -9999.0 -99.000 -99.000 -99.000 -99.000 -99.000 -9999.0 -9999.0 -9999.0 -9999.0 -9999.0
94085 20070829  1.302 -100.35   44.02    24.5     9.5    17.0    16.8     0.0    20.74 R    42.8     7.6    19.8 -9999.0 -9999.0 -9999.0 -99.000 -99.000 -99.000 -99.000 -99.000 -9999.0 -9999.0 -9999.0 -9999.0 -9999.0
94085 20070830  1.302 -100.35   44.02    30.9    13.7    22.3    22.0     0.0    22.67 R    43.8    13.3    24.8 -9999.0 -9999.0 -9999.0 -99.000 -99.000 -99.000 -99.000 -99.000 -9999.0 -9999.0 -9999.0 -9999.0 -9999.0
94085 20070831  1.302 -100.35   44.02    34.9    15.6    25.2    24.8     0.0    22.88 R    46.6    14.4    26.8 -9999.0 -9999.0 -9999.0 -99.000 -99.000 -99.000 -99.000 -99.000 -9999.0 -9999.0 -9999.0 -9999.0 -9999.0
94085 20070901  1.302 -100.35   44.02    36.4    18.9    27.6    27.4     0.0    21.86 R    51.7    17.3    28.2 -9999.0 -9999.0 -9999.0 -99.000 -99.000 -99.000 -99.000 -99.000 -9999.0 -9999.0 -9999.0 -9999.0 -9999.0
94085 20070902  1.302 -100.35   44.02    34.1    17.2    25.6    25.5     0.0    22.77 R    47.5    13.7    27.0 -9999.0 -9999.0 -9999.0 -99.000 -99.000 -99.000 -99.000 -99.000 -9999.0 -9999.0 -9999.0 -9999.0 -9999.0
94085 20070903  1.302 -100.35   44.02    38.1    20.6    29.4    28.2     0.0    22.14 R    50.6    18.2    29.7 -9999.0 -9999.0 -9999.0 -99.000 -99.000 -99.000 -99.000 -99.000 -9999.0 -9999.0 -9999.0 -9999.0 -9999.0
94085 20070904  1.302 -100.35   44.02    38.4    17.8    28.1    27.5     0.0    22.80 R    52.1    14.9    29.2 -9999.0 -9999.0 -9999.0 -99.000 -99.000 -99.000 -99.000 -99.000 -9999.0 -9999.0 -9999.0 -9999.0 -9999.0
94085 20070905  1.302 -100.35   44.02    37.1    18.8    27.9    27.1     0.0    22.07 R    49.9    16.5    29.3 -9999.0 -9999.0 -9999.0 -99.000 -99.000 -99.000 -99.000 -99.000 -9999.0 -9999.0 -9999.0 -9999.0 -9999.0
94085 20070906  1.302 -100.35   44.02    21.1    13.6    17.3    17.2     5.0     5.70 R    27.2    13.1    17.8 -9999.0 -9999.0 -9999.0 -99.000 -99.000 -99.000 -99.000 -99.000 -9999.0 -9999.0 -9999.0 -9999.0 -9999.0
94085 20070907  1.302 -100.35   44.02    24.7    10.4    17.6    17.3     0.0    22.58 R    37.7    10.2    19.5 -9999.0 -9999.0 -9999.0 -99.000 -99.000 -99.000 -99.000 -99.000 -9999.0 -9999.0 -9999.0 -9999.0 -9999.0
94085 20070908  1.302 -100.35   44.02    23.6     9.1    16.3    15.5     0.0    15.09 R    35.3     9.1    17.4 -9999.0 -9999.0 -9999.0 -99.000 -99.000 -99.000 -99.000 -99.000 -9999.0 -9999.0 -9999.0 -9999.0 -9999.0
94085 20070909  1.302 -100.35   44.02    12.6     5.4     9.0     8.8     5.4     4.92 R    21.7     3.1    10.5 -9999.0 -9999.0 -9999.0 -99.000 -99.000 -99.000 -99.000 -99.000 -9999.0 -9999.0 -9999.0 -9999.0 -9999.0
94085 20070910  1.302 -100.35   44.02    20.0     5.3    12.6    12.6     0.0    22.52 R    30.3     5.0    14.5 -9999.0 -9999.0 -9999.0 -99.000 -99.000 -99.000 -99.000 -99.000 -9999.0 -9999.0 -9999.0 -9999.0 -9999.0
94085 20070911  1.302 -100.35   44.02    20.9     7.2    14.1    14.4     0.0    20.94 R    35.6     6.1    17.6 -9999.0 -9999.0 -9999.0 -99.000 -99.000 -99.000 -99.000 -99.000 -9999.0 -9999.0 -9999.0 -9999.0 -9999.0
94085 20070912  1.302 -100.35   44.02    31.1     7.6    19.3    19.0     0.0    21.20 R    42.5     7.0    19.7 -9999.0 -9999.0 -9999.0 -99.000 -99.000 -99.000 -99.000 -99.000 -9999.0 -9999.0 -9999.0 -9999.0 -9999.0
94085 20070913  1.302 -100.35   44.02    18.2     2.8    10.5    11.5     0.0    19.71 R    28.7     1.6    13.4 -9999.0 -9999.0 -9999.0 -99.000 -99.000 -99.000 -99.000 -99.000 -9999.0 -9999.0 -9999.0 -9999.0 -9999.0
94085 20070914  1.302 -100.35   44.02    16.0     0.2     8.1     7.3     0.0    22.46 R    34.3    -0.1    11.4 -9999.0 -9999.0 -9999.0 -99.000 -99.000 -99.000 -99.000 -99.000 -9999.0 -9999.0 -9999.0 -9999.0 -9999.0
94085 20070915  1.302 -100.35   44.02    27.7     3.7    15.7    15.5     0.0    18.82 R    42.7     3.1    16.6 -9999.0 -9999.0 -9999.0 -99.000 -99.000 -99.000 -99.000 -99.000 -9999.0 -9999.0 -9999.0 -9999.0 -9999.0
94085 20070916  1.302 -100.35   44.02    31.7     8.9    20.3    20.8     0.0    19.20 R    43.1     4.8    21.1 -9999.0 -9999.0 -9999.0 -99.000 -99.000 -99.000 -99.000 -99.000 -9999.0 -9999.0 -9999.0 -9999.0 -9999.0
94085 20070917  1.302 -100.35   44.02    27.5    13.4    20.4    21.1     0.0     4.66 R    30.3     9.4    18.8 -9999.0 -9999.0 -9999.0 -99.000 -99.000 -99.000 -99.000 -99.000 -9999.0 -9999.0 -9999.0 -9999.0 -9999.0
94085 20070918  1.302 -100.35   44.02    17.8     7.8    12.8    13.4     0.0    11.82 R    34.3     3.5    14.3 -9999.0 -9999.0 -9999.0 -99.000 -99.000 -99.000 -99.000 -99.000 -9999.0 -9999.0 -9999.0 -9999.0 -9999.0
94085 20070919  1.302 -100.35   44.02    22.5     6.7    14.6    14.4     0.0    17.33 R    36.3     3.0    16.8 -9999.0 -9999.0 -9999.0 -99.000 -99.000 -99.000 -99.000 -99.000 -9999.0 -9999.0 -9999.0 -9999.0 -9999.0
94085 20070920  1.302 -100.35   44.02    33.8    15.8    24.8    24.5     0.0    19.05 R    47.4    14.0    25.5 -9999.0 -9999.0 -9999.0 -99.000 -99.000 -99.000 -99.000 -99.000 -9999.0 -9999.0 -9999.0 -9999.0 -9999.0
94085 20070921  1.302 -100.35   44.02    23.9     9.8    16.8    17.3     0.0    19.85 R    33.2     2.7    16.9 -9999.0 -9999.0 -9999.0 -99.000 -99.000 -99.000 -99.000 -99.000 -9999.0 -9999.0 -9999.0 -9999.0 -9999.0
94085 20070922  1.302 -100.35   44.02    33.7     6.7    20.2    21.3     0.0    19.09 R    41.6     2.9    21.3 -9999.0 -9999.0 -9999.0 -99.000 -99.000 -99.000 -99.000 -99.000 -9999.0 -9999.0 -9999.0 -9999.0 -9999.0
94085 20070923  1.302 -100.35   44.02    35.8    15.4    25.6    25.4     1.6    18.08 R    45.0    15.5    26.7 -9999.0 -9999.0 -9999.0 -99.000 -99.000 -99.000 -99.000 -99.000 -9999.0 -9999.0 -9999.0 -9999.0 -9999.0
94085 20070924  1.302 -100.35   44.02    15.6     9.1    12.4    13.0     3.4     5.59 R    19.3     8.7    13.5 -9999.0 -9999.0 -9999.0 -99.000 -99.000 -99.000 -99.000 -99.000 -9999.0 -9999.0 -9999.0 -9999.0 -9999.0
94085 20070925  1.302 -100.35   44.02    17.4     6.8    12.1    11.4     0.0    19.32 R    29.8     5.0    13.4 -9999.0 -9999.0 -9999.0 -99.000 -99.000 -99.000 -99.000 -99.000 -9999.0 -9999.0 -9999.0 -9999.0 -9999.0
94085 20070926  1.302 -100.35   44.02    22.2     5.1    13.6    14.0     0.0    18.46 R    31.4     2.9    14.2 -9999.0 -9999.0 -9999.0 -99.000 -99.000 -99.000 -99.000 -99.000 -9999.0 -9999.0 -9999.0 -9999.0 -9999.0
94085 20070927  1.302 -100.35   44.02    20.4     7.1    13.7    14.6     0.0    19.11 R    35.7     4.9    16.0 -9999.0 -9999.0 -9999.0 -99.000 -99.000 -99.000 -99.000 -99.000 -9999.0 -9999.0 -9999.0 -9999.0 -9999.0
94085 20070928  1.302 -100.35   44.02    29.9     5.7    17.8    19.2     0.0    16.98 R    39.5     4.4    19.5 -9999.0 -9999.0 -9999.0 -99.000 -99.000 -99.000 -99.000 -99.000 -9999.0 -9999.0 -9999.0 -9999.0 -9999.0
94085 20070929  1.302 -100.35   44.02    32.9    18.3    25.6    24.0     2.2    13.70 R    45.0    15.4    24.1 -9999.0 -9999.0 -9999.0 -99.000 -99.000 -99.000 -99.000 -99.000 -9999.0 -9999.0 -9999.0 -9999.0 -9999.0
94085 20070930  1.302 -100.35   44.02    19.6     9.8    14.7    13.3    17.9    14.89 R    24.5     3.7    12.6 -9999.0 -9999.0 -9999.0 -99.000 -99.000 -99.000 -99.000 -99.000 -9999.0 -9999.0 -9999.0 -9999.0 -9999.0
94085 20071001  1.302 -100.35   44.02    30.1     5.3    17.7    17.7     0.0    18.27 R    35.1     3.1    16.8 -9999.0 -9999.0 -9999.0 -99.000 -99.000 -99.000 -99.000 -99.000 -9999.0 -9999.0 -9999.0 -9999.0 -9999.0
94085 20071002  1.302 -100.35   44.02    20.4     7.7    14.0    16.0     0.0    14.14 R    26.7     5.1    15.1 -9999.0 -9999.0 -9999.0 -99.000 -99.000 -99.000 -99.000 -99.000 -9999.0 -9999.0 -9999.0 -9999.0 -9999.0
94085 20071003  1.302 -100.35   44.02    29.2     4.2    16.7    16.9     0.0    17.09 R    35.4     0.7    15.6 -9999.0 -9999.0 -9999.0 -99.000 -99.000 -99.000 -99.000 -99.000 -9999.0 -9999.0 -9999.0 -9999.0 -9999.0
94085 20071004  1.302 -100.35   44.02    23.3     6.7    15.0    15.5     0.0    17.09 R    32.8     5.0    16.2 -9999.0 -9999.0 -9999.0 -99.000 -99.000 -99.000 -99.000 -99.000 -9999.0 -9999.0 -9999.0 -9999.0 -9999.0
94085 20071005  1.302 -100.35   44.02    20.7    11.2    15.9    14.7     0.0     5.46 R    30.5    10.5    15.8 -9999.0 -9999.0 -9999.0 -99.000 -99.000 -99.000 -99.000 -99.000 -9999.0 -9999.0 -9999.0 -9999.0 -9999.0
94085 20071006  1.302 -100.35   44.02    23.0     7.1    15.0    15.3    13.2    15.80 R    31.1     7.8    16.8 -9999.0 -9999.0 -9999.0 -99.000 -99.000 -99.000 -99.000 -99.000 -9999.0 -9999.0 -9999.0 -9999.0 -9999.0
94085 20071007  1.302 -100.35   44.02    11.4     5.0     8.2     7.6     1.4     6.87 R    18.8     2.4     8.6 -9999.0 -9999.0 -9999.0 -99.000 -99.000 -99.000 -99.000 -99.000 -9999.0 -9999.0 -9999.0 -9999.0 -9999.0
94085 20071008  1.302 -100.35   44.02    19.6     2.2    10.9    10.6     0.0    15.95 R    22.8     0.7    10.3 -9999.0 -9999.0 -9999.0 -99.000 -99.000 -99.000 -99.000 -99.000 -9999.0 -9999.0 -9999.0 -9999.0 -9999.0
94085 20071009  1.302 -100.35   44.02    16.5     4.3    10.4    11.9     0.0    16.45 R    26.8     2.1    12.5 -9999.0 -9999.0 -9999.0 -99.000 -99.000 -99.000 -99.000 -99.000 -9999.0 -9999.0 -9999.0 -9999.0 -9999.0
94085 20071010  1.302 -100.35   44.02    10.7     0.5     5.6     5.1     0.0    14.88 R    23.2    -1.4     7.1 -9999.0 -9999.0 -9999.0 -99.000 -99.000 -99.000 -99.000 -99.000 -9999.0 -9999.0 -9999.0 -9999.0 -9999.0
94085 20071011  1.302 -100.35   44.02    19.7    -0.5     9.6     8.6     0.0    15.32 R    28.7    -0.1     9.3 -9999.0 -9999.0 -9999.0 -99.000 -99.000 -99.000 -99.000 -99.000 -9999.0 -9999.0 -9999.0 -9999.0 -9999.0
94085 20071012  1.302 -100.35   44.02    18.5     4.4    11.4    11.6     0.0    14.92 R    30.0     2.3    12.5 -9999.0 -9999.0 -9999.0 -99.000 -99.000 -99.000 -99.000 -99.000 -9999.0 -9999.0 -9999.0 -9999.0 -9999.0
94085 20071013  1.302 -100.35   44.02    12.7     6.4     9.5     9.5     8.6     2.98 R    16.8     6.1     9.9 -9999.0 -9999.0 -9999.0 -99.000 -99.000 -99.000 -99.000 -99.000 -9999.0 -9999.0 -9999.0 -9999.0 -9999.0
94085 20071014  1.302 -100.35   44.02     7.8     5.6     6.7     7.0     5.4     0.97 R    14.3     6.0     7.6 -9999.0 -9999.0 -9999.0 -99.000 -99.000 -99.000 -99.000 -99.000 -9999.0 -9999.0 -9999.0 -9999.0 -9999.0
94085 20071015  1.302 -100.35   44.02     5.8     4.9     5.3     5.3    11.1     1.18 R     9.1     5.6     6.1 -9999.0 -9999.0 -9999.0 -99.000 -99.000 -99.000 -99.000 -99.000 -9999.0 -9999.0 -9999.0 -9999.0 -9999.0
94085 20071016  1.302 -100.35   44.02     8.1     4.9     6.5     6.3     0.7     2.83 R    13.0     5.0     7.5 -9999.0 -9999.0 -9999.0 -99.000 -99.000 -99.000 -99.000 -99.000 -9999.0 -9999.0 -9999.0 -9999.0 -9999.0
94085 20071017  1.302 -100.35   44.02    12.3     5.0     8.6     8.9     2.2     1.87 R    18.4     4.7     9.4 -9999.0 -9999.0 -9999.0 -99.000 -99.000 -99.000 -99.000 -99.000 -9999.0 -9999.0 -9999.0 -9999.0 -9999.0
94085 20071018  1.302 -100.35   44.02    10.6     6.4     8.5     8.7    11.2     1.24 R    12.4     5.1     8.4 -9999.0 -9999.0 -9999.0 -99.000 -99.000 -99.000 -99.000 -99.000 -9999.0 -9999.0 -9999.0 -9999.0 -9999.0
94085 20071019  1.302 -100.35   44.02    18.2     2.5    10.4    10.2     0.0    14.44 R    22.3     1.3     8.6 -9999.0 -9999.0 -9999.0 -99.000 -99.000 -99.000 -99.000 -99.000 -9999.0 -9999.0 -9999.0 -9999.0 -9999.0
94085 20071020  1.302 -100.35   44.02    17.1     6.3    11.7    11.0     8.4     8.14 R    27.5     3.5    10.3 -9999.0 -9999.0 -9999.0 -99.000 -99.000 -99.000 -99.000 -99.000 -9999.0 -9999.0 -9999.0 -9999.0 -9999.0
94085 20071021  1.302 -100.35   44.02     9.7     2.5     6.1     6.6     0.9     7.75 R    15.3     1.1     6.5 -9999.0 -9999.0 -9999.0 -99.000 -99.000 -99.000 -99.000 -99.000 -9999.0 -9999.0 -9999.0 -9999.0 -9999.0
94085 20071022  1.302 -100.35   44.02    14.3    -0.1     7.1     6.9     0.0    13.46 R    18.0    -0.9     6.2 -9999.0 -9999.0 -9999.0 -99.000 -99.000 -99.000 -99.000 -99.000 -9999.0 -9999.0 -9999.0 -9999.0 -9999.0
94085 20071023  1.302 -100.35   44.02    21.5     4.5    13.0    12.3     0.0    13.11 R    23.7     1.6    10.7 -9999.0 -9999.0 -9999.0 -99.000 -99.000 -99.000 -99.000 -99.000 -9999.0 -9999.0 -9999.0 -9999.0 -9999.0
94085 20071024  1.302 -100.35   44.02    20.3     3.8    12.0    11.0     0.0    13.46 R    24.6    -0.4     9.4 -9999.0 -9999.0 -9999.0 -99.000 -99.000 -99.000 -99.000 -99.000 -9999.0 -9999.0 -9999.0 -9999.0 -9999.0
94085 20071025  1.302 -100.35   44.02    25.6     7.7    16.6    15.4     0.0    13.53 R    29.2     2.2    12.8 -9999.0 -9999.0 -9999.0 -99.000 -99.000 -99.000 -99.000 -99.000 -9999.0 -9999.0 -9999.0 -9999.0 -9999.0
94085 20071026  1.302 -100.35   44.02    12.5     1.1     6.8     6.4     0.0    10.72 R    18.9    -1.4     7.0 -9999.0 -9999.0 -9999.0 -99.000 -99.000 -99.000 -99.000 -99.000 -9999.0 -9999.0 -9999.0 -9999.0 -9999.0
94085 20071027  1.302 -100.35   44.02    10.0    -1.3     4.4     3.9     0.0    13.13 R    19.3    -2.9     4.0 -9999.0 -9999.0 -9999.0 -99.000 -99.000 -99.000 -99.000 -99.000 -9999.0 -9999.0 -9999.0 -9999.0 -9999.0
94085 20071028  1.302 -100.35   44.02    19.5    -3.7     7.9     8.2     0.0    12.62 R    23.9    -3.8     6.1 -9999.0 -9999.0 -9999.0 -99.000 -99.000 -99.000 -99.000 -99.000 -9999.0 -9999.0 -9999.0 -9999.0 -9999.0
94085 20071029  1.302 -100.35   44.02    23.4     6.9    15.1    14.3     0.0    12.78 R    27.6     0.3    10.8 -9999.0 -9999.0 -9999.0 -99.000 -99.000 -99.000 -99.000 -99.000 -9999.0 -9999.0 -9999.0 -9999.0 -9999.0
94085 20071030  1.302 -100.35   44.02    23.7     6.5    15.1    13.0     0.0     6.96 R    25.2     1.2    10.9 -9999.0 -9999.0 -9999.0 -99.000 -99.000 -99.000 -99.000 -99.000 -9999.0 -9999.0 -9999.0 -9999.0 -9999.0
94085 20071031  1.302 -100.35   44.02    11.8    -1.4     5.2     5.2     0.0    12.60 R    16.4    -5.3     3.6 -9999.0 -9999.0 -9999.0 -99.000 -99.000 -99.000 -99.000 -99.000 -9999.0 -9999.0 -9999.0 -9999.0 -9999.0
94085 20071101  1.302 -100.35   44.02    17.5    -0.9     8.3     8.5     0.0    12.12 R    22.2    -5.7     6.1 -9999.0 -9999.0 -9999.0 -99.000 -99.000 -99.000 -99.000 -99.000 -9999.0 -9999.0 -9999.0 -9999.0 -9999.0
94085 20071102  1.302 -100.35   44.02    11.2     0.6     5.9     5.6     0.0    12.22 R    15.9    -3.1     4.7 -9999.0 -9999.0 -9999.0 -99.000 -99.000 -99.000 -99.000 -99.000 -9999.0 -9999.0 -9999.0 -9999.0 -9999.0
94085 20071103  1.302 -100.35   44.02    14.4    -3.5     5.4     5.3     0.0     9.10 R    17.4    -7.9     3.7 -9999.0 -9999.0 -9999.0 -99.000 -99.000 -99.000 -99.000 -99.000 -9999.0 -9999.0 -9999.0 -9999.0 -9999.0
94085 20071104  1.302 -100.35   44.02    21.0     2.4    11.7    11.3     0.0    10.78 R    23.7    -0.6    10.4 -9999.0 -9999.0 -9999.0 -99.000 -99.000 -99.000 -99.000 -99.000 -9999.0 -9999.0 -9999.0 -9999.0 -9999.0
94085 20071105  1.302 -100.35   44.02     6.7    -7.2    -0.3     1.9     0.0    11.79 R    10.2    -8.8     1.8 -9999.0 -9999.0 -9999.0 -99.000 -99.000 -99.000 -99.000 -99.000 -9999.0 -9999.0 -9999.0 -9999.0 -9999.0
94085 20071106  1.302 -100.35   44.02     4.6    -7.5    -1.5    -1.8     0.0    11.56 R    13.7   -11.1    -0.7 -9999.0 -9999.0 -9999.0 -99.000 -99.000 -99.000 -99.000 -99.000 -9999.0 -9999.0 -9999.0 -9999.0 -9999.0
94085 20071107  1.302 -100.35   44.02    12.2    -4.2     4.0     5.2     0.0     4.87 R    15.5    -6.6     4.0 -9999.0 -9999.0 -9999.0 -99.000 -99.000 -99.000 -99.000 -99.000 -9999.0 -9999.0 -9999.0 -9999.0 -9999.0
94085 20071108  1.302 -100.35   44.02    14.9    -0.8     7.0     6.6     0.0     7.73 R    23.6    -4.9     5.7 -9999.0 -9999.0 -9999.0 -99.000 -99.000 -99.000 -99.000 -99.000 -9999.0 -9999.0 -9999.0 -9999.0 -9999.0
94085 20071109  1.302 -100.35   44.02    10.2     0.3     5.3     5.4     0.0     9.37 R    18.0    -2.6     5.9 -9999.0 -9999.0 -9999.0 -99.000 -99.000 -99.000 -99.000 -99.000 -9999.0 -9999.0 -9999.0 -9999.0 -9999.0
94085 20071110  1.302 -100.35   44.02    15.2     1.6     8.4     7.4     0.0     9.47 R    20.2    -1.1     6.4 -9999.0 -9999.0 -9999.0 -99.000 -99.000 -99.000 -99.000 -99.000 -9999.0 -9999.0 -9999.0 -9999.0 -9999.0
94085 20071111  1.302 -100.35   44.02    13.5     4.3     8.9     9.1     0.0     5.74 R    17.6     2.2     8.0 -9999.0 -9999.0 -9999.0 -99.000 -99.000 -99.000 -99.000 -99.000 -9999.0 -9999.0 -9999.0 -9999.0 -9999.0
94085 20071112  1.302 -100.35   44.02    13.0     3.3     8.1     7.1     0.0     9.84 R    17.4    -0.1     6.4 -9999.0 -9999.0 -9999.0 -99.000 -99.000 -99.000 -99.000 -99.000 -9999.0 -9999.0 -9999.0 -9999.0 -9999.0
94085 20071113  1.302 -100.35   44.02    19.4     3.7    11.5    10.7     0.0     7.04 R    21.9     1.5     9.5 -9999.0 -9999.0 -9999.0 -99.000 -99.000 -99.000 -99.000 -99.000 -9999.0 -9999.0 -9999.0 -9999.0 -9999.0
94085 20071114  1.302 -100.35   44.02     6.9    -2.5     2.2     3.5     0.0     9.78 R     9.8    -4.2     2.8 -9999.0 -9999.0 -9999.0 -99.000 -99.000 -99.000 -99.000 -99.000 -9999.0 -9999.0 -9999.0 -9999.0 -9999.0
94085 20071115  1.302 -100.35   44.02    11.8    -5.6     3.1     2.4     0.0     9.23 R    16.4    -6.4     1.5 -9999.0 -9999.0 -9999.0 -99.000 -99.000 -99.000 -99.000 -99.000 -9999.0 -9999.0 -9999.0 -9999.0 -9999.0
94085 20071116  1.302 -100.35   44.02    16.2     3.7     9.9     9.6     0.0     7.06 R    21.8     0.3     8.1 -9999.0 -9999.0 -9999.0 -99.000 -99.000 -99.000 -99.000 -99.000 -9999.0 -9999.0 -9999.0 -9999.0 -9999.0
94085 20071117  1.302 -100.35   44.02     9.9     1.4     5.6     5.3     0.0     8.39 R    16.1     0.9     5.3 -9999.0 -9999.0 -9999.0 -99.000 -99.000 -99.000 -99.000 -99.000 -9999.0 -9999.0 -9999.0 -9999.0 -9999.0
94085 20071118  1.302 -100.35   44.02    13.1    -0.8     6.2     4.6     0.4     6.67 R    15.5    -0.9     4.0 -9999.0 -9999.0 -9999.0 -99.000 -99.000 -99.000 -99.000 -99.000 -9999.0 -9999.0 -9999.0 -9999.0 -9999.0
94085 20071119  1.302 -100.35   44.02    10.3    -0.6     4.9     4.0     0.0     9.41 R    16.0    -3.3     3.5 -9999.0 -9999.0 -9999.0 -99.000 -99.000 -99.000 -99.000 -99.000 -9999.0 -9999.0 -9999.0 -9999.0 -9999.0
94085 20071120  1.302 -100.35   44.02     1.2    -2.5    -0.7    -0.3     0.0     2.60 R     8.7    -4.7     0.3 -9999.0 -9999.0 -9999.0 -99.000 -99.000 -99.000 -99.000 -99.000 -9999.0 -9999.0 -9999.0 -9999.0 -9999.0
94085 20071121  1.302 -100.35   44.02    -1.1    -9.1    -5.1    -4.1     0.0     3.22 R     7.2   -11.9    -3.4 -9999.0 -9999.0 -9999.0 -99.000 -99.000 -99.000 -99.000 -99.000 -9999.0 -9999.0 -9999.0 -9999.0 -9999.0
94085 20071122  1.302 -100.35   44.02    -0.8   -10.5    -5.6    -6.4     0.0     7.83 R     9.3   -14.0    -7.3 -9999.0 -9999.0 -9999.0 -99.000 -99.000 -99.000 -99.000 -99.000 -9999.0 -9999.0 -9999.0 -9999.0 -9999.0
94085 20071123  1.302 -100.35   44.02     4.5    -9.5    -2.5    -2.9     0.0     7.47 R     9.3   -11.6    -2.8 -9999.0 -9999.0 -9999.0 -99.000 -99.000 -99.000 -99.000 -99.000 -9999.0 -9999.0 -9999.0 -9999.0 -9999.0
94085 20071124  1.302 -100.35   44.02     6.6    -9.8    -1.6    -1.3     0.0     9.11 R    11.0   -10.9    -2.3 -9999.0 -9999.0 -9999.0 -99.000 -99.000 -99.000 -99.000 -99.000 -9999.0 -9999.0 -9999.0 -9999.0 -9999.0
94085 20071125  1.302 -100.35   44.02    10.6    -3.1     3.7     2.9     0.0     8.04 R    14.4    -7.1     1.5 -9999.0 -9999.0 -9999.0 -99.000 -99.000 -99.000 -99.000 -99.000 -9999.0 -9999.0 -9999.0 -9999.0 -9999.0
94085 20071126  1.302 -100.35   44.02     5.7   -10.3    -2.3    -1.2     0.0     8.72 R    11.3   -10.7    -1.9 -9999.0 -9999.0 -9999.0 -99.000 -99.000 -99.000 -99.000 -99.000 -9999.0 -9999.0 -9999.0 -9999.0 -9999.0
94085 20071127  1.302 -100.35   44.02    -3.5   -13.5    -8.5    -9.5     0.0     4.15 R    -1.1   -14.0    -8.4 -9999.0 -9999.0 -9999.0 -99.000 -99.000 -99.000 -99.000 -99.000 -9999.0 -9999.0 -9999.0 -9999.0 -9999.0
94085 20071128  1.302 -100.35   44.02    -1.7    -9.6    -5.6    -5.4     0.0     7.91 R     0.6   -10.2    -5.7 -9999.0 -9999.0 -9999.0 -99.000 -99.000 -99.000 -99.000 -99.000 -9999.0 -9999.0 -9999.0 -9999.0 -9999.0
94085 20071129  1.302 -100.35   44.02    -2.2   -12.3    -7.3    -8.7     0.0     3.74 R     0.6   -15.2    -8.8 -9999.0 -9999.0 -9999.0 -99.000 -99.000 -99.000 -99.000 -99.000 -9999.0 -9999.0 -9999.0 -9999.0 -9999.0
94085 20071130  1.302 -100.35   44.02    -3.1   -15.6    -9.3    -8.9     0.0     7.54 R     4.2   -17.4    -7.8 -9999.0 -9999.0 -9999.0 -99.000 -99.000 -99.000 -99.000 -99.000 -9999.0 -9999.0 -9999.0 -9999.0 -9999.0
94085 20071201  1.302 -100.35   44.02    -4.1   -10.9    -7.5    -6.8    11.3     2.18 R    -3.8   -12.4    -6.4 -9999.0 -9999.0 -9999.0 -99.000 -99.000 -99.000 -99.000 -99.000 -9999.0 -9999.0 -9999.0 -9999.0 -9999.0
94085 20071202  1.302 -100.35   44.02    -8.6   -16.0   -12.3   -12.2     0.0     8.63 R    -9.9   -19.0   -14.0 -9999.0 -9999.0 -9999.0 -99.000 -99.000 -99.000 -99.000 -99.000 -9999.0 -9999.0 -9999.0 -9999.0 -9999.0
94085 20071203  1.302 -100.35   44.02     5.7   -12.8    -3.6    -0.2     0.0     5.31 R     1.7   -14.1    -3.5 -9999.0 -9999.0 -9999.0 -99.000 -99.000 -99.000 -99.000 -99.000 -9999.0 -9999.0 -9999.0 -9999.0 -9999.0
94085 20071204  1.302 -100.35   44.02    13.7    -7.8     3.0     4.7     0.0     5.30 R    10.8    -5.9     2.1 -9999.0 -9999.0 -9999.0 -99.000 -99.000 -99.000 -99.000 -99.000 -9999.0 -9999.0 -9999.0 -9999.0 -9999.0
94085 20071205  1.302 -100.35   44.02    -5.0   -10.4    -7.7    -7.8     0.0     3.60 R    -0.3    -8.3    -5.7 -9999.0 -9999.0 -9999.0 -99.000 -99.000 -99.000 -99.000 -99.000 -9999.0 -9999.0 -9999.0 -9999.0 -9999.0
94085 20071206  1.302 -100.35   44.02    -2.7   -10.4    -6.6    -5.3     0.0     1.90 R     0.8   -11.1    -4.6 -9999.0 -9999.0 -9999.0 -99.000 -99.000 -99.000 -99.000 -99.000 -9999.0 -9999.0 -9999.0 -9999.0 -9999.0
94085 20071207  1.302 -100.35   44.02    -3.5   -12.2    -7.8    -8.0     0.0     7.13 R     2.2   -12.5    -7.5 -9999.0 -9999.0 -9999.0 -99.000 -99.000 -99.000 -99.000 -99.000 -9999.0 -9999.0 -9999.0 -9999.0 -9999.0
94085 20071208  1.302 -100.35   44.02    -7.5   -12.4    -9.9   -10.8     3.1     2.78 R    -6.7   -11.8    -9.4 -9999.0 -9999.0 -9999.0 -99.000 -99.000 -99.000 -99.000 -99.000 -9999.0 -9999.0 -9999.0 -9999.0 -9999.0
94085 20071209  1.302 -100.35   44.02    -6.1   -13.9   -10.0   -10.2     1.2     6.70 R    -4.3   -16.4   -10.6 -9999.0 -9999.0 -9999.0 -99.000 -99.000 -99.000 -99.000 -99.000 -9999.0 -9999.0 -9999.0 -9999.0 -9999.0
94085 20071210  1.302 -100.35   44.02    -0.5   -15.4    -8.0    -7.1     0.0     8.15 R    -2.1   -19.2    -8.8 -9999.0 -9999.0 -9999.0 -99.000 -99.000 -99.000 -99.000 -99.000 -9999.0 -9999.0 -9999.0 -9999.0 -9999.0
94085 20071211  1.302 -100.35   44.02    -2.7   -10.6    -6.6    -4.6     0.0     5.35 R    -1.6   -16.8    -5.9 -9999.0 -9999.0 -9999.0 -99.000 -99.000 -99.000 -99.000 -99.000 -9999.0 -9999.0 -9999.0 -9999.0 -9999.0
94085 20071212  1.302 -100.35   44.02    -0.1   -13.5    -6.8    -6.6     0.0     8.02 R    -1.1   -17.3    -8.6 -9999.0 -9999.0 -9999.0 -99.000 -99.000 -99.000 -99.000 -99.000 -9999.0 -9999.0 -9999.0 -9999.0 -9999.0
94085 20071213  1.302 -100.35   44.02     1.5    -7.7    -3.1    -2.7     0.0     7.93 R     0.0   -11.7    -5.0 -9999.0 -9999.0 -9999.0 -99.000 -99.000 -99.000 -99.000 -99.000 -9999.0 -9999.0 -9999.0 -9999.0 -9999.0
94085 20071214  1.302 -100.35   44.02    -3.1   -10.5    -6.8    -6.9     0.9     3.62 R    -1.2   -15.0    -6.7 -9999.0 -9999.0 -9999.0 -99.000 -99.000 -99.000 -99.000 -99.000 -9999.0 -9999.0 -9999.0 -9999.0 -9999.0
94085 20071215  1.302 -100.35   44.02    -1.3   -10.7    -6.0    -6.8     0.0     7.76 R    -2.2   -15.2    -8.8 -9999.0 -9999.0 -9999.0 -99.000 -99.000 -99.000 -99.000 -99.000 -9999.0 -9999.0 -9999.0 -9999.0 -9999.0
94085 20071216  1.302 -100.35   44.02     3.1    -8.7    -2.8    -3.4     0.0     7.52 R     1.0   -10.9    -5.6 -9999.0 -9999.0 -9999.0 -99.000 -99.000 -99.000 -99.000 -99.000 -9999.0 -9999.0 -9999.0 -9999.0 -9999.0
94085 20071217  1.302 -100.35   44.02     3.9    -8.6    -2.4    -2.5     0.0     6.81 R     3.5   -10.5    -4.4 -9999.0 -9999.0 -9999.0 -99.000 -99.000 -99.000 -99.000 -99.000 -9999.0 -9999.0 -9999.0 -9999.0 -9999.0
94085 20071218  1.302 -100.35   44.02     5.5    -2.9     1.3     0.2     0.0     6.99 R     5.0    -8.2    -2.0 -9999.0 -9999.0 -9999.0 -99.000 -99.000 -99.000 -99.000 -99.000 -9999.0 -9999.0 -9999.0 -9999.0 -9999.0
94085 20071219  1.302 -100.35   44.02     6.9    -5.4     0.8    -0.1     0.0     4.87 R     8.6    -8.6    -1.5 -9999.0 -9999.0 -9999.0 -99.000 -99.000 -99.000 -99.000 -99.000 -9999.0 -9999.0 -9999.0 -9999.0 -9999.0
94085 20071220  1.302 -100.35   44.02     4.9    -2.0     1.4     1.5     0.0     3.51 R     5.9    -5.2    -0.6 -9999.0 -9999.0 -9999.0 -99.000 -99.000 -99.000 -99.000 -99.000 -9999.0 -9999.0 -9999.0 -9999.0 -9999.0
94085 20071221  1.302 -100.35   44.02     3.9    -8.0    -2.0    -1.7     0.3     4.09 R     6.9    -7.8    -2.3 -9999.0 -9999.0 -9999.0 -99.000 -99.000 -99.000 -99.000 -99.000 -9999.0 -9999.0 -9999.0 -9999.0 -9999.0
94085 20071222  1.302 -100.35   44.02    -5.5   -14.0    -9.7    -9.9     0.0     7.93 R    -5.0   -15.4   -10.8 -9999.0 -9999.0 -9999.0 -99.000 -99.000 -99.000 -99.000 -99.000 -9999.0 -9999.0 -9999.0 -9999.0 -9999.0
94085 20071223  1.302 -100.35   44.02    -4.9   -14.3    -9.6    -9.4     0.0     7.72 R    -5.1   -15.2   -10.2 -9999.0 -9999.0 -9999.0 -99.000 -99.000 -99.000 -99.000 -99.000 -9999.0 -9999.0 -9999.0 -9999.0 -9999.0
94085 20071224  1.302 -100.35   44.02     4.8    -7.8    -1.5    -1.6     0.0     4.97 R     3.0   -10.1    -3.4 -9999.0 -9999.0 -9999.0 -99.000 -99.000 -99.000 -99.000 -99.000 -9999.0 -9999.0 -9999.0 -9999.0 -9999.0
94085 20071225  1.302 -100.35   44.02     1.8    -5.4    -1.8    -0.8     0.4     2.34 R     2.3    -9.2    -1.8 -9999.0 -9999.0 -9999.0 -99.000 -99.000 -99.000 -99.000 -99.000 -9999.0 -9999.0 -9999.0 -9999.0 -9999.0
94085 20071226  1.302 -100.35   44.02     1.1    -8.8    -3.8    -4.7     0.0     7.83 R     1.4   -11.3    -5.6 -9999.0 -9999.0 -9999.0 -99.000 -99.000 -99.000 -99.000 -99.000 -9999.0 -9999.0 -9999.0 -9999.0 -9999.0
94085 20071227  1.302 -100.35   44.02    -7.2    -9.2    -8.2    -8.2     0.0     1.54 R    -2.1    -9.1    -6.8 -9999.0 -9999.0 -9999.0 -99.000 -99.000 -99.000 -99.000 -99.000 -9999.0 -9999.0 -9999.0 -9999.0 -9999.0
94085 20071228  1.302 -100.35   44.02    -6.9   -12.5    -9.7    -8.4     0.0     2.36 R    -3.6   -13.4    -7.9 -9999.0 -9999.0 -9999.0 -99.000 -99.000 -99.000 -99.000 -99.000 -9999.0 -9999.0 -9999.0 -9999.0 -9999.0
94085 20071229  1.302 -100.35   44.02    -1.0   -15.9    -8.5    -9.2     0.0     4.61 R     0.9   -16.0    -9.2 -9999.0 -9999.0 -9999.0 -99.000 -99.000 -99.000 -99.000 -99.000 -9999.0 -9999.0 -9999.0 -9999.0 -9999.0
94085 20071230  1.302 -100.35   44.02     1.6    -9.1    -3.7    -4.0     0.0     7.62 R     2.6   -11.9    -5.0 -9999.0 -9999.0 -9999.0 -99.000 -99.000 -99.000 -99.000 -99.000 -9999.0 -9999.0 -9999.0 -9999.0 -9999.0
94085 20071231  1.302 -100.35   44.02    -3.6   -10.1    -6.9    -6.1     1.0     3.88 R    -1.1   -12.6    -6.3 -9999.0 -9999.0 -9999.0 -99.000 -99.000 -99.000 -99.000 -99.000 -9999.0 -9999.0 -9999.0 -9999.0 -9999.0
