63828 20190101  2.422  -84.47   31.31    26.6    19.0    22.8    21.8     0.0     6.01 C    30.9    16.1    21.1    92.6    62.8    83.4   0.151   0.132   0.122   0.163   0.233    18.8    18.5    17.9    16.8    16.0
63828 20190102  2.422  -84.47   31.31    22.4    15.4    18.9    19.7     0.0     6.43 C    26.6    13.1    19.4    95.5    71.1    85.1   0.148   0.130   0.121   0.160   0.231    18.8    18.7    18.3    17.3    16.4
63828 20190103  2.422  -84.47   31.31    23.4    15.1    19.3    18.9     0.0     5.33 C    28.4    12.7    18.6    95.6    68.0    88.9   0.145   0.127   0.119   0.159   0.230    18.1    18.1    18.0    17.4    16.7
63828 20190104  2.422  -84.47   31.31    21.2     9.8    15.5    17.3    33.6     4.23 C    21.0     7.6    16.3    92.3    44.9    76.8   0.173   0.151   0.139   0.175   0.230    17.9    18.2    18.2    17.6    17.0
63828 20190105  2.422  -84.47   31.31    16.4     5.9    11.1     9.6     0.0    11.10 C    23.8     3.2     9.9    91.8    41.7    71.5   0.159   0.140   0.128   0.174   0.240    14.8    15.6    16.2    17.0    17.2
63828 20190106  2.422  -84.47   31.31    20.8     3.0    11.9    10.5     0.0    13.76 C    27.8     1.2    10.3    96.2    35.1    75.4   0.151   0.133   0.123   0.166   0.239    13.5    14.1    14.8    15.9    17.1
63828 20190107  2.422  -84.47   31.31    21.8     3.9    12.9    12.1     0.0    13.71 C    28.0     1.8    11.2    96.9    37.3    76.4   0.145   0.129   0.120   0.162   0.236    13.3    13.8    14.2    15.3    16.9
63828 20190108  2.422  -84.47   31.31    21.7     7.0    14.4    13.5     0.0     9.76 C    28.1     5.0    13.3    96.3    58.6    85.4   0.142   0.127   0.119   0.159   0.233    14.0    14.3    14.4    15.1    16.6
63828 20190109  2.422  -84.47   31.31    15.6     4.5    10.1    11.1     0.0    14.27 C    24.4    -0.6     9.9    96.5    21.1    53.8   0.138   0.125   0.117   0.157   0.230    13.4    14.0    14.4    15.1    16.5
63828 20190110  2.422  -84.47   31.31    13.3     0.7     7.0     6.3     0.0    14.17 C    23.5    -2.6     6.1    85.1    28.4    49.9   0.135   0.122   0.114   0.155   0.228    11.2    12.1    12.9    14.4    16.3
63828 20190111  2.422  -84.47   31.31    14.6    -1.8     6.4     6.2     0.0    13.80 C    24.1    -4.2     6.2    91.8    31.0    65.6   0.131   0.121   0.112   0.153   0.226    10.2    11.1    11.8    13.6    16.1
63828 20190112  2.422  -84.47   31.31    18.7     7.5    13.1    13.7     0.0     5.17 C    25.5     3.6    13.1    74.9    54.9    65.8   0.130   0.119   0.111   0.151   0.224    11.9    12.1    12.3    13.3    15.7
63828 20190113  2.422  -84.47   31.31    20.9     6.2    13.5    15.4     2.1    11.71 C    29.2     2.4    15.5    95.9    47.4    75.8   0.131   0.119   0.111   0.151   0.223    14.3    14.2    14.0    13.9    15.6
63828 20190114  2.422  -84.47   31.31     9.1     2.5     5.8     6.3     0.0     3.43 C    14.0    -0.3     6.0    96.8    70.4    84.2   0.130   0.117   0.109   0.150   0.222    11.6    12.4    13.1    14.1    15.6
63828 20190115  2.422  -84.47   31.31     8.8     0.0     4.4     5.3     0.0     6.06 C    18.6    -2.0     6.1    95.3    57.9    75.3   0.129   0.116   0.108   0.149   0.221    11.1    11.8    12.3    13.5    15.5
63828 20190116  2.422  -84.47   31.31    14.6    -0.1     7.2     5.2     0.0    13.80 C    23.5    -1.7     6.3    96.3    34.6    78.8   0.127   0.115   0.107   0.148   0.220    10.2    10.9    11.4    13.0    15.3
63828 20190117  2.422  -84.47   31.31    18.2    -1.3     8.5     9.1     0.0    13.23 C    25.9    -3.0     9.5    96.5    27.1    67.3   0.126   0.114   0.106   0.147   0.219    10.4    10.8    11.2    12.6    15.1
63828 20190118  2.422  -84.47   31.31    20.7    11.2    15.9    15.0     1.1     5.47 C    23.8     7.5    14.4    95.9    64.5    83.2   0.125   0.114   0.106   0.146   0.218    13.0    13.0    12.8    12.9    14.9
63828 20190119  2.422  -84.47   31.31    23.5    12.4    18.0    17.8    22.5     9.26 C    28.8     9.4    17.7    95.9    37.6    82.0   0.140   0.123   0.111   0.146   0.218    14.9    14.6    14.1    13.7    14.8
63828 20190120  2.422  -84.47   31.31    16.1     1.2     8.6     6.0     0.0     7.23 C    17.2    -1.0     6.7    80.3    52.4    65.7   0.167   0.149   0.137   0.161   0.217    12.8    13.6    14.1    14.4    15.0
63828 20190121  2.422  -84.47   31.31    10.3    -2.6     3.8     2.9     0.0    14.89 C    20.6    -4.0     4.2    88.7    35.8    63.3   0.154   0.137   0.126   0.164   0.218    10.0    10.9    11.7    13.4    15.2
63828 20190122  2.422  -84.47   31.31    16.8     0.6     8.7     8.8     0.0    11.32 C    23.2    -2.4     8.9    77.7    50.9    65.8   0.148   0.132   0.122   0.161   0.220    10.2    10.6    11.1    12.6    14.9
63828 20190123  2.422  -84.47   31.31    23.6    11.2    17.4    17.2    41.2    11.43 C    28.4     8.5    16.6    91.4    47.0    73.3   0.158   0.138   0.126   0.160   0.221    13.2    13.0    12.7    12.8    14.7
63828 20190124  2.422  -84.47   31.31    18.1    -0.6     8.8     8.1    13.5     5.38 C    17.5    -1.8     8.8    94.8    66.4    83.7   0.178   0.156   0.143   0.183   0.239    13.7    14.2    14.3    13.9    14.6
63828 20190125  2.422  -84.47   31.31    12.9    -1.2     5.8     4.4     0.0    14.98 C    23.1    -3.6     5.1    96.5    35.1    73.6   0.156   0.137   0.125   0.168   0.241    10.4    11.2    11.9    13.3    14.7
63828 20190126  2.422  -84.47   31.31    13.1    -2.3     5.4     4.6     0.0    15.27 C    23.0    -4.9     5.2    96.4    27.3    70.9   0.149   0.132   0.121   0.163   0.236     9.5    10.3    10.9    12.4    14.6
63828 20190127  2.422  -84.47   31.31    11.4     1.2     6.3     5.9     0.0     4.19 C    13.1    -1.0     5.7    95.3    46.6    78.1   0.145   0.130   0.119   0.160   0.233     9.4    10.1    10.6    12.0    14.4
63828 20190128  2.422  -84.47   31.31    15.5    -1.7     6.9     6.8     0.0    15.54 C    25.1    -3.8     6.8    97.1    35.2    73.1   0.142   0.127   0.117   0.157   0.230     9.5    10.0    10.4    11.6    14.1
63828 20190129  2.422  -84.47   31.31    11.3     0.6     6.0     7.1     7.1     2.86 C    15.3    -2.5     5.4    91.4    69.9    78.5   0.161   0.134   0.118   0.155   0.228     9.4    10.1    10.5    11.6    13.9
63828 20190130  2.422  -84.47   31.31     7.9    -4.2     1.9     1.5     0.0    11.12 C    19.2    -6.5     1.8    89.5    29.7    61.8   0.163   0.139   0.124   0.154   0.226     7.9     8.7     9.4    11.2    13.8
63828 20190131  2.422  -84.47   31.31    13.8    -2.9     5.4     5.0     0.0    13.20 C    24.3    -4.8     5.9    92.9    26.0    63.6   0.154   0.134   0.122   0.154   0.224     8.3     8.8     9.2    10.7    13.6
63828 20190201  2.422  -84.47   31.31    15.8     0.7     8.3     8.6    11.7     5.97 C    20.6    -2.4     8.7    94.2    42.4    73.1   0.155   0.133   0.120   0.153   0.223     9.1     9.4     9.6    10.7    13.3
63828 20190202  2.422  -84.47   31.31    17.6    10.8    14.2    13.7    22.9     6.45 C    25.0    10.4    14.3    95.3    77.5    89.2   0.188   0.162   0.147   0.177   0.226    11.8    11.6    11.3    11.2    13.2
63828 20190203  2.622  -84.47   31.31 -9999.0 -9999.0 -9999.0 -9999.0     8.4 -9999.00 U -9999.0 -9999.0 -9999.0 -9999.0 -9999.0 -9999.0 -99.000 -99.000 -99.000 -99.000 -99.000 -9999.0 -9999.0 -9999.0 -9999.0 -9999.0
63828 20190204  2.622  -84.47   31.31    20.1     8.4    14.2    13.3     0.0     9.89 C    34.1     6.7    13.9    97.5    62.3    87.0   0.166   0.157   0.151   0.186   0.239    13.6    13.5    13.2    12.8    13.5
63828 20190205  2.622  -84.47   31.31    24.1     9.6    16.8    15.8     0.0    11.46 C    34.9     7.2    16.3    96.9    58.7    85.5   0.160   0.152   0.147   0.181   0.237    14.8    14.5    14.1    13.3    13.7
63828 20190206  2.622  -84.47   31.31    25.0    12.1    18.6    18.1     0.0    11.30 C    34.7     9.5    18.0    96.7    60.8    82.5   0.157   0.148   0.144   0.178   0.235    16.0    15.6    15.1    14.0    14.0
63828 20190207  2.622  -84.47   31.31    26.5    11.4    18.9    19.0     0.0    13.64 C    33.8     8.3    17.6    96.2    40.9    71.3   0.153   0.145   0.143   0.176   0.232    16.4    16.2    15.8    14.6    14.3
63828 20190208  2.622  -84.47   31.31    18.8     9.4    14.1    15.8     0.0     8.37 C    24.1     4.7    15.0    92.9    34.5    66.0   0.150   0.143   0.141   0.174   0.231    16.0    16.1    16.0    15.1    14.6
63828 20190209  2.622  -84.47   31.31    18.5     4.9    11.7    11.3     0.0    11.34 C    27.5     0.3     9.8    56.3    19.4    35.7   0.146   0.140   0.139   0.173   0.229    13.4    13.9    14.5    14.8    14.9
63828 20190210  2.622  -84.47   31.31    16.3    10.6    13.5    12.4     1.9     6.73 C    26.1     9.4    13.5    92.8    28.7    66.9   0.144   0.138   0.137   0.171   0.227    13.7    14.0    14.2    14.4    14.9
63828 20190211  2.622  -84.47   31.31    19.9     8.4    14.1    13.2     0.7     5.76 C    22.9     9.5    13.9    95.7    79.5    92.2   0.144   0.136   0.136   0.170   0.226    14.3    14.4    14.4    14.3    14.9
63828 20190212  2.622  -84.47   31.31    24.9    13.6    19.2    18.4     7.2     6.29 C    29.6    11.7    18.3    95.2    65.5    85.8   0.155   0.137   0.135   0.169   0.225    16.3    16.0    15.6    14.7    14.9
63828 20190213  2.622  -84.47   31.31    15.9     2.4     9.1     9.8     0.3    17.67 C    26.9    -0.7    10.8    93.0    25.3    57.8   0.174   0.156   0.140   0.168   0.224    14.5    15.0    15.3    15.1    15.1
63828 20190214  2.622  -84.47   31.31    18.4     0.7     9.6     8.9     0.0    12.99 C    28.7    -2.3     8.6    96.3    26.8    65.0   0.161   0.152   0.142   0.167   0.223    12.5    13.1    13.7    14.5    15.2
63828 20190215  2.622  -84.47   31.31    21.8     4.0    12.9    14.1     0.0     7.68 C    27.9     0.3    13.2    92.3    57.0    72.3   0.156   0.149   0.140   0.167   0.222    13.4    13.5    13.7    14.1    15.1
63828 20190216  2.622  -84.47   31.31    24.3    15.2    19.8    19.0     0.0     7.06 C    32.5    12.4    18.0    89.4    58.7    78.4   0.153   0.146   0.140   0.168   0.222    15.8    15.6    15.1    14.4    15.0
63828 20190217  2.622  -84.47   31.31    25.9    16.0    21.0    20.8     0.0     8.62 C    34.0    11.8    20.8    95.0    59.6    81.7   0.151   0.143   0.139   0.167   0.221    17.6    17.1    16.5    15.2    15.1
63828 20190218  2.622  -84.47   31.31    21.5    13.7    17.6    16.1     0.8     1.85 C    20.3    13.0    16.1    91.8    47.2    76.8   0.147   0.141   0.137   0.168   0.221    17.0    17.1    17.1    16.0    15.4
63828 20190219  2.622  -84.47   31.31    17.8    10.5    14.2    13.9     0.0     5.41 C    22.6    10.5    13.9    79.9    33.5    54.6   0.142   0.138   0.136   0.167   0.220    15.3    15.6    15.9    15.9    15.7
63828 20190220  2.622  -84.47   31.31    23.0     9.9    16.4    15.4     0.0     5.96 C    27.6    10.5    16.3    95.3    74.4    86.6   0.138   0.136   0.135   0.166   0.220    15.5    15.6    15.5    15.5    15.7
63828 20190221  2.622  -84.47   31.31    29.0    18.2    23.6    23.0     9.4    10.15 C    33.1    13.9    22.2    94.3    48.0    77.5   0.162   0.150   0.140   0.166   0.219    19.2    18.6    17.6    16.0    15.8
63828 20190222  2.622  -84.47   31.31    27.1    16.0    21.6    20.9     0.0    13.85 C    35.7    12.5    21.5    95.2    56.6    81.5   0.159   0.154   0.145   0.166   0.219    19.8    19.4    18.7    16.9    16.0
63828 20190223  2.622  -84.47   31.31    29.1    18.2    23.7    22.8     0.0    12.17 C    36.0    15.0    22.6    94.1    44.8    75.2   0.150   0.148   0.143   0.167   0.219    20.6    20.2    19.6    17.7    16.4
63828 20190224  2.622  -84.47   31.31    23.5    11.4    17.4    18.9    16.9    13.70 C    30.3     5.1    18.3    90.2    27.5    59.9   0.168   0.162   0.156   0.172   0.219    19.8    19.8    19.7    18.2    16.8
63828 20190225  2.622  -84.47   31.31    19.9     4.1    12.0    11.8     0.0    18.83 C    29.6    -0.4    11.2    66.4    16.8    40.9   0.157   0.155   0.153   0.181   0.219    16.2    16.8    17.5    17.7    17.0
63828 20190226  2.622  -84.47   31.31    22.5    10.8    16.6    16.6     0.0    11.63 C    31.8     8.1    16.6    87.4    39.9    60.1   0.148   0.148   0.147   0.178   0.221    17.1    17.2    17.3    17.0    17.1
63828 20190227  2.622  -84.47   31.31    20.0    13.0    16.5    16.2     1.6     4.53 C    26.2    10.1    16.1    96.3    75.9    88.7   0.144   0.144   0.144   0.177   0.222    17.3    17.4    17.5    17.1    17.0
63828 20190228  2.622  -84.47   31.31    22.1    11.6    16.8    16.4     4.3     8.04 C    27.6     9.5    16.3    96.7    64.8    88.6   0.156   0.146   0.143   0.175   0.223    17.0    17.1    17.2    17.0    17.0
63828 20190301  2.622  -84.47   31.31    21.5    16.6    19.0    18.4     4.4     6.39 C    26.4    14.0    18.1    95.1    73.1    87.4   0.170   0.159   0.147   0.173   0.223    18.0    18.0    17.8    17.1    17.0
63828 20190302  2.622  -84.47   31.31    24.1    16.1    20.1    19.2     0.0    10.51 C    31.3    13.2    19.9    95.3    66.9    85.9   0.161   0.156   0.149   0.174   0.223    19.1    18.8    18.4    17.4    17.1
63828 20190303  2.622  -84.47   31.31    25.8    14.9    20.4    19.5    26.1     7.87 C    31.5    14.1    19.5    95.6    62.2    85.4   0.166   0.160   0.154   0.177   0.223    19.4    19.3    19.0    17.9    17.2
63828 20190304  2.622  -84.47   31.31    14.9     3.2     9.1     7.4     0.0     7.14 C    15.1     2.5     9.5    88.2    61.2    74.6   0.168   0.162   0.158   0.194   0.227    15.8    16.7    17.6    17.9    17.4
63828 20190305  2.622  -84.47   31.31    12.8     1.8     7.3     5.9     8.3    20.72 C    23.8    -1.3     9.0    91.7    24.8    59.0   0.175   0.166   0.158   0.188   0.236    14.0    14.8    15.5    16.7    17.4
63828 20190306  2.622  -84.47   31.31    11.7    -0.7     5.5     4.4     0.0    20.66 C    25.3    -3.3     6.9    84.3    23.6    45.4   0.159   0.155   0.151   0.185   0.236    12.8    13.6    14.4    15.8    17.2
63828 20190307  2.622  -84.47   31.31    17.0    -1.3     7.8     7.7     0.0    20.76 C    29.5    -3.4    10.2    95.3    21.0    60.8   0.150   0.148   0.146   0.181   0.235    13.4    13.8    14.3    15.2    16.8
63828 20190308  2.622  -84.47   31.31    23.3     5.9    14.6    15.2     0.0    17.52 C    32.2     2.8    15.6    83.5    32.0    57.0   0.144   0.143   0.144   0.177   0.233    15.6    15.5    15.5    15.2    16.5
63828 20190309  2.622  -84.47   31.31    25.8    10.5    18.2    17.2     0.0    14.97 C    34.3     7.3    17.2    96.5    36.9    75.7   0.137   0.138   0.141   0.175   0.231    17.0    16.8    16.6    15.8    16.4
63828 20190310  2.622  -84.47   31.31    27.6    12.9    20.3    19.6     6.5    14.49 C    36.2     9.9    20.5    95.9    55.7    85.2   0.137   0.135   0.140   0.174   0.230    18.6    18.2    17.7    16.4    16.5
63828 20190311  2.622  -84.47   31.31    24.3    15.2    19.7    20.2    13.6     5.94 C    29.9    15.5    20.8    94.8    76.8    89.3   0.159   0.147   0.144   0.172   0.228    19.9    19.5    19.1    17.3    16.7
63828 20190312  2.622  -84.47   31.31    23.7    11.3    17.5    16.8     0.0    20.71 C    32.0     9.6    17.9    92.6    40.2    69.7   0.166   0.161   0.156   0.177   0.227    19.4    19.3    19.1    17.8    17.0
63828 20190313  2.622  -84.47   31.31    24.9    13.0    19.0    18.5     0.0    16.52 C    31.3    10.8    17.8    78.7    45.3    61.7   0.152   0.150   0.150   0.178   0.227    18.9    18.9    18.9    17.9    17.2
63828 20190314  2.622  -84.47   31.31    26.7    16.0    21.3    21.0     0.0    15.64 C    33.8    12.6    20.5    83.1    49.9    68.5   0.143   0.143   0.146   0.177   0.227    19.8    19.5    19.2    18.1    17.4
63828 20190315  2.622  -84.47   31.31    27.3    15.9    21.6    20.8     0.3    11.72 C    33.7    14.2    20.3    90.4    52.5    71.6   0.136   0.138   0.143   0.175   0.227    20.3    20.1    19.8    18.5    17.6
63828 20190316  2.622  -84.47   31.31    15.9    10.0    13.0    12.6     0.0     9.39 C    23.6     8.8    13.9    67.3    35.5    49.5   0.131   0.134   0.140   0.173   0.227    18.1    18.6    19.0    18.5    17.8
63828 20190317  2.622  -84.47   31.31    18.0     8.2    13.1    12.3     0.0    14.61 C    28.5     4.3    13.9    86.5    30.6    51.8   0.125   0.130   0.137   0.171   0.226    17.4    17.7    18.0    17.9    17.9
63828 20190318  2.622  -84.47   31.31    19.2     3.7    11.5    12.1     0.0    13.84 C    26.5     0.1    11.2    96.1    19.0    54.6   0.119   0.127   0.134   0.170   0.225    16.1    16.6    17.2    17.5    17.8
63828 20190319  2.622  -84.47   31.31    18.1     6.2    12.1    11.9     0.0    18.71 C    31.0     1.5    12.2    87.3    28.3    43.3   0.111   0.122   0.132   0.168   0.224    16.1    16.5    16.9    17.0    17.7
63828 20190320  2.622  -84.47   31.31    18.1     2.8    10.4    10.0     0.0    22.42 C    33.2    -0.7    11.6    91.2    22.8    59.3   0.104   0.116   0.130   0.167   0.223    15.9    16.3    16.7    16.8    17.5
63828 20190321  2.622  -84.47   31.31    19.5     3.2    11.3    11.3     0.0    22.59 C    33.8     0.7    12.9    93.7    29.8    60.9   0.098   0.109   0.128   0.166   0.222    16.0    16.3    16.7    16.6    17.4
63828 20190322  2.622  -84.47   31.31    21.4     4.2    12.8    12.2     0.0    23.38 C    36.4    -0.5    13.2    93.1    19.3    56.5   0.092   0.101   0.126   0.165   0.221    16.3    16.5    16.8    16.6    17.3
63828 20190323  2.622  -84.47   31.31    24.1     3.1    13.6    13.2     0.0    23.36 C    38.6    -1.3    14.3    92.3    16.3    53.2   0.087   0.095   0.123   0.164   0.221    16.6    16.7    17.0    16.6    17.2
63828 20190324  2.622  -84.47   31.31    26.1     5.2    15.6    16.3     0.0    20.43 C    39.2     0.9    16.7    93.3    30.9    60.5   0.083   0.090   0.121   0.163   0.220    17.4    17.3    17.4    16.7    17.2
63828 20190325  2.622  -84.47   31.31    24.9     8.7    16.8    17.0     1.2    17.56 C    38.9     4.9    18.3    95.9    43.4    71.9   0.079   0.085   0.119   0.161   0.219    18.2    18.0    18.0    17.0    17.2
63828 20190326  2.622  -84.47   31.31    22.2    10.6    16.4    15.7     0.0    18.23 C    38.3     6.8    17.4    97.0    42.1    71.0   0.078   0.082   0.118   0.160   0.218    18.4    18.4    18.4    17.4    17.2
63828 20190327  2.622  -84.47   31.31    19.1     7.0    13.1    13.3     0.0    23.80 C    35.9     2.5    16.0    86.6    16.9    52.7   0.076   0.079   0.116   0.159   0.218    18.2    18.4    18.4    17.6    17.4
63828 20190328  2.622  -84.47   31.31    23.0     3.9    13.4    13.3     0.0    18.51 C    37.8     0.5    14.2    86.1    35.2    60.6   0.073   0.076   0.113   0.158   0.217    17.1    17.3    17.7    17.4    17.5
63828 20190329  2.622  -84.47   31.31    24.8     6.2    15.5    15.9     0.0    21.72 C    40.1     2.9    17.9    95.9    29.9    62.6   0.071   0.074   0.111   0.156   0.216    18.3    18.1    18.1    17.3    17.5
63828 20190330  2.622  -84.47   31.31    27.0    11.5    19.2    19.3     0.0    19.45 C    40.4     8.5    21.0    90.2    37.5    64.7   0.070   0.071   0.108   0.154   0.216    19.7    19.3    19.0    17.7    17.5
63828 20190331  2.622  -84.47   31.31    19.1     8.6    13.9    13.5     2.0     7.40 C    28.0     9.4    15.2    94.1    61.9    82.1   0.069   0.070   0.105   0.153   0.215    18.3    18.6    19.0    18.1    17.6
63828 20190401  2.622  -84.47   31.31    16.7     7.6    12.1    11.7     0.0    13.42 C    32.2     7.8    14.2    93.0    44.3    63.3   0.069   0.069   0.102   0.152   0.215    16.9    17.3    17.7    17.8    17.8
63828 20190402  2.622  -84.47   31.31    20.2     7.8    14.0    12.9     1.4    16.97 C    35.2     4.7    15.4    95.0    37.1    73.5   0.070   0.069   0.100   0.151   0.214    17.7    17.8    17.9    17.5    17.7
63828 20190403  2.622  -84.47   31.31    22.9     5.6    14.2    14.2     0.0    23.58 C    39.3     2.5    16.4    96.6    27.9    64.6   0.070   0.069   0.099   0.150   0.213    17.9    17.9    17.9    17.5    17.7
63828 20190404  2.622  -84.47   31.31    25.3     7.8    16.5    17.3    15.8    17.88 C    38.7     4.2    18.8    94.4    39.0    69.0   0.075   0.069   0.097   0.148   0.213    18.6    18.5    18.5    17.7    17.7
63828 20190405  2.622  -84.47   31.31    24.3    15.4    19.9    18.8     1.5    11.77 C    34.9    14.9    20.5    95.7    63.2    86.7   0.147   0.095   0.098   0.147   0.213    20.1    19.8    19.5    18.1    17.8
63828 20190406  2.622  -84.47   31.31    26.8    18.1    22.5    20.8    48.7    10.54 C    33.6    16.7    21.8    95.0    64.1    88.9   0.164   0.129   0.127   0.153   0.212    21.1    20.8    20.4    18.8    17.9
63828 20190407  2.622  -84.47   31.31    26.6    18.3    22.5    21.4     0.0    13.26 C    31.5    16.5    22.1    95.7    65.2    86.4   0.155   0.152   0.156   0.189   0.212    21.9    21.5    21.1    19.4    18.2
63828 20190408  2.622  -84.47   31.31    26.3    17.6    21.9    21.2     1.1     9.28 C    29.5    16.1    20.7    95.8    65.8    81.8   0.145   0.140   0.146   0.185   0.219    21.3    21.2    21.1    19.8    18.5
63828 20190409  2.622  -84.47   31.31    26.4    16.9    21.7    21.0     1.8    15.73 C    33.0    15.0    21.6    94.2    50.3    78.1   0.148   0.139   0.142   0.181   0.226    22.0    21.7    21.3    20.0    18.8
63828 20190410  2.622  -84.47   31.31    28.3    16.1    22.2    21.2     0.0    23.93 C    37.6    14.2    23.2    95.4    42.4    75.3   0.138   0.135   0.140   0.178   0.227    23.2    22.8    22.1    20.3    19.0
63828 20190411  2.622  -84.47   31.31    28.4    16.6    22.5    22.2     0.0    20.86 C    36.0    14.4    22.3    94.3    45.5    71.2   0.128   0.129   0.136   0.176   0.227    23.2    22.9    22.6    20.8    19.2
63828 20190412  2.622  -84.47   31.31    27.8    16.6    22.2    21.5     0.0    16.56 C    34.6    14.0    21.8    93.1    48.1    76.1   0.118   0.123   0.133   0.174   0.226    23.2    22.9    22.7    21.0    19.5
63828 20190413  2.622  -84.47   31.31    30.7    14.8    22.7    23.0     0.0    19.81 C    38.3    12.2    23.1    95.6    41.8    71.8   0.110   0.117   0.131   0.172   0.226    23.2    22.9    22.6    21.1    19.7
63828 20190414  2.622  -84.47   31.31    25.3    14.2    19.7    21.9    34.1     6.45 C    26.7    12.1    20.9    90.7    51.1    76.8   0.140   0.139   0.146   0.176   0.225    22.2    22.3    22.5    21.3    19.9
63828 20190415  2.622  -84.47   31.31    21.4     9.0    15.2    14.5     0.0    26.68 C    31.8     7.0    16.5    84.8    32.0    58.6   0.147   0.145   0.151   0.186   0.225    20.8    21.1    21.2    20.9    20.0
63828 20190416  2.622  -84.47   31.31    24.8     6.2    15.5    15.4     0.0    26.34 C    33.8     4.6    16.4    95.5    25.7    62.5   0.135   0.136   0.143   0.183   0.228    20.7    20.8    20.9    20.5    20.0
63828 20190417  2.622  -84.47   31.31    27.5    10.9    19.2    19.2     0.0    21.48 C    34.0     8.9    19.4    95.0    40.0    70.8   0.125   0.129   0.139   0.178   0.229    21.6    21.4    21.4    20.4    20.0
63828 20190418  2.622  -84.47   31.31    28.4    15.1    21.8    22.2     0.0    19.67 C    35.7    12.7    22.2    93.9    43.7    67.6   0.115   0.123   0.135   0.176   0.228    22.4    22.1    21.9    20.7    20.0
63828 20190419  2.622  -84.47   31.31    23.7    10.4    17.1    19.4    16.6    14.98 C    28.5     8.0    19.5    90.6    50.8    70.2   0.145   0.141   0.139   0.173   0.227    22.2    22.2    22.3    21.0    20.1
63828 20190420  2.622  -84.47   31.31    20.6     8.5    14.6    14.1     0.0    25.29 C    28.5     7.7    15.7    81.7    24.8    57.5   0.144   0.142   0.141   0.172   0.226    20.4    20.6    20.9    20.7    20.1
63828 20190421  2.622  -84.47   31.31    24.2     6.5    15.3    15.7     0.0    27.42 C    33.1     4.0    16.8    92.9    21.4    56.6   0.133   0.134   0.138   0.171   0.225    21.0    21.0    21.0    20.4    20.1
63828 20190422  2.622  -84.47   31.31    27.3     7.7    17.5    17.5     0.0    26.81 C    35.5     5.3    18.3    95.5    27.5    62.8   0.120   0.127   0.135   0.170   0.224    21.4    21.2    21.2    20.4    20.1
63828 20190423  2.622  -84.47   31.31    28.7     9.9    19.3    19.7     0.0    24.36 C    35.4     7.8    19.7    93.4    27.7    61.1   0.107   0.117   0.131   0.169   0.223    22.0    21.8    21.7    20.5    20.1
63828 20190424  2.622  -84.47   31.31    26.6    14.5    20.5    19.9     0.0    19.37 C    33.4    11.5    20.0    87.1    36.3    63.5   0.097   0.107   0.127   0.167   0.223    22.3    22.1    22.1    20.8    20.1
63828 20190425  2.622  -84.47   31.31    26.7    11.7    19.2    19.4    12.6    15.09 C    33.2     9.8    19.2    94.9    42.8    70.9   0.096   0.101   0.123   0.166   0.222    21.5    21.5    21.7    20.8    20.2
63828 20190426  2.622  -84.47   31.31    25.5    11.7    18.6    18.4     0.0    19.92 C    33.0     8.5    18.9    96.0    36.7    74.4   0.149   0.110   0.122   0.164   0.221    21.7    21.7    21.7    20.8    20.2
63828 20190427  2.622  -84.47   31.31    26.4     8.3    17.4    17.5     0.0    27.85 C    34.0     5.2    17.7    95.5    22.9    57.1   0.131   0.109   0.121   0.163   0.220    21.4    21.4    21.4    20.7    20.3
63828 20190428  2.622  -84.47   31.31    27.6     8.2    17.9    18.0     0.0    26.80 C    35.0     5.0    18.4    93.7    25.5    62.2   0.117   0.105   0.118   0.161   0.220    21.8    21.7    21.7    20.7    20.3
63828 20190429  2.622  -84.47   31.31    30.8    12.6    21.7    21.9     0.0    26.22 C    38.4    10.5    22.1    94.6    34.1    63.4   0.103   0.097   0.115   0.160   0.219    23.1    22.6    22.3    20.9    20.3
63828 20190430  2.622  -84.47   31.31    30.6    14.5    22.6    22.8     0.0    26.50 C    39.1    11.7    23.5    95.0    38.6    67.3   0.091   0.090   0.111   0.158   0.218    24.2    23.6    23.2    21.3    20.4
63828 20190501  2.622  -84.47   31.31    30.7    19.0    24.8    24.4     0.0    22.42 C    41.6    16.3    25.1    90.2    37.7    65.9   0.082   0.083   0.107   0.155   0.218    25.1    24.6    23.9    21.9    20.6
63828 20190502  2.622  -84.47   31.31    30.5    16.2    23.3    23.9     0.0    21.85 C    41.3    13.1    24.9    93.4    44.3    68.8   0.076   0.077   0.102   0.151   0.217    25.1    24.6    24.2    22.3    20.8
63828 20190503  2.622  -84.47   31.31    30.2    18.7    24.5    24.0     0.0    19.00 C    41.9    16.4    25.7    93.5    49.3    75.5   0.074   0.073   0.097   0.147   0.216    25.5    24.9    24.5    22.6    21.0
63828 20190504  2.622  -84.47   31.31    31.4    19.5    25.4    23.8    24.3    17.91 C    41.0    17.0    25.2    94.7    43.0    79.1   0.097   0.076   0.094   0.143   0.215    25.4    25.0    24.7    22.9    21.2
63828 20190505  2.622  -84.47   31.31    28.8    18.4    23.6    23.2     3.6    21.24 C    36.1    16.8    24.3    91.3    46.1    77.2   0.155   0.126   0.113   0.142   0.215    25.7    25.3    24.9    23.1    21.4
63828 20190506  2.622  -84.47   31.31    28.7    15.4    22.0    21.3     0.0    27.51 C    37.3    13.7    22.9    95.0    31.5    69.3   0.138   0.131   0.115   0.142   0.214    25.5    25.3    25.0    23.3    21.6
63828 20190507  2.622  -84.47   31.31    30.9    13.6    22.3    22.0     0.0    27.13 C    39.2    11.8    23.2    94.8    28.7    65.4   0.126   0.123   0.111   0.142   0.214    25.4    25.3    24.9    23.2    21.7
63828 20190508  2.622  -84.47   31.31    30.9    17.7    24.3    24.8     0.0    23.34 C    37.7    15.9    25.3    90.2    35.6    63.5   0.114   0.114   0.109   0.141   0.213    25.9    25.6    25.2    23.4    21.9
63828 20190509  2.622  -84.47   31.31    31.1    19.7    25.4    24.0    11.5    20.27 C    38.2    17.6    25.0    93.6    39.0    68.4   0.113   0.106   0.106   0.140   0.212    26.0    25.8    25.5    23.7 -9999.0
63828 20190510  2.622  -84.47   31.31    30.0    19.4    24.7    22.9    23.1    19.17 C    38.8    18.4    24.6    94.8    57.1    83.7   0.157   0.129   0.112   0.139   0.212    26.0 -9999.0    25.4    23.8 -9999.0
63828 20190511  2.622  -84.47   31.31    29.4    19.0    24.2    22.3    12.6    14.34 C    35.7    18.2    23.0    95.3    63.4    88.2   0.165   0.158   0.149   0.147   0.212    25.1    25.3    25.1    23.9    22.3
63828 20190512  2.622  -84.47   31.31    25.8    19.0    22.4    21.7    15.3     8.34 C    27.5    18.7    21.9    95.2    78.7    89.0   0.171   0.163   0.161   0.177   0.213    24.1 -9999.0    24.5    23.8    22.4
63828 20190513  2.622  -84.47   31.31    27.5    15.5    21.5    22.7     0.0    20.76 C    36.5    13.8    23.7    90.2    42.6    72.8   0.151   0.147   0.149   0.186   0.215    25.4 -9999.0    24.7    23.6    22.4
63828 20190514  2.622  -84.47   31.31    25.5    12.5    19.0    18.5     0.0    28.00 C    34.7    10.6    20.4    94.8    37.1    68.5   0.140   0.137   0.141   0.183   0.224    24.7    24.6    24.4    23.6    22.5
63828 20190515  2.622  -84.47   31.31    27.0    10.8    18.9    19.0     0.0    27.95 C    36.0     9.3    20.4    95.1    30.7    65.4   0.130   0.132   0.137   0.177   0.229    24.2 -9999.0 -9999.0    23.3    22.5
63828 20190516  2.622  -84.47   31.31    29.6    13.1    21.3    21.7     0.0    24.71 C    37.6    11.8    22.8    94.5    40.2    67.1   0.119   0.124   0.133   0.175   0.229    24.8 -9999.0    24.5    23.2    22.5
63828 20190517  2.622  -84.47   31.31    31.4    17.5    24.5    24.6     0.0    24.89 C    39.4    16.7    25.6    89.8    39.9    64.3   0.109   0.114   0.128   0.173   0.227    26.3    25.8    25.2    23.6    22.5
63828 20190518  2.622  -84.47   31.31    32.1    17.9    25.0    24.6     0.0    25.89 C    39.8    16.3    25.5    94.6    33.1    66.7   0.099   0.105   0.123   0.170   0.226    26.9    26.4    25.9    24.0    22.6
63828 20190519  2.622  -84.47   31.31    31.5    17.3    24.4    24.3     0.0    22.96 C    39.3    15.1    25.0    94.4    37.4    67.7   0.091   0.095   0.117   0.167   0.225    26.9 -9999.0    26.2    24.3    22.8
63828 20190520  2.622  -84.47   31.31    32.5    18.4    25.4    25.1     0.0    26.35 C    40.8    16.4    26.4    90.0    33.2    63.1   0.085   0.086   0.110   0.164   0.224    27.4 -9999.0    26.4    24.4    22.9
63828 20190521  2.622  -84.47   31.31    33.2    18.0    25.6    25.4     0.0    25.15 C    41.6    16.3    26.3    94.5    35.4    67.0   0.079   0.079   0.103   0.160   0.222    27.7    27.5    26.6    24.7    23.1
63828 20190522  2.622  -84.47   31.31    33.9    17.5    25.7    26.1     0.0    27.07 C    43.5    16.0    27.6    91.2    33.6    60.9   0.075   0.074   0.097   0.155   0.221    27.8    27.8    26.9    24.9    23.3
63828 20190523  2.622  -84.47   31.31    33.3    19.9    26.6    27.2     0.0    27.31 C    44.0    17.9    28.9    87.6    36.8    58.7   0.073   0.071   0.091   0.150   0.220    29.1    28.2    27.6    25.3    23.4
63828 20190524  2.622  -84.47   31.31    33.8    18.0    25.9    25.8     0.0    27.55 C    45.0    15.6    27.9    92.9    33.9    62.2   0.071   0.069   0.086   0.146   0.218    28.8    28.5    27.6    25.5    23.6
63828 20190525  2.622  -84.47   31.31    35.6    17.9    26.8    26.8     0.0    27.27 C    47.5    16.0    28.8    93.0    26.9    61.8   0.069   0.068   0.082   0.141   0.216    29.1    28.9    27.9    25.7    23.8
63828 20190526  2.622  -84.47   31.31    36.2    19.8    28.0    28.3     0.0    25.31 C    49.4    18.5    30.2    90.4    32.2    61.4   0.068   0.067   0.080   0.136   0.215    29.4    28.9    28.2    25.9    23.9
63828 20190527  2.622  -84.47   31.31    35.7    22.3    29.0    29.1     0.0    25.11 C    48.0    20.5    31.2    92.5    33.4    61.2   0.068   0.066   0.078   0.130   0.214    30.1    29.6    28.7    26.3    24.1
63828 20190528  2.622  -84.47   31.31    35.9    20.8    28.4    27.8     0.0    26.17 C    48.5    19.3    30.2    92.4    25.6    60.9   0.067   0.065   0.077   0.125   0.212    30.1    30.0    29.0    26.6    24.3
63828 20190529  2.622  -84.47   31.31    35.3    20.1    27.7    28.3     0.0    24.00 C    50.0    19.0    30.6    88.2    32.7    57.3   0.066   0.064   0.076   0.121   0.210    30.3    29.9    29.1    26.7    24.5
63828 20190530  2.622  -84.47   31.31    34.2    19.8    27.0    27.8     0.0    25.80 C    48.5    16.9    30.5    94.7    31.3    59.1   0.065   0.064   0.075   0.119   0.208    30.4    29.8    29.2    26.9    24.6
63828 20190531  2.622  -84.47   31.31    35.0    23.3    29.1    28.3     0.0    24.77 C    50.6    22.5    32.1    88.0    34.2    62.2   0.064   0.063   0.075   0.117   0.206    30.7    30.3    29.6    27.1    24.8
63828 20190601  2.622  -84.47   31.31    35.6    20.7    28.1    27.8     0.0    25.14 C    51.7    18.6    31.5    94.0    19.9    57.6   0.064   0.063   0.074   0.116   0.205    30.8    30.8    29.7    27.3    25.0
63828 20190602  2.622  -84.47   31.31    35.1    19.4    27.2    26.6     0.0    27.80 C    54.2    16.9    30.8    94.7    21.1    57.0   0.063   0.062   0.074   0.115   0.203    30.5    30.3    29.5    27.4    25.2
63828 20190603  2.622  -84.47   31.31    36.2    18.1    27.2    27.2     0.0    25.62 C    54.2    17.1    31.3    86.8    23.2    54.6   0.062   0.062   0.073   0.114   0.200    30.6 -9999.0    29.7    27.4    25.3
63828 20190604  2.622  -84.47   31.31    37.0    18.6    27.8    27.9     0.0    26.17 C    55.1    17.4    32.6    86.9    21.8    53.8   0.061   0.061   0.072   0.113   0.198    30.6    31.2    29.8    27.5    25.3
63828 20190605  2.622  -84.47   31.31    34.5    23.6    29.1    28.5     0.0    19.25 C    51.9    22.5    31.5    90.4    37.8    64.3   0.061   0.061   0.072   0.113   0.195    31.0    30.8    30.0    27.8    25.4
63828 20190606  2.622  -84.47   31.31    28.5    23.4    25.9    25.6     3.1     8.88 C    32.2    23.4    26.4    89.8    65.1    78.3   0.061   0.061   0.072   0.113   0.195    29.0    29.1    29.2    27.7    25.5
63828 20190607  2.622  -84.47   31.31    31.8    21.7    26.7    26.5     0.0    14.80 C    43.6    20.9    28.0    90.5    55.0    75.0   0.064   0.061   0.071   0.113   0.195 -9999.0    28.7    28.4    27.2    25.6
63828 20190608  2.622  -84.47   31.31    30.1    21.4    25.8    25.7     1.5    15.00 C    36.7    21.1    26.5    91.5    57.3    72.8   0.063   0.061   0.071   0.112   0.194    27.8    28.1    28.0    27.1    25.5
63828 20190609  2.622  -84.47   31.31    29.2    22.3    25.8    23.6    47.0     6.90 C    39.9    21.7    24.5    93.8    71.4    89.0   0.122   0.104   0.098   0.113   0.194    26.3    26.6    27.1    26.7    25.5
63828 20190610  2.622  -84.47   31.31    30.3    21.5    25.9    24.8     1.8    14.31 C    40.8    21.4    26.6    95.2    62.1    86.5   0.145   0.141   0.141   0.120   0.194    27.6    27.6    27.2    26.3    25.4
63828 20190611  2.622  -84.47   31.31    32.0    20.5    26.2    25.2     1.3    23.79 C    45.4    20.4    29.1    94.9    51.1    79.5   0.138   0.135   0.136   0.128   0.194    28.6    28.6    27.7    26.5    25.3
63828 20190612  2.622  -84.47   31.31    31.2    22.1    26.6    25.1     2.3    16.84 C    45.2    22.2    27.8    94.1    52.7    82.0   0.133   0.129   0.132   0.133   0.194    28.9    28.9    28.5    26.9    25.3
63828 20190613  2.622  -84.47   31.31    29.8    17.9    23.8    24.1     0.0    23.75 C    41.6    17.2    26.9    94.2    41.9    69.0   0.130   0.126   0.127   0.137   0.194    28.5    28.5    28.1    27.0    25.4
63828 20190614  2.622  -84.47   31.31    30.2    15.5    22.8    22.8     0.0    28.39 C    45.0    14.8    26.6    94.2    32.8    63.4   0.120   0.120   0.123   0.138   0.194    28.5    28.2    28.0    26.9    25.5
63828 20190615  2.622  -84.47   31.31    31.5    17.6    24.5    24.8     0.0    22.13 C    44.8    16.9    27.4    91.9    40.3    67.7   0.110   0.112   0.119   0.138   0.194    28.3    28.5    28.1    26.8    25.5
63828 20190616  2.622  -84.47   31.31    32.9    19.6    26.3    26.6     0.0    22.34 C    47.9    18.7    29.1    93.3    41.1    68.3   0.100   0.105   0.114   0.137   0.194    28.8    28.9    28.1    26.8    25.5
63828 20190617  2.622  -84.47   31.31    32.4    21.1    26.7    26.7     0.3    24.69 C    46.4    20.4    29.6    91.3    48.4    72.5   0.090   0.098   0.109   0.135   0.193    29.7    29.5    28.7    27.2    25.6
63828 20190618  2.622  -84.47   31.31    31.5    20.8    26.2    24.9    31.5    15.98 C    44.4    20.2    27.0    94.1    53.0    82.4   0.110   0.110   0.111   0.134   0.193    28.5    28.6    28.6    27.4    25.7
63828 20190619  2.622  -84.47   31.31    32.5    22.0    27.3    26.0     2.6    19.60 C    42.0    21.9    27.8    94.1    53.3    80.3   0.150   0.144   0.136   0.139   0.194    28.6    28.4    28.2    27.0    25.7
63828 20190620  2.622  -84.47   31.31    33.8    21.1    27.5    27.1    17.8    24.16 C    44.0    20.9    29.4    93.5    49.0    76.5   0.148   0.143   0.139   0.147   0.193    29.5    29.2    28.9    27.3    25.8
63828 20190621  2.622  -84.47   31.31    34.2    22.2    28.2    28.4     3.6    22.86 C    42.1    22.4    30.2    94.6    54.1    78.3   0.157   0.151   0.151   0.162   0.194    30.2    30.0    29.2    27.5    25.9
63828 20190622  2.622  -84.47   31.31    33.2    21.5    27.4    27.9    14.6    21.06 C    44.1    21.8    29.9    93.6    54.7    75.8   0.145   0.140   0.143   0.168   0.194    30.5    30.4    29.8    27.9    26.0
63828 20190623  2.622  -84.47   31.31    33.1    20.7    26.9    27.0     0.0    24.54 C    41.4    21.0    29.1    94.1    49.7    76.0   0.156   0.150   0.150   0.172   0.194    30.0    30.0    29.3    28.0    26.2
63828 20190624  2.622  -84.47   31.31    34.3    22.5    28.4    27.4     0.2    20.19 C    42.5    21.6    28.6    93.8    48.3    73.6   0.137   0.136   0.141   0.173   0.198    30.1    29.9    29.7    28.2    26.3
63828 20190625  2.622  -84.47   31.31    33.8    23.6    28.7    28.0     0.0    26.11 C    44.0    22.7    30.4    94.3    47.8    73.7   0.125   0.127   0.134   0.169   0.203    30.8    30.7    29.9    28.3    26.5
63828 20190626  2.622  -84.47   31.31    32.1    22.1    27.1    27.1     0.0    20.37 C    42.0    21.3    28.8    92.2    49.0    74.1   0.113   0.119   0.129   0.165   0.207    30.3    30.3    29.7    28.4    26.6
63828 20190627  2.622  -84.47   31.31    32.8    20.9    26.8    25.9     0.0    22.01 C    43.9    20.4    28.1    90.6    43.8    71.2   0.103   0.111   0.123   0.162   0.210    29.7    29.9    29.6    28.3    26.7
63828 20190628  2.622  -84.47   31.31    32.8    19.7    26.2    26.0     2.2    23.37 C    43.6    18.3    28.2    94.2    42.6    73.0   0.092   0.103   0.117   0.159   0.211    29.7    29.6    29.4    28.2    26.8
63828 20190629  2.622  -84.47   31.31    31.5    21.1    26.3    24.5    20.1    18.87 C    37.3    21.0    26.2    94.6    59.6    84.2   0.118   0.110   0.114   0.156   0.211    29.1    29.1    29.1    28.1    26.7
63828 20190630  2.622  -84.47   31.31    31.2    21.1    26.2    25.3     0.0    20.25 C    39.0    21.2    27.3    95.2    57.8    83.0   0.150   0.145   0.130   0.154   0.212    29.0    28.9    28.6    27.9    26.7
63828 20190701  2.622  -84.47   31.31    33.7    22.0    27.8    27.5     0.0    24.28 C    41.8    21.7    29.2    94.7    47.6    76.2   0.136   0.134   0.126   0.153   0.212    29.9    29.8    29.3    27.9    26.7
63828 20190702  2.622  -84.47   31.31    34.8    23.2    29.0    28.5     0.0    24.13 C    42.9    22.3    29.9    94.4    45.9    71.7   0.122   0.125   0.122   0.152   0.211    30.7    30.3    29.8    28.2    26.7
63828 20190703  2.622  -84.47   31.31    34.1    22.9    28.5    26.5     3.6    17.41 C    42.8    22.6    27.8    94.1    47.8    81.4   0.112   0.116   0.118   0.151   0.211    29.9    29.8    29.7    28.4    26.8
63828 20190704  2.622  -84.47   31.31    34.3    22.1    28.2    26.3     3.7    21.11 C    41.2    21.6    27.7    95.1    46.9    82.0   0.110   0.110   0.114   0.150   0.211    29.6    29.5    29.2    28.2    26.9
63828 20190705  2.622  -84.47   31.31    33.3    22.2    27.8    27.0     0.0    23.65 C    40.3    22.2    28.6    94.6    50.4    79.1   0.108   0.107   0.111   0.148   0.210    30.0    29.9    29.4    28.2    26.8
63828 20190706  2.622  -84.47   31.31    32.3    22.8    27.6    26.1     0.0    18.14 C    41.2    22.4    27.7    93.4    61.7    81.9   0.101   0.102   0.107   0.147   0.210    30.0    30.0    29.5    28.4    26.9
63828 20190707  2.622  -84.47   31.31    34.4    22.6    28.5    27.1     4.2    25.53 C    42.5    22.5    29.4    94.9    44.5    77.4   0.094   0.096   0.103   0.145   0.210    30.5    30.2    29.6    28.3    26.9
63828 20190708  2.622  -84.47   31.31    33.2    22.6    27.9    26.7     0.9    23.24 C    39.7    22.5    28.3    93.4    52.5    79.8   0.094   0.092   0.098   0.143   0.209    30.3    29.9    29.6    28.4    27.0
63828 20190709  2.622  -84.47   31.31    32.0    22.6    27.3    26.0    15.4    15.04 C    39.3    22.4    27.0    94.6    62.4    85.5   0.101   0.091   0.095   0.142   0.208    29.4    29.4    29.4    28.4    27.0
63828 20190710  2.622  -84.47   31.31    31.9    22.9    27.4    26.8     0.0    19.21 C    39.3    23.0    28.2    94.7    58.7    81.7   0.146   0.130   0.096   0.141   0.208    29.7    29.7    29.0    28.2    27.0
63828 20190711  2.622  -84.47   31.31    32.0    23.1    27.6    26.6     3.3    20.13 C    39.7    22.8    27.6    94.2    58.1    80.7   0.136   0.126   0.101   0.141   0.208    29.7    29.7    29.2    28.3    27.0
63828 20190712  2.622  -84.47   31.31    32.5    23.0    27.7    25.7     2.2    18.02 C    39.8    22.6    26.7    94.6    52.5    81.9   0.131   0.122   0.102   0.140   0.208    29.3    29.3    29.1    28.3    27.1
63828 20190713  2.622  -84.47   31.31    31.3    22.2    26.7    26.2     0.0    12.79 C    33.7    22.4    26.7    92.3    59.7    79.7   0.127   0.118   0.101   0.139   0.207    28.8    28.7    28.7    28.1    27.0
63828 20190714  2.622  -84.47   31.31    33.3    20.8    27.0    26.1     0.0    21.82 C    40.2    20.4    27.4    94.6    47.8    77.8   0.119   0.114   0.101   0.138   0.207    29.4    29.5    28.9    27.9    27.0
63828 20190715  2.622  -84.47   31.31    34.0    20.2    27.1    26.7     0.0    24.51 C    40.6    19.7    28.2    95.1    46.3    74.1   0.106   0.107   0.098   0.136   0.206    29.7    29.6    28.9    28.0    27.0
63828 20190716  2.622  -84.47   31.31    34.5    21.0    27.8    27.4     0.0    25.34 C    43.0    20.3    29.2    94.7    41.2    72.9   0.092   0.098   0.095   0.133   0.205    30.3    30.2    29.4    28.2    27.0
63828 20190717  2.622  -84.47   31.31    34.6    21.5    28.0    28.2     0.0    26.14 C    45.1    20.5    30.2    94.7    43.3    70.7   0.082   0.088   0.091   0.130   0.204    30.9    30.8    29.9    28.4    27.1
63828 20190718  2.622  -84.47   31.31    34.8    23.2    29.0    27.4     0.3    21.30 C    46.2    22.7    29.5    92.7    44.0    74.9   0.076   0.080   0.087   0.126   0.203    30.9 -9999.0    30.1    28.6    27.1
63828 20190719  2.622  -84.47   31.31    33.7    21.9    27.8    24.9     4.3    15.10 C    42.9    21.6    26.9    94.5    48.9    85.4   0.074   0.076   0.084   0.124   0.202    29.7    29.8    29.6    28.6    27.2
63828 20190720  2.622  -84.47   31.31    30.7    20.8    25.8    24.3    19.3    17.78 C    37.9    20.8    25.6    95.4    63.7    86.3   0.112   0.102   0.089   0.124   0.202    28.6    28.7    28.7    28.3    27.2
63828 20190721  2.622  -84.47   31.31    32.4    20.9    26.7    25.7    18.3    24.58 C    39.5    20.5    27.2    95.3    49.4    79.4   0.148   0.140   0.104   0.124   0.202    29.0    29.0    28.6    28.0    27.1
63828 20190722  2.622  -84.47   31.31    32.6    21.0    26.8    25.7     0.2    24.65 C    39.0    21.0    27.2    94.9    50.3    80.3   0.149   0.146   0.125   0.125   0.202    29.4    29.3    29.0    28.0    27.1
63828 20190723  2.622  -84.47   31.31    30.8    21.3    26.0    24.5    18.5    13.20 C    36.2    21.0    25.2    94.5    63.1    88.1   0.155   0.148   0.134   0.133   0.202    28.6    28.7    28.8    28.1    27.0
63828 20190724  2.622  -84.47   31.31    29.3    20.1    24.7    23.7     0.3    14.83 C    33.4    20.0    24.7    95.0    54.2    83.7   0.152   0.147   0.145   0.148   0.202    27.8    27.9    28.0    27.8    27.0
63828 20190725  2.622  -84.47   31.31    31.2    17.8    24.5    24.5     0.0    25.45 C    37.2    17.0    25.5    95.4    40.5    73.5   0.139   0.137   0.137   0.151   0.201    27.9    28.0    27.7    27.5    26.9
63828 20190726  2.622  -84.47   31.31    31.0    19.2    25.1    24.4     0.0    22.77 C    38.4    18.3    25.3    95.0    39.2    72.8   0.127   0.129   0.132   0.150   0.202    28.1    28.1    28.0    27.5    26.9
63828 20190727  2.622  -84.47   31.31    31.8    17.4    24.6    24.6     0.0    26.67 C    38.8    16.3    25.6    94.9    35.9    68.2   0.114   0.122   0.126   0.149   0.203    28.2    28.3    27.7    27.4    26.8
63828 20190728  2.622  -84.47   31.31    31.8    19.0    25.4    25.2     0.0    25.59 C    39.5    18.5    26.4    94.4    37.7    69.3   0.101   0.113   0.121   0.147   0.204    28.8    28.8    28.4    27.4    26.7
63828 20190729  2.622  -84.47   31.31    32.7    17.7    25.2    25.0     0.0    25.82 C    40.4    17.0    26.2    94.5    32.3    67.5   0.090   0.104   0.115   0.145   0.204    28.6    28.6    28.2    27.5    26.7
63828 20190730  2.622  -84.47   31.31    34.0    17.6    25.8    26.1     0.0    24.73 C    41.8    16.9    27.0    94.5    29.4    63.9   0.082   0.094   0.108   0.142   0.204    28.8    28.7    28.3    27.5    26.7
63828 20190731  2.622  -84.47   31.31    33.6    19.1    26.3    26.6    16.9    22.19 C    41.9    18.3    27.7    92.6    41.3    67.6   0.083   0.087   0.102   0.139   0.204    28.9    28.9    28.6    27.6    26.7
63828 20190801  2.622  -84.47   31.31    33.5    20.4    26.9    26.1     0.0    24.71 C    39.2    20.2    27.4    94.8    42.6    75.8   0.142   0.118   0.110   0.137   0.203    28.9    29.0    28.5    27.7    26.7
63828 20190802  2.622  -84.47   31.31    31.8    20.6    26.2    25.4     0.3    17.50 C    39.5    20.3    26.3    93.9    51.3    78.2   0.123   0.116   0.106   0.136   0.203    28.5    28.8    28.4    27.7    26.7
63828 20190803  2.622  -84.47   31.31    32.3    20.8    26.6    25.1    24.8    17.59 C    39.5    20.4    26.3    94.7    51.2    80.5   0.130   0.124   0.109   0.136   0.203    28.3    28.4    28.2    27.6    26.8
63828 20190804  2.622  -84.47   31.31    31.9    21.5    26.7    25.8     0.4    23.29 C    37.7    22.2    27.5    95.4    52.0    80.2   0.150   0.148   0.130   0.139   0.203 -9999.0 -9999.0    28.2    27.6    26.7
63828 20190805  2.622  -84.47   31.31    28.5    21.6    25.0    23.4    23.5     7.22 C    31.6    21.3    23.8    95.1    70.9    91.0   0.159   0.154   0.144   0.149   0.203 -9999.0 -9999.0    27.9    27.6    26.8
63828 20190806  2.622  -84.47   31.31    32.5    21.2    26.8    26.2     0.0    24.50 C    38.0    20.9    27.5    95.6    52.0    79.6   0.150   0.145   0.147   0.163   0.204    28.4    28.2    27.7    27.1    26.7
63828 20190807  2.622  -84.47   31.31    33.8    21.4    27.6    27.6     0.0    24.65 C    40.0    21.2    28.7    95.0    47.7    75.8   0.135   0.135   0.140   0.167   0.208    29.4    29.3    28.6    27.5    26.6
63828 20190808  2.622  -84.47   31.31    34.2    23.1    28.7    27.6     0.0    21.03 C    40.6    22.7    28.6    92.2    52.9    77.4   0.121   0.127   0.134   0.165   0.211    29.8    29.7    29.1    27.9    26.7
63828 20190809  2.622  -84.47   31.31    34.4    22.3    28.4    28.3     0.0    23.96 C    40.4    21.9    29.4    94.3    51.2    74.6   0.109   0.119   0.129   0.163   0.212    30.1    30.1    29.2    28.1    26.9
63828 20190810  2.622  -84.47   31.31    34.6    23.5    29.0    28.8     0.0    23.51 C    41.0    23.3    30.1    93.8    50.5    73.8   0.096   0.110   0.123   0.160   0.213    30.6    30.6    29.6    28.3    27.0
63828 20190811  2.622  -84.47   31.31    33.4    22.9    28.1    27.9     0.0    22.89 C    41.2    22.7    29.5    94.0    55.0    79.1   0.087   0.101   0.117   0.157   0.214    30.6    30.4 -9999.0    28.6    27.1
63828 20190812  2.622  -84.47   31.31    35.0    24.0    29.5    27.4    15.2    16.93 C    39.8    23.6    28.3    94.6    50.9    85.1   0.108   0.099   0.112   0.154   0.214    30.2    30.1    29.7    28.8    27.2
63828 20190813  2.622  -84.47   31.31    34.6    23.7    29.2    28.5     0.0    22.17 C    39.1    23.6    29.5    95.7    51.6    79.2   0.141   0.123   0.114   0.153   0.215    30.0    30.1    29.5    28.6    27.3
63828 20190814  2.622  -84.47   31.31    35.0    24.0    29.5    27.8     0.0    18.18 C    40.4    24.0    28.7    94.5    50.6    79.6   0.124   0.118   0.113   0.151   0.214    30.4    30.4    29.9    28.8    27.4
63828 20190815  2.622  -84.47   31.31    34.1    23.2    28.6    26.8     0.0    21.23 C    40.1    23.1    28.6    94.9    54.2    81.5   0.111   0.111   0.110   0.150   0.214    30.0 -9999.0    29.7    28.7    27.5
63828 20190816  2.622  -84.47   31.31    35.5    21.5    28.5    27.9     0.0    23.97 C    41.5    21.3    29.3    94.9    31.9    72.3   0.098   0.104   0.107   0.147   0.213    30.0    30.3    29.6    28.8    27.5
63828 20190817  2.622  -84.47   31.31    34.9    22.0    28.4    27.1     0.0    20.24 C    42.3    21.4    28.5    94.6    43.7    77.6   0.087   0.095   0.102   0.144   0.212    30.0    30.2    29.5    28.8    27.6
63828 20190818  2.622  -84.47   31.31    29.4    21.4    25.4    25.0    19.6    12.39 C    33.9    21.0    25.6    94.7    71.0    87.9   0.117   0.110   0.102   0.143   0.212    28.6    29.1    29.1    28.7    27.6
63828 20190819  2.622  -84.47   31.31    29.4    23.7    26.5    25.5    23.5    11.30 C    34.7    23.6    26.2    94.0    72.3    87.6   0.158   0.152   0.134   0.146   0.211    28.4    28.6    28.5    28.3    27.5
63828 20190820  2.622  -84.47   31.31    30.6    23.5    27.0    25.9     0.2    14.50 C    35.8    23.6    26.8    94.6    59.8    85.7   0.149   0.145   0.147   0.164   0.211    28.7    28.7    28.5    28.0    27.5
63828 20190821  2.622  -84.47   31.31    32.4    22.2    27.3    25.7    18.8    15.14 C    38.9    21.9    26.5    95.2    55.8    86.4   0.156   0.151   0.149   0.169   0.212    28.3    28.5    28.4    28.0    27.4
63828 20190822  2.622  -84.47   31.31    33.2    21.8    27.5    26.6     2.0    21.74 C    38.9    21.6    27.7    95.5    52.7    80.7   0.151   0.148   0.149   0.180   0.214    28.7    28.7    28.5    27.9    27.4
63828 20190823  2.622  -84.47   31.31    32.8    21.8    27.3    26.4     0.0    22.94 C    39.6    21.8    27.8    95.2    50.5    80.5   0.144   0.140   0.142   0.177   0.221    29.2    29.3    28.8    28.0    27.3
63828 20190824  2.622  -84.47   31.31    33.6    22.2    27.9    26.9     0.0    19.11 C    39.9    22.0    28.0    95.0    45.9    78.9   0.134   0.134   0.137   0.173   0.225    29.0    29.4    28.9    28.2    27.4
63828 20190825  2.622  -84.47   31.31    29.7    22.6    26.2    25.0     1.2    11.93 C    35.2    22.4    26.1    93.9    68.7    85.3   0.127   0.129   0.133   0.170   0.226    28.4    28.9    28.4    28.1    27.4
63828 20190826  2.622  -84.47   31.31    30.9    22.5    26.7    24.9    18.7    13.07 C    35.8    22.4    25.7    94.6    64.9    84.8   0.137   0.137   0.133   0.167   0.226    28.2    28.2    28.2    27.9    27.4
63828 20190827  2.622  -84.47   31.31    30.1    22.5    26.3    24.5     1.0    11.86 C    36.3    22.5    25.4    95.3    64.8    89.6   0.158   0.156   0.148   0.169   0.225    27.8 -9999.0    27.9    27.8    27.3
63828 20190828  2.622  -84.47   31.31    31.9    22.2    27.0    26.3     0.0    20.39 C    37.6    21.2    27.5    95.1    57.2    82.3   0.148   0.146   0.144   0.171   0.225    28.6    28.5    28.0    27.6    27.2
63828 20190829  2.622  -84.47   31.31    32.6    18.8    25.7    24.8     0.0    24.19 C    38.0    18.1    25.6    94.7    37.4    72.8   0.137   0.138   0.138   0.169   0.225    27.9    28.4    27.9    27.7    27.1
63828 20190830  2.622  -84.47   31.31    32.0    17.6    24.8    24.4     0.0    23.21 C    38.1    16.9    25.3    94.9    39.4    73.5   0.125   0.130   0.133   0.166   0.225    27.5    27.7    27.5    27.5    27.1
63828 20190831  2.622  -84.47   31.31    31.5    21.2    26.3    25.0     0.4    15.10 C    40.1    20.8    26.1    94.4    60.2    83.2   0.115   0.123   0.128   0.164   0.225    27.7    27.9    27.6    27.5    27.0
63828 20190901  2.622  -84.47   31.31    32.2    22.7    27.5    26.1    10.9    18.33 C    39.2    22.6    27.5    94.4    57.7    81.7   0.117   0.119   0.125   0.162   0.224    28.4    28.3    27.9    27.5    27.0
63828 20190902  2.622  -84.47   31.31    31.3    22.3    26.8    25.4     0.0    16.29 C    35.9    21.7    26.2    94.2    57.7    81.9   0.142   0.130   0.125   0.159   0.223    28.0    28.1    28.1    27.6    27.0
63828 20190903  2.622  -84.47   31.31    32.4    21.1    26.8    26.0     0.0    22.55 C    38.8    20.5    26.9    95.1    49.4    77.6   0.128   0.126   0.122   0.158   0.222    27.9    28.2    27.8    27.4    26.9
63828 20190904  2.622  -84.47   31.31    34.2    19.7    27.0    26.5     0.0    22.90 C    40.1    19.1    27.2    95.0    39.3    73.7   0.115   0.118   0.119   0.156   0.221    28.0    28.0    27.8    27.4    26.9
63828 20190905  2.622  -84.47   31.31    35.1    20.3    27.7    27.0     0.0    21.61 C    40.3    18.3    27.2    93.5    42.6    70.5   0.102   0.110   0.115   0.155   0.221    28.4 -9999.0    27.9    27.4    26.9
63828 20190906  2.622  -84.47   31.31    32.3    16.5    24.4    23.8     0.0    23.57 C    38.8    15.2    24.6    92.6    35.6    70.4   0.093   0.101   0.110   0.153   0.219    27.3    27.8    27.5    27.3 -9999.0
63828 20190907  2.622  -84.47   31.31    34.5    16.4    25.4    25.5     0.0    22.16 C    40.8    15.6    26.5    94.8    43.0    72.5   0.087   0.093   0.105   0.150   0.218 -9999.0    27.6 -9999.0 -9999.0 -9999.0
63828 20190908  2.622  -84.47   31.31    36.1    21.3    28.7    28.4     0.0    21.12 C    42.9    21.0    29.5    93.6    39.4    71.4   0.082   0.086   0.099   0.147   0.217    28.5 -9999.0 -9999.0 -9999.0 -9999.0
63828 20190909  2.622  -84.47   31.31    35.0    22.3    28.6    28.2     0.0    19.99 C    42.4    21.6    29.5    94.5    43.7    75.2   0.079   0.081   0.093   0.143   0.216 -9999.0    29.3    28.5 -9999.0 -9999.0
63828 20190910  2.622  -84.47   31.31    34.8    19.8    27.3    26.6     0.4    19.35 C    43.4    19.4    27.8    94.9    43.2    75.4   0.075   0.077   0.088   0.139   0.215 -9999.0    28.8 -9999.0    27.7 -9999.0
63828 20190911  2.622  -84.47   31.31    34.2    20.6    27.4    26.3     0.0    19.60 C    43.0    19.6    27.6    94.8    42.4    74.2   0.074   0.074   0.084   0.135   0.213 -9999.0    28.7    28.2    27.6    26.8
63828 20190912  2.622  -84.47   31.31    34.2    19.5    26.9    26.0     0.0    20.13 C    43.1    18.7    27.3    94.6    35.8    71.2   0.072   0.071   0.082   0.131   0.212    28.2 -9999.0 -9999.0    27.5    26.8
63828 20190913  2.622  -84.47   31.31    33.4    17.4    25.4    25.3     0.0    21.49 C    44.4    16.8    26.7    94.6    35.0    68.8   0.071   0.070   0.080   0.127   0.210    27.8    28.1    27.8    27.5    26.9
63828 20190914  2.622  -84.47   31.31    32.7    19.6    26.1    25.9     0.0    18.56 C    42.6    18.5    27.2    92.6    45.3    72.0   0.070   0.068   0.078   0.124   0.209    27.4    28.0    27.5    27.4    26.9
63828 20190915  2.622  -84.47   31.31    33.4    20.1    26.7    25.9     0.0    18.49 C    44.1    18.1    27.3    94.6    39.0    72.2   0.069   0.068   0.078   0.122   0.208 -9999.0 -9999.0    27.7 -9999.0    26.8
63828 20190916  2.622  -84.47   31.31    34.9    19.3    27.1    26.2     0.0    21.30 C    45.1    18.7    28.3    94.5    33.0    68.8   0.069   0.067   0.077   0.120   0.206    27.9 -9999.0    27.7    27.3    26.8
63828 20190917  2.622  -84.47   31.31    37.6    17.5    27.6    27.1     0.0    21.29 C    48.1    16.9    28.6    94.7    24.6    61.1   0.067   0.066   0.076   0.119   0.204 -9999.0 -9999.0    27.6    27.3 -9999.0
63828 20190918  2.622  -84.47   31.31    37.7    21.6    29.6    28.1     0.0    16.95 C    47.1    20.0    30.0    86.7    30.7    63.2   0.068   0.065   0.074   0.116   0.204    28.5 -9999.0    28.2    27.5 -9999.0
63828 20190919  2.622  -84.47   31.31    31.0    16.1    23.5    24.3     0.0    19.73 C    41.6    14.6    26.2    81.7    33.7    59.3   0.066   0.064   0.075   0.116   0.202 -9999.0 -9999.0    28.4    27.6    26.8
63828 20190920  2.622  -84.47   31.31    31.6    14.4    23.0    22.9     0.0    19.32 C    41.5    13.4    24.3    92.1    32.4    61.9   0.066   0.063   0.075   0.115   0.200 -9999.0 -9999.0    27.2    27.3    26.8
63828 20190921  2.622  -84.47   31.31    31.8    17.7    24.7    23.9     0.0    19.52 C    44.2    16.2    25.1    92.3    29.7    62.8   0.065   0.063   0.074   0.115   0.199 -9999.0 -9999.0 -9999.0    27.0    26.7
63828 20190922  2.622  -84.47   31.31    31.7    13.4    22.6    22.2     0.0    19.19 C    42.2    12.1    23.6    95.1    36.7    68.9   0.064   0.062   0.074   0.114   0.198    25.8 -9999.0 -9999.0    26.8    26.6
63828 20190923  2.622  -84.47   31.31    32.8    15.7    24.2    23.5     0.0    20.75 C    44.8    14.6    25.6    93.5    31.7    65.3   0.064   0.062   0.073   0.114   0.196    25.9 -9999.0 -9999.0    26.5 -9999.0
63828 20190924  2.622  -84.47   31.31    36.3    15.1    25.7    25.0     0.0    17.41 C    47.5    14.5    26.6    93.8    32.8    67.2   0.064   0.061   0.073   0.114   0.193 -9999.0 -9999.0 -9999.0    26.4    26.3
63828 20190925  2.622  -84.47   31.31    36.5    19.3    27.9    26.5     0.0    20.23 C    47.2    18.0    28.2    94.2    21.6    59.9   0.063   0.061   0.074   0.113   0.191 -9999.0 -9999.0 -9999.0    26.4 -9999.0
63828 20190926  2.622  -84.47   31.31    37.8    17.6    27.7    27.0     0.0    16.79 C    49.3    17.2    28.4    89.9    30.5    62.3   0.063   0.060   0.073   0.113   0.188 -9999.0 -9999.0    27.1    26.6    26.3
63828 20190927  2.622  -84.47   31.31    37.0    21.6    29.3    28.2     0.0    15.36 C    46.4    21.0    29.6    91.5    34.0    65.4   0.063   0.060   0.073   0.113   0.185 -9999.0 -9999.0    27.6    26.8 -9999.0
63828 20190928  2.622  -84.47   31.31    35.0    21.6    28.3    27.1     0.0    15.17 C    45.4    20.2    28.2    94.8    35.5    68.8   0.062   0.060   0.073   0.113   0.182 -9999.0 -9999.0 -9999.0    27.0    26.3
63828 20190929  2.622  -84.47   31.31    33.8    18.5    26.2    25.6     0.0    19.60 C    43.3    17.4    27.3    94.0    38.7    68.2   0.063   0.060   0.073   0.113   0.180 -9999.0 -9999.0    27.5    27.0 -9999.0
63828 20190930  2.622  -84.47   31.31    35.8    18.1    27.0    26.1     0.0    17.28 C    46.6    17.3    27.9    94.2    33.8    67.2   0.062   0.059   0.072   0.112   0.178 -9999.0 -9999.0 -9999.0    27.0    26.3
63828 20191001  2.622  -84.47   31.31    35.2    19.2    27.2    26.6     0.0    15.40 C    46.2    18.5    28.1    91.9    35.9    66.7   0.062   0.059   0.073   0.111   0.174 -9999.0 -9999.0    27.6    27.1    25.7
63828 20191002  2.622  -84.47   31.31    35.4    18.8    27.1    25.9     0.0    16.89 C    45.8    17.7    27.5    95.0    35.6    68.4   0.063   0.059   0.072   0.111   0.172 -9999.0 -9999.0 -9999.0    26.9    26.4
63828 20191003  2.622  -84.47   31.31    36.3    18.3    27.3    26.7     0.0    16.23 C    47.7    17.8    28.0    93.5    30.6    63.7   0.061   0.058   0.072   0.110   0.171 -9999.0 -9999.0    27.5    27.0    26.3
63828 20191004  2.622  -84.47   31.31    36.8    19.7    28.3    27.6     0.0    13.84 C    47.2    19.2    28.8    94.4    31.9    65.3   0.061   0.059   0.072   0.110   0.168 -9999.0 -9999.0    27.6    27.0    26.4
63828 20191005  2.622  -84.47   31.31    34.5    20.6    27.6    27.3     0.0    16.20 C    45.6    19.2    28.4    95.0    33.3    64.3   0.062   0.058   0.072   0.110   0.170 -9999.0 -9999.0    27.4    27.0    26.3
63828 20191006  2.622  -84.47   31.31    32.7    21.7    27.2    25.7     0.0    13.16 C    42.0    21.0    27.3    85.6    38.7    68.0   0.061   0.058   0.072   0.110   0.168 -9999.0 -9999.0    27.5    27.0    26.3
63828 20191007  2.622  -84.47   31.31    31.7    19.2    25.5    24.6     0.0    13.66 C    42.2    17.9    26.0    92.1    38.9    69.9   0.061   0.058   0.071   0.110   0.168 -9999.0 -9999.0 -9999.0    26.9 -9999.0
63828 20191008  2.622  -84.47   31.31    33.0    16.8    24.9    23.9     0.0    18.20 C    44.3    15.5    25.9    95.0    34.6    68.1   0.060   0.057   0.071   0.109   0.166 -9999.0 -9999.0    26.8    26.7 -9999.0
63828 20191009  2.622  -84.47   31.31    31.5    17.4    24.4    23.9     0.0    15.88 C    42.6    16.7    25.6    90.5    41.0    68.1   0.060   0.058   0.071   0.109   0.166 -9999.0 -9999.0 -9999.0    26.5    26.3
63828 20191010  2.622  -84.47   31.31    31.5    14.4    22.9    21.7     0.0    18.38 C    41.9    12.5    23.1    94.7    27.7    64.8   0.060   0.058   0.070   0.108   0.166 -9999.0 -9999.0 -9999.0    26.4    26.2
63828 20191011  2.622  -84.47   31.31    29.5    12.2    20.8    19.9     0.0    17.66 C    40.8    10.5    21.4    94.2    30.3    64.7   0.060   0.057   0.068   0.108   0.165 -9999.0 -9999.0 -9999.0    25.9 -9999.0
63828 20191012  2.622  -84.47   31.31    31.9    12.5    22.2    22.1     0.0    17.91 C    43.7    12.1    24.0    91.5    33.4    63.0   0.059   0.056   0.068   0.107   0.163 -9999.0 -9999.0 -9999.0    25.6    25.9
63828 20191013  2.622  -84.47   31.31    32.1    16.8    24.4    24.5     0.0    15.15 C    43.1    15.2    25.8    94.1    37.0    67.3   0.060   0.057   0.069   0.108   0.165    25.2 -9999.0 -9999.0    25.5 -9999.0
63828 20191014  2.622  -84.47   31.31    30.7    17.4    24.0    24.0     0.3    12.65 C    43.3    16.8    26.1    91.3    44.8    66.7   0.060   0.057   0.070   0.107   0.163 -9999.0 -9999.0 -9999.0    25.7    25.8
63828 20191015  2.622  -84.47   31.31    22.4    19.9    21.1    21.0    35.0     2.67 C    24.0    20.0    21.6    94.2    91.4    93.0   0.090   0.069   0.071   0.107   0.165 -9999.0 -9999.0    25.6    25.7    25.7
63828 20191016  2.622  -84.47   31.31    26.5    12.9    19.7    22.2     1.2     9.58 C    31.8    11.6    22.5    94.8    61.7    81.8   0.147   0.148   0.132   0.107   0.166    24.5    24.9    24.8    25.3    25.6
63828 20191017  2.622  -84.47   31.31    23.2     8.4    15.8    14.5     0.0    14.85 C    29.9     8.1    15.7    95.3    29.9    70.7   0.135   0.136   0.131   0.107   0.165    21.6 -9999.0    23.2    24.7    25.5
63828 20191018  2.622  -84.47   31.31    22.1     9.9    16.0    16.4     0.3     7.57 C    25.6     9.7    16.9    93.1    35.7    65.3   0.130   0.129   0.127   0.108   0.167    20.4    21.1    21.9    23.7 -9999.0
63828 20191019  2.622  -84.47   31.31    24.3    15.5    19.9    19.6    18.7     2.09 C    24.7    16.2    19.7    93.7    79.2    91.6   0.156   0.152   0.140   0.107   0.166    21.4    21.8    22.0    23.1    24.9
63828 20191020  2.622  -84.47   31.31    25.3    15.0    20.1    18.1     0.0    13.69 C    31.6    13.8    19.6    95.5    57.5    85.0   0.144   0.144   0.146   0.124   0.166    21.9    22.4    22.4    23.0    24.5
63828 20191021  2.622  -84.47   31.31    29.2    12.7    21.0    20.8     0.0    15.20 C    35.5    11.9    21.8    96.4    43.8    78.4   0.137   0.135   0.139   0.138   0.166    22.1    22.3    22.4    22.9    24.4
63828 20191022  2.622  -84.47   31.31    25.9    10.2    18.0    19.9     4.1    11.47 C    31.3     8.8    20.1    93.6    27.5    69.6   0.143   0.138   0.138   0.141   0.166    22.5    22.9    23.1    23.2    24.1
63828 20191023  2.622  -84.47   31.31    23.1     5.5    14.3    13.2     0.0    16.03 C    31.0     4.8    13.9    91.7    25.0    64.9   0.135   0.133   0.134   0.142   0.166    19.1    20.1    21.0    22.7    24.1
63828 20191024  2.622  -84.47   31.31    23.4     7.4    15.4    16.3     0.0     6.69 C    28.1     6.7    16.5    94.7    51.7    76.7   0.131   0.128   0.131   0.142   0.166    18.7    19.4    20.0    21.7    23.8
63828 20191025  2.622  -84.47   31.31    29.6    18.5    24.0    22.9     6.3     9.06 C    36.6    17.3    23.1    93.3    58.5    83.2   0.134   0.128   0.129   0.143   0.166    21.6    21.7    21.3    21.6    23.5
63828 20191026  2.622  -84.47   31.31    29.5    21.7    25.6    24.6     0.0     7.97 C    32.7    20.4    24.2    88.3    57.2    78.7   0.144   0.138   0.132   0.143   0.166    22.9    23.0    22.6    22.3    23.3
63828 20191027  2.622  -84.47   31.31    26.2    12.5    19.3    20.3     0.7    16.62 C    32.3    11.2    21.4    94.7    41.3    74.6   0.139   0.134   0.132   0.144   0.166    23.0    23.3    23.2    22.9    23.4
63828 20191028  2.622  -84.47   31.31    28.6    10.9    19.7    19.4     0.0    14.97 C    35.4    10.6    20.8    95.8    40.6    76.0   0.133   0.129   0.129   0.144   0.166    21.2    21.6    22.0    22.7    23.5
63828 20191029  2.622  -84.47   31.31    23.4    20.1    21.8    21.6    20.9     2.17 C    24.4    20.1    21.8    94.9    87.2    93.5   0.152   0.148   0.144   0.149   0.166    22.3    22.6    22.5    22.6    23.4
63828 20191030  2.622  -84.47   31.31    26.3    21.9    24.1    23.6     1.0     3.39 C    26.3    21.4    23.2    94.6    78.0    89.8   0.146   0.144   0.147   0.165   0.167    23.0    23.2    22.9    22.8    23.4
63828 20191031  2.622  -84.47   31.31    30.1     6.0    18.1    20.2    10.4     8.30 C    32.2     6.2    20.4    92.2    56.8    81.1   0.152   0.149   0.148   0.167   0.166    23.1    23.5    23.4    23.1    23.4
63828 20191101  2.622  -84.47   31.31    17.1     1.2     9.1     7.8     0.0    16.70 C    24.1     1.6     9.9    94.5    38.4    72.5   0.146   0.146   0.147   0.172   0.167    18.2    19.4    20.9    22.6    23.5
63828 20191102  2.622  -84.47   31.31    20.3     2.6    11.5    10.1     0.0    15.92 C    27.5     2.0    11.2    94.9    33.4    73.3   0.139   0.137   0.140   0.170   0.167    16.6    17.5    18.8    21.1    23.2
63828 20191103  2.622  -84.47   31.31    20.0     1.4    10.7     9.7     0.0    16.27 C    27.1     0.4    10.4    92.8    32.0    69.5   0.134   0.133   0.136   0.167   0.175    15.6 -9999.0    17.7    20.1    22.7
63828 20191104  2.622  -84.47   31.31    23.7     6.6    15.1    15.9     0.0    10.13 C    28.8     5.3    16.4    92.2    54.4    74.1   0.131   0.129   0.133   0.164   0.184    17.0    17.4    17.8    19.5    22.2
63828 20191105  2.622  -84.47   31.31    26.7    15.8    21.2    20.1     0.0    10.09 C    33.6    14.4    20.8    90.9    61.8    79.2   0.129   0.126   0.131   0.162   0.190    19.5    19.6    19.3    19.7    21.8
63828 20191106  2.622  -84.47   31.31    26.7    13.9    20.3    19.6     0.0    13.70 C    33.9    12.3    20.1    89.4    42.3    68.8   0.126   0.123   0.129   0.160   0.194    19.9    20.3    20.1    20.3    21.6
63828 20191107  2.622  -84.47   31.31    22.5    14.7    18.6    19.5     3.5     3.72 C    24.7    12.8    19.7    94.7    77.0    88.0   0.123   0.121   0.126   0.159   0.197    19.9    20.3    20.1    20.6    21.7
63828 20191108  2.622  -84.47   31.31    19.7    12.3    16.0    15.6     6.9     3.47 C    19.8    11.5    16.3    95.8    70.6    84.1   0.154   0.146   0.134   0.157   0.198    19.6    20.1    20.3    20.8 -9999.0
63828 20191109  2.622  -84.47   31.31    16.9     3.1    10.0     9.5     0.0    15.37 C    23.6     2.0    10.3    95.8    33.9    72.5   0.143   0.140   0.137   0.157   0.199    16.9    17.9    18.9    20.3    21.7
63828 20191110  2.622  -84.47   31.31    19.4     0.0     9.7     8.3     0.0    15.14 C    26.4     0.1     9.2    95.4    32.4    73.8   0.137   0.135   0.134   0.157   0.199    14.8    15.8    16.9    19.2    21.5
63828 20191111  2.622  -84.47   31.31    23.8     2.2    13.0    13.0     0.0    12.28 C    31.3     1.5    13.3    95.6    49.0    81.1   0.134   0.131   0.131   0.156   0.200    15.0    15.9    16.4    18.4    21.2
63828 20191112  2.622  -84.47   31.31    16.7     0.0     8.3     9.0     8.0     3.98 C    15.8     0.1     9.3    95.9    62.1    82.6   0.149   0.142   0.133   0.156   0.200    15.4    16.2    16.9    18.4    20.8
63828 20191113  2.622  -84.47   31.31    11.5    -2.2     4.7     3.6     0.0    15.12 C    18.9    -1.8     5.4    80.2    32.2    61.2   0.146   0.144   0.138   0.156   0.201    12.7    13.8    15.0    17.7    20.5
63828 20191114  2.622  -84.47   31.31    11.0     4.9     8.0     7.3     2.7     4.58 C    17.2     5.0     8.9    92.9    54.7    69.0   0.140   0.138   0.136   0.156   0.201    13.1    13.9    14.6    16.8    20.1
63828 20191115  2.622  -84.47   31.31    10.7     6.5     8.6     8.5     9.0     3.03 C    13.4     7.5     9.8    95.1    91.7    94.1   0.163   0.157   0.146   0.158   0.201    13.6    14.2    14.7    16.5    19.7
63828 20191116  2.622  -84.47   31.31    17.0     7.3    12.2    11.4     0.0     8.17 C    22.2     8.1    12.4    91.6    57.6    80.2   0.153   0.151   0.148   0.165   0.202    14.5    14.9    15.2    16.5    19.3
63828 20191117  2.622  -84.47   31.31    19.3     9.6    14.4    12.8     0.0    12.83 C    25.6     8.5    14.2    95.1    48.7    72.6   0.143   0.142   0.142   0.167   0.203    15.2    15.8    15.9    16.7    19.1
63828 20191118  2.622  -84.47   31.31    20.5     6.9    13.7    12.9     0.0    13.12 C    26.9     3.8    13.4    96.8    23.3    70.2   0.139   0.137   0.138   0.166   0.205    15.2    15.7    15.9    16.9    19.1
63828 20191119  2.622  -84.47   31.31    19.8     3.1    11.4    10.0     0.0    13.04 C    25.1     1.0     9.5    95.3    30.2    71.0   0.135   0.133   0.136   0.165   0.207    13.9    14.5    15.3    16.8    19.0
63828 20191120  2.622  -84.47   31.31    21.0     3.3    12.1    10.4     0.0    13.92 C    26.9     0.5     9.8    96.7    27.7    72.4   0.132   0.130   0.133   0.163   0.208    13.2    13.9    14.6    16.4    18.8
63828 20191121  2.622  -84.47   31.31    21.2     1.9    11.6    10.4     0.0    13.29 C    27.5     0.6    10.5    96.0    33.1    75.9   0.130   0.127   0.131   0.161   0.209    13.0    13.7    14.3    16.0    18.6
63828 20191122  2.622  -84.47   31.31    23.4     6.3    14.9    14.5     0.0    10.48 C    29.6     5.1    14.7    95.8    53.8    82.6   0.128   0.125   0.129   0.160   0.209    14.4    14.7    14.7    15.9    18.3
63828 20191123  2.622  -84.47   31.31    26.2    11.8    19.0    19.3    10.3     8.12 C    30.3    10.4    19.0    94.4    50.1    81.5   0.137   0.131   0.129   0.159   0.209    16.8    16.8    16.3    16.5    18.3
63828 20191124  2.622  -84.47   31.31    15.2     3.5     9.3     9.0     0.0     9.67 C    21.2     1.6     9.3    96.5    52.5    80.5   0.152   0.147   0.138   0.158   0.209    14.9    15.6    16.1    16.9    18.3
63828 20191125  2.622  -84.47   31.31    17.3     1.0     9.2     7.5     0.0    13.61 C    23.4     0.2     8.0    96.8    40.1    79.9   0.142   0.139   0.136   0.158   0.208    12.9    13.7    14.5    16.3    18.3
63828 20191126  2.622  -84.47   31.31    21.9     1.2    11.5    12.0     0.0    10.76 C    26.1     0.5    12.2    96.4    49.6    77.9   0.138   0.136   0.134   0.158   0.208    13.0    13.5    13.9    15.7    18.2
63828 20191127  2.622  -84.47   31.31    26.1    14.1    20.1    18.8     2.8     6.52 C    29.2    10.6    17.6    96.5    66.5    84.6   0.140   0.134   0.133   0.158   0.208    15.9    16.0    15.5    16.0    18.0
63828 20191128  2.622  -84.47   31.31    21.9     6.3    14.1    12.9     0.0    12.58 C    26.0     4.6    12.4    96.6    29.5    72.0   0.141   0.135   0.133   0.158   0.208    14.8    15.4    15.7    16.4    18.0
63828 20191129  2.622  -84.47   31.31    23.5     5.3    14.4    12.6     0.0    12.37 C    27.5     4.1    12.4    94.9    25.7    69.8   0.137   0.132   0.132   0.157   0.208    14.2    14.7    15.1    16.3    18.0
63828 20191130  2.622  -84.47   31.31    26.3     6.3    16.3    16.1     0.0    12.21 C    29.6     5.3    15.3    95.0    43.2    72.8   0.134   0.130   0.130   0.157   0.208    14.6    15.0    15.1    16.1    18.0
63828 20191201  2.622  -84.47   31.31    22.2    12.2    17.2    17.8    11.2     7.73 C    25.8     8.3    16.9    92.9    42.2    73.0   0.152   0.146   0.138   0.157   0.208    16.3    16.5    16.2    16.4    17.9
63828 20191202  2.622  -84.47   31.31    12.6     0.3     6.5     7.3     0.0    13.02 C    19.0    -1.6     7.6    91.6    39.8    58.7   0.149   0.147   0.144   0.159   0.208    13.7    14.5    15.2    16.5    17.9
63828 20191203  2.622  -84.47   31.31    11.9    -2.7     4.6     3.6     0.0    12.74 C    18.0    -3.8     4.1    94.8    45.1    77.4   0.140   0.139   0.139   0.161   0.208    11.1    12.1    13.3    15.6    17.9
63828 20191204  2.622  -84.47   31.31    17.8    -0.4     8.7     7.1     0.0    12.75 C    23.3    -2.1     6.7    95.4    35.3    74.5   0.137   0.136   0.137   0.161   0.208    10.8    11.7    12.4    14.7    17.6
63828 20191205  2.622  -84.47   31.31    20.4    -0.2    10.1     8.2     0.0    10.53 C    25.5    -1.4     7.2    96.4    22.6    72.5   0.135   0.133   0.135   0.160   0.208    10.7    11.5    12.3    14.3    17.2
63828 20191206  2.622  -84.47   31.31    20.5     1.6    11.0    10.4     0.0     7.01 C    27.6     0.2    10.0    95.2    36.6    76.9   0.133   0.131   0.132   0.159   0.209    11.5    12.0    12.4    14.1    16.9
63828 20191207  2.622  -84.47   31.31    20.1     7.7    13.9    13.9     0.0     7.74 C    25.3     5.9    13.3    95.3    47.8    71.2   0.132   0.129   0.132   0.158   0.209    13.1    13.5    13.5    14.3    16.7
63828 20191208  2.622  -84.47   31.31    18.9    11.3    15.1    14.6     0.0     7.72 C    26.8     8.2    14.5    83.6    56.9    71.8   0.130   0.127   0.129   0.158   0.209    14.0    14.3    14.1    14.8    16.7
63828 20191209  2.622  -84.47   31.31    25.4    12.8    19.1    18.3     0.0     7.51 C    29.6    10.2    17.2    91.9    48.1    78.1   0.129   0.126   0.128   0.157   0.209    15.6    15.6    15.4    15.3    16.7
63828 20191210  2.622  -84.47   31.31    24.7     9.0    16.8    18.4     3.0     3.98 C    26.9    10.0    18.1    95.3    69.8    88.9   0.129   0.124   0.128   0.157   0.209    16.4    16.5    16.1    15.9    16.9
63828 20191211  2.622  -84.47   31.31    11.0     7.8     9.4     9.1     0.0     3.03 C    14.1     5.7     9.4    91.6    51.7    67.9   0.134   0.125   0.126   0.157   0.208    14.7    15.3    15.8    16.2    17.1
63828 20191212  2.622  -84.47   31.31    11.0     7.0     9.0     8.8     1.8     2.58 C    13.8     5.2     9.0    88.8    44.5    68.3   0.134   0.126   0.125   0.156   0.208    13.1    13.8    14.5    15.8 -9999.0
63828 20191213  2.622  -84.47   31.31     8.9     6.7     7.8     7.8    21.8     2.50 C    11.5     7.1     9.1    96.5    89.2    94.2   0.168   0.157   0.140   0.155   0.208    12.7    13.4    13.9    15.3    17.1
63828 20191214  2.622  -84.47   31.31    16.0     4.3    10.1     9.7     2.1     9.83 C    21.8     2.6    10.2    97.0    57.7    85.8   0.162   0.158   0.155   0.174   0.208    13.1    13.5    13.9    14.9    17.0
63828 20191215  2.622  -84.47   31.31    20.7     1.9    11.3    10.4     0.0    11.72 C    25.2     1.0     9.9    97.1    56.5    84.8   0.147   0.143   0.144   0.176   0.211    12.2    12.8    13.3    14.6    16.8
63828 20191216  2.622  -84.47   31.31    25.3     4.2    14.7    15.5     0.0    11.63 C    29.1     1.9    14.6    97.1    53.6    81.2   0.141   0.138   0.139   0.173   0.216    13.2    13.5    13.4    14.5    16.6
63828 20191217  2.622  -84.47   31.31    21.5     6.2    13.9    15.4    78.6     0.64 C    20.1     6.7    15.1    94.4    73.3    88.1   0.166   0.160   0.158   0.189   0.232    15.9    16.0    15.5    15.1    16.4
63828 20191218  2.622  -84.47   31.31    11.5    -0.8     5.3     4.9     0.0    12.81 C    17.5    -3.1     5.6    91.6    31.1    64.1   0.153   0.148   0.147   0.182   0.238    12.7    13.7    14.4    15.4    16.4
63828 20191219  2.622  -84.47   31.31    13.2    -3.9     4.7     3.2     0.0    13.02 C    19.2    -5.8     3.1    94.6    31.6    73.1   0.144   0.140   0.140   0.175   0.233     9.7    10.9    12.1    14.3    16.5
63828 20191220  2.622  -84.47   31.31    15.5    -0.9     7.3     7.6     0.0    10.57 C    21.2    -2.4     7.7    94.9    31.2    58.2   0.139   0.136   0.137   0.171   0.228     9.9    10.5    11.3    13.5    16.2
63828 20191221  2.622  -84.47   31.31    15.4     8.2    11.8    11.0     3.5     4.91 C    23.0     6.7    11.1    91.8    31.9    65.5   0.138   0.134   0.136   0.168   0.225    11.7    12.0    12.2    13.3    15.8
63828 20191222  2.622  -84.47   31.31    13.7     9.9    11.8    11.2    51.1     0.54 C    13.5    10.1    11.3    95.2    91.8    93.9   0.186   0.173   0.163   0.182   0.224    12.1    12.5    12.6    13.5    15.7
63828 20191223  2.622  -84.47   31.31    13.8     9.8    11.8    12.0     2.1     4.13 C    16.7     9.1    12.5    95.7    80.7    89.9   0.166   0.160   0.156   0.189   0.241    13.0    13.2    13.2    13.6    15.4
63828 20191224  2.622  -84.47   31.31    22.7    10.2    16.5    15.3     0.0     7.85 C    26.3     7.1    14.6    95.6    50.2    79.9   0.152   0.146   0.144   0.179   0.236    14.0    14.2    13.9    14.0    15.4
63828 20191225  2.622  -84.47   31.31    22.4     6.9    14.6    13.3     0.0    12.44 C    26.9     3.7    12.1    96.1    35.1    73.1   0.145   0.140   0.140   0.174   0.232    13.1    13.6    13.8    14.3    15.5
63828 20191226  2.622  -84.47   31.31    22.9     6.6    14.8    13.8     0.0     8.65 C    28.2     4.5    13.1    94.4    53.3    77.9   0.140   0.137   0.138   0.171   0.228    13.2    13.5    13.6    14.2    15.6
63828 20191227  2.622  -84.47   31.31    24.3    10.4    17.4    16.7     0.0     9.34 C    29.5     7.6    16.1    96.3    51.6    81.2   0.138   0.134   0.136   0.168   0.225    14.3    14.4    14.2    14.4    15.6
63828 20191228  2.622  -84.47   31.31    21.8    14.4    18.1    18.2     0.0     3.63 C    23.8    11.2    17.1    95.7    78.2    88.9   0.137   0.133   0.134   0.167   0.223    15.4    15.6    15.0    14.9    15.7
63828 20191229  2.622  -84.47   31.31    25.6    19.6    22.6    21.7    29.2     6.88 C    29.0    18.4    21.2    94.5    62.5    83.0   0.142   0.135   0.135   0.165   0.221    17.2    17.1    16.2    15.5    15.9
63828 20191230  2.622  -84.47   31.31    21.0     6.1    13.6    15.4     1.0     9.71 C    24.4     2.7    15.0    93.1    38.3    74.5   0.166   0.161   0.160   0.186   0.222    17.1    17.4    17.1    16.4 -9999.0
63828 20191231  2.622  -84.47   31.31    16.3     1.7     9.0     7.6     0.0    12.71 C    22.3    -0.2     7.0    95.1    29.6    69.9   0.149   0.144   0.144   0.181   0.231    13.0    14.0    14.8    16.0    16.4
