56401 20140101  2.515 -145.50   63.03    -5.4   -10.9    -8.1    -7.9     6.9     0.01 C    -6.3   -17.7    -9.3    95.6    89.6    92.7 -99.000 -99.000 -99.000 -99.000 -99.000 -9999.0 -9999.0 -9999.0 -9999.0 -9999.0
56401 20140102  2.515 -145.50   63.03    -5.0   -10.1    -7.6    -7.2     1.4     0.00 C    -5.8   -14.6    -8.3    95.7    90.5    93.2 -99.000 -99.000 -99.000 -99.000 -99.000 -9999.0 -9999.0 -9999.0 -9999.0 -9999.0
56401 20140103  2.515 -145.50   63.03    -6.1   -10.7    -8.4    -8.8     2.0     0.00 C    -7.0   -18.6   -10.1    94.4    88.9    91.8 -99.000 -99.000 -99.000 -99.000 -99.000 -9999.0 -9999.0 -9999.0 -9999.0 -9999.0
56401 20140104  2.515 -145.50   63.03    -5.2   -14.1    -9.7    -9.7    10.9     0.00 C    -5.5   -20.0   -11.2    95.3    85.7    91.3 -99.000 -99.000 -99.000 -99.000 -99.000 -9999.0 -9999.0 -9999.0 -9999.0 -9999.0
56401 20140105  2.515 -145.50   63.03    -1.1    -6.2    -3.7    -3.7     0.0     0.03 C    -2.2   -11.9    -5.3    97.9    87.7    94.2 -99.000 -99.000 -99.000 -99.000 -99.000 -9999.0 -9999.0 -9999.0 -9999.0 -9999.0
56401 20140106  2.515 -145.50   63.03    -1.8    -8.3    -5.1    -5.2     0.0     0.00 C    -4.2   -16.5    -8.7    96.4    89.4    94.1 -99.000 -99.000 -99.000 -99.000 -99.000 -9999.0 -9999.0 -9999.0 -9999.0 -9999.0
56401 20140107  2.515 -145.50   63.03    -4.2    -8.9    -6.5    -5.6     0.2     0.00 C    -4.8   -14.8    -7.1    96.0    88.5    92.3 -99.000 -99.000 -99.000 -99.000 -99.000 -9999.0 -9999.0 -9999.0 -9999.0 -9999.0
56401 20140108  2.515 -145.50   63.03    -5.5   -12.7    -9.1    -8.0     1.1     0.00 C    -6.3   -17.3    -9.9    94.7    88.6    91.9 -99.000 -99.000 -99.000 -99.000 -99.000 -9999.0 -9999.0 -9999.0 -9999.0 -9999.0
56401 20140109  2.515 -145.50   63.03    -5.5   -12.2    -8.9    -9.0     1.7     0.00 C    -6.4   -13.4    -9.9    92.3    81.2    85.3 -99.000 -99.000 -99.000 -99.000 -99.000 -9999.0 -9999.0 -9999.0 -9999.0 -9999.0
56401 20140110  2.515 -145.50   63.03   -12.0   -17.0   -14.5   -14.9     0.2     0.11 C   -12.7   -23.7   -18.0    83.6    74.0    80.1 -99.000 -99.000 -99.000 -99.000 -99.000 -9999.0 -9999.0 -9999.0 -9999.0 -9999.0
56401 20140111  2.515 -145.50   63.03   -15.3   -27.8   -21.5   -19.7     0.0     0.17 C   -16.7   -33.5   -21.8    78.5    63.7    69.1 -99.000 -99.000 -99.000 -99.000 -99.000 -9999.0 -9999.0 -9999.0 -9999.0 -9999.0
56401 20140112  2.515 -145.50   63.03   -19.6   -33.1   -26.4   -24.7     0.9     0.07 C   -19.1   -39.6   -25.8    85.7    74.5    79.0 -99.000 -99.000 -99.000 -99.000 -99.000 -9999.0 -9999.0 -9999.0 -9999.0 -9999.0
56401 20140113  2.515 -145.50   63.03    -8.5   -20.4   -14.4   -16.4     0.6     0.02 C    -9.6   -22.2   -18.0    90.3    80.6    84.9 -99.000 -99.000 -99.000 -99.000 -99.000 -9999.0 -9999.0 -9999.0 -9999.0 -9999.0
56401 20140114  2.515 -145.50   63.03    -3.8    -8.6    -6.2    -6.8     2.3     0.00 C    -5.1   -10.6    -7.7    96.0    80.1    91.3 -99.000 -99.000 -99.000 -99.000 -99.000 -9999.0 -9999.0 -9999.0 -9999.0 -9999.0
56401 20140115  2.515 -145.50   63.03    -4.3   -10.1    -7.2    -6.7     6.9     0.00 C    -5.1   -18.5    -8.7    95.0    87.3    92.5 -99.000 -99.000 -99.000 -99.000 -99.000 -9999.0 -9999.0 -9999.0 -9999.0 -9999.0
56401 20140116  2.515 -145.50   63.03    -0.3    -4.6    -2.5    -1.7     2.7     0.01 C    -0.8    -7.1    -3.1    98.2    81.1    94.5 -99.000 -99.000 -99.000 -99.000 -99.000 -9999.0 -9999.0 -9999.0 -9999.0 -9999.0
56401 20140117  2.515 -145.50   63.03     3.4    -3.2     0.1    -0.1     4.0     0.19 C     0.0    -8.2    -1.9    99.4    79.8    94.3 -99.000 -99.000 -99.000 -99.000 -99.000 -9999.0 -9999.0 -9999.0 -9999.0 -9999.0
56401 20140118  2.515 -145.50   63.03     1.0    -3.5    -1.3    -0.7     5.0     0.05 C    -0.1    -8.3    -2.5    99.4    73.9    89.0 -99.000 -99.000 -99.000 -99.000 -99.000 -9999.0 -9999.0 -9999.0 -9999.0 -9999.0
56401 20140119  2.515 -145.50   63.03    -2.5    -7.8    -5.1    -5.5     0.0     0.08 C    -5.4   -14.8    -9.4    93.9    73.3    84.7 -99.000 -99.000 -99.000 -99.000 -99.000 -9999.0 -9999.0 -9999.0 -9999.0 -9999.0
56401 20140120  2.515 -145.50   63.03    -3.0   -12.8    -7.9    -6.2     0.0     0.16 C    -5.9   -19.4   -10.8    93.2    73.9    85.5 -99.000 -99.000 -99.000 -99.000 -99.000 -9999.0 -9999.0 -9999.0 -9999.0 -9999.0
56401 20140121  2.515 -145.50   63.03     1.6   -14.3    -6.4    -4.4     0.0     0.05 C    -1.3   -19.4    -7.4    93.8    68.1    85.8 -99.000 -99.000 -99.000 -99.000 -99.000 -9999.0 -9999.0 -9999.0 -9999.0 -9999.0
56401 20140122  2.515 -145.50   63.03     1.9    -3.3    -0.7    -0.1     5.6     0.01 C    -0.1    -8.7    -2.3    99.3    78.6    92.6 -99.000 -99.000 -99.000 -99.000 -99.000 -9999.0 -9999.0 -9999.0 -9999.0 -9999.0
56401 20140123  2.515 -145.50   63.03     3.3     0.1     1.7     1.3    15.2     0.35 C     0.5    -0.8     0.0    99.2    86.8    96.3 -99.000 -99.000 -99.000 -99.000 -99.000 -9999.0 -9999.0 -9999.0 -9999.0 -9999.0
56401 20140124  2.515 -145.50   63.03     2.9    -2.1     0.4     0.8    10.4     0.06 C     0.4    -5.7    -1.1    99.2    92.8    96.7 -99.000 -99.000 -99.000 -99.000 -99.000 -9999.0 -9999.0 -9999.0 -9999.0 -9999.0
56401 20140125  2.515 -145.50   63.03     3.4    -4.8    -0.7     0.2     0.4     0.55 C     0.1   -10.2    -3.1    99.3    86.1    96.0 -99.000 -99.000 -99.000 -99.000 -99.000 -9999.0 -9999.0 -9999.0 -9999.0 -9999.0
56401 20140126  2.515 -145.50   63.03     2.0    -7.1    -2.5    -4.1     0.0     0.44 C    -4.2   -12.3    -9.1    97.9    65.5    92.1 -99.000 -99.000 -99.000 -99.000 -99.000 -9999.0 -9999.0 -9999.0 -9999.0 -9999.0
56401 20140127  2.515 -145.50   63.03    -4.2   -12.3    -8.2    -8.5     0.0     0.70 C    -8.4   -16.8   -13.1    95.2    83.9    92.0 -99.000 -99.000 -99.000 -99.000 -99.000 -9999.0 -9999.0 -9999.0 -9999.0 -9999.0
56401 20140128  2.515 -145.50   63.03    -0.7    -9.5    -5.1    -4.9     0.7     0.36 C    -2.9   -13.6    -7.8    97.2    83.8    94.2 -99.000 -99.000 -99.000 -99.000 -99.000 -9999.0 -9999.0 -9999.0 -9999.0 -9999.0
56401 20140129  2.515 -145.50   63.03    -1.5   -19.5   -10.5    -9.7     0.0     1.01 C    -3.1   -25.1   -15.6    98.0    76.8    90.3 -99.000 -99.000 -99.000 -99.000 -99.000 -9999.0 -9999.0 -9999.0 -9999.0 -9999.0
56401 20140130  2.515 -145.50   63.03   -14.4   -22.8   -18.6   -18.8     0.0     0.74 C   -20.9   -29.2   -24.8    92.0    80.5    84.8 -99.000 -99.000 -99.000 -99.000 -99.000 -9999.0 -9999.0 -9999.0 -9999.0 -9999.0
56401 20140131  2.515 -145.50   63.03   -15.4   -26.5   -21.0   -22.3     0.0     1.27 C   -24.5   -31.5   -29.5    87.5    77.7    81.4 -99.000 -99.000 -99.000 -99.000 -99.000 -9999.0 -9999.0 -9999.0 -9999.0 -9999.0
56401 20140201  2.515 -145.50   63.03   -14.9   -26.5   -20.7   -21.7     0.0     1.36 C   -20.8   -31.5   -27.4    87.6    77.7    81.9 -99.000 -99.000 -99.000 -99.000 -99.000 -9999.0 -9999.0 -9999.0 -9999.0 -9999.0
56401 20140202  2.515 -145.50   63.03    -9.4   -23.8   -16.6   -17.4     0.0     1.44 C   -15.3   -28.5   -24.0    92.2    79.5    85.3 -99.000 -99.000 -99.000 -99.000 -99.000 -9999.0 -9999.0 -9999.0 -9999.0 -9999.0
56401 20140203  2.515 -145.50   63.03   -14.4   -25.7   -20.1   -21.2     0.0     1.71 C   -19.5   -30.5   -27.2    87.7    78.4    82.3 -99.000 -99.000 -99.000 -99.000 -99.000 -9999.0 -9999.0 -9999.0 -9999.0 -9999.0
56401 20140204  2.515 -145.50   63.03   -16.6   -28.6   -22.6   -24.4     0.0     1.84 C   -25.1   -34.3   -31.7    85.9    75.6    79.8 -99.000 -99.000 -99.000 -99.000 -99.000 -9999.0 -9999.0 -9999.0 -9999.0 -9999.0
56401 20140205  2.515 -145.50   63.03   -18.7   -31.3   -25.0   -25.6     0.0     1.95 C   -23.8   -36.2   -32.4    84.4    74.4    78.9 -99.000 -99.000 -99.000 -99.000 -99.000 -9999.0 -9999.0 -9999.0 -9999.0 -9999.0
56401 20140206  2.515 -145.50   63.03   -12.3   -28.2   -20.2   -21.0     1.2     0.15 C   -15.9   -32.5   -24.2    90.2    72.6    81.7 -99.000 -99.000 -99.000 -99.000 -99.000 -9999.0 -9999.0 -9999.0 -9999.0 -9999.0
56401 20140207  2.515 -145.50   63.03   -12.4   -18.2   -15.3   -14.7     0.0     0.82 C   -17.3   -27.0   -21.5    80.4    61.0    66.9 -99.000 -99.000 -99.000 -99.000 -99.000 -9999.0 -9999.0 -9999.0 -9999.0 -9999.0
56401 20140208  2.515 -145.50   63.03   -16.6   -25.7   -21.2   -20.6     0.0     1.85 C   -21.8   -33.2   -28.1    84.2    66.2    75.3 -99.000 -99.000 -99.000 -99.000 -99.000 -9999.0 -9999.0 -9999.0 -9999.0 -9999.0
56401 20140209  2.515 -145.50   63.03   -17.4   -26.6   -22.0   -21.2     0.0     2.22 C   -22.5   -35.9   -29.6    79.8    56.3    66.5 -99.000 -99.000 -99.000 -99.000 -99.000 -9999.0 -9999.0 -9999.0 -9999.0 -9999.0
56401 20140210  2.515 -145.50   63.03   -20.8   -32.3   -26.5   -24.3     0.0     2.37 C   -25.3   -40.6   -31.6    85.0    55.3    66.8 -99.000 -99.000 -99.000 -99.000 -99.000 -9999.0 -9999.0 -9999.0 -9999.0 -9999.0
56401 20140211  2.515 -145.50   63.03   -23.2   -35.8   -29.5   -30.1     0.0     2.52 C   -27.6   -43.1   -37.8    81.7    60.0    72.9 -99.000 -99.000 -99.000 -99.000 -99.000 -9999.0 -9999.0 -9999.0 -9999.0 -9999.0
56401 20140212  2.515 -145.50   63.03   -22.3   -33.6   -28.0   -25.4     0.0     2.11 C   -23.3   -39.2   -29.2    82.3    58.1    67.0 -99.000 -99.000 -99.000 -99.000 -99.000 -9999.0 -9999.0 -9999.0 -9999.0 -9999.0
56401 20140213  2.515 -145.50   63.03   -19.7   -26.7   -23.2   -23.3     0.0     3.29 C   -20.3   -33.9   -25.8    84.8    60.6    70.1 -99.000 -99.000 -99.000 -99.000 -99.000 -9999.0 -9999.0 -9999.0 -9999.0 -9999.0
56401 20140214  2.515 -145.50   63.03   -14.6   -27.5   -21.1   -19.7     0.0     1.77 C   -18.9   -34.3   -24.5    85.3    48.1    64.5 -99.000 -99.000 -99.000 -99.000 -99.000 -9999.0 -9999.0 -9999.0 -9999.0 -9999.0
56401 20140215  2.515 -145.50   63.03   -12.4   -18.5   -15.5   -13.8     4.3     0.38 C   -12.9   -19.5   -14.4    88.4    60.0    78.4 -99.000 -99.000 -99.000 -99.000 -99.000 -9999.0 -9999.0 -9999.0 -9999.0 -9999.0
56401 20140216  2.515 -145.50   63.03   -10.3   -20.7   -15.5   -16.1     0.0     0.61 C   -12.5   -32.1   -23.1    88.9    61.8    82.0 -99.000 -99.000 -99.000 -99.000 -99.000 -9999.0 -9999.0 -9999.0 -9999.0 -9999.0
56401 20140217  2.515 -145.50   63.03   -10.0   -21.0   -15.5   -16.6     0.0     1.28 C   -13.2   -31.5   -22.9    86.8    41.3    70.7 -99.000 -99.000 -99.000 -99.000 -99.000 -9999.0 -9999.0 -9999.0 -9999.0 -9999.0
56401 20140218  2.515 -145.50   63.03   -10.1   -26.6   -18.4   -18.6     0.0     2.24 C   -11.6   -35.0   -23.6    86.6    57.8    75.2 -99.000 -99.000 -99.000 -99.000 -99.000 -9999.0 -9999.0 -9999.0 -9999.0 -9999.0
56401 20140219  2.515 -145.50   63.03    -9.3   -27.5   -18.4   -18.7     0.0     4.30 C   -12.6   -35.4   -25.8    89.1    41.1    68.5 -99.000 -99.000 -99.000 -99.000 -99.000 -9999.0 -9999.0 -9999.0 -9999.0 -9999.0
56401 20140220  2.515 -145.50   63.03   -16.3   -23.6   -20.0   -20.0     0.0     4.40 C   -18.4   -29.8   -24.0    83.7    65.0    74.1 -99.000 -99.000 -99.000 -99.000 -99.000 -9999.0 -9999.0 -9999.0 -9999.0 -9999.0
56401 20140221  2.515 -145.50   63.03   -15.1   -30.2   -22.7   -24.0     0.0     4.13 C   -19.8   -38.2   -31.6    88.0    65.8    77.6 -99.000 -99.000 -99.000 -99.000 -99.000 -9999.0 -9999.0 -9999.0 -9999.0 -9999.0
56401 20140222  2.515 -145.50   63.03 -9999.0 -9999.0 -9999.0 -9999.0     0.0     4.68 C   -22.3   -40.9   -35.0    96.2    63.2    77.0 -99.000 -99.000 -99.000 -99.000 -99.000 -9999.0 -9999.0 -9999.0 -9999.0 -9999.0
56401 20140223  2.515 -145.50   63.03   -12.0   -35.0   -23.5   -25.2     0.0     5.01 C   -20.2   -41.1   -34.0    82.7    34.5    64.0 -99.000 -99.000 -99.000 -99.000 -99.000 -9999.0 -9999.0 -9999.0 -9999.0 -9999.0
56401 20140224  2.515 -145.50   63.03    -9.9   -32.0   -20.9   -22.9     0.0     5.09 C   -17.1   -38.5   -30.4    82.9    27.0    62.5 -99.000 -99.000 -99.000 -99.000 -99.000 -9999.0 -9999.0 -9999.0 -9999.0 -9999.0
56401 20140225  2.515 -145.50   63.03    -9.5   -31.0   -20.3   -22.0     0.0     5.39 C   -16.8   -39.0   -31.2    84.3    30.2    64.1 -99.000 -99.000 -99.000 -99.000 -99.000 -9999.0 -9999.0 -9999.0 -9999.0 -9999.0
56401 20140226  2.515 -145.50   63.03    -4.9   -28.7   -16.8   -17.3     0.0     5.13 C   -10.0   -35.1   -23.5    84.7    34.1    62.5 -99.000 -99.000 -99.000 -99.000 -99.000 -9999.0 -9999.0 -9999.0 -9999.0 -9999.0
56401 20140227  2.515 -145.50   63.03    -2.3   -21.8   -12.0   -13.8     0.0     5.70 C    -9.8   -28.1   -21.2    90.0    36.3    70.6 -99.000 -99.000 -99.000 -99.000 -99.000 -9999.0 -9999.0 -9999.0 -9999.0 -9999.0
56401 20140228  2.515 -145.50   63.03    -4.1   -21.8   -13.0   -14.0     0.0     5.78 C    -9.3   -28.5   -21.1    90.4    47.7    74.9 -99.000 -99.000 -99.000 -99.000 -99.000 -9999.0 -9999.0 -9999.0 -9999.0 -9999.0
56401 20140301  2.515 -145.50   63.03    -2.8   -20.2   -11.5   -12.1     0.0     3.59 C    -5.0   -26.3   -15.8    89.9    58.8    79.6 -99.000 -99.000 -99.000 -99.000 -99.000 -9999.0 -9999.0 -9999.0 -9999.0 -9999.0
56401 20140302  2.515 -145.50   63.03    -4.9   -21.4   -13.1   -14.0     0.0     6.15 C    -9.1   -27.8   -21.3    91.4    60.7    80.4 -99.000 -99.000 -99.000 -99.000 -99.000 -9999.0 -9999.0 -9999.0 -9999.0 -9999.0
56401 20140303  2.515 -145.50   63.03    -8.5   -23.8   -16.1   -17.6     0.0     6.38 C   -12.2   -30.7   -24.1    88.8    59.9    79.2 -99.000 -99.000 -99.000 -99.000 -99.000 -9999.0 -9999.0 -9999.0 -9999.0 -9999.0
56401 20140304  2.515 -145.50   63.03    -8.4   -25.6   -17.0   -16.0     1.4     2.47 C    -9.1   -32.5   -18.4    91.0    80.0    84.6 -99.000 -99.000 -99.000 -99.000 -99.000 -9999.0 -9999.0 -9999.0 -9999.0 -9999.0
56401 20140305  2.515 -145.50   63.03    -4.1   -14.7    -9.4    -9.9     4.4     1.33 C    -5.4   -21.8   -11.3    92.1    70.0    84.9 -99.000 -99.000 -99.000 -99.000 -99.000 -9999.0 -9999.0 -9999.0 -9999.0 -9999.0
56401 20140306  2.515 -145.50   63.03   -13.4   -20.9   -17.2   -16.6     0.0     4.02 C   -15.0   -31.3   -21.8    82.9    68.1    76.9 -99.000 -99.000 -99.000 -99.000 -99.000 -9999.0 -9999.0 -9999.0 -9999.0 -9999.0
56401 20140307  2.515 -145.50   63.03   -14.6   -29.7   -22.1   -20.9     0.0     4.75 C   -17.4   -37.7   -28.8    85.9    57.5    73.3 -99.000 -99.000 -99.000 -99.000 -99.000 -9999.0 -9999.0 -9999.0 -9999.0 -9999.0
56401 20140308  2.515 -145.50   63.03   -12.9   -31.0   -22.0   -20.9     0.0     5.00 C   -15.3   -39.3   -27.8    86.5    46.8    66.6 -99.000 -99.000 -99.000 -99.000 -99.000 -9999.0 -9999.0 -9999.0 -9999.0 -9999.0
56401 20140309  2.515 -145.50   63.03   -14.4   -26.2   -20.3   -19.8     0.0     8.06 C   -14.5   -35.9   -24.3    78.5    50.8    64.4 -99.000 -99.000 -99.000 -99.000 -99.000 -9999.0 -9999.0 -9999.0 -9999.0 -9999.0
56401 20140310  2.515 -145.50   63.03    -1.2   -19.5   -10.3    -8.5     0.0     4.16 C    -5.1   -23.3   -11.5    82.7    40.1    65.7 -99.000 -99.000 -99.000 -99.000 -99.000 -9999.0 -9999.0 -9999.0 -9999.0 -9999.0
56401 20140311  2.515 -145.50   63.03     1.7   -13.3    -5.8    -4.7     0.0     5.56 C    -1.9   -22.6   -10.7    92.9    53.4    74.2 -99.000 -99.000 -99.000 -99.000 -99.000 -9999.0 -9999.0 -9999.0 -9999.0 -9999.0
56401 20140312  2.515 -145.50   63.03     0.0   -13.1    -6.6    -6.0     0.0     7.19 C    -3.1   -22.8   -12.9    93.2    39.9    69.1 -99.000 -99.000 -99.000 -99.000 -99.000 -9999.0 -9999.0 -9999.0 -9999.0 -9999.0
56401 20140313  2.515 -145.50   63.03     0.5   -11.7    -5.6    -5.3     0.0     8.44 C    -2.4   -19.1   -11.2    83.6    41.0    59.3 -99.000 -99.000 -99.000 -99.000 -99.000 -9999.0 -9999.0 -9999.0 -9999.0 -9999.0
56401 20140314  2.515 -145.50   63.03     1.2   -13.2    -6.0    -6.0     0.0     7.00 C    -3.7   -22.0   -12.1    83.4    42.0    64.8 -99.000 -99.000 -99.000 -99.000 -99.000 -9999.0 -9999.0 -9999.0 -9999.0 -9999.0
56401 20140315  2.515 -145.50   63.03    -3.7   -20.6   -12.2    -9.6     0.0     9.63 C    -7.0   -29.3   -17.2    89.3    37.5    59.0 -99.000 -99.000 -99.000 -99.000 -99.000 -9999.0 -9999.0 -9999.0 -9999.0 -9999.0
56401 20140316  2.515 -145.50   63.03    -7.5   -25.0   -16.2   -15.6     0.0     8.86 C    -9.2   -32.6   -22.1    87.2    45.2    68.6 -99.000 -99.000 -99.000 -99.000 -99.000 -9999.0 -9999.0 -9999.0 -9999.0 -9999.0
56401 20140317  2.515 -145.50   63.03    -5.0   -19.4   -12.2   -10.9     0.0     8.64 C    -5.4   -27.3   -15.0    88.8    50.2    67.8 -99.000 -99.000 -99.000 -99.000 -99.000 -9999.0 -9999.0 -9999.0 -9999.0 -9999.0
56401 20140318  2.515 -145.50   63.03    -3.8    -9.6    -6.7    -7.0     0.4     7.86 C    -4.1   -19.0    -9.6    91.5    59.3    77.3 -99.000 -99.000 -99.000 -99.000 -99.000 -9999.0 -9999.0 -9999.0 -9999.0 -9999.0
56401 20140319  2.515 -145.50   63.03    -7.1   -13.5   -10.3    -9.4     0.0    12.23 C    -8.3   -23.1   -14.9    80.9    52.3    65.6 -99.000 -99.000 -99.000 -99.000 -99.000 -9999.0 -9999.0 -9999.0 -9999.0 -9999.0
56401 20140320  2.515 -145.50   63.03    -8.9   -19.0   -14.0   -13.8     0.0    11.86 C   -10.2   -28.2   -20.2    81.6    54.2    68.3 -99.000 -99.000 -99.000 -99.000 -99.000 -9999.0 -9999.0 -9999.0 -9999.0 -9999.0
56401 20140321  2.515 -145.50   63.03    -7.1   -24.1   -15.6   -14.8     0.0    12.11 C    -9.6   -29.9   -20.3    88.5    44.8    66.0 -99.000 -99.000 -99.000 -99.000 -99.000 -9999.0 -9999.0 -9999.0 -9999.0 -9999.0
56401 20140322  2.515 -145.50   63.03 -9999.0 -9999.0 -9999.0 -9999.0     0.4    12.57 C    -9.8   -32.1   -21.4    87.5    30.4    60.9 -99.000 -99.000 -99.000 -99.000 -99.000 -9999.0 -9999.0 -9999.0 -9999.0 -9999.0
56401 20140323  2.515 -145.50   63.03    -3.6   -25.4   -14.5   -14.3     0.0    12.82 C    -7.1   -31.7   -20.4    87.3    35.0    61.4 -99.000 -99.000 -99.000 -99.000 -99.000 -9999.0 -9999.0 -9999.0 -9999.0 -9999.0
56401 20140324  2.515 -145.50   63.03    -3.9   -21.2   -12.6   -10.3     0.0    13.57 C    -7.4   -29.2   -17.0    82.4    25.0    51.6 -99.000 -99.000 -99.000 -99.000 -99.000 -9999.0 -9999.0 -9999.0 -9999.0 -9999.0
56401 20140325  2.515 -145.50   63.03    -0.6   -10.9    -5.8    -4.2     0.0    13.81 C    -4.8   -23.4   -12.7    45.6    25.8    33.2 -99.000 -99.000 -99.000 -99.000 -99.000 -9999.0 -9999.0 -9999.0 -9999.0 -9999.0
56401 20140326  2.515 -145.50   63.03    -0.7   -16.4    -8.5    -7.3     0.0    14.29 C    -5.2   -25.3   -15.5    69.8    23.2    39.4 -99.000 -99.000 -99.000 -99.000 -99.000 -9999.0 -9999.0 -9999.0 -9999.0 -9999.0
56401 20140327  2.515 -145.50   63.03    -4.7   -24.2   -14.5   -13.6     0.4    14.44 C    -7.1   -31.5   -19.6    88.6    34.3    58.5 -99.000 -99.000 -99.000 -99.000 -99.000 -9999.0 -9999.0 -9999.0 -9999.0 -9999.0
56401 20140328  2.515 -145.50   63.03    -4.4   -22.3   -13.4   -12.6     0.3    14.89 C    -6.9   -28.7   -18.4    85.6    33.1    56.4 -99.000 -99.000 -99.000 -99.000 -99.000 -9999.0 -9999.0 -9999.0 -9999.0 -9999.0
56401 20140329  2.515 -145.50   63.03    -4.2   -24.6   -14.4   -13.7     0.6    15.26 C    -6.8   -32.4   -20.1    87.6    31.5    58.5 -99.000 -99.000 -99.000 -99.000 -99.000 -9999.0 -9999.0 -9999.0 -9999.0 -9999.0
56401 20140330  2.515 -145.50   63.03    -4.7   -24.6   -14.6   -13.6     0.3    15.30 C    -6.6   -31.8   -19.3    89.5    38.9    62.9 -99.000 -99.000 -99.000 -99.000 -99.000 -9999.0 -9999.0 -9999.0 -9999.0 -9999.0
56401 20140331  2.515 -145.50   63.03    -2.8   -21.4   -12.1    -9.9     1.0    15.49 C    -4.6   -26.5   -16.1    77.6    43.9    60.6 -99.000 -99.000 -99.000 -99.000 -99.000 -9999.0 -9999.0 -9999.0 -9999.0 -9999.0
56401 20140401  2.515 -145.50   63.03    -3.1   -15.2    -9.1    -9.2     0.9    15.77 C    -4.7   -22.7   -14.3    76.7    45.1    62.2 -99.000 -99.000 -99.000 -99.000 -99.000 -9999.0 -9999.0 -9999.0 -9999.0 -9999.0
56401 20140402  2.515 -145.50   63.03    -2.7   -21.3   -12.0   -11.1     0.9    15.96 C    -4.4   -28.0   -16.2    89.9    44.1    66.8 -99.000 -99.000 -99.000 -99.000 -99.000 -9999.0 -9999.0 -9999.0 -9999.0 -9999.0
56401 20140403  2.515 -145.50   63.03    -3.0   -22.1   -12.5   -11.5     1.0    15.42 C    -4.4   -27.7   -16.7    89.7    45.3    68.4 -99.000 -99.000 -99.000 -99.000 -99.000 -9999.0 -9999.0 -9999.0 -9999.0 -9999.0
56401 20140404  2.515 -145.50   63.03    -1.3   -19.7   -10.5    -8.8     0.5    15.36 C    -2.2   -25.5   -12.3    90.5    38.2    63.9 -99.000 -99.000 -99.000 -99.000 -99.000 -9999.0 -9999.0 -9999.0 -9999.0 -9999.0
56401 20140405  2.515 -145.50   63.03    -1.2   -15.2    -8.2    -6.2     2.3    13.90 C    -1.4   -22.1    -9.1    94.1    58.2    75.4 -99.000 -99.000 -99.000 -99.000 -99.000 -9999.0 -9999.0 -9999.0 -9999.0 -9999.0
56401 20140406  2.515 -145.50   63.03     1.6    -6.8    -2.6    -2.3     5.0     9.12 C     0.1   -14.0    -3.8    95.2    60.2    86.8 -99.000 -99.000 -99.000 -99.000 -99.000 -9999.0 -9999.0 -9999.0 -9999.0 -9999.0
56401 20140407  2.515 -145.50   63.03    -1.7   -12.3    -7.0    -6.5     0.8    14.80 C    -1.2   -20.2    -9.6    94.3    64.3    75.3 -99.000 -99.000 -99.000 -99.000 -99.000 -9999.0 -9999.0 -9999.0 -9999.0 -9999.0
56401 20140408  2.515 -145.50   63.03    -8.8   -13.2   -11.0   -10.9     0.3     9.40 C    -7.0   -13.2   -10.4    86.2    72.4    79.1 -99.000 -99.000 -99.000 -99.000 -99.000 -9999.0 -9999.0 -9999.0 -9999.0 -9999.0
56401 20140409  2.515 -145.50   63.03   -11.9   -18.9   -15.4   -14.6     0.0    16.13 C   -10.4   -29.6   -17.2    81.5    56.3    68.6 -99.000 -99.000 -99.000 -99.000 -99.000 -9999.0 -9999.0 -9999.0 -9999.0 -9999.0
56401 20140410  2.515 -145.50   63.03    -8.3   -23.9   -16.1   -15.8     0.0    18.48 C    -8.6   -34.7   -22.1    84.6    37.1    57.5 -99.000 -99.000 -99.000 -99.000 -99.000 -9999.0 -9999.0 -9999.0 -9999.0 -9999.0
56401 20140411  2.515 -145.50   63.03    -4.6   -26.8   -15.7   -14.5     0.0    18.53 C    -5.7   -34.4   -20.9    88.1    36.7    61.2 -99.000 -99.000 -99.000 -99.000 -99.000 -9999.0 -9999.0 -9999.0 -9999.0 -9999.0
56401 20140412  2.515 -145.50   63.03     0.8   -23.0   -11.1    -8.7     0.0    12.07 C    -1.3   -30.0   -12.5    88.5    25.2    63.2 -99.000 -99.000 -99.000 -99.000 -99.000 -9999.0 -9999.0 -9999.0 -9999.0 -9999.0
56401 20140413  2.515 -145.50   63.03     5.2    -8.5    -1.6    -0.4     0.0    10.94 C     0.2   -14.6    -4.8    87.8    30.9    58.3 -99.000 -99.000 -99.000 -99.000 -99.000 -9999.0 -9999.0 -9999.0 -9999.0 -9999.0
56401 20140414  2.515 -145.50   63.03     1.9   -10.9    -4.5    -3.6     0.3    18.98 C    -0.1   -17.4    -7.8    93.8    57.4    74.2 -99.000 -99.000 -99.000 -99.000 -99.000 -9999.0 -9999.0 -9999.0 -9999.0 -9999.0
56401 20140415  2.515 -145.50   63.03 -9999.0 -9999.0 -9999.0 -9999.0     1.1 -9999.00 U -9999.0 -9999.0 -9999.0 -9999.0 -9999.0 -9999.0 -99.000 -99.000 -99.000 -99.000 -99.000 -9999.0 -9999.0 -9999.0 -9999.0 -9999.0
56401 20140416  2.515 -145.50   63.03 -9999.0 -9999.0 -9999.0 -9999.0     0.6 -9999.00 U -9999.0 -9999.0 -9999.0 -9999.0 -9999.0 -9999.0 -99.000 -99.000 -99.000 -99.000 -99.000 -9999.0 -9999.0 -9999.0 -9999.0 -9999.0
56401 20140417  2.515 -145.50   63.03 -9999.0 -9999.0 -9999.0 -9999.0     0.0 -9999.00 U -9999.0 -9999.0 -9999.0 -9999.0 -9999.0 -9999.0 -99.000 -99.000 -99.000 -99.000 -99.000 -9999.0 -9999.0 -9999.0 -9999.0 -9999.0
56401 20140418  2.515 -145.50   63.03 -9999.0 -9999.0 -9999.0 -9999.0     0.4 -9999.00 U -9999.0 -9999.0 -9999.0 -9999.0 -9999.0 -9999.0 -99.000 -99.000 -99.000 -99.000 -99.000 -9999.0 -9999.0 -9999.0 -9999.0 -9999.0
56401 20140419  2.515 -145.50   63.03 -9999.0 -9999.0 -9999.0 -9999.0     0.0 -9999.00 U -9999.0 -9999.0 -9999.0 -9999.0 -9999.0 -9999.0 -99.000 -99.000 -99.000 -99.000 -99.000 -9999.0 -9999.0 -9999.0 -9999.0 -9999.0
56401 20140420  2.515 -145.50   63.03 -9999.0 -9999.0 -9999.0 -9999.0     0.0 -9999.00 U -9999.0 -9999.0 -9999.0 -9999.0 -9999.0 -9999.0 -99.000 -99.000 -99.000 -99.000 -99.000 -9999.0 -9999.0 -9999.0 -9999.0 -9999.0
56401 20140421  2.515 -145.50   63.03 -9999.0 -9999.0 -9999.0 -9999.0     0.2 -9999.00 U -9999.0 -9999.0 -9999.0 -9999.0 -9999.0 -9999.0 -99.000 -99.000 -99.000 -99.000 -99.000 -9999.0 -9999.0 -9999.0 -9999.0 -9999.0
56401 20140422  2.515 -145.50   63.03 -9999.0 -9999.0 -9999.0 -9999.0     0.0 -9999.00 U -9999.0 -9999.0 -9999.0 -9999.0 -9999.0 -9999.0 -99.000 -99.000 -99.000 -99.000 -99.000 -9999.0 -9999.0 -9999.0 -9999.0 -9999.0
56401 20140423  2.515 -145.50   63.03     5.9    -4.7     0.6     0.9     0.0    21.36 C     0.2    -8.3    -3.0    76.7    43.5    59.2 -99.000 -99.000 -99.000 -99.000 -99.000 -9999.0 -9999.0 -9999.0 -9999.0 -9999.0
56401 20140424  2.515 -145.50   63.03     4.6    -5.4    -0.4     0.4     0.0    14.94 C     0.2    -8.1    -2.4    95.5    46.0    66.0 -99.000 -99.000 -99.000 -99.000 -99.000 -9999.0 -9999.0 -9999.0 -9999.0 -9999.0
56401 20140425  2.515 -145.50   63.03     5.6    -5.0     0.3     0.4     1.7    16.78 C     0.4    -8.6    -2.6    96.2    33.5    65.3 -99.000 -99.000 -99.000 -99.000 -99.000 -9999.0 -9999.0 -9999.0 -9999.0 -9999.0
56401 20140426  2.515 -145.50   63.03     4.8    -5.8    -0.5    -0.4     0.2    22.46 C     0.0    -8.6    -3.9    79.0    34.1    57.6 -99.000 -99.000 -99.000 -99.000 -99.000 -9999.0 -9999.0 -9999.0 -9999.0 -9999.0
56401 20140427  2.515 -145.50   63.03     5.4    -6.0    -0.3    -0.1     0.0    22.27 C     0.0   -10.3    -4.0    70.2    33.4    52.4 -99.000 -99.000 -99.000 -99.000 -99.000 -9999.0 -9999.0 -9999.0 -9999.0 -9999.0
56401 20140428  2.515 -145.50   63.03     5.7    -8.4    -1.4     0.3     0.0    22.02 C     0.4   -10.9    -3.8    90.9    43.1    61.1 -99.000 -99.000 -99.000 -99.000 -99.000 -9999.0 -9999.0 -9999.0 -9999.0 -9999.0
56401 20140429  2.515 -145.50   63.03 -9999.0 -9999.0 -9999.0 -9999.0     0.5 -9999.00 U -9999.0 -9999.0 -9999.0 -9999.0 -9999.0 -9999.0 -99.000 -99.000 -99.000 -99.000 -99.000 -9999.0 -9999.0 -9999.0 -9999.0 -9999.0
56401 20140430  2.515 -145.50   63.03 -9999.0 -9999.0 -9999.0 -9999.0     0.7 -9999.00 U -9999.0 -9999.0 -9999.0 -9999.0 -9999.0 -9999.0 -99.000 -99.000 -99.000 -99.000 -99.000 -9999.0 -9999.0 -9999.0 -9999.0 -9999.0
56401 20140501  2.515 -145.50   63.03     9.0    -4.0     2.5     3.5     0.0    21.85 C     0.2    -7.2    -2.2    85.9    40.2    60.2 -99.000 -99.000 -99.000 -99.000 -99.000 -9999.0 -9999.0 -9999.0 -9999.0 -9999.0
56401 20140502  2.515 -145.50   63.03    13.0    -0.3     6.3     6.2     0.0    22.90 C     0.2    -4.6    -1.3    79.0    31.0    55.5 -99.000 -99.000 -99.000 -99.000 -99.000 -9999.0 -9999.0 -9999.0 -9999.0 -9999.0
56401 20140503  2.515 -145.50   63.03    11.4    -1.2     5.1     6.1     0.0    23.36 C     0.2    -4.0    -1.2    88.7    38.4    57.3 -99.000 -99.000 -99.000 -99.000 -99.000 -9999.0 -9999.0 -9999.0 -9999.0 -9999.0
56401 20140504  2.515 -145.50   63.03    11.2    -3.4     3.9     5.0     0.2    22.48 C     0.3    -5.5    -1.5    94.5    42.9    65.5 -99.000 -99.000 -99.000 -99.000 -99.000 -9999.0 -9999.0 -9999.0 -9999.0 -9999.0
56401 20140505  2.515 -145.50   63.03    10.8     0.2     5.5     5.1     0.0    20.79 C     1.8    -2.4    -0.3    96.8    43.6    69.7 -99.000 -99.000 -99.000 -99.000 -99.000 -9999.0 -9999.0 -9999.0 -9999.0 -9999.0
56401 20140506  2.515 -145.50   63.03     9.7    -0.5     4.6     3.9     6.1    10.52 C     4.0    -1.6     0.8    97.6    41.7    73.8 -99.000 -99.000 -99.000 -99.000 -99.000 -9999.0 -9999.0 -9999.0 -9999.0 -9999.0
56401 20140507  2.515 -145.50   63.03     7.2     0.0     3.6     3.4     0.8    21.70 C     7.5    -0.9     2.6    99.1    52.9    75.3 -99.000 -99.000 -99.000 -99.000 -99.000 -9999.0 -9999.0 -9999.0 -9999.0 -9999.0
56401 20140508  2.515 -145.50   63.03     8.1     1.0     4.5     4.6     0.0    20.57 C     9.3    -1.0     3.2    83.6    50.8    65.3 -99.000 -99.000 -99.000 -99.000 -99.000 -9999.0 -9999.0 -9999.0 -9999.0 -9999.0
56401 20140509  2.515 -145.50   63.03     8.7    -0.4     4.2     4.8     0.0    20.09 C    10.3    -1.0     4.1    78.4    40.5    58.0 -99.000 -99.000 -99.000 -99.000 -99.000 -9999.0 -9999.0 -9999.0 -9999.0 -9999.0
56401 20140510  2.515 -145.50   63.03    10.3    -0.5     4.9     5.2     0.0    25.40 C    15.3    -1.7     5.6    77.1    31.4    52.0 -99.000 -99.000 -99.000 -99.000 -99.000 -9999.0 -9999.0 -9999.0 -9999.0 -9999.0
56401 20140511  2.515 -145.50   63.03    11.9    -2.3     4.8     5.6     0.0    24.98 C    16.7    -1.8     6.6    80.8    31.2    51.5 -99.000 -99.000 -99.000 -99.000 -99.000 -9999.0 -9999.0 -9999.0 -9999.0 -9999.0
56401 20140512  2.515 -145.50   63.03    14.3    -0.8     6.7     7.7     0.0    25.85 C    19.6    -1.5     8.3    74.6    26.3    45.6 -99.000 -99.000 -99.000 -99.000 -99.000 -9999.0 -9999.0 -9999.0 -9999.0 -9999.0
56401 20140513  2.515 -145.50   63.03    13.8    -2.9     5.5     5.7     0.0    19.75 C    19.3    -1.6     7.6    88.1    30.5    56.0 -99.000 -99.000 -99.000 -99.000 -99.000 -9999.0 -9999.0 -9999.0 -9999.0 -9999.0
56401 20140514  2.515 -145.50   63.03    10.4    -0.3     5.0     5.1     0.0    26.37 C    19.0    -2.5     7.2    62.6    21.1    41.1 -99.000 -99.000 -99.000 -99.000 -99.000 -9999.0 -9999.0 -9999.0 -9999.0 -9999.0
56401 20140515  2.515 -145.50   63.03    14.8    -4.7     5.1     6.8     0.0    21.04 C    21.0    -3.4     8.5    86.9    20.2    41.2 -99.000 -99.000 -99.000 -99.000 -99.000 -9999.0 -9999.0 -9999.0 -9999.0 -9999.0
56401 20140516  2.515 -145.50   63.03    15.9    -0.8     7.5     9.2     0.0    24.59 C    23.3    -0.8    10.5    78.8    27.1    46.9 -99.000 -99.000 -99.000 -99.000 -99.000 -9999.0 -9999.0 -9999.0 -9999.0 -9999.0
56401 20140517  2.515 -145.50   63.03 -9999.0 -9999.0 -9999.0 -9999.0     0.8    20.85 C    24.4    -0.1    11.4    86.8    30.0    55.1 -99.000 -99.000 -99.000 -99.000 -99.000 -9999.0 -9999.0 -9999.0 -9999.0 -9999.0
56401 20140518  2.515 -145.50   63.03     8.9     0.2     4.6     4.6     0.0    20.70 C    18.4    -0.6     7.6    85.6    42.0    60.1 -99.000 -99.000 -99.000 -99.000 -99.000 -9999.0 -9999.0 -9999.0 -9999.0 -9999.0
56401 20140519  2.515 -145.50   63.03     7.1    -0.5     3.3     2.5     0.0    18.63 C    17.7    -1.2     5.3    71.6    42.2    58.5 -99.000 -99.000 -99.000 -99.000 -99.000 -9999.0 -9999.0 -9999.0 -9999.0 -9999.0
56401 20140520  2.515 -145.50   63.03     7.7    -0.9     3.4     3.5     0.0    26.99 C    17.7    -2.6     6.4    74.6    44.0    55.4 -99.000 -99.000 -99.000 -99.000 -99.000 -9999.0 -9999.0 -9999.0 -9999.0 -9999.0
56401 20140521  2.515 -145.50   63.03     8.8    -1.4     3.7     4.7     0.0    12.07 C    16.6    -1.6     7.1    78.2    33.6    51.5 -99.000 -99.000 -99.000 -99.000 -99.000 -9999.0 -9999.0 -9999.0 -9999.0 -9999.0
56401 20140522  2.515 -145.50   63.03    10.1    -1.3     4.4     6.0     0.0    23.82 C    21.0    -1.9     8.5    73.6    26.1    44.1 -99.000 -99.000 -99.000 -99.000 -99.000 -9999.0 -9999.0 -9999.0 -9999.0 -9999.0
56401 20140523  2.515 -145.50   63.03    11.7    -4.2     3.7     5.0     0.0    23.88 C    25.7    -4.3     8.8    78.5    29.5    46.6 -99.000 -99.000 -99.000 -99.000 -99.000 -9999.0 -9999.0 -9999.0 -9999.0 -9999.0
56401 20140524  2.515 -145.50   63.03    12.3    -0.9     5.7     7.1     0.0    11.94 C    22.6     0.2     8.6    78.9    31.5    49.5 -99.000 -99.000 -99.000 -99.000 -99.000 -9999.0 -9999.0 -9999.0 -9999.0 -9999.0
56401 20140525  2.515 -145.50   63.03    10.5     1.8     6.2     6.5     0.0    12.09 C    20.8     1.7     9.4    82.7    48.4    63.9 -99.000 -99.000 -99.000 -99.000 -99.000 -9999.0 -9999.0 -9999.0 -9999.0 -9999.0
56401 20140526  2.515 -145.50   63.03    14.1    -1.4     6.4     7.7     0.0    14.98 C    28.3    -1.4     9.9    91.0    33.1    55.0 -99.000 -99.000 -99.000 -99.000 -99.000 -9999.0 -9999.0 -9999.0 -9999.0 -9999.0
56401 20140527  2.515 -145.50   63.03    10.3     0.1     5.2     6.7     0.0    11.00 C    25.5    -0.8     8.5    88.9    46.9    60.2 -99.000 -99.000 -99.000 -99.000 -99.000 -9999.0 -9999.0 -9999.0 -9999.0 -9999.0
56401 20140528  2.515 -145.50   63.03    12.7     2.4     7.5     7.6     0.0    12.52 C    24.6     2.6    10.9    81.9    42.0    59.1 -99.000 -99.000 -99.000 -99.000 -99.000 -9999.0 -9999.0 -9999.0 -9999.0 -9999.0
56401 20140529  2.515 -145.50   63.03    15.5     0.8     8.2     9.2     0.0    20.59 C    31.8     0.7    13.6    88.1    32.6    56.8 -99.000 -99.000 -99.000 -99.000 -99.000 -9999.0 -9999.0 -9999.0 -9999.0 -9999.0
56401 20140530  2.515 -145.50   63.03    13.2     3.5     8.3     8.2     0.8     8.88 C    19.4     3.2    10.0    92.1    47.6    67.8 -99.000 -99.000 -99.000 -99.000 -99.000 -9999.0 -9999.0 -9999.0 -9999.0 -9999.0
56401 20140531  2.515 -145.50   63.03    11.2     1.9     6.6     6.0     0.2    19.15 C    26.5     1.5     9.7    91.2    25.6    61.2 -99.000 -99.000 -99.000 -99.000 -99.000 -9999.0 -9999.0 -9999.0 -9999.0 -9999.0
56401 20140601  2.515 -145.50   63.03     7.6     0.7     4.2     4.3     0.8    11.95 C    17.6    -0.3     7.8    86.8    40.1    63.5 -99.000 -99.000 -99.000 -99.000 -99.000 -9999.0 -9999.0 -9999.0 -9999.0 -9999.0
56401 20140602  2.515 -145.50   63.03     9.9     0.9     5.4     5.4     0.0    18.35 C    20.3     1.7     9.5    93.7    40.1    67.0 -99.000 -99.000 -99.000 -99.000 -99.000 -9999.0 -9999.0 -9999.0 -9999.0 -9999.0
56401 20140603  2.515 -145.50   63.03    13.5     0.7     7.1     8.0     0.0    26.85 C    27.4    -0.3    12.2    87.2    32.7    55.8 -99.000 -99.000 -99.000 -99.000 -99.000 -9999.0 -9999.0 -9999.0 -9999.0 -9999.0
56401 20140604  2.515 -145.50   63.03    16.0    -1.3     7.4     9.2     0.3    18.78 C    30.6    -1.6    12.4    92.0    27.9    53.7 -99.000 -99.000 -99.000 -99.000 -99.000 -9999.0 -9999.0 -9999.0 -9999.0 -9999.0
56401 20140605  2.515 -145.50   63.03    14.7     1.7     8.2     9.1     0.6    11.21 C    24.7     1.7    11.1    91.7    36.8    64.2 -99.000 -99.000 -99.000 -99.000 -99.000 -9999.0 -9999.0 -9999.0 -9999.0 -9999.0
56401 20140606  2.515 -145.50   63.03    17.3     2.2     9.7    10.0     0.2    25.07 C    31.7     1.3    14.5    94.7    19.5    49.0 -99.000 -99.000 -99.000 -99.000 -99.000 -9999.0 -9999.0 -9999.0 -9999.0 -9999.0
56401 20140607  2.515 -145.50   63.03    18.3    -0.4     8.9    10.5     0.0    21.00 C    37.2    -1.0    15.2    76.7    23.3    44.1 -99.000 -99.000 -99.000 -99.000 -99.000 -9999.0 -9999.0 -9999.0 -9999.0 -9999.0
56401 20140608  2.515 -145.50   63.03    12.9     3.2     8.1     8.1     1.8    11.48 C    23.1     3.3    11.6    96.3    47.7    75.4 -99.000 -99.000 -99.000 -99.000 -99.000 -9999.0 -9999.0 -9999.0 -9999.0 -9999.0
56401 20140609  2.515 -145.50   63.03    12.5     0.1     6.3     7.0     2.1    11.20 C    20.5     0.4     9.7    97.6    49.2    78.1 -99.000 -99.000 -99.000 -99.000 -99.000 -9999.0 -9999.0 -9999.0 -9999.0 -9999.0
56401 20140610  2.515 -145.50   63.03    13.8     1.2     7.5     8.2     0.0    16.12 C    22.6     1.0    10.8    96.5    33.7    62.4 -99.000 -99.000 -99.000 -99.000 -99.000 -9999.0 -9999.0 -9999.0 -9999.0 -9999.0
56401 20140611  2.515 -145.50   63.03 -9999.0 -9999.0 -9999.0 -9999.0     0.0 -9999.00 U -9999.0 -9999.0 -9999.0 -9999.0 -9999.0 -9999.0 -99.000 -99.000 -99.000 -99.000 -99.000 -9999.0 -9999.0 -9999.0 -9999.0 -9999.0
56401 20140612  2.515 -145.50   63.03    13.9    -0.1     6.9     8.3     0.0    17.52 C    27.3    -0.6    11.6    94.2    28.6    54.7 -99.000 -99.000 -99.000 -99.000 -99.000 -9999.0 -9999.0 -9999.0 -9999.0 -9999.0
56401 20140613  2.515 -145.50   63.03    13.2     3.9     8.5     8.0     0.0    13.06 C    27.2     4.8    11.8    93.3    42.0    64.7 -99.000 -99.000 -99.000 -99.000 -99.000 -9999.0 -9999.0 -9999.0 -9999.0 -9999.0
56401 20140614  2.515 -145.50   63.03    12.7     4.1     8.4     8.5     0.0    16.03 C    27.3     3.6    12.7    94.3    60.2    76.6 -99.000 -99.000 -99.000 -99.000 -99.000 -9999.0 -9999.0 -9999.0 -9999.0 -9999.0
56401 20140615  2.515 -145.50   63.03    16.5     2.7     9.6     9.8     0.3    17.56 C    36.4     2.8    14.7    95.1    40.1    72.0 -99.000 -99.000 -99.000 -99.000 -99.000 -9999.0 -9999.0 -9999.0 -9999.0 -9999.0
56401 20140616  2.515 -145.50   63.03    15.4     6.2    10.8    10.2     0.2    17.80 C    24.8     7.2    14.0    97.3    30.8    60.3 -99.000 -99.000 -99.000 -99.000 -99.000 -9999.0 -9999.0 -9999.0 -9999.0 -9999.0
56401 20140617  2.515 -145.50   63.03    11.7     3.9     7.8     7.2     1.8     7.50 C    22.4     2.9     9.5    92.8    48.9    72.8 -99.000 -99.000 -99.000 -99.000 -99.000 -9999.0 -9999.0 -9999.0 -9999.0 -9999.0
56401 20140618  2.515 -145.50   63.03     5.1     0.1     2.6     2.2    36.8     4.82 C     5.3    -0.1     0.5    98.9    73.4    95.6 -99.000 -99.000 -99.000 -99.000 -99.000 -9999.0 -9999.0 -9999.0 -9999.0 -9999.0
56401 20140619  2.515 -145.50   63.03     8.7     1.7     5.2     4.7     5.2    10.19 C    15.0     0.2     5.0    98.9    69.3    89.2 -99.000 -99.000 -99.000 -99.000 -99.000 -9999.0 -9999.0 -9999.0 -9999.0 -9999.0
56401 20140620  2.515 -145.50   63.03    16.5    -0.2     8.2     9.9     0.0    23.11 C    21.5    -0.6    11.2    97.8    32.7    60.8 -99.000 -99.000 -99.000 -99.000 -99.000 -9999.0 -9999.0 -9999.0 -9999.0 -9999.0
56401 20140621  2.515 -145.50   63.03    12.2     2.0     7.1     7.0     4.6    11.85 C    19.5     2.8     9.8    95.7    37.3    74.5 -99.000 -99.000 -99.000 -99.000 -99.000 -9999.0 -9999.0 -9999.0 -9999.0 -9999.0
56401 20140622  2.515 -145.50   63.03    16.6    -1.1     7.7     8.9     0.0    24.25 C    25.0    -0.3    11.4    96.8    29.2    58.1 -99.000 -99.000 -99.000 -99.000 -99.000 -9999.0 -9999.0 -9999.0 -9999.0 -9999.0
56401 20140623  2.515 -145.50   63.03    16.8     1.5     9.1     9.6     0.5    19.11 C    26.7     2.1    11.8    91.0    35.0    63.1 -99.000 -99.000 -99.000 -99.000 -99.000 -9999.0 -9999.0 -9999.0 -9999.0 -9999.0
56401 20140624  2.515 -145.50   63.03    12.4     7.0     9.7     9.8     1.9     8.42 C    17.9     7.7    11.9    94.8    63.0    79.0 -99.000 -99.000 -99.000 -99.000 -99.000 -9999.0 -9999.0 -9999.0 -9999.0 -9999.0
56401 20140625  2.515 -145.50   63.03     9.3     2.8     6.0     5.7    28.8     3.83 C    10.8     5.0     8.2    97.9    84.7    94.7 -99.000 -99.000 -99.000 -99.000 -99.000 -9999.0 -9999.0 -9999.0 -9999.0 -9999.0
56401 20140626  2.515 -145.50   63.03     8.6     3.5     6.0     5.8     3.8     9.33 C    14.7     4.8     8.9    97.1    72.3    88.2 -99.000 -99.000 -99.000 -99.000 -99.000 -9999.0 -9999.0 -9999.0 -9999.0 -9999.0
56401 20140627  2.515 -145.50   63.03    13.5     1.5     7.5     8.4     0.0    14.18 C    22.2     2.6    10.9    96.7    44.8    70.1 -99.000 -99.000 -99.000 -99.000 -99.000 -9999.0 -9999.0 -9999.0 -9999.0 -9999.0
56401 20140628  2.515 -145.50   63.03    18.9     2.2    10.6    12.2     0.0    21.36 C    25.7     2.8    13.6    94.2    29.4    55.0 -99.000 -99.000 -99.000 -99.000 -99.000 -9999.0 -9999.0 -9999.0 -9999.0 -9999.0
56401 20140629  2.515 -145.50   63.03    21.8     6.3    14.0    14.6     0.0    16.86 C    27.0     4.9    14.2    85.4    32.4    55.4 -99.000 -99.000 -99.000 -99.000 -99.000 -9999.0 -9999.0 -9999.0 -9999.0 -9999.0
56401 20140630  2.515 -145.50   63.03    11.0     7.1     9.0     9.2    12.1     3.71 C    15.5     8.4    11.0    97.5    72.3    92.3 -99.000 -99.000 -99.000 -99.000 -99.000 -9999.0 -9999.0 -9999.0 -9999.0 -9999.0
56401 20140701  2.515 -145.50   63.03    10.8     6.7     8.8     8.5    17.7     8.82 C    17.9     7.8    11.8    97.7    78.3    91.1 -99.000 -99.000 -99.000 -99.000 -99.000 -9999.0 -9999.0 -9999.0 -9999.0 -9999.0
56401 20140702  2.515 -145.50   63.03    17.8     7.8    12.8    12.1     2.1    22.25 C    26.8     9.1    15.8    98.1    43.4    70.9 -99.000 -99.000 -99.000 -99.000 -99.000 -9999.0 -9999.0 -9999.0 -9999.0 -9999.0
56401 20140703  2.515 -145.50   63.03    19.2     7.1    13.2    13.8     0.0    18.15 C    24.9     6.9    14.7    87.6    37.2    60.4 -99.000 -99.000 -99.000 -99.000 -99.000 -9999.0 -9999.0 -9999.0 -9999.0 -9999.0
56401 20140704  2.515 -145.50   63.03    21.8     4.3    13.0    15.1     0.0    27.39 C    26.3     4.6    15.5    91.3    26.9    51.6 -99.000 -99.000 -99.000 -99.000 -99.000 -9999.0 -9999.0 -9999.0 -9999.0 -9999.0
56401 20140705  2.515 -145.50   63.03    22.2     8.2    15.2    16.8     0.0    12.90 C    23.5     6.5    15.4    78.9    34.1    52.7 -99.000 -99.000 -99.000 -99.000 -99.000 -9999.0 -9999.0 -9999.0 -9999.0 -9999.0
56401 20140706  2.515 -145.50   63.03    18.5     8.8    13.7    12.9     9.8     9.63 C    23.4     8.6    14.3    97.0    57.7    78.2 -99.000 -99.000 -99.000 -99.000 -99.000 -9999.0 -9999.0 -9999.0 -9999.0 -9999.0
56401 20140707  2.515 -145.50   63.03    17.2     7.8    12.5    12.7     0.0    21.79 C    24.5     8.4    15.7    97.6    37.7    67.2 -99.000 -99.000 -99.000 -99.000 -99.000 -9999.0 -9999.0 -9999.0 -9999.0 -9999.0
56401 20140708  2.515 -145.50   63.03    19.2     4.0    11.6    12.9     0.0    18.90 C    27.4     5.3    15.0    95.4    35.5    68.5 -99.000 -99.000 -99.000 -99.000 -99.000 -9999.0 -9999.0 -9999.0 -9999.0 -9999.0
56401 20140709  2.515 -145.50   63.03    18.8     9.2    14.0    13.1     0.0    13.73 C    24.6    10.1    15.4    91.7    40.3    70.3 -99.000 -99.000 -99.000 -99.000 -99.000 -9999.0 -9999.0 -9999.0 -9999.0 -9999.0
56401 20140710  2.515 -145.50   63.03    16.2     8.4    12.3    12.2     2.9     7.90 C    19.1     9.7    14.0    96.3    53.7    75.1 -99.000 -99.000 -99.000 -99.000 -99.000 -9999.0 -9999.0 -9999.0 -9999.0 -9999.0
56401 20140711  2.515 -145.50   63.03    14.7     7.9    11.3    10.8    17.4     9.93 C    21.0    10.3    13.3    97.8    59.0    85.2 -99.000 -99.000 -99.000 -99.000 -99.000 -9999.0 -9999.0 -9999.0 -9999.0 -9999.0
56401 20140712  2.515 -145.50   63.03    19.1     6.5    12.8    13.3     0.9    23.09 C    25.3     7.6    15.1    97.1    35.2    66.0 -99.000 -99.000 -99.000 -99.000 -99.000 -9999.0 -9999.0 -9999.0 -9999.0 -9999.0
56401 20140713  2.515 -145.50   63.03    12.5     3.3     7.9     8.9     9.7     9.30 C    20.5     4.6    11.8    98.0    64.9    89.2 -99.000 -99.000 -99.000 -99.000 -99.000 -9999.0 -9999.0 -9999.0 -9999.0 -9999.0
56401 20140714  2.515 -145.50   63.03    16.1     1.0     8.6     9.6     0.0    18.24 C    22.8     2.4    11.9    99.1    39.6    67.3 -99.000 -99.000 -99.000 -99.000 -99.000 -9999.0 -9999.0 -9999.0 -9999.0 -9999.0
56401 20140715  2.515 -145.50   63.03    14.4     8.0    11.2    11.0     0.5     8.81 C    19.5     8.4    12.3    89.7    56.8    70.2 -99.000 -99.000 -99.000 -99.000 -99.000 -9999.0 -9999.0 -9999.0 -9999.0 -9999.0
56401 20140716  2.515 -145.50   63.03    17.6     7.5    12.6    13.0     0.0    15.32 C    24.0     8.0    14.7    90.2    42.8    66.5 -99.000 -99.000 -99.000 -99.000 -99.000 -9999.0 -9999.0 -9999.0 -9999.0 -9999.0
56401 20140717  2.515 -145.50   63.03    17.9     4.5    11.2    12.2     0.3    14.40 C    25.5     5.6    14.2    93.0    43.4    69.2 -99.000 -99.000 -99.000 -99.000 -99.000 -9999.0 -9999.0 -9999.0 -9999.0 -9999.0
56401 20140718  2.515 -145.50   63.03    19.6     5.8    12.7    13.6     0.0    18.75 C    27.4     7.0    16.1    94.7    35.5    62.3 -99.000 -99.000 -99.000 -99.000 -99.000 -9999.0 -9999.0 -9999.0 -9999.0 -9999.0
56401 20140719  2.515 -145.50   63.03    13.2     7.9    10.5     9.9     5.4     9.73 C    21.8     8.6    12.9    95.1    59.8    83.2 -99.000 -99.000 -99.000 -99.000 -99.000 -9999.0 -9999.0 -9999.0 -9999.0 -9999.0
56401 20140720  2.515 -145.50   63.03    14.0     4.9     9.4     8.9     4.5    18.32 C    20.7     4.7    11.7    96.7    49.2    75.7 -99.000 -99.000 -99.000 -99.000 -99.000 -9999.0 -9999.0 -9999.0 -9999.0 -9999.0
56401 20140721  2.515 -145.50   63.03    18.8     1.2    10.0    11.1     0.0    23.30 C    23.9     1.9    13.2    94.6    32.7    64.1 -99.000 -99.000 -99.000 -99.000 -99.000 -9999.0 -9999.0 -9999.0 -9999.0 -9999.0
56401 20140722  2.515 -145.50   63.03    21.1     3.4    12.3    13.2     0.0    22.38 C    25.0     4.8    13.9    93.7    27.4    57.8 -99.000 -99.000 -99.000 -99.000 -99.000 -9999.0 -9999.0 -9999.0 -9999.0 -9999.0
56401 20140723  2.515 -145.50   63.03    11.3     7.1     9.2     9.3     0.3     5.36 C    15.4     7.6    11.1    94.6    54.2    79.1 -99.000 -99.000 -99.000 -99.000 -99.000 -9999.0 -9999.0 -9999.0 -9999.0 -9999.0
56401 20140724  2.515 -145.50   63.03    15.8     7.5    11.7    10.6     1.0    13.41 C    23.4     8.7    13.5    96.6    52.5    79.8 -99.000 -99.000 -99.000 -99.000 -99.000 -9999.0 -9999.0 -9999.0 -9999.0 -9999.0
56401 20140725  2.515 -145.50   63.03     9.2     5.9     7.5     7.5     4.3     7.39 C    15.1     6.4    10.3    97.4    69.9    84.6 -99.000 -99.000 -99.000 -99.000 -99.000 -9999.0 -9999.0 -9999.0 -9999.0 -9999.0
56401 20140726  2.515 -145.50   63.03    13.8     4.3     9.0     7.7     3.4    14.02 C    25.1     6.0    11.5    95.5    52.8    79.5 -99.000 -99.000 -99.000 -99.000 -99.000 -9999.0 -9999.0 -9999.0 -9999.0 -9999.0
56401 20140727  2.515 -145.50   63.03    12.3     5.7     9.0     8.2    16.4     8.64 C    18.5     7.2    11.0    97.6    66.7    87.3 -99.000 -99.000 -99.000 -99.000 -99.000 -9999.0 -9999.0 -9999.0 -9999.0 -9999.0
56401 20140728  2.515 -145.50   63.03    14.7     6.9    10.8    10.1     2.5    15.21 C    22.9     7.6    13.2    98.3    53.5    82.4 -99.000 -99.000 -99.000 -99.000 -99.000 -9999.0 -9999.0 -9999.0 -9999.0 -9999.0
56401 20140729  2.515 -145.50   63.03    17.5     4.9    11.2    12.3     0.0    22.91 C    23.0     4.7    13.0    95.3    46.3    67.2 -99.000 -99.000 -99.000 -99.000 -99.000 -9999.0 -9999.0 -9999.0 -9999.0 -9999.0
56401 20140730  2.515 -145.50   63.03    18.6     5.3    11.9    12.8     0.0    24.35 C    23.2     4.1    13.0    86.9    20.0    55.0 -99.000 -99.000 -99.000 -99.000 -99.000 -9999.0 -9999.0 -9999.0 -9999.0 -9999.0
56401 20140731  2.515 -145.50   63.03    19.4     1.8    10.6    11.8     0.0    20.45 C    24.7     2.5    13.3    91.2    38.2    67.0 -99.000 -99.000 -99.000 -99.000 -99.000 -9999.0 -9999.0 -9999.0 -9999.0 -9999.0
56401 20140801  2.515 -145.50   63.03    14.8     6.3    10.6    11.8     0.0     7.07 C    19.3     6.9    12.5    93.2    58.7    74.7 -99.000 -99.000 -99.000 -99.000 -99.000 -9999.0 -9999.0 -9999.0 -9999.0 -9999.0
56401 20140802  2.515 -145.50   63.03    15.9     7.0    11.4    11.7     0.0     7.90 C    20.5     6.5    12.8    93.3    56.9    76.9 -99.000 -99.000 -99.000 -99.000 -99.000 -9999.0 -9999.0 -9999.0 -9999.0 -9999.0
56401 20140803  2.515 -145.50   63.03    18.3     2.8    10.5    11.1     2.9    11.15 C    23.1     3.9    12.6    97.4    49.8    79.8 -99.000 -99.000 -99.000 -99.000 -99.000 -9999.0 -9999.0 -9999.0 -9999.0 -9999.0
56401 20140804  2.515 -145.50   63.03    15.5     7.9    11.7    11.1     7.9     7.00 C    21.4     8.4    12.4    97.4    61.0    87.5 -99.000 -99.000 -99.000 -99.000 -99.000 -9999.0 -9999.0 -9999.0 -9999.0 -9999.0
56401 20140805  2.515 -145.50   63.03    16.9     5.9    11.4    10.8     0.0    17.17 C    23.2     6.1    12.7    94.7    38.7    70.0 -99.000 -99.000 -99.000 -99.000 -99.000 -9999.0 -9999.0 -9999.0 -9999.0 -9999.0
56401 20140806  2.515 -145.50   63.03    16.2     1.1     8.7     9.7     0.3    15.49 C    21.1     2.1    11.4    96.2    40.3    71.4 -99.000 -99.000 -99.000 -99.000 -99.000 -9999.0 -9999.0 -9999.0 -9999.0 -9999.0
56401 20140807  2.515 -145.50   63.03    16.6     4.9    10.7    10.4     0.0    16.93 C    24.0     5.4    12.0    96.7    44.6    71.4 -99.000 -99.000 -99.000 -99.000 -99.000 -9999.0 -9999.0 -9999.0 -9999.0 -9999.0
56401 20140808  2.515 -145.50   63.03    13.3     3.6     8.4     9.0     0.3     7.77 C    17.1     4.1    10.5    93.4    54.7    77.6 -99.000 -99.000 -99.000 -99.000 -99.000 -9999.0 -9999.0 -9999.0 -9999.0 -9999.0
56401 20140809  2.515 -145.50   63.03    18.4     5.8    12.1    12.5     0.0    13.95 C    23.3     5.6    13.2    92.3    39.4    64.7 -99.000 -99.000 -99.000 -99.000 -99.000 -9999.0 -9999.0 -9999.0 -9999.0 -9999.0
56401 20140810  2.515 -145.50   63.03    20.5     3.8    12.1    12.6     0.0    16.73 C    27.0     4.1    13.5    92.9    37.6    65.9 -99.000 -99.000 -99.000 -99.000 -99.000 -9999.0 -9999.0 -9999.0 -9999.0 -9999.0
56401 20140811  2.515 -145.50   63.03    19.3     8.6    14.0    13.6     0.3    15.89 C    24.6     8.7    14.7    96.8    36.3    66.1 -99.000 -99.000 -99.000 -99.000 -99.000 -9999.0 -9999.0 -9999.0 -9999.0 -9999.0
56401 20140812  2.515 -145.50   63.03    16.9     3.6    10.3    11.2     0.0    12.48 C    23.0     4.2    12.0    94.9    47.5    69.2 -99.000 -99.000 -99.000 -99.000 -99.000 -9999.0 -9999.0 -9999.0 -9999.0 -9999.0
56401 20140813  2.515 -145.50   63.03    15.6     6.0    10.8    10.4     0.9     8.51 C    21.7     6.0    12.1    94.9    43.7    78.8 -99.000 -99.000 -99.000 -99.000 -99.000 -9999.0 -9999.0 -9999.0 -9999.0 -9999.0
56401 20140814  2.515 -145.50   63.03    17.7     3.1    10.4    12.0     0.5    13.19 C    21.0     3.1    12.7    96.6    44.4    69.0 -99.000 -99.000 -99.000 -99.000 -99.000 -9999.0 -9999.0 -9999.0 -9999.0 -9999.0
56401 20140815  2.515 -145.50   63.03    14.5     6.6    10.5    10.7     5.0     8.69 C    18.1     5.8    11.3    97.4    49.0    74.6 -99.000 -99.000 -99.000 -99.000 -99.000 -9999.0 -9999.0 -9999.0 -9999.0 -9999.0
56401 20140816  2.515 -145.50   63.03    12.3     1.7     7.0     7.9     1.4     6.41 C    15.1     2.0     9.1    96.8    55.1    81.8 -99.000 -99.000 -99.000 -99.000 -99.000 -9999.0 -9999.0 -9999.0 -9999.0 -9999.0
56401 20140817  2.515 -145.50   63.03     9.8     6.8     8.3     8.0    17.7     2.90 C    12.9     7.5     9.4    97.9    84.6    94.1 -99.000 -99.000 -99.000 -99.000 -99.000 -9999.0 -9999.0 -9999.0 -9999.0 -9999.0
56401 20140818  2.515 -145.50   63.03    15.8     4.3    10.0     9.4     3.8    12.21 C    21.6     4.9    11.7    98.4    56.8    86.1 -99.000 -99.000 -99.000 -99.000 -99.000 -9999.0 -9999.0 -9999.0 -9999.0 -9999.0
56401 20140819  2.515 -145.50   63.03    16.1     0.8     8.4     8.4     0.0    13.76 C    22.4     2.1     9.8    98.2    49.3    80.1 -99.000 -99.000 -99.000 -99.000 -99.000 -9999.0 -9999.0 -9999.0 -9999.0 -9999.0
56401 20140820  2.515 -145.50   63.03    16.7     2.9     9.8    10.1     0.0    13.27 C    22.2     2.3    10.7    96.2    37.1    74.6 -99.000 -99.000 -99.000 -99.000 -99.000 -9999.0 -9999.0 -9999.0 -9999.0 -9999.0
56401 20140821  2.515 -145.50   63.03    17.2     6.3    11.8    10.9     0.5    11.73 C    22.9     5.8    11.9    94.1    42.6    76.6 -99.000 -99.000 -99.000 -99.000 -99.000 -9999.0 -9999.0 -9999.0 -9999.0 -9999.0
56401 20140822  2.515 -145.50   63.03    15.9     4.7    10.3    10.1     5.1    14.06 C    22.4     5.2    11.5    97.5    50.4    78.4 -99.000 -99.000 -99.000 -99.000 -99.000 -9999.0 -9999.0 -9999.0 -9999.0 -9999.0
56401 20140823  2.515 -145.50   63.03    17.5     1.6     9.6     9.7     0.0    14.09 C    21.4     2.2    10.3    97.7    40.2    73.3 -99.000 -99.000 -99.000 -99.000 -99.000 -9999.0 -9999.0 -9999.0 -9999.0 -9999.0
56401 20140824  2.515 -145.50   63.03    13.2     5.3     9.2     8.3     4.1     4.63 C    15.5     5.8     9.5    97.7    47.4    82.9 -99.000 -99.000 -99.000 -99.000 -99.000 -9999.0 -9999.0 -9999.0 -9999.0 -9999.0
56401 20140825  2.515 -145.50   63.03    14.0     5.7     9.9     8.6     5.4     7.86 C    18.6     6.7    10.2    98.0    51.7    87.2 -99.000 -99.000 -99.000 -99.000 -99.000 -9999.0 -9999.0 -9999.0 -9999.0 -9999.0
56401 20140826  2.515 -145.50   63.03    13.5     3.9     8.7     8.5     0.0    10.89 C    19.1     4.9    10.3    97.3    50.1    76.5 -99.000 -99.000 -99.000 -99.000 -99.000 -9999.0 -9999.0 -9999.0 -9999.0 -9999.0
56401 20140827  2.515 -145.50   63.03    10.7     4.9     7.8     7.9     0.5     5.43 C    14.8     5.5     9.5    97.5    61.5    80.9 -99.000 -99.000 -99.000 -99.000 -99.000 -9999.0 -9999.0 -9999.0 -9999.0 -9999.0
56401 20140828  2.515 -145.50   63.03    12.1     4.4     8.2     7.8     2.8     5.66 C    16.1     4.7     9.2    97.4    54.3    82.6 -99.000 -99.000 -99.000 -99.000 -99.000 -9999.0 -9999.0 -9999.0 -9999.0 -9999.0
56401 20140829  2.515 -145.50   63.03     8.5     0.9     4.7     6.2     6.9     5.04 C    13.9     1.2     8.5    97.5    79.9    90.4 -99.000 -99.000 -99.000 -99.000 -99.000 -9999.0 -9999.0 -9999.0 -9999.0 -9999.0
56401 20140830  2.515 -145.50   63.03     9.5    -0.4     4.5     4.6     0.0    12.95 C    16.5    -0.8     6.1    88.9    48.2    67.1 -99.000 -99.000 -99.000 -99.000 -99.000 -9999.0 -9999.0 -9999.0 -9999.0 -9999.0
56401 20140831  2.515 -145.50   63.03     7.8    -1.8     3.0     2.8     3.0     7.18 C    13.5    -1.7     4.0    96.2    52.4    75.5 -99.000 -99.000 -99.000 -99.000 -99.000 -9999.0 -9999.0 -9999.0 -9999.0 -9999.0
56401 20140901  2.515 -145.50   63.03     9.3    -4.8     2.2     3.3     0.0    12.35 C    14.1    -2.7     4.4    90.3    38.9    67.3 -99.000 -99.000 -99.000 -99.000 -99.000 -9999.0 -9999.0 -9999.0 -9999.0 -9999.0
56401 20140902  2.515 -145.50   63.03     6.4     0.6     3.5     4.1     9.8     2.59 C    10.1     1.0     5.7    97.6    81.9    92.0 -99.000 -99.000 -99.000 -99.000 -99.000 -9999.0 -9999.0 -9999.0 -9999.0 -9999.0
56401 20140903  2.515 -145.50   63.03     8.8    -2.2     3.3     2.3     0.0    12.54 C    14.7    -1.4     4.4    98.8    40.6    78.8 -99.000 -99.000 -99.000 -99.000 -99.000 -9999.0 -9999.0 -9999.0 -9999.0 -9999.0
56401 20140904  2.515 -145.50   63.03    10.2    -2.9     3.6     4.2     0.2     7.31 C    12.6    -1.6     5.2    96.4    60.6    80.3 -99.000 -99.000 -99.000 -99.000 -99.000 -9999.0 -9999.0 -9999.0 -9999.0 -9999.0
56401 20140905  2.515 -145.50   63.03     7.2     4.4     5.8     5.9    12.3     3.19 C    10.3     5.2     7.3    98.2    85.3    93.6 -99.000 -99.000 -99.000 -99.000 -99.000 -9999.0 -9999.0 -9999.0 -9999.0 -9999.0
56401 20140906  2.515 -145.50   63.03     8.7     3.4     6.0     5.3     0.4     6.04 C    13.4     3.8     6.9    96.7    62.7    81.0 -99.000 -99.000 -99.000 -99.000 -99.000 -9999.0 -9999.0 -9999.0 -9999.0 -9999.0
56401 20140907  2.515 -145.50   63.03    12.2    -0.7     5.7     6.1     0.0    15.42 C    14.4    -0.9     6.1    89.3    33.0    60.5 -99.000 -99.000 -99.000 -99.000 -99.000 -9999.0 -9999.0 -9999.0 -9999.0 -9999.0
56401 20140908  2.515 -145.50   63.03    11.9    -2.0     5.0     5.3     0.0    10.91 C    14.2    -1.8     6.0    92.0    44.5    71.7 -99.000 -99.000 -99.000 -99.000 -99.000 -9999.0 -9999.0 -9999.0 -9999.0 -9999.0
56401 20140909  2.515 -145.50   63.03    13.4     2.4     7.9     7.8     7.9     7.25 C    16.0     3.1     8.3    97.0    50.6    76.7 -99.000 -99.000 -99.000 -99.000 -99.000 -9999.0 -9999.0 -9999.0 -9999.0 -9999.0
56401 20140910  2.515 -145.50   63.03    10.3     5.7     8.0     8.0     0.6     3.79 C    12.2     5.9     8.7    97.6    72.1    86.4 -99.000 -99.000 -99.000 -99.000 -99.000 -9999.0 -9999.0 -9999.0 -9999.0 -9999.0
56401 20140911  2.515 -145.50   63.03    12.0     5.7     8.8     8.6     0.0     4.62 C    14.7     6.4     9.4    96.4    61.0    81.8 -99.000 -99.000 -99.000 -99.000 -99.000 -9999.0 -9999.0 -9999.0 -9999.0 -9999.0
56401 20140912  2.515 -145.50   63.03    11.1     5.1     8.1     8.4     2.9     2.72 C    12.9     5.1     8.8    97.7    74.6    89.3 -99.000 -99.000 -99.000 -99.000 -99.000 -9999.0 -9999.0 -9999.0 -9999.0 -9999.0
56401 20140913  2.515 -145.50   63.03    17.8     7.5    12.6    12.0     0.8     5.03 C    15.8     6.8    10.0    97.2    47.9    73.5 -99.000 -99.000 -99.000 -99.000 -99.000 -9999.0 -9999.0 -9999.0 -9999.0 -9999.0
56401 20140914  2.515 -145.50   63.03    16.9     5.3    11.1    10.5     3.5     7.66 C    17.3     4.2     9.7    97.9    44.3    77.8 -99.000 -99.000 -99.000 -99.000 -99.000 -9999.0 -9999.0 -9999.0 -9999.0 -9999.0
56401 20140915  2.515 -145.50   63.03    14.1     2.3     8.2     8.4     1.3     7.97 C    15.2     2.1     7.8    97.0    42.8    75.9 -99.000 -99.000 -99.000 -99.000 -99.000 -9999.0 -9999.0 -9999.0 -9999.0 -9999.0
56401 20140916  2.515 -145.50   63.03    11.9     0.6     6.2     5.7     0.0     5.60 C    14.4     1.0     5.8    94.5    50.5    77.7 -99.000 -99.000 -99.000 -99.000 -99.000 -9999.0 -9999.0 -9999.0 -9999.0 -9999.0
56401 20140917  2.515 -145.50   63.03    10.1     2.0     6.1     6.1     0.4     4.43 C    11.5     2.5     6.1    96.6    47.2    75.9 -99.000 -99.000 -99.000 -99.000 -99.000 -9999.0 -9999.0 -9999.0 -9999.0 -9999.0
56401 20140918  2.515 -145.50   63.03    15.8     2.1     8.9     8.1     0.4     9.23 C    14.1     0.4     6.6    95.6    25.3    64.0 -99.000 -99.000 -99.000 -99.000 -99.000 -9999.0 -9999.0 -9999.0 -9999.0 -9999.0
56401 20140919  2.515 -145.50   63.03    12.9    -0.2     6.3     6.2     4.4     4.84 C    13.7    -0.7     5.9    96.7    51.9    79.3 -99.000 -99.000 -99.000 -99.000 -99.000 -9999.0 -9999.0 -9999.0 -9999.0 -9999.0
56401 20140920  2.515 -145.50   63.03    10.8     1.7     6.3     5.7     5.1     6.24 C    13.6     1.4     6.2    97.8    49.7    80.4 -99.000 -99.000 -99.000 -99.000 -99.000 -9999.0 -9999.0 -9999.0 -9999.0 -9999.0
56401 20140921  2.515 -145.50   63.03     9.5     0.2     4.8     4.3     0.7     8.00 C    12.5    -1.4     5.1    98.3    54.2    79.3 -99.000 -99.000 -99.000 -99.000 -99.000 -9999.0 -9999.0 -9999.0 -9999.0 -9999.0
56401 20140922  2.515 -145.50   63.03     5.6    -1.6     2.0     1.3     0.0     5.33 C    10.1    -1.5     1.9    95.6    55.0    69.8 -99.000 -99.000 -99.000 -99.000 -99.000 -9999.0 -9999.0 -9999.0 -9999.0 -9999.0
56401 20140923  2.515 -145.50   63.03     6.0    -5.2     0.4     0.1     0.0     4.30 C    12.0    -2.0     1.5    99.2    62.6    88.0 -99.000 -99.000 -99.000 -99.000 -99.000 -9999.0 -9999.0 -9999.0 -9999.0 -9999.0
56401 20140924  2.515 -145.50   63.03     7.1    -3.6     1.8     0.9     0.0     9.51 C     6.7    -3.7    -0.6    87.2    28.1    61.3 -99.000 -99.000 -99.000 -99.000 -99.000 -9999.0 -9999.0 -9999.0 -9999.0 -9999.0
56401 20140925  2.515 -145.50   63.03     8.8    -5.6     1.6     0.6     0.0     9.69 C     6.6    -5.1    -1.2    95.2    29.9    70.2 -99.000 -99.000 -99.000 -99.000 -99.000 -9999.0 -9999.0 -9999.0 -9999.0 -9999.0
56401 20140926  2.515 -145.50   63.03     9.9    -6.6     1.7     0.4     0.0     9.59 C     7.0    -5.8    -1.3    93.4    28.3    67.4 -99.000 -99.000 -99.000 -99.000 -99.000 -9999.0 -9999.0 -9999.0 -9999.0 -9999.0
56401 20140927  2.515 -145.50   63.03     8.2    -7.7     0.2     0.7     0.0     5.15 C     4.5    -6.5    -1.2    93.6    34.6    65.6 -99.000 -99.000 -99.000 -99.000 -99.000 -9999.0 -9999.0 -9999.0 -9999.0 -9999.0
56401 20140928  2.515 -145.50   63.03     8.0    -4.2     1.9     1.6     0.0     8.79 C     7.2    -4.3    -0.7    85.4    41.2    64.2 -99.000 -99.000 -99.000 -99.000 -99.000 -9999.0 -9999.0 -9999.0 -9999.0 -9999.0
56401 20140929  2.515 -145.50   63.03     3.4    -5.7    -1.1    -0.9     0.0     4.91 C     2.9    -6.4    -2.4    88.4    47.5    67.9 -99.000 -99.000 -99.000 -99.000 -99.000 -9999.0 -9999.0 -9999.0 -9999.0 -9999.0
56401 20140930  2.515 -145.50   63.03     3.1    -3.4    -0.1    -0.6     0.0     7.32 C     2.9    -6.8    -3.2    76.7    35.8    56.1 -99.000 -99.000 -99.000 -99.000 -99.000 -9999.0 -9999.0 -9999.0 -9999.0 -9999.0
56401 20141001  2.515 -145.50   63.03     4.2    -9.7    -2.8    -3.1     0.0     7.85 C     4.1    -8.6    -4.0    93.0    39.9    69.2 -99.000 -99.000 -99.000 -99.000 -99.000 -9999.0 -9999.0 -9999.0 -9999.0 -9999.0
56401 20141002  2.515 -145.50   63.03     4.2    -9.1    -2.4    -2.7     0.0     5.26 C     3.2    -8.4    -3.3    93.1    37.9    70.6 -99.000 -99.000 -99.000 -99.000 -99.000 -9999.0 -9999.0 -9999.0 -9999.0 -9999.0
56401 20141003  2.515 -145.50   63.03     0.7    -4.7    -2.0    -1.8     4.6     2.67 C     1.6    -5.8    -2.1    95.5    58.2    75.3 -99.000 -99.000 -99.000 -99.000 -99.000 -9999.0 -9999.0 -9999.0 -9999.0 -9999.0
56401 20141004  2.515 -145.50   63.03     0.0    -2.6    -1.3    -1.2    15.4     0.18 C    -0.2    -2.8    -1.7    98.1    90.3    95.3 -99.000 -99.000 -99.000 -99.000 -99.000 -9999.0 -9999.0 -9999.0 -9999.0 -9999.0
56401 20141005  2.515 -145.50   63.03    -1.0    -5.0    -3.0    -3.8     7.2     0.31 C    -1.3    -8.3    -4.8    97.9    69.8    84.0 -99.000 -99.000 -99.000 -99.000 -99.000 -9999.0 -9999.0 -9999.0 -9999.0 -9999.0
56401 20141006  2.515 -145.50   63.03    -1.6    -8.7    -5.1    -5.2     0.0     4.34 C    -3.1   -17.8    -9.9    86.2    57.9    72.2 -99.000 -99.000 -99.000 -99.000 -99.000 -9999.0 -9999.0 -9999.0 -9999.0 -9999.0
56401 20141007  2.515 -145.50   63.03    -5.2    -8.8    -7.0    -7.0     0.0     3.25 C    -6.4   -16.6    -9.2    83.3    62.4    70.4 -99.000 -99.000 -99.000 -99.000 -99.000 -9999.0 -9999.0 -9999.0 -9999.0 -9999.0
56401 20141008  2.515 -145.50   63.03    -5.4    -9.6    -7.5    -8.3     1.9     4.73 C    -6.9   -12.8    -9.7    86.9    60.7    72.4 -99.000 -99.000 -99.000 -99.000 -99.000 -9999.0 -9999.0 -9999.0 -9999.0 -9999.0
56401 20141009  2.515 -145.50   63.03     0.7    -9.5    -4.4    -5.3     0.6     4.79 C    -3.0   -14.0    -7.3    92.1    58.4    77.9 -99.000 -99.000 -99.000 -99.000 -99.000 -9999.0 -9999.0 -9999.0 -9999.0 -9999.0
56401 20141010  2.515 -145.50   63.03     3.5    -6.5    -1.5    -1.1     3.6     2.26 C     0.4   -11.9    -2.4    98.5    76.1    88.8 -99.000 -99.000 -99.000 -99.000 -99.000 -9999.0 -9999.0 -9999.0 -9999.0 -9999.0
56401 20141011  2.515 -145.50   63.03     6.8    -3.1     1.9     1.9     6.7     3.51 C     0.8   -10.1    -1.3    99.0    70.9    92.3 -99.000 -99.000 -99.000 -99.000 -99.000 -9999.0 -9999.0 -9999.0 -9999.0 -9999.0
56401 20141012  2.515 -145.50   63.03     6.6    -1.8     2.4     1.3     0.0     6.07 C     0.4    -9.6    -3.9    99.2    46.7    81.6 -99.000 -99.000 -99.000 -99.000 -99.000 -9999.0 -9999.0 -9999.0 -9999.0 -9999.0
56401 20141013  2.515 -145.50   63.03     3.2    -3.6    -0.2    -0.6     0.0     5.07 C    -1.2   -11.0    -6.5    91.4    65.1    79.2 -99.000 -99.000 -99.000 -99.000 -99.000 -9999.0 -9999.0 -9999.0 -9999.0 -9999.0
56401 20141014  2.515 -145.50   63.03     1.6    -5.9    -2.1    -2.1     0.0     5.22 C    -3.1   -13.1    -8.4    85.8    59.6    73.3 -99.000 -99.000 -99.000 -99.000 -99.000 -9999.0 -9999.0 -9999.0 -9999.0 -9999.0
56401 20141015  2.515 -145.50   63.03    -1.5    -8.6    -5.1    -5.4     0.0     5.21 C    -4.8   -16.7    -9.9    93.6    67.8    83.0 -99.000 -99.000 -99.000 -99.000 -99.000 -9999.0 -9999.0 -9999.0 -9999.0 -9999.0
56401 20141016  2.515 -145.50   63.03     1.7    -7.8    -3.0    -2.8     0.2     3.03 C    -0.4   -15.4    -6.5    94.2    55.7    81.3 -99.000 -99.000 -99.000 -99.000 -99.000 -9999.0 -9999.0 -9999.0 -9999.0 -9999.0
56401 20141017  2.515 -145.50   63.03     3.1   -13.3    -5.1    -6.1     0.0     4.89 C    -4.1   -19.4   -13.6    95.7    53.0    81.4 -99.000 -99.000 -99.000 -99.000 -99.000 -9999.0 -9999.0 -9999.0 -9999.0 -9999.0
56401 20141018  2.515 -145.50   63.03     1.2   -13.3    -6.0    -6.8     0.0     3.89 C    -6.6   -19.9   -14.8    93.0    51.8    80.2 -99.000 -99.000 -99.000 -99.000 -99.000 -9999.0 -9999.0 -9999.0 -9999.0 -9999.0
56401 20141019  2.515 -145.50   63.03    -1.2   -12.8    -7.0    -7.0     0.0     4.33 C    -6.5   -19.1   -13.0    94.2    59.0    80.4 -99.000 -99.000 -99.000 -99.000 -99.000 -9999.0 -9999.0 -9999.0 -9999.0 -9999.0
56401 20141020  2.515 -145.50   63.03    -1.7   -11.8    -6.8    -6.2     2.1     1.73 C    -2.6   -17.1   -10.3    97.1    73.0    90.4 -99.000 -99.000 -99.000 -99.000 -99.000 -9999.0 -9999.0 -9999.0 -9999.0 -9999.0
56401 20141021  2.515 -145.50   63.03     0.9   -13.1    -6.1    -5.8     0.0     3.48 C    -6.0   -21.2   -14.9    93.2    58.7    79.0 -99.000 -99.000 -99.000 -99.000 -99.000 -9999.0 -9999.0 -9999.0 -9999.0 -9999.0
56401 20141022  2.515 -145.50   63.03    -1.2    -8.9    -5.1    -4.2     0.0     1.86 C    -3.3   -18.7    -9.9    89.1    66.7    75.9 -99.000 -99.000 -99.000 -99.000 -99.000 -9999.0 -9999.0 -9999.0 -9999.0 -9999.0
56401 20141023  2.515 -145.50   63.03    -3.2    -6.8    -5.0    -4.7     0.2     2.32 C    -4.3   -14.9    -7.3    89.8    64.8    75.0 -99.000 -99.000 -99.000 -99.000 -99.000 -9999.0 -9999.0 -9999.0 -9999.0 -9999.0
56401 20141024  2.515 -145.50   63.03    -2.9    -8.0    -5.4    -5.4     0.0     1.92 C    -5.3   -16.3    -8.3    97.0    75.5    87.3 -99.000 -99.000 -99.000 -99.000 -99.000 -9999.0 -9999.0 -9999.0 -9999.0 -9999.0
56401 20141025  2.515 -145.50   63.03    -4.9   -14.1    -9.5    -7.8     0.2     2.11 C    -6.9   -21.6   -11.4    92.4    69.4    80.7 -99.000 -99.000 -99.000 -99.000 -99.000 -9999.0 -9999.0 -9999.0 -9999.0 -9999.0
56401 20141026  2.515 -145.50   63.03    -5.2   -19.2   -12.2   -12.7     0.0     2.95 C   -12.0   -27.8   -20.1    90.3    45.3    78.3 -99.000 -99.000 -99.000 -99.000 -99.000 -9999.0 -9999.0 -9999.0 -9999.0 -9999.0
56401 20141027  2.515 -145.50   63.03    -9.4   -23.3   -16.4   -16.1     0.0     2.64 C   -10.9   -29.4   -19.8    91.6    80.4    86.5 -99.000 -99.000 -99.000 -99.000 -99.000 -9999.0 -9999.0 -9999.0 -9999.0 -9999.0
56401 20141028  2.515 -145.50   63.03   -10.9   -25.1   -18.0   -19.2     0.0     2.81 C   -18.4   -30.2   -25.7    89.4    78.6    83.3 -99.000 -99.000 -99.000 -99.000 -99.000 -9999.0 -9999.0 -9999.0 -9999.0 -9999.0
56401 20141029  2.515 -145.50   63.03    -7.5   -22.6   -15.0   -16.3     0.0     2.38 C   -12.5   -27.3   -22.6    91.3    66.6    82.7 -99.000 -99.000 -99.000 -99.000 -99.000 -9999.0 -9999.0 -9999.0 -9999.0 -9999.0
56401 20141030  2.515 -145.50   63.03    -6.0   -14.9   -10.4    -9.9     0.0     2.68 C    -8.5   -20.0   -12.4    89.7    58.8    74.3 -99.000 -99.000 -99.000 -99.000 -99.000 -9999.0 -9999.0 -9999.0 -9999.0 -9999.0
56401 20141031  2.515 -145.50   63.03    -4.6   -13.1    -8.9    -9.4     0.0     1.65 C    -6.8   -21.0   -11.7    91.6    67.9    79.4 -99.000 -99.000 -99.000 -99.000 -99.000 -9999.0 -9999.0 -9999.0 -9999.0 -9999.0
56401 20141101  2.515 -145.50   63.03    -6.9   -16.7   -11.8   -11.3     1.6     1.04 C    -8.5   -23.6   -15.9    92.7    67.2    84.2 -99.000 -99.000 -99.000 -99.000 -99.000 -9999.0 -9999.0 -9999.0 -9999.0 -9999.0
56401 20141102  2.515 -145.50   63.03    -6.2   -18.8   -12.5   -12.3     0.2     0.85 C    -6.4   -24.4   -16.4    93.6    84.0    88.2 -99.000 -99.000 -99.000 -99.000 -99.000 -9999.0 -9999.0 -9999.0 -9999.0 -9999.0
56401 20141103  2.515 -145.50   63.03    -2.6   -12.1    -7.4    -7.8     0.0     0.75 C    -9.3   -20.2   -14.9    93.5    68.5    83.8 -99.000 -99.000 -99.000 -99.000 -99.000 -9999.0 -9999.0 -9999.0 -9999.0 -9999.0
56401 20141104  2.515 -145.50   63.03    -4.5   -15.1    -9.8    -9.3     0.0     1.28 C   -11.7   -21.1   -16.1    89.3    50.7    68.8 -99.000 -99.000 -99.000 -99.000 -99.000 -9999.0 -9999.0 -9999.0 -9999.0 -9999.0
56401 20141105  2.515 -145.50   63.03    -5.2   -14.4    -9.8   -10.6     0.0     1.63 C   -10.9   -22.6   -16.3    90.3    66.0    83.2 -99.000 -99.000 -99.000 -99.000 -99.000 -9999.0 -9999.0 -9999.0 -9999.0 -9999.0
56401 20141106  2.515 -145.50   63.03    -5.8   -20.1   -13.0   -13.9     0.0     1.46 C   -16.0   -27.0   -22.5    91.3    65.5    81.2 -99.000 -99.000 -99.000 -99.000 -99.000 -9999.0 -9999.0 -9999.0 -9999.0 -9999.0
56401 20141107  2.515 -145.50   63.03    -8.5   -23.0   -15.8   -17.0     0.0     1.43 C   -11.4   -27.7   -22.4    90.2    73.5    83.9 -99.000 -99.000 -99.000 -99.000 -99.000 -9999.0 -9999.0 -9999.0 -9999.0 -9999.0
56401 20141108  2.515 -145.50   63.03    -4.4   -18.3   -11.3   -11.1     0.0     1.36 C    -6.9   -24.3   -17.0    93.1    76.1    86.2 -99.000 -99.000 -99.000 -99.000 -99.000 -9999.0 -9999.0 -9999.0 -9999.0 -9999.0
56401 20141109  2.515 -145.50   63.03     1.5   -10.4    -4.4    -4.0     0.0     1.14 C    -3.3   -17.8    -9.0    94.0    52.9    76.7 -99.000 -99.000 -99.000 -99.000 -99.000 -9999.0 -9999.0 -9999.0 -9999.0 -9999.0
56401 20141110  2.515 -145.50   63.03     1.0    -8.2    -3.6    -2.9     0.0     0.71 C    -2.6   -15.8    -9.7    92.1    61.6    76.7 -99.000 -99.000 -99.000 -99.000 -99.000 -9999.0 -9999.0 -9999.0 -9999.0 -9999.0
56401 20141111  2.515 -145.50   63.03     1.8    -4.1    -1.2    -1.3     0.0     0.88 C    -1.4   -12.5    -6.4    84.2    59.1    74.5 -99.000 -99.000 -99.000 -99.000 -99.000 -9999.0 -9999.0 -9999.0 -9999.0 -9999.0
56401 20141112  2.515 -145.50   63.03     3.1    -7.0    -2.0    -1.6     0.0     0.95 C    -1.6   -14.5    -7.4    91.5    54.7    72.1 -99.000 -99.000 -99.000 -99.000 -99.000 -9999.0 -9999.0 -9999.0 -9999.0 -9999.0
56401 20141113  2.515 -145.50   63.03    -4.8   -14.2    -9.5   -10.0     0.0     0.75 C   -13.6   -21.4   -17.4    96.1    78.6    89.8 -99.000 -99.000 -99.000 -99.000 -99.000 -9999.0 -9999.0 -9999.0 -9999.0 -9999.0
56401 20141114  2.515 -145.50   63.03    -8.1   -17.9   -13.0   -14.0     0.0     0.70 C   -16.3   -24.1   -20.9    92.4    83.9    87.7 -99.000 -99.000 -99.000 -99.000 -99.000 -9999.0 -9999.0 -9999.0 -9999.0 -9999.0
56401 20141115  2.515 -145.50   63.03    -8.9   -20.6   -14.7   -16.3     0.0     0.67 C   -17.5   -26.1   -23.5    91.9    81.9    85.8 -99.000 -99.000 -99.000 -99.000 -99.000 -9999.0 -9999.0 -9999.0 -9999.0 -9999.0
56401 20141116  2.515 -145.50   63.03    -8.3   -20.5   -14.4   -14.6     0.0     0.24 C    -8.3   -26.1   -18.5    92.3    75.3    85.5 -99.000 -99.000 -99.000 -99.000 -99.000 -9999.0 -9999.0 -9999.0 -9999.0 -9999.0
56401 20141117  2.515 -145.50   63.03     0.7    -9.7    -4.5    -5.5     0.0     0.85 C    -1.7   -15.8    -8.8    97.0    79.3    90.0 -99.000 -99.000 -99.000 -99.000 -99.000 -9999.0 -9999.0 -9999.0 -9999.0 -9999.0
56401 20141118  2.515 -145.50   63.03    -3.1   -15.0    -9.1    -8.0     0.0     0.33 C    -4.3   -19.7   -11.0    94.2    80.6    89.7 -99.000 -99.000 -99.000 -99.000 -99.000 -9999.0 -9999.0 -9999.0 -9999.0 -9999.0
56401 20141119  2.515 -145.50   63.03    -1.3   -10.3    -5.8    -6.1     0.0     0.25 C    -5.2   -18.6   -12.9    96.2    77.4    88.3 -99.000 -99.000 -99.000 -99.000 -99.000 -9999.0 -9999.0 -9999.0 -9999.0 -9999.0
56401 20141120  2.515 -145.50   63.03    -6.0   -14.3   -10.1    -9.8     0.0     0.62 C    -8.4   -21.2   -15.3    93.4    76.2    86.5 -99.000 -99.000 -99.000 -99.000 -99.000 -9999.0 -9999.0 -9999.0 -9999.0 -9999.0
56401 20141121  2.515 -145.50   63.03    -8.6   -14.5   -11.5   -10.8     0.0     0.61 C   -11.5   -19.9   -14.5    90.3    63.0    75.7 -99.000 -99.000 -99.000 -99.000 -99.000 -9999.0 -9999.0 -9999.0 -9999.0 -9999.0
56401 20141122  2.515 -145.50   63.03    -7.0   -15.4   -11.2    -9.9     2.5     0.19 C    -8.2   -21.0   -11.1    92.0    77.4    88.7 -99.000 -99.000 -99.000 -99.000 -99.000 -9999.0 -9999.0 -9999.0 -9999.0 -9999.0
56401 20141123  2.515 -145.50   63.03   -10.1   -18.6   -14.4   -15.2     0.0     0.12 C   -12.0   -25.4   -19.5    91.9    84.1    87.0 -99.000 -99.000 -99.000 -99.000 -99.000 -9999.0 -9999.0 -9999.0 -9999.0 -9999.0
56401 20141124  2.515 -145.50   63.03    -6.8   -12.9    -9.9    -9.7     0.0     0.12 C    -8.2   -15.7   -10.7    92.6    88.3    90.2 -99.000 -99.000 -99.000 -99.000 -99.000 -9999.0 -9999.0 -9999.0 -9999.0 -9999.0
56401 20141125  2.515 -145.50   63.03    -7.8   -12.1   -10.0    -9.7     1.7     0.00 C    -8.3   -19.0   -10.6    92.3    86.8    90.2 -99.000 -99.000 -99.000 -99.000 -99.000 -9999.0 -9999.0 -9999.0 -9999.0 -9999.0
56401 20141126  2.515 -145.50   63.03    -7.6   -21.0   -14.3   -13.3     0.0     0.11 C    -8.6   -31.3   -18.5    91.0    81.7    86.8 -99.000 -99.000 -99.000 -99.000 -99.000 -9999.0 -9999.0 -9999.0 -9999.0 -9999.0
56401 20141127  2.515 -145.50   63.03   -20.2   -32.0   -26.1   -26.8     0.0     0.04 C   -27.5   -39.7   -35.2    88.4    73.8    78.7 -99.000 -99.000 -99.000 -99.000 -99.000 -9999.0 -9999.0 -9999.0 -9999.0 -9999.0
56401 20141128  2.515 -145.50   63.03   -20.7   -32.9   -26.8   -26.0     0.0     0.01 C   -18.2   -39.3   -28.6    82.2    70.4    78.4 -99.000 -99.000 -99.000 -99.000 -99.000 -9999.0 -9999.0 -9999.0 -9999.0 -9999.0
56401 20141129  2.515 -145.50   63.03   -14.4   -27.1   -20.8   -19.1     2.6     0.00 C   -14.0   -32.1   -20.1    87.3    76.6    83.6 -99.000 -99.000 -99.000 -99.000 -99.000 -9999.0 -9999.0 -9999.0 -9999.0 -9999.0
56401 20141130  2.515 -145.50   63.03   -15.5   -27.6   -21.5   -21.0     0.0     0.04 C   -17.1   -34.2   -27.9    86.9    76.6    82.1 -99.000 -99.000 -99.000 -99.000 -99.000 -9999.0 -9999.0 -9999.0 -9999.0 -9999.0
56401 20141201  2.515 -145.50   63.03    -8.2   -29.5   -18.9   -17.9     3.1     0.00 C    -8.7   -35.8   -18.9    92.4    75.5    84.5 -99.000 -99.000 -99.000 -99.000 -99.000 -9999.0 -9999.0 -9999.0 -9999.0 -9999.0
56401 20141202  2.515 -145.50   63.03    -2.9    -8.3    -5.6    -5.6    15.2     0.00 C    -3.7    -8.7    -6.3    95.0    88.2    93.0 -99.000 -99.000 -99.000 -99.000 -99.000 -9999.0 -9999.0 -9999.0 -9999.0 -9999.0
56401 20141203  2.515 -145.50   63.03    -4.5   -13.9    -9.2    -9.2     0.6     0.00 C    -5.2   -21.1   -11.9    95.1    86.3    91.0 -99.000 -99.000 -99.000 -99.000 -99.000 -9999.0 -9999.0 -9999.0 -9999.0 -9999.0
56401 20141204  2.515 -145.50   63.03    -5.1   -19.6   -12.4    -9.8     0.9     0.01 C    -6.8   -26.5   -13.5    93.9    83.3    90.0 -99.000 -99.000 -99.000 -99.000 -99.000 -9999.0 -9999.0 -9999.0 -9999.0 -9999.0
56401 20141205  2.515 -145.50   63.03   -12.3   -23.7   -18.0   -20.2     0.0     0.00 C   -12.9   -29.8   -23.4    88.4    80.2    83.2 -99.000 -99.000 -99.000 -99.000 -99.000 -9999.0 -9999.0 -9999.0 -9999.0 -9999.0
56401 20141206  2.515 -145.50   63.03    -7.1   -15.0   -11.1   -10.6     1.6     0.00 C    -7.0   -16.7   -10.3    92.2    86.4    89.5 -99.000 -99.000 -99.000 -99.000 -99.000 -9999.0 -9999.0 -9999.0 -9999.0 -9999.0
56401 20141207  2.515 -145.50   63.03    -0.1    -7.2    -3.6    -3.7     0.6     0.00 C    -1.9   -11.2    -5.6    97.0    89.4    93.6 -99.000 -99.000 -99.000 -99.000 -99.000 -9999.0 -9999.0 -9999.0 -9999.0 -9999.0
56401 20141208  2.515 -145.50   63.03    -4.7   -12.2    -8.5    -9.3     0.0     0.00 C    -7.1   -18.8   -13.2    94.6    86.1    90.7 -99.000 -99.000 -99.000 -99.000 -99.000 -9999.0 -9999.0 -9999.0 -9999.0 -9999.0
56401 20141209  2.515 -145.50   63.03 -9999.0 -9999.0 -9999.0 -9999.0     0.0     0.00 C    -8.9   -18.7   -13.1    92.9    81.4    85.8 -99.000 -99.000 -99.000 -99.000 -99.000 -9999.0 -9999.0 -9999.0 -9999.0 -9999.0
56401 20141210  2.515 -145.50   63.03 -9999.0 -9999.0 -9999.0 -9999.0     0.9     0.00 C    -8.5   -26.4   -14.2    87.0    75.1    83.5 -99.000 -99.000 -99.000 -99.000 -99.000 -9999.0 -9999.0 -9999.0 -9999.0 -9999.0
56401 20141211  2.515 -145.50   63.03 -9999.0 -9999.0 -9999.0 -9999.0 -9999.0     0.00 C     0.0   -29.2   -23.6    93.7    72.6    78.4 -99.000 -99.000 -99.000 -99.000 -99.000 -9999.0 -9999.0 -9999.0 -9999.0 -9999.0
56401 20141212  2.515 -145.50   63.03 -9999.0 -9999.0 -9999.0 -9999.0     0.0     0.05 C   -13.7   -27.1   -19.2    82.3    73.9    79.0 -99.000 -99.000 -99.000 -99.000 -99.000 -9999.0 -9999.0 -9999.0 -9999.0 -9999.0
56401 20141213  2.515 -145.50   63.03 -9999.0 -9999.0 -9999.0 -9999.0     0.0     0.06 C    -9.8   -24.9   -18.2    91.6    76.5    81.9 -99.000 -99.000 -99.000 -99.000 -99.000 -9999.0 -9999.0 -9999.0 -9999.0 -9999.0
56401 20141214  2.515 -145.50   63.03    -0.8    -8.8    -4.8    -4.5     0.0     0.01 C    -3.2    -9.8    -5.9    97.5    87.0    92.3 -99.000 -99.000 -99.000 -99.000 -99.000 -9999.0 -9999.0 -9999.0 -9999.0 -9999.0
56401 20141215  2.515 -145.50   63.03    -3.0    -9.6    -6.3    -6.5     0.0     0.03 C    -6.0   -15.4    -9.8    95.0    81.9    91.9 -99.000 -99.000 -99.000 -99.000 -99.000 -9999.0 -9999.0 -9999.0 -9999.0 -9999.0
56401 20141216  2.515 -145.50   63.03    -5.0   -11.5    -8.3    -8.4     0.0     0.03 C    -7.6   -17.7   -11.4    94.0    85.5    90.6 -99.000 -99.000 -99.000 -99.000 -99.000 -9999.0 -9999.0 -9999.0 -9999.0 -9999.0
56401 20141217  2.515 -145.50   63.03    -3.7   -18.8   -11.3   -10.0     0.0     0.00 C    -5.7   -24.0   -14.2    95.1    85.0    90.1 -99.000 -99.000 -99.000 -99.000 -99.000 -9999.0 -9999.0 -9999.0 -9999.0 -9999.0
56401 20141218  2.515 -145.50   63.03   -12.7   -25.8   -19.2   -21.8     0.0     0.00 C   -18.9   -30.0   -26.5    91.3    74.1    82.3 -99.000 -99.000 -99.000 -99.000 -99.000 -9999.0 -9999.0 -9999.0 -9999.0 -9999.0
56401 20141219  2.515 -145.50   63.03   -13.2   -25.1   -19.2   -18.8     0.0     0.00 C   -13.1   -28.9   -21.0    88.3    76.6    83.9 -99.000 -99.000 -99.000 -99.000 -99.000 -9999.0 -9999.0 -9999.0 -9999.0 -9999.0
56401 20141220  2.515 -145.50   63.03   -12.6   -22.8   -17.7   -19.0     0.0     0.00 C   -12.8   -27.7   -22.1    89.0    80.5    83.7 -99.000 -99.000 -99.000 -99.000 -99.000 -9999.0 -9999.0 -9999.0 -9999.0 -9999.0
56401 20141221  2.515 -145.50   63.03    -9.3   -18.2   -13.7   -14.1     0.0     0.00 C    -9.7   -21.7   -14.9    91.7    83.8    87.4 -99.000 -99.000 -99.000 -99.000 -99.000 -9999.0 -9999.0 -9999.0 -9999.0 -9999.0
56401 20141222  2.515 -145.50   63.03    -6.1   -13.7    -9.9    -9.9     0.0     0.01 C    -6.9   -17.5   -11.3    94.4    87.2    90.9 -99.000 -99.000 -99.000 -99.000 -99.000 -9999.0 -9999.0 -9999.0 -9999.0 -9999.0
56401 20141223  2.515 -145.50   63.03    -9.5   -16.9   -13.2   -13.6     0.0     0.00 C   -11.3   -21.5   -16.1    91.8    84.7    87.9 -99.000 -99.000 -99.000 -99.000 -99.000 -9999.0 -9999.0 -9999.0 -9999.0 -9999.0
56401 20141224  2.515 -145.50   63.03   -10.0   -17.4   -13.7   -14.0     0.0     0.00 C   -11.1   -21.5   -15.2    91.4    84.0    87.5 -99.000 -99.000 -99.000 -99.000 -99.000 -9999.0 -9999.0 -9999.0 -9999.0 -9999.0
56401 20141225  2.515 -145.50   63.03    -5.7   -11.0    -8.4    -8.1     0.2     0.00 C    -6.2   -17.2    -9.8    94.5    88.6    92.3 -99.000 -99.000 -99.000 -99.000 -99.000 -9999.0 -9999.0 -9999.0 -9999.0 -9999.0
56401 20141226  2.515 -145.50   63.03    -9.1   -19.2   -14.2   -14.4     0.0     0.00 C   -11.0   -23.5   -16.5    92.1    83.0    87.3 -99.000 -99.000 -99.000 -99.000 -99.000 -9999.0 -9999.0 -9999.0 -9999.0 -9999.0
56401 20141227  2.515 -145.50   63.03   -13.4   -22.6   -18.0   -17.1     0.0     0.00 C   -13.9   -26.3   -19.3    88.0    79.3    85.0 -99.000 -99.000 -99.000 -99.000 -99.000 -9999.0 -9999.0 -9999.0 -9999.0 -9999.0
56401 20141228  2.515 -145.50   63.03    -9.9   -23.4   -16.7   -17.4     0.0     0.00 C   -11.7   -26.9   -18.3    91.8    79.7    84.8 -99.000 -99.000 -99.000 -99.000 -99.000 -9999.0 -9999.0 -9999.0 -9999.0 -9999.0
56401 20141229  2.515 -145.50   63.03    -4.9   -11.0    -8.0    -7.1     0.0     0.00 C    -6.3   -12.3    -8.4    94.1    76.4    90.2 -99.000 -99.000 -99.000 -99.000 -99.000 -9999.0 -9999.0 -9999.0 -9999.0 -9999.0
56401 20141230  2.515 -145.50   63.03     0.7    -6.6    -2.9    -2.8     0.0     0.00 C    -0.3    -9.3    -4.4    96.4    77.9    91.1 -99.000 -99.000 -99.000 -99.000 -99.000 -9999.0 -9999.0 -9999.0 -9999.0 -9999.0
56401 20141231  2.515 -145.50   63.03     0.4    -4.3    -2.0    -2.4     0.0     0.00 C    -0.7    -6.1    -4.4    97.3    83.4    92.9 -99.000 -99.000 -99.000 -99.000 -99.000 -9999.0 -9999.0 -9999.0 -9999.0 -9999.0
