53182 20140101  2.422 -101.61   36.57     8.3    -8.3     0.0     0.0     0.0     9.22 C    16.7    -9.3    -0.8    88.4    35.4    61.7   0.122   0.166   0.156   0.151   0.169     1.1     1.7     2.4     4.5     6.7
53182 20140102  2.422 -101.61   36.57    10.8   -10.1     0.4    -1.2     0.0    11.78 C    15.6   -11.0    -2.6    89.0    30.5    67.3   0.125   0.165   0.155   0.150   0.167     0.5     1.6     2.4     4.5     6.6
53182 20140103  2.422 -101.61   36.57    15.7    -3.5     6.1     4.7     0.0    10.74 C    22.0    -6.8     2.0    77.8    17.6    48.3   0.125   0.166   0.149   0.151   0.167     1.2     1.8     2.4     4.4     6.5
53182 20140104  2.422 -101.61   36.57     7.1    -6.8     0.2     0.2     1.2     4.47 C     7.8    -7.0    -0.6    89.1    32.4    63.3   0.123   0.167   0.168   0.151   0.168     1.8     2.4     2.8     4.4     6.4
53182 20140105  2.422 -101.61   36.57    -6.8   -14.1   -10.5   -10.5     0.0    12.26 C    -4.0   -16.7   -10.8    85.0    52.2    71.0   0.125   0.166   0.168   0.150   0.170     0.9     2.0     2.7     4.5     6.4
53182 20140106  2.422 -101.61   36.57    -1.3   -18.9   -10.1    -9.8     0.0    12.34 C     2.5   -19.7   -10.4    83.0    52.1    70.5 -99.000   0.164   0.160   0.150   0.170    -0.3     1.2     2.2     4.3     6.3
53182 20140107  2.422 -101.61   36.57    12.1    -7.5     2.3     1.3     0.0    11.33 C    16.2   -10.2    -1.2    66.8    28.4    47.4 -99.000 -99.000   0.142   0.150   0.168    -0.7     0.5     1.6     4.0     6.3
53182 20140108  2.422 -101.61   36.57     2.0    -4.7    -1.4    -1.8     0.0     7.18 C     8.3    -7.0    -1.9    87.5    45.3    72.5 -99.000   0.165   0.159   0.149   0.166     0.2     1.0     1.7     3.8     6.1
53182 20140109  2.422 -101.61   36.57    11.2    -9.1     1.0     0.4     0.0    11.68 C    15.7   -10.7    -1.1    90.3    28.9    65.1 -99.000   0.165   0.147   0.149   0.167     0.1     1.0     1.7     3.7     6.0
53182 20140110  2.422 -101.61   36.57    11.7    -2.5     4.6     5.0     0.0    11.94 C    18.7    -6.1     2.3    58.4    10.0    32.3   0.125   0.165   0.140   0.149   0.166     1.3     1.6     2.0     3.7     5.9
53182 20140111  2.422 -101.61   36.57    14.5    -4.3     5.1     4.8     0.0    12.43 C    23.3    -7.4     2.4    61.0    16.1    36.1   0.125   0.166   0.151   0.149   0.166     1.8     2.2     2.5     3.9     5.8
53182 20140112  2.422 -101.61   36.57    18.7     2.2    10.5     8.7     0.0     7.94 C    20.4    -2.5     5.4    57.4    14.9    36.0   0.126   0.168   0.150   0.149   0.167     3.3     3.3     3.1     4.1     5.8
53182 20140113  2.422 -101.61   36.57    13.4    -6.3     3.5     3.5     0.0    12.76 C    21.1   -10.1     0.9    62.9    10.3    31.6   0.126   0.169   0.154   0.150   0.166     3.0     3.5     3.7     4.5     5.9
53182 20140114  2.422 -101.61   36.57     7.8    -3.2     2.3     3.3     0.0    10.06 C    17.7    -6.0     1.8    59.8    31.5    40.9   0.125   0.169   0.157   0.150   0.165     2.7     3.3     3.6     4.7     6.0
53182 20140115  2.422 -101.61   36.57    14.1    -2.8     5.7     4.0     0.0    10.98 C    20.7    -5.0     2.9    64.4    19.7    42.4   0.126   0.169   0.155   0.150   0.167     3.0     3.4     3.6     4.8     6.1
53182 20140116  2.422 -101.61   36.57    11.3    -2.4     4.4     4.8     0.0    12.40 C    18.4    -7.1     3.5    62.6    20.1    36.3   0.127   0.170   0.155   0.151   0.168     3.2     3.7     3.8     4.9     6.1
53182 20140117  2.422 -101.61   36.57    13.9    -6.7     3.6     3.4     0.0    12.61 C    21.0    -9.6     1.2    63.7    14.8    36.0   0.127   0.170   0.155   0.150   0.168     3.2     3.8     4.0     5.0     6.2
53182 20140118  2.422 -101.61   36.57    16.0    -3.6     6.2     5.7     0.0    12.93 C    22.2    -7.4     3.2    59.5    11.5    31.7   0.127   0.170   0.153   0.150   0.166     3.3     3.8     3.9     5.1     6.3
53182 20140119  2.422 -101.61   36.57    20.8    -2.0     9.4     8.3     0.0    13.51 C    28.7    -6.3     4.6    47.0     8.1    25.5   0.128   0.171   0.150   0.151   0.165     3.9     4.2     4.2     5.1     6.3
53182 20140120  2.422 -101.61   36.57    12.4    -1.6     5.4     5.4     0.0    13.37 C    21.7    -5.2     3.6    45.4    17.9    29.7   0.129   0.172   0.154   0.152   0.166     4.2     4.6     4.6     5.4     6.4
53182 20140121  2.422 -101.61   36.57    20.1    -8.2     6.0     4.5     0.0    13.57 C    25.3   -11.2     1.8    69.9     4.8    36.2   0.128   0.171   0.154   0.151   0.169     3.4     4.1     4.4     5.5     6.4
53182 20140122  2.422 -101.61   36.57     8.8    -6.8     1.0     1.0     0.0    10.15 C    22.6    -9.5     1.3    66.7    31.1    46.8   0.127   0.170   0.157   0.151   0.170     3.1     3.8     4.3     5.4     6.5
53182 20140123  2.422 -101.61   36.57    -1.1   -18.1    -9.6   -11.8     2.1     6.99 C    -1.1   -21.0   -11.8    80.5    37.1    66.6   0.127   0.169   0.168   0.151   0.169     1.6     3.0     3.9     5.4     6.5
53182 20140124  2.422 -101.61   36.57    13.9   -16.3    -1.2    -0.9     0.0    14.08 C    16.2   -19.7    -4.1    80.3    12.7    52.4   0.127   0.167   0.145   0.150   0.169     0.7     1.9     2.9     5.0     6.5
53182 20140125  2.422 -101.61   36.57    16.1    -0.6     7.7     7.1     0.0    13.69 C    26.6    -5.5     4.7    62.4    23.0    42.1   0.127   0.168   0.148   0.150   0.169     2.8     3.1     3.2     4.7     6.4
53182 20140126  2.422 -101.61   36.57    14.7    -3.1     5.8     6.5     0.0    13.94 C    26.9    -5.5     5.7    68.3    24.0    44.1   0.129   0.171   0.150   0.150   0.165     4.0     4.2     4.0     4.9     6.3
53182 20140127  2.422 -101.61   36.57    -3.1   -10.1    -6.6    -6.9     0.0     5.15 C     5.5   -10.2    -3.7    57.9    29.6    36.6   0.127   0.169   0.168   0.150   0.164     2.4     3.5     4.1     5.2     6.3
53182 20140128  2.422 -101.61   36.57     0.0   -14.9    -7.5    -7.3     1.5    14.64 C    12.2   -20.4    -6.5    86.7    36.3    64.1   0.128   0.167   0.152   0.150   0.164     0.8     2.1     3.1     5.0     6.3
53182 20140129  2.422 -101.61   36.57    12.3    -7.4     2.4     1.4     0.0    14.68 C    22.7   -11.5     0.5    51.3    11.5    30.1 -99.000   0.166   0.150   0.149   0.165     0.5     1.6     2.5     4.5     6.2
53182 20140130  2.422 -101.61   36.57    12.9    -1.0     5.9     7.2     0.0    10.17 C    22.6    -2.5     6.4    70.5    23.9    38.8   0.127   0.168   0.152   0.148   0.168     3.2     3.2     3.0     4.4     6.1
53182 20140131  2.422 -101.61   36.57    -0.6    -6.3    -3.4    -3.9     0.0     8.90 C    15.0    -7.2    -0.5    82.7    57.6    71.4   0.127   0.170   0.164   0.148   0.167     2.8     3.5     3.7     4.7     6.0
53182 20140201  2.422 -101.61   36.57     1.2    -9.5    -4.1    -4.1     0.0     5.60 C    13.0   -10.8    -1.9    89.4    57.7    73.9   0.127   0.168   0.167   0.149   0.168     1.7     2.6     3.2     4.7     6.1
53182 20140202  2.422 -101.61   36.57     1.6   -10.3    -4.4    -5.4     0.0    14.27 C    20.8   -11.7    -0.7    78.8    36.2    57.3   0.127   0.167   0.157   0.149   0.165     1.6     2.3     2.9     4.5     6.0
53182 20140203  2.422 -101.61   36.57     7.6    -8.2    -0.3    -0.4     0.0     9.80 C    19.2   -11.3     1.3    76.8    47.0    65.7   0.128   0.167   0.158   0.149   0.165     1.6     2.3     2.8     4.4     6.0
53182 20140204  2.422 -101.61   36.57    -1.7   -13.5    -7.6    -4.9     2.6     6.20 C    -0.7   -14.8    -4.5    94.4    72.7    85.1   0.126   0.168   0.166   0.148   0.166     1.8     2.6     3.0     4.4     5.9
53182 20140205  2.422 -101.61   36.57   -13.4   -17.6   -15.5   -15.6     0.6     8.37 C    -9.9   -17.2   -13.6    78.2    65.6    71.4 -99.000   0.166   0.165   0.149   0.167     0.0     1.4     2.5     4.3     5.9
53182 20140206  2.422 -101.61   36.57   -12.6   -17.5   -15.1   -15.0     0.5     9.21 C    -9.2   -15.8   -12.9    82.5    71.8    76.9 -99.000   0.192   0.163   0.148   0.168    -1.0     0.5     1.6     3.8     5.7
53182 20140207  2.422 -101.61   36.57     0.1   -14.2    -7.1    -8.7     0.0    14.85 C     2.6   -13.7    -7.6    90.3    70.7    81.5 -99.000 -99.000   0.151   0.147   0.167    -0.9     0.2     1.2     3.4     5.6
53182 20140208  2.422 -101.61   36.57    11.5   -12.1    -0.3    -0.5     0.0    15.20 C    20.0   -11.8     0.5    94.4    38.8    75.0 -99.000 -99.000   0.144   0.146   0.166     0.1     0.5     1.1     3.1     5.3
53182 20140209  2.422 -101.61   36.57     1.0    -9.0    -4.0    -6.3     0.0     2.01 C    -1.6    -7.4    -4.5    93.3    72.8    90.1 -99.000   0.166   0.164   0.146   0.166     0.4     1.1     1.6     3.2     5.2
53182 20140210  2.422 -101.61   36.57    -7.8   -10.7    -9.3    -9.2     0.3     4.48 C    -0.2    -8.8    -6.0    89.2    85.4    87.4 -99.000 -99.000   0.161   0.146   0.164    -1.0     0.2     1.2     3.2     5.1
53182 20140211  2.422 -101.61   36.57     7.0   -12.9    -2.9    -3.6     0.0    16.05 C    19.5   -14.1    -1.1    89.2    44.2    70.9 -99.000 -99.000   0.135   0.145   0.165    -1.1    -0.3     0.7     2.9     5.0
53182 20140212  2.422 -101.61   36.57     9.2    -5.2     2.0     1.7     0.0    14.41 C    28.2    -7.3     2.9    85.1    24.0    59.4 -99.000 -99.000   0.138   0.144   0.163     1.0     1.0     1.2     2.7     4.8
53182 20140213  2.422 -101.61   36.57    18.2    -1.9     8.2     8.7     0.0    16.34 C    33.7    -6.3     8.6    69.0    21.7    41.8   0.129   0.168   0.147   0.145   0.166     3.4     2.7     2.2     3.0     4.7
53182 20140214  2.422 -101.61   36.57    13.1     0.4     6.7     7.2     0.0    16.68 C    27.1    -4.5     7.3    72.3    18.2    39.5   0.131   0.172   0.154   0.146   0.167     5.3     4.7     3.8     3.7     4.7
53182 20140215  2.422 -101.61   36.57    26.6     0.2    13.4     9.7     0.0    14.74 C    35.3    -3.8     9.3    77.6     8.6    43.1   0.132   0.172   0.152   0.148   0.165     5.7     5.2     4.4     4.4     4.9
53182 20140216  2.422 -101.61   36.57    20.4    -2.2     9.1     8.0     0.0    14.18 C    30.2    -4.6     8.3    87.8    18.9    53.3   0.133   0.174   0.153   0.149   0.165     6.0     5.9     5.1     4.9     5.2
53182 20140217  2.422 -101.61   36.57    17.0    -0.7     8.1     9.5     0.0    17.92 C    36.7    -5.8    10.9    63.0     6.7    26.3   0.135   0.176   0.156   0.150   0.165     7.4     6.8     5.8     5.4     5.5
53182 20140218  2.422 -101.61   36.57    25.3     2.1    13.7    13.4     0.0    17.69 C    39.2    -1.1    13.5    44.0     2.5    18.8   0.137   0.177   0.156   0.150   0.168     8.3     7.7     6.5     5.9     5.8
53182 20140219  2.422 -101.61   36.57    19.3     0.8    10.0     9.1     0.0    16.08 C    34.1    -2.5    10.9    53.5    13.6    32.9   0.137   0.178   0.159   0.151   0.167     8.2     8.0     7.1     6.5     6.1
53182 20140220  2.422 -101.61   36.57    13.2    -3.3     5.0     4.1     0.0    15.86 C    22.4    -8.7     4.6    89.6    10.2    39.7   0.136   0.177   0.174   0.152   0.167     7.7     7.9     7.3     6.9     6.4
53182 20140221  2.422 -101.61   36.57    14.9    -8.3     3.3     3.8     0.0    15.63 C    33.5   -10.9     4.4    60.7     8.5    26.8   0.133   0.175   0.159   0.152   0.169     5.5     6.0     6.3     7.0     6.7
53182 20140222  2.422 -101.61   36.57    16.0    -3.1     6.4     5.9     0.0    17.80 C    36.5    -6.9     8.0    41.7    13.5    27.9   0.135   0.175   0.159   0.151   0.168     6.5     6.4     6.2     6.8     7.0
53182 20140223  2.422 -101.61   36.57     7.2    -7.1     0.1     0.2     0.0    16.48 C    28.9    -7.9     5.4    88.7    35.2    61.0   0.136   0.176   0.162   0.152   0.170     6.8     6.9     6.6     6.9     7.0
53182 20140224  2.422 -101.61   36.57    18.9   -11.1     3.9     1.9     0.0    18.35 C    35.4   -11.0     6.0    93.9    16.6    58.3   0.135   0.175   0.159   0.153   0.168     6.0     6.3     6.3     7.0     7.1
53182 20140225  2.422 -101.61   36.57    -0.1    -8.9    -4.5    -4.2     0.0     5.61 C    11.0    -9.6    -1.1    89.6    49.7    68.3   0.132   0.175   0.171   0.153   0.169     4.9     5.8     6.2     7.0     7.2
53182 20140226  2.422 -101.61   36.57     8.2   -13.8    -2.8    -3.5     0.0    18.87 C    30.4   -14.9     2.4    80.3    29.3    53.7   0.132   0.172   0.156   0.152   0.168     4.0     4.6     5.2     6.6     7.2
53182 20140227  2.422 -101.61   36.57    19.0    -8.0     5.5     6.6     0.0    18.18 C    34.5   -11.0     8.9    77.8    17.2    43.0   0.133   0.174   0.147   0.151   0.168     5.3     5.4     5.3     6.3     7.2
53182 20140228  2.422 -101.61   36.57    21.8    -0.2    10.8    11.0     0.0    18.27 C    39.9    -1.8    13.4    65.5    15.9    41.8   0.138   0.178   0.154   0.151   0.169     8.6     7.9     6.7     6.6     7.1
53182 20140301  2.422 -101.61   36.57     1.0   -12.4    -5.7    -5.2     0.0     2.62 C     2.3   -10.4    -2.6    94.9    63.3    84.9   0.134   0.176   0.173   0.152   0.168     6.0     7.0     7.1     7.2     7.2
53182 20140302  2.422 -101.61   36.57   -12.4   -16.7   -14.6   -14.5     3.9     5.76 C    -9.5   -17.4   -11.9    84.4    73.7    78.8   0.131   0.170   0.168   0.152   0.171     1.6     3.5     5.1     6.9     7.3
53182 20140303  2.422 -101.61   36.57     7.5   -19.0    -5.7    -6.6     0.0    16.81 C    13.0   -19.0    -6.4    84.2    49.8    72.0 -99.000   0.167   0.156   0.150   0.171     0.1     1.9     3.4     6.0     7.3
53182 20140304  2.422 -101.61   36.57    20.1    -4.8     7.7     7.1     0.0    16.63 C    33.4    -7.5     8.2    91.3    19.0    54.8   0.132   0.170   0.149   0.149   0.169     3.7     3.6     3.5     5.3     7.0
53182 20140305  2.422 -101.61   36.57     9.5    -2.7     3.4     2.9     0.6     9.98 C    21.6    -5.1     4.0    94.0    42.0    73.6   0.132   0.174   0.161   0.149   0.168     5.4     5.5     5.1     5.6     6.7
53182 20140306  2.422 -101.61   36.57    21.7    -3.3     9.2     8.9     0.0    19.81 C    35.8    -6.0    10.1    92.7    12.4    50.5   0.133   0.174   0.153   0.149   0.168     5.8     5.7     5.2     5.8     6.6
53182 20140307  2.422 -101.61   36.57    16.7     1.9     9.3     9.3     0.0    16.29 C    31.7     2.0    11.5    72.7    28.4    44.8   0.136   0.177   0.158   0.150   0.168     8.1     7.6     6.5     6.2     6.7
53182 20140308  2.422 -101.61   36.57     8.4    -3.3     2.5     1.1     0.2    14.10 C    27.5    -5.7     4.6    85.5    44.1    70.7   0.134   0.177   0.171   0.151   0.168     7.0     7.3     6.9     6.8     6.9
53182 20140309  2.422 -101.61   36.57    21.0    -4.0     8.5     8.0     0.0    21.42 C    39.4    -6.8    10.6    86.7     7.6    42.4   0.135   0.176   0.155   0.152   0.169     7.1     7.0     6.6     6.9     7.1
53182 20140310  2.422 -101.61   36.57    26.7     0.6    13.6    13.4     0.0    21.97 C    49.8    -3.3    16.0    34.6     2.8    16.1   0.139   0.179   0.150   0.152   0.168     9.4     8.7     7.5     7.2     7.2
53182 20140311  2.422 -101.61   36.57    19.4     1.6    10.5    10.0     0.0    18.44 C    33.2    -1.1    11.6    70.2    12.3    35.0   0.140   0.181   0.163   0.152   0.171    10.0     9.8     8.7     7.8     7.4
53182 20140312  2.422 -101.61   36.57    12.1    -3.0     4.5     4.3     0.0    21.96 C    37.1    -6.1     8.4    77.7    11.7    40.2   0.138   0.180   0.165   0.154   0.168     8.9     9.1     8.6     8.2     7.6
53182 20140313  2.422 -101.61   36.57    21.4    -1.6     9.9    10.1     0.0    20.71 C    37.2    -6.0    11.4    43.7     8.5    24.2   0.137   0.179   0.159   0.154   0.170     8.6     8.7     8.3     8.3     7.9
53182 20140314  2.422 -101.61   36.57    17.7     5.2    11.5    11.5     0.0    20.92 C    39.9    -0.3    14.6    38.6    13.9    25.5   0.141   0.182   0.159   0.155   0.169    10.8    10.2     9.1     8.5     8.1
53182 20140315  2.422 -101.61   36.57    19.8     0.7    10.3     9.7     0.0    10.35 C    44.1    -3.1    10.4    67.4    18.3    37.2   0.140   0.182   0.164   0.153   0.171    10.0    10.1     9.5     8.9     8.3
53182 20140316  2.422 -101.61   36.57    10.0    -1.4     4.3     3.6     0.0    17.35 C    29.3    -4.4     6.7    74.9    23.4    50.7   0.139   0.181   0.175   0.155   0.171     9.2     9.7     9.3     9.2     8.5
53182 20140317  2.422 -101.61   36.57    23.6    -2.2    10.7    11.6     0.0    16.89 C    34.7    -5.5    12.0    52.2     7.7    25.3   0.138   0.179   0.158   0.154   0.171     9.0     9.2     8.9     9.1     8.6
53182 20140318  2.422 -101.61   36.57    14.4    -2.4     6.0     7.4     0.0    15.75 C    30.0    -4.8     8.5    68.5    13.1    33.9   0.139   0.182   0.171   0.155   0.170     9.8    10.0     9.4     9.2     8.7
53182 20140319  2.422 -101.61   36.57    14.8    -4.4     5.2     4.8     0.0    22.30 C    41.1    -7.3    10.4    74.9    11.6    40.2   0.137   0.180   0.161   0.155   0.173     9.1     9.3     9.0     9.2     8.8
53182 20140320  2.422 -101.61   36.57    23.7    -0.3    11.7    11.7     0.0    23.31 C    47.2    -4.7    15.4    46.3     2.8    19.9   0.139   0.181   0.155   0.155   0.172    10.5    10.3     9.4     9.3     8.9
53182 20140321  2.422 -101.61   36.57    15.8     1.8     8.8    10.4     0.0    22.13 C    35.0    -1.1    13.7    47.1    11.3    24.6   0.140   0.183   0.164   0.156   0.171    11.9    11.8    10.4     9.6     9.0
53182 20140322  2.422 -101.61   36.57    12.5    -4.6     4.0     3.1     0.0    20.34 C    37.0    -5.9     9.3    85.8    24.7    50.7   0.137   0.182   0.168   0.157   0.173    10.7    11.0    10.5    10.0     9.2
53182 20140323  2.422 -101.61   36.57    11.7    -5.7     3.0     1.5     0.0    19.33 C    36.2    -5.4     9.0    81.5    26.4    53.9   0.136   0.181   0.169   0.157   0.173     9.9    10.4    10.1    10.1     9.4
53182 20140324  2.422 -101.61   36.57    11.6    -0.4     5.6     5.0     0.0    23.07 C    29.9    -5.5     8.5    67.4    24.3    41.6   0.134   0.180   0.169   0.157   0.170    10.0    10.4    10.0    10.0     9.5
53182 20140325  2.422 -101.61   36.57    16.7    -4.7     6.0     6.3     0.0    22.99 C    37.8    -7.1    11.0    68.2    14.6    37.6   0.133   0.179   0.161   0.157   0.172     9.8    10.2     9.8    10.0     9.6
53182 20140326  2.422 -101.61   36.57    24.9     4.1    14.5    12.9     0.0    16.00 C    36.9     0.5    14.3    69.7    12.8    37.4   0.134   0.180   0.160   0.157   0.173    11.0    11.0    10.2    10.0     9.6
53182 20140327  2.422 -101.61   36.57    20.3     2.9    11.6    13.3     0.0    19.61 C    45.1     0.8    16.3    60.3    19.4    34.3   0.135   0.182   0.165   0.157   0.173    12.8    12.4    11.1    10.3     9.7
53182 20140328  2.422 -101.61   36.57    14.8     0.2     7.5     7.2     0.0    20.75 C    41.7    -1.9    12.2    80.0    26.8    49.7   0.133   0.181   0.167   0.158   0.172    12.2    12.2    11.4    10.7     9.8
53182 20140329  2.422 -101.61   36.57    21.4    -1.8     9.8    10.7     0.0    23.70 C    43.0    -4.6    15.2    61.5    11.8    32.5   0.131   0.181   0.161   0.158   0.173    12.3    12.1    11.4    11.0    10.0
53182 20140330  2.422 -101.61   36.57    27.6     9.2    18.4    18.1     0.0    17.05 C    42.4     5.2    18.6    37.7     9.1    24.2   0.132   0.182   0.157   0.158   0.174    13.6    13.2    12.0    11.2    10.2
53182 20140331  2.422 -101.61   36.57    22.6     5.8    14.2    15.4     0.0    24.31 C    44.3     2.1    18.7    40.0     3.1    15.6   0.132   0.183   0.168   0.159   0.174    14.8    14.2    12.8    11.6    10.4
53182 20140401  2.422 -101.61   36.57    20.3    -4.0     8.1     8.6     0.0    24.32 C    41.3    -5.0    15.2    70.2    15.1    41.0   0.129   0.180   0.163   0.159   0.173    13.8    13.8    12.9    12.0    10.6
53182 20140402  2.422 -101.61   36.57    28.5    -0.6    13.9    14.7     0.0    24.67 C    51.2    -1.7    19.4    91.0     2.6    33.8   0.129   0.181   0.160   0.161   0.175    15.1    14.5    13.3    12.2    10.9
53182 20140403  2.422 -101.61   36.57    12.6    -2.1     5.3     5.0     0.0    15.57 C    39.6    -3.8    10.4    89.9    42.7    69.4   0.125   0.180   0.180   0.161   0.173    13.8    14.2    13.5    12.6    11.1
53182 20140404  2.422 -101.61   36.57    17.9    -1.3     8.3     8.0     0.0    23.24 C    48.5    -3.9    14.6    83.3    15.0    40.9   0.122   0.177   0.165   0.161   0.176    12.8    13.1    12.7    12.5    11.3
53182 20140405  2.422 -101.61   36.57    14.5     3.7     9.1     8.1     0.0    10.37 C    24.4     0.3     9.6    77.0    22.4    48.4   0.120   0.176   0.177   0.161   0.176    12.2    12.9    12.7    12.5    11.4
53182 20140406  2.422 -101.61   36.57    16.3     4.1    10.2     9.0     2.3    18.62 C    49.9     4.3    16.8    91.7    28.4    61.7   0.120   0.176   0.163   0.160   0.175    13.3    13.2    12.4    12.3    11.5
53182 20140407  2.422 -101.61   36.57    16.5     1.9     9.2     8.8     0.0    20.66 C    31.8    -1.1    10.3    92.8    21.2    53.9   0.118   0.175   0.172   0.161   0.176    12.6    13.1    12.7    12.4    11.5
53182 20140408  2.422 -101.61   36.57    22.2    -0.5    10.9    11.9     0.0    25.71 C    43.8    -3.3    15.5    70.4    14.6    37.1   0.117   0.173   0.158   0.160   0.176    12.6    12.8    12.2    12.3    11.6
53182 20140409  2.422 -101.61   36.57    30.0     4.0    17.0    17.9     0.0    25.68 C    57.3     0.6    22.3    53.9     6.6    23.2   0.121   0.175   0.153   0.160   0.176    15.2    14.5    13.0    12.3    11.6
53182 20140410  2.422 -101.61   36.57    22.9     9.1    16.0    16.3     0.0    24.12 C    46.8     6.3    20.9    51.7    13.1    28.6   0.122   0.176   0.158   0.162   0.175    16.6    15.8    14.3    12.9    11.7
53182 20140411  2.422 -101.61   36.57    27.9     3.4    15.6    16.5     0.0    24.94 C    54.7     0.6    22.5    65.8    12.4    34.4   0.122   0.176   0.150   0.162   0.176    17.1    16.4    14.9    13.5    11.9
53182 20140412  2.422 -101.61   36.57    32.7     8.4    20.5    22.2     0.0    25.39 C    55.3     4.3    25.3    39.9     3.2    16.2   0.123   0.176   0.153   0.163   0.176    18.6    17.7    15.8    14.0    12.2
53182 20140413  2.422 -101.61   36.57    18.9    -2.8     8.0     9.1     2.5    17.79 C    34.7    -2.5    13.4    91.5    20.8    51.6   0.119   0.175   0.159   0.163   0.176    17.4    17.5    16.4    14.6    12.5
53182 20140414  2.422 -101.61   36.57     5.8    -3.6     1.1     0.1     1.1    24.40 C    15.0    -5.2     1.5    91.0    34.8    63.9   0.133   0.173   0.175   0.163   0.178    11.6    13.1    14.4    14.6    12.9
53182 20140415  2.422 -101.61   36.57    20.4    -3.8     8.3     8.8     0.0    26.33 C    34.0    -5.7    10.8    78.5    10.3    37.8   0.149   0.209   0.157   0.162   0.176    10.4    10.7    11.9    13.6    13.0
53182 20140416  2.422 -101.61   36.57    20.0     3.3    11.7    12.6     0.0    22.02 C    41.3    -1.3    15.3    51.0    18.0    28.4   0.147   0.211   0.157   0.161   0.178    12.9    12.6    12.4    13.0    12.8
53182 20140417  2.422 -101.61   36.57    12.2     2.4     7.3     6.8     6.1    13.81 C    22.2     0.5     8.3    93.3    43.7    69.6   0.146   0.210   0.171   0.161   0.175    12.4    12.7    12.7    13.1    12.6
53182 20140418  2.422 -101.61   36.57    23.8     1.4    12.6    12.6     0.0    25.93 C    38.6    -0.7    15.8    89.7    27.8    59.0   0.147   0.210   0.155   0.161   0.174    12.7    12.5    12.2    12.8    12.6
53182 20140419  2.422 -101.61   36.57    27.2    10.3    18.7    17.4     0.0    17.16 C    46.5     6.7    19.1    70.8    24.1    51.1   0.150   0.212   0.159   0.161   0.177    15.2    14.7    13.4    13.0    12.4
53182 20140420  2.422 -101.61   36.57 -9999.0 -9999.0 -9999.0 -9999.0 -9999.0 -9999.00 U -9999.0 -9999.0 -9999.0 -9999.0 -9999.0 -9999.0 -99.000 -99.000 -99.000 -99.000 -99.000 -9999.0 -9999.0 -9999.0 -9999.0 -9999.0
53182 20140421  2.422 -101.61   36.57    24.6     9.9    17.2    17.2     0.0    25.63 C    46.9     8.1    22.3    95.2    32.5    58.5   0.150   0.197   0.141   0.163   0.175    17.7    17.3    15.2    13.9    12.7
53182 20140422  2.422 -101.61   36.57    28.8     9.8    19.3    19.4     0.0    26.11 C    46.8     6.8    23.3    71.8    20.2    39.9   0.151   0.197   0.143   0.162   0.177    18.4    18.0    16.0    14.5    12.9
53182 20140423  2.422 -101.61   36.57    31.3    16.1    23.7    22.5     0.0    24.03 C    45.3    12.8    24.7    57.0     5.0    29.3   0.153   0.198   0.144   0.164   0.177    19.5    19.1    16.9    15.0    13.1
53182 20140424  2.422 -101.61   36.57    21.4     6.8    14.1    14.3     1.1    26.68 C    40.8     4.4    18.3    84.3    11.2    34.7   0.151   0.195   0.144   0.165   0.178    18.7    18.6    17.2    15.6    13.5
53182 20140425  2.422 -101.61   36.57    30.3     6.3    18.3    19.1     0.0    24.71 C    51.8     2.5    21.8    44.5     4.4    19.8   0.148   0.193   0.143   0.166   0.179    18.1    18.0    16.8    15.7    13.8
53182 20140426  2.422 -101.61   36.57    32.4    13.2    22.8    23.1     0.0    24.96 C    48.5     7.7    24.6    44.2     3.8    15.1   0.149   0.193   0.144   0.165   0.177    19.3    19.1    17.3    15.9    14.0
53182 20140427  2.422 -101.61   36.57    20.9     8.3    14.6    14.0     0.0    21.42 C    40.5     5.4    17.1    57.1    19.3    33.9   0.145   0.189   0.145   0.166   0.180    18.4    18.6    17.6    16.3    14.2
53182 20140428  2.422 -101.61   36.57    18.9     4.7    11.8    12.0     0.0    17.76 C    46.2     2.0    16.1    69.4    13.3    38.9   0.141   0.184   0.143   0.166   0.179    16.7    17.1    16.7    16.2    14.4
53182 20140429  2.422 -101.61   36.57    14.8     4.5     9.6     9.4     0.0    17.08 C    27.9     1.9    11.6    61.2    23.2    41.5   0.137   0.180   0.142   0.166   0.181    15.2    15.9    16.0    16.0    14.5
53182 20140430  2.422 -101.61   36.57    16.2     2.2     9.2     8.8     0.0    27.38 C    38.5    -0.5    14.4    73.4    17.2    39.9   0.135   0.177   0.140   0.165   0.183    14.8    15.3    15.1    15.5    14.6
53182 20140501  2.422 -101.61   36.57    18.5    -0.1     9.2    10.1     0.0    24.84 C    39.5    -2.0    14.5    64.2    10.0    31.6   0.134   0.175   0.140   0.164   0.182    15.3    15.7    15.2    15.3    14.5
53182 20140502  2.422 -101.61   36.57    25.1     0.0    12.5    13.8     0.0    29.22 C    52.9    -2.1    20.9    48.3     8.9    23.6   0.134   0.174   0.140   0.165   0.179    16.8    16.7    15.4    15.2    14.4
53182 20140503  2.422 -101.61   36.57    32.8     8.1    20.5    21.9     0.0    29.21 C    56.1     4.9    26.5    36.3     5.4    15.5   0.135   0.175   0.142   0.165   0.178    19.6    19.1    16.8    15.5    14.4
53182 20140504  2.422 -101.61   36.57    36.4    13.2    24.8    25.4     0.0    29.30 C    57.2     9.2    29.0    24.2     2.8    10.9   0.133   0.174   0.143   0.165   0.181    21.5    20.9    18.2    16.3    14.5
53182 20140505  2.422 -101.61   36.57    33.6    12.6    23.1    24.1     0.0    29.15 C    57.3     8.8    29.1    40.0     6.2    15.6   0.131   0.173   0.144   0.167   0.179    22.7    22.1    19.2    17.0    14.8
53182 20140506  2.422 -101.61   36.57    33.7    11.8    22.7    23.4     0.0    29.39 C    55.3     7.8    27.1    25.1     2.5    10.8   0.129   0.171   0.145   0.167   0.181    22.9    22.5    20.1    17.8    15.1
53182 20140507  2.422 -101.61   36.57    32.7    12.5    22.6    23.2     0.0    28.50 C    52.2     8.4    26.9    21.9     5.4    12.2   0.126   0.169   0.144   0.169   0.181    22.6    22.3    20.2    18.2    15.6
53182 20140508  2.422 -101.61   36.57    25.0     9.5    17.2    17.8     0.0    26.98 C    55.9     7.5    25.9    57.5     5.5    26.3   0.124   0.168   0.143   0.169   0.183    23.0    22.6    20.5    18.6    15.9
53182 20140509  2.422 -101.61   36.57    26.8     4.8    15.8    16.4     0.0    26.17 C    48.7     3.8    22.4    77.8     6.3    36.0   0.120   0.164   0.141   0.169   0.182    21.8    21.8    20.4    18.9    16.2
53182 20140510  2.422 -101.61   36.57    32.4     6.8    19.6    21.0     0.0    29.73 C    57.6     4.3    27.4    39.4     5.4    17.6   0.119   0.165   0.140   0.168   0.184    22.5    22.2    20.3    18.9    16.5
53182 20140511  2.422 -101.61   36.57    34.6     7.1    20.8    21.5     0.0    28.62 C    57.9     9.0    27.4    73.0     4.5    24.7   0.119   0.166   0.141   0.168   0.182    23.8    23.4    21.1    19.2    16.7
53182 20140512  2.422 -101.61   36.57    14.4     5.1     9.8     9.2     0.0    25.12 C    33.9     3.2    15.4    73.3    30.0    49.9   0.113   0.161   0.139   0.168   0.184    20.6    21.1    20.7    19.5    17.0
53182 20140513  2.422 -101.61   36.57    15.4     3.5     9.4     9.0     0.0    23.33 C    38.1     1.6    14.2    57.0    18.1    34.8   0.108   0.157   0.136   0.167   0.187    18.4    18.9    19.1    19.1    17.2
53182 20140514  2.422 -101.61   36.57    20.2     1.1    10.7    11.0     0.0    27.16 C    47.0    -0.9    17.6    52.8    11.5    30.3   0.107   0.156   0.134   0.166   0.185    18.4    18.7    18.4    18.5    17.1
53182 20140515  2.422 -101.61   36.57    22.8     4.7    13.8    14.2     0.0    26.03 C    53.0     2.5    21.9    55.4    15.9    32.9   0.108   0.157   0.133   0.164   0.187    19.8    19.7    18.6    18.3    17.1
53182 20140516  2.422 -101.61   36.57    30.4     7.5    18.9    18.8     0.0    27.20 C    58.5     4.8    25.0    51.7     8.0    28.5   0.108   0.158   0.133   0.164   0.187    21.2    20.9    19.3    18.4    17.0
53182 20140517  2.422 -101.61   36.57    25.5     9.2    17.3    17.4     0.0    28.03 C    52.4     8.6    26.6    64.2    22.6    42.5   0.109   0.159   0.134   0.165   0.187    22.7    22.3    20.2    18.8    17.0
53182 20140518  2.422 -101.61   36.57    29.3     9.8    19.5    19.4     0.0    19.40 C    46.0     9.2    23.2    79.1    28.2    51.8   0.107   0.159   0.134   0.164   0.186    22.0    22.0    20.6    19.2    17.1
53182 20140519  2.422 -101.61   36.57    36.3    18.6    27.5    27.3     0.0    30.90 C    55.8    13.9    30.1    51.9     0.7    16.3   0.108   0.160   0.133   0.164   0.182    24.0    23.5    21.0    19.4    17.4
53182 20140520  2.422 -101.61   36.57    34.8    13.9    24.4    24.0     0.0    24.49 C    57.6    10.8    27.4    31.9     1.9    12.5   0.107   0.159   0.134   0.164   0.185    24.1    23.8    21.7    19.9    17.5
53182 20140521  2.422 -101.61   36.57    31.0    10.3    20.6    22.2     0.0    19.19 C    58.3     7.5    25.7    57.1     9.1    27.6   0.105   0.157   0.134   0.164   0.183    23.5    23.4    21.7    20.2    17.8
53182 20140522  2.422 -101.61   36.57    31.8    13.9    22.8    20.8    28.8    22.81 C    61.7    12.1    27.8    91.1    22.2    55.9   0.127   0.172   0.134   0.163   0.184    24.2    24.0    22.0    20.4    18.1
53182 20140523  2.422 -101.61   36.57    21.7    14.2    18.0    16.5     3.0    11.87 C    30.7    13.2    17.6    93.0    60.0    83.5   0.264   0.272   0.132   0.163   0.186    19.9    20.7    21.1    20.5    18.2
53182 20140524  2.422 -101.61   36.57    23.4    14.5    18.9    17.9     0.0    14.16 C    26.9    12.4    17.8    95.3    46.7    74.8   0.272   0.287   0.131   0.162   0.188    19.3    19.9    20.0    20.0    18.3
53182 20140525  2.422 -101.61   36.57    24.9    13.5    19.2    16.8    28.3    18.43 C    36.4    12.0    17.4    88.0    43.8    71.5   0.281   0.306   0.143   0.161   0.188    18.9    19.5    19.5    19.6    18.3
53182 20140526  2.422 -101.61   36.57    23.6    15.1    19.3    18.0     1.2    16.37 C    27.1    12.1    17.5    88.9    38.8    67.6   0.303   0.366   0.188   0.160   0.187    18.2    18.7    18.8    19.2    18.2
53182 20140527  2.422 -101.61   36.57    27.0    12.4    19.7    20.0     0.0    29.13 C    40.8    10.6    22.3    88.8    31.9    60.3   0.286   0.351   0.184   0.159   0.185    20.2    20.1    19.0    18.9    18.0
53182 20140528  2.422 -101.61   36.57    31.1    13.8    22.4    22.8     0.0    29.86 C    50.4    11.6    27.8    84.6    20.4    51.0   0.275   0.341   0.183   0.160   0.183    22.9    22.7    20.4    19.1    17.9
53182 20140529  2.422 -101.61   36.57    32.2    15.4    23.8    24.3     0.0    29.93 C    52.9    13.6    29.8    84.1    18.1    46.4   0.267   0.333   0.183   0.161   0.184    24.8    24.6    22.0    19.9    18.0
53182 20140530  2.422 -101.61   36.57    32.2    17.4    24.8    24.9     0.0    22.84 C    50.8    16.2    29.0    77.3    23.0    47.4   0.258   0.327   0.182   0.162   0.185    25.2    25.2    23.0    20.8    18.2
53182 20140531  2.422 -101.61   36.57    29.2    14.7    22.0    22.1    17.3    26.49 C    34.8    15.6    23.2    91.2    42.3    68.1   0.302   0.360   0.187   0.164   0.187    23.9    24.2    22.9    21.2    18.5
53182 20140601  2.422 -101.61   36.57    34.8    17.7    26.2    25.5     0.0    29.27 C    43.6    16.0    26.6    89.9    14.9    53.2   0.286   0.353   0.190   0.164   0.185    24.0    24.1    22.6    21.3    18.8
53182 20140602  2.422 -101.61   36.57    29.4    17.5    23.5    22.5     0.0    22.31 C    50.2    15.5    26.6    90.6    39.7    69.1   0.272   0.340   0.188   0.163   0.185    24.2    24.3    22.8    21.5    19.1
53182 20140603  2.422 -101.61   36.57    34.8    18.4    26.6    27.0     0.0    25.94 C    45.3    16.6    28.7    86.3    23.1    51.0   0.259   0.329   0.188   0.163   0.185    25.3    25.3    23.4    21.7    19.2
53182 20140604  2.422 -101.61   36.57    31.2    19.9    25.5    25.9     0.0    30.29 C    47.7    17.9    30.3    80.8    39.1    53.5   0.245   0.317   0.188   0.164   0.187    26.3    26.2    24.0    22.1    19.5
53182 20140605  2.422 -101.61   36.57    30.6    17.1    23.8    23.8     0.0    28.64 C    47.7    16.1    28.6    91.8    27.2    56.2   0.233   0.304   0.188   0.164   0.187    26.5    26.5    24.5    22.6    19.7
53182 20140606  2.422 -101.61   36.57    30.4    16.4    23.4    22.4    27.9    21.75 C    41.3    16.0    24.7    92.9    31.3    66.0   0.236   0.302   0.195   0.165   0.188    25.1    25.6    24.5    22.8    20.0
53182 20140607  2.422 -101.61   36.57    21.6    14.1    17.9    17.5     4.7    11.63 C    29.2    14.8    18.4    93.2    65.2    82.1   0.282   0.335   0.209   0.185   0.186    21.2    22.3    22.8    22.7    20.2
53182 20140608  2.422 -101.61   36.57    23.3    11.6    17.4    17.4     8.1    13.52 C    30.2    12.6    18.5    93.5    58.2    81.8   0.292   0.339   0.219   0.195   0.186    20.6    21.4    21.5    21.9    20.3
53182 20140609  2.422 -101.61   36.57    17.0    11.2    14.1    13.9     0.0    16.40 C    19.6     9.2    13.2    92.9    54.0    73.7   0.293   0.339   0.261   0.202   0.183    17.8    18.9    20.2    21.3    20.2
53182 20140610  2.422 -101.61   36.57    28.1     8.9    18.5    18.3     0.0    31.06 C    40.7     7.3    21.4    90.5    26.2    61.7   0.278   0.325   0.254   0.199   0.183    19.4    19.6    19.1    20.3    19.9
53182 20140611  2.422 -101.61   36.57    32.4    14.5    23.5    22.8     0.0    23.04 C    46.0    12.1    24.5    83.9    24.0    53.6   0.265   0.318   0.252   0.198   0.184    21.9    22.0    20.6    20.3    19.5
53182 20140612  2.422 -101.61   36.57    24.6    14.2    19.4    18.6     0.0    26.21 C    41.1    13.2    23.0    90.2    29.9    60.7   0.252   0.311   0.248   0.197   0.181    22.1    22.3    21.2    20.6    19.4
53182 20140613  2.422 -101.61   36.57    28.7    12.0    20.4    20.8     0.0    24.41 C    41.0    11.3    24.0    91.2    43.2    66.2   0.241   0.303   0.244   0.195   0.180    22.2    22.5    21.4    20.8    19.4
53182 20140614  2.422 -101.61   36.57    34.6    17.4    26.0    26.1     0.0    31.00 C    46.7    15.3    28.6    76.5    14.7    44.2   0.231   0.296   0.240   0.195   0.180    24.1    24.0    22.1    21.0    19.4
53182 20140615  2.422 -101.61   36.57    29.5    11.9    20.7    21.2     0.0    31.47 C    47.0    10.6    26.8    82.4    21.9    52.3   0.218   0.286   0.236   0.195   0.181    24.6    24.8    22.8    21.5    19.5
53182 20140616  2.422 -101.61   36.57    36.0    20.1    28.0    27.9     0.0    31.34 C    47.8    19.0    30.1    83.0     7.0    39.9   0.203   0.275   0.232   0.195   0.183    25.7    25.7    23.5    21.9    19.7
53182 20140617  2.422 -101.61   36.57    36.4    20.4    28.4    29.0     0.0    30.84 C    50.4    18.0    31.8    76.3    10.6    36.8   0.184   0.261   0.223   0.195   0.182    26.6    26.5    24.2    22.4    20.0
53182 20140618  2.422 -101.61   36.57    35.6    20.5    28.0    27.7     0.0    26.58 C    52.9    19.3    31.0    68.5    14.1    38.4   0.169   0.244   0.211   0.194   0.183    26.9    26.8    24.7    22.8    20.3
53182 20140619  2.422 -101.61   36.57    30.5    15.9    23.2    23.5     0.0    30.27 C    53.1    14.8    31.1    75.1    33.7    50.9   0.160   0.228   0.201   0.195   0.182    27.1    27.0    24.9    23.2    20.5
53182 20140620  2.422 -101.61   36.57    33.2    16.1    24.7    25.5     0.0    29.88 C    51.5    15.9    30.6    82.4    18.8    47.6   0.153   0.215   0.192   0.195   0.183    27.5    27.5    25.3    23.6    20.8
53182 20140621  2.422 -101.61   36.57    32.5    17.4    25.0    25.2     0.0    28.48 C    49.4    15.5    29.8    71.1    29.7    48.8   0.146   0.205   0.185   0.194   0.186    27.1    27.2    25.4    23.8    21.1
53182 20140622  2.422 -101.61   36.57    35.1    17.8    26.5    25.8     0.0    27.86 C    56.4    17.2    31.8    90.0    20.3    54.9   0.142   0.199   0.180   0.193   0.184    27.9    27.8    25.6    24.0    21.3
53182 20140623  2.422 -101.61   36.57    30.3    15.0    22.6    22.4     0.0    29.11 C    53.2    14.7    29.9    89.0    30.1    57.8   0.137   0.194   0.177   0.193   0.185    27.7    27.7    25.8    24.3    21.5
53182 20140624  2.422 -101.61   36.57    32.6    14.8    23.7    22.9    21.6    23.83 C    50.6    16.1    27.9    93.4    21.4    61.6   0.161   0.201   0.172   0.191   0.184    27.0    27.4    25.9    24.4    21.7
53182 20140625  2.422 -101.61   36.57    29.2    16.8    23.0    22.6     0.0    24.65 C    37.4    16.1    24.1    84.7    40.5    64.3   0.251   0.245   0.170   0.191   0.187    24.2    25.1    24.7    24.3    21.8
53182 20140626  2.422 -101.61   36.57    32.4    19.6    26.0    26.2     0.0    28.86 C    45.5    18.2    29.3    87.4    37.6    59.3   0.230   0.235   0.172   0.190   0.187    25.7    26.0    24.6    23.9    21.9
53182 20140627  2.422 -101.61   36.57    33.4    21.3    27.4    26.3     0.0    18.32 C    42.9    19.4    27.3    76.5    14.8    55.2   0.213   0.228   0.174   0.190   0.187    25.4    25.9    24.8    24.0    21.9
53182 20140628  2.422 -101.61   36.57    32.2    17.7    25.0    24.8     0.0    26.51 C    50.8    18.2    30.5    87.7    35.2    63.8   0.197   0.225   0.175   0.189   0.190    26.3    26.5    24.8    23.9    22.0
53182 20140629  2.422 -101.61   36.57    37.4    18.7    28.1    28.3     0.0    30.37 C    58.9    17.6    34.9    92.4    16.0    55.0   0.183   0.221   0.177   0.190   0.190    28.2    28.2    25.6    24.2    22.0
53182 20140630  2.422 -101.61   36.57    38.4    18.5    28.4    28.9    14.4    25.07 C    58.1    18.4    33.6    91.0    18.0    48.3   0.178   0.212   0.177   0.190   0.189    28.9    29.0    26.6    24.7    22.1
53182 20140701  2.422 -101.61   36.57    27.1    17.2    22.2    21.9     0.3    26.24 C    38.5    16.8    24.2    90.4    36.0    64.9   0.232   0.203   0.175   0.190   0.186    25.6    26.3    25.9    24.9    22.3
53182 20140702  2.422 -101.61   36.57    24.0    16.4    20.2    19.5     0.9    18.19 C    33.8    16.1    21.6    91.0    49.1    73.3   0.211   0.201   0.173   0.189   0.189    23.7    24.6    24.8    24.6    22.4
53182 20140703  2.422 -101.61   36.57    29.4    14.8    22.1    21.8     0.0    25.40 C    42.1    13.7    25.3    88.6    41.2    66.8   0.197   0.201   0.172   0.189   0.191    24.0    24.4    23.9    24.1    22.5
53182 20140704  2.422 -101.61   36.57    33.8    18.3    26.0    25.8     0.0    29.32 C    48.9    17.1    29.5    90.7    24.1    54.4   0.181   0.203   0.172   0.188   0.190    25.8    26.0    24.5    23.9    22.4
53182 20140705  2.422 -101.61   36.57    35.5    20.1    27.8    28.0     0.0    27.34 C    52.1    18.3    31.4    71.3    18.4    40.0   0.167   0.202   0.172   0.187   0.189    26.8    26.8    25.1    24.1    22.3
53182 20140706  2.422 -101.61   36.57    37.7    18.7    28.2    28.3     0.0    25.97 C    60.1    17.2    32.9    69.7    17.5    40.0   0.157   0.198   0.171   0.186   0.190    27.7    27.7    25.6    24.3    22.3
53182 20140707  2.422 -101.61   36.57    37.8    20.8    29.3    29.6     0.0    30.17 C    56.7    18.5    34.1    60.3    13.7    33.3   0.150   0.193   0.168   0.186   0.191    28.5    28.4    26.2    24.7    22.4
53182 20140708  2.422 -101.61   36.57    30.1    19.1    24.6    23.8     0.4    22.04 C    49.1    18.9    28.5    79.9    31.7    49.1   0.144   0.188   0.164   0.182   0.191    27.6    27.9    26.4    24.9    22.6
53182 20140709  2.422 -101.61   36.57    36.2    17.2    26.7    25.7     0.0    23.92 C    55.3    16.2    30.4    65.9    21.2    44.0   0.141   0.185   0.159   0.179   0.189    27.5    27.6    26.1    25.0    22.7
53182 20140710  2.422 -101.61   36.57    36.9    18.1    27.5    28.7     0.0    28.23 C    54.5    16.2    32.6    68.2    16.7    34.5   0.139   0.183   0.154   0.176   0.190    28.3    28.3    26.4    25.1    22.9
53182 20140711  2.422 -101.61   36.57    35.9    19.0    27.5    28.0     0.0    30.27 C    53.9    17.3    32.7    59.1    17.1    34.6   0.136   0.181   0.150   0.172   0.192    28.9    28.9    26.8    25.3    23.0
53182 20140712  2.422 -101.61   36.57    35.1    19.6    27.4    27.5     0.0    29.72 C    54.8    18.3    33.2    76.6    20.7    45.6   0.134   0.179   0.146   0.170   0.193    29.3    29.3    27.2    25.7    23.1
53182 20140713  2.422 -101.61   36.57    32.9    19.7    26.3    24.2    10.4    20.93 C    55.3    19.4    29.4    88.2    29.1    61.8   0.131   0.176   0.142   0.168   0.190    28.9    29.1    27.5    25.9    23.3
53182 20140714  2.422 -101.61   36.57    32.0    18.5    25.2    23.3     0.5    18.83 C    46.2    18.0    24.9    91.8    29.7    70.2   0.128   0.172   0.140   0.167   0.190    26.6    27.1    26.6    25.9    23.5
53182 20140715  2.422 -101.61   36.57    24.5    16.5    20.5    19.6     0.0    11.15 C    34.1    16.6    20.9    92.4    43.1    64.2   0.125   0.168   0.138   0.167   0.191    23.6    24.7    25.4    25.5    23.5
53182 20140716  2.422 -101.61   36.57    30.8    15.4    23.1    20.8     3.8    20.58 C    49.4    14.9    25.1    93.1    38.7    64.7   0.127   0.168   0.137   0.166   0.191    24.2    24.8    24.3    24.8    23.5
53182 20140717  2.422 -101.61   36.57    17.7    13.7    15.7    15.3     0.4     5.62 C    21.9    14.5    17.1    95.1    78.2    90.0   0.123   0.164   0.136   0.166   0.189    21.8    23.0    23.9    24.4    23.3
53182 20140718  2.422 -101.61   36.57    28.2    13.3    20.7    20.3     0.0    20.27 C    39.5    12.6    22.7    95.3    47.5    73.6   0.124   0.165   0.134   0.164   0.192    22.2    22.8    22.7    23.7    23.1
53182 20140719  2.422 -101.61   36.57    35.6    16.6    26.1    25.9     0.0    27.42 C    52.9    14.8    30.1    91.0    24.8    58.0   0.129   0.169   0.135   0.163   0.190    25.2    25.2    23.5    23.4    22.8
53182 20140720  2.422 -101.61   36.57    37.6    20.2    28.9    29.1     0.0    28.61 C    55.4    18.4    33.5    86.5    21.3    50.6   0.132   0.173   0.137   0.163   0.190    27.8    27.5    25.1    23.9    22.6
53182 20140721  2.422 -101.61   36.57    38.9    20.6    29.8    29.2     4.2    26.18 C    56.1    20.5    33.9    85.2    21.0    49.5   0.133   0.174   0.137   0.164   0.191    29.0    28.7    26.2    24.5    22.6
53182 20140722  2.422 -101.61   36.57    37.6    19.5    28.6    27.2     0.0    25.76 C    53.0    18.1    30.3    90.9    22.5    55.4   0.131   0.173   0.137   0.163   0.190    28.4    28.5    26.7    25.0    22.8
53182 20140723  2.422 -101.61   36.57    37.2    19.2    28.2    28.7     0.0    28.50 C    57.7    17.0    33.3    86.6    16.9    46.3   0.132   0.173   0.136   0.163   0.188    28.9    28.8    26.8    25.3    23.0
53182 20140724  2.422 -101.61   36.57    38.3    18.0    28.1    29.7     0.0    28.69 C    57.3    16.7    33.7    79.4    13.9    38.0   0.131   0.173   0.135   0.162   0.194    29.3    29.3    27.3    25.6    23.2
53182 20140725  2.422 -101.61   36.57    40.8    22.9    31.9    31.8     0.0    28.29 C    59.8    20.6    35.9    59.8    11.3    31.9   0.131   0.173   0.134   0.162   0.190    30.2    30.0    27.7    26.0    23.4
53182 20140726  2.422 -101.61   36.57    39.9    23.1    31.5    31.8     0.0    26.53 C    61.2    20.9    36.5    41.6    13.9    25.8   0.130   0.172   0.133   0.162   0.190    31.0    30.8    28.3    26.3    23.6
53182 20140727  2.422 -101.61   36.57    31.7    20.0    25.8    26.1     0.0    17.62 C    48.4    20.6    29.9    85.9    36.1    53.3   0.127   0.171   0.132   0.163   0.190    29.8    30.0    28.5    26.8    23.9
53182 20140728  2.422 -101.61   36.57    23.1    16.9    20.0    19.8    17.6     9.98 C    26.8    17.3    20.7    92.0    54.5    74.3   0.136   0.165   0.130   0.163   0.192    25.5    26.7    27.2    26.7    24.1
53182 20140729  2.422 -101.61   36.57    27.4    16.2    21.8    21.4    30.4    19.01 C    31.4    17.1    21.9    91.7    50.6    74.0   0.331   0.353   0.267   0.212   0.191    23.1    24.1    24.7    25.9    24.2
53182 20140730  2.422 -101.61   36.57    21.7    14.4    18.1    18.7    24.5     9.46 C    24.8    14.5    19.3    93.4    69.2    84.4   0.388   0.441   0.319   0.279   0.188    22.1    23.1    23.9    25.0    24.0
53182 20140731  2.422 -101.61   36.57    26.1    13.9    20.0    19.7     0.0    22.07 C    32.2    13.6    20.8    93.5    38.6    66.2   0.355   0.415   0.296   0.277   0.187    22.0    22.6    22.9    24.2    23.7
53182 20140801  2.422 -101.61   36.57    29.8    14.6    22.2    22.9     0.0    27.53 C    42.7    13.7    25.3    86.7    26.4    55.8   0.331   0.391   0.283   0.266   0.187    23.6    23.9    23.3    23.8    23.4
53182 20140802  2.422 -101.61   36.57    30.7    16.6    23.7    23.4     0.0    23.44 C    47.0    16.0    26.1    86.4    23.8    54.2   0.310   0.376   0.276   0.258   0.185    24.8    25.2    24.1    23.9    23.1
53182 20140803  2.422 -101.61   36.57    31.7    14.8    23.3    23.7     0.0    28.68 C    45.8    13.8    27.0    79.5    20.0    48.0   0.288   0.357   0.269   0.254   0.187    25.0    25.4    24.4    24.1    23.0
53182 20140804  2.422 -101.61   36.57    32.4    16.7    24.5    24.8     0.0    26.45 C    46.2    15.8    27.8    76.3    20.4    46.5   0.269   0.338   0.263   0.251   0.186    25.4    25.8    24.8    24.3    22.9
53182 20140805  2.422 -101.61   36.57    32.6    18.0    25.3    25.7     0.0    24.26 C    47.2    17.1    28.7    73.0    26.7    45.3   0.254   0.321   0.258   0.249   0.186    25.7    26.0    25.0    24.5    23.0
53182 20140806  2.422 -101.61   36.57    34.1    17.1    25.6    26.5     0.0    27.73 C    52.4    16.4    31.1    77.1    22.5    45.1   0.241   0.306   0.251   0.244   0.185    26.7    26.9    25.3    24.6    23.1
53182 20140807  2.422 -101.61   36.57    35.1    18.9    27.0    25.5     1.5    23.94 C    52.3    18.4    30.0    90.3    27.8    56.5   0.227   0.292   0.246   0.242   0.185    27.2    27.4    25.9    24.9    23.2
53182 20140808  2.422 -101.61   36.57    29.9    18.8    24.3    22.2     1.2    14.27 C    37.0    17.7    23.7    93.6    39.8    75.6   0.216   0.280   0.241   0.239   0.187    25.6    26.2    25.8    25.1    23.3
53182 20140809  2.422 -101.61   36.57    34.2    16.4    25.3    24.7     0.6    25.09 C    50.7    15.5    28.5    90.3    29.6    59.7   0.207   0.271   0.236   0.234   0.190    25.6    26.0    25.1    24.9    23.4
53182 20140810  2.422 -101.61   36.57    31.0    16.5    23.7    24.1     0.0    26.48 C    50.5    15.8    29.1    88.0    29.7    57.4   0.197   0.261   0.230   0.231   0.187    26.2    26.5    25.3    24.9    23.4
53182 20140811  2.422 -101.61   36.57    29.2    16.8    23.0    22.7     2.8    18.40 C    49.7    16.7    25.4    81.6    41.6    63.6   0.188   0.250   0.224   0.228   0.186    25.8    26.3    25.5    24.9    23.4
53182 20140812  2.422 -101.61   36.57    33.3    16.5    24.9    24.8     0.0    26.99 C    51.6    15.0    28.8    87.7    19.6    53.5   0.181   0.240   0.216   0.225   0.186    25.5    25.9    25.1    24.9    23.5
53182 20140813  2.422 -101.61   36.57    35.0    19.0    27.0    27.2     0.0    27.11 C    54.5    17.4    31.8    67.5    20.9    40.9   0.175   0.229   0.207   0.219   0.186    26.6    26.8    25.4    24.9    23.4
53182 20140814  2.422 -101.61   36.57    36.1    20.3    28.2    28.2     0.0    22.36 C    49.3    18.5    31.0    57.5    20.0    36.1   0.168   0.219   0.197   0.214   0.186    26.9    27.1    25.8    25.0    23.5
53182 20140815  2.422 -101.61   36.57    35.0    20.1    27.5    26.8     0.0    23.12 C    56.9    19.1    32.2    74.0    24.0    45.0   0.163   0.211   0.188   0.210   0.186    27.5    27.6    26.1    25.2    23.5
53182 20140816  2.422 -101.61   36.57    36.2    18.9    27.5    25.0     3.7    19.21 C    58.5    17.9    28.4    83.2    18.1    52.7   0.158   0.205   0.179   0.207   0.187    27.1    27.4    26.3    25.5    23.6
53182 20140817  2.422 -101.61   36.57    35.9    16.3    26.1    26.4     0.0    27.07 C    52.0    14.7    29.0    81.5    16.2    45.5   0.154   0.199   0.173   0.203   0.191    26.4    26.7    25.8    25.4    23.6
53182 20140818  2.422 -101.61   36.57    37.3    18.4    27.9    27.9     0.0    27.08 C    54.4    17.5    32.1    70.7    13.4    38.1   0.152   0.196   0.166   0.198   0.189    27.1    27.2    26.0    25.4    23.7
53182 20140819  2.422 -101.61   36.57    36.2    19.1    27.7    27.1     0.0    25.27 C    54.6    18.0    31.8    80.8    18.4    46.5   0.150   0.192   0.160   0.194   0.189    27.7    27.8    26.3    25.5    23.8
53182 20140820  2.422 -101.61   36.57    37.7    19.8    28.8    28.1     0.0    25.14 C    56.0    18.7    32.5    82.3    16.8    47.5   0.148   0.190   0.155   0.188   0.189    28.0    28.1    26.6    25.7    23.9
53182 20140821  2.422 -101.61   36.57    37.3    22.2    29.7    28.2     0.0    23.51 C    57.8    20.7    33.5    68.3    18.0    45.1   0.146   0.188   0.151   0.181   0.191    28.8    28.8    27.0    25.9    23.9
53182 20140822  2.422 -101.61   36.57    37.5    19.7    28.6    27.9     2.8    25.19 C    58.5    18.9    32.8    79.0    17.9    46.3   0.143   0.185   0.147   0.175   0.193    28.9    28.9    27.3    26.2    24.0
53182 20140823  2.422 -101.61   36.57    35.2    19.6    27.4    26.8     0.3    24.33 C    48.2    17.9    28.7    81.8    18.8    48.7   0.138   0.181   0.145   0.171   0.195    27.5    28.0    27.2    26.3    24.2
53182 20140824  2.422 -101.61   36.57    36.1    15.3    25.7    26.4     0.0    26.21 C    55.7    14.5    31.4    77.7    15.5    43.8   0.137   0.179   0.143   0.167   0.196    27.8    28.0    26.8    26.2    24.3
53182 20140825  2.422 -101.61   36.57    37.5    19.0    28.3    26.9     0.0    23.71 C    54.6    17.8    31.5    73.9    15.6    46.0   0.136   0.178   0.141   0.165   0.196    28.3    28.5    27.1    26.2    24.3
53182 20140826  2.422 -101.61   36.57    35.0    17.6    26.3    25.1     2.7    20.38 C    54.4    17.4    30.0    88.8    20.4    55.6   0.134   0.176   0.139   0.163   0.195    28.1    28.4    27.2    26.3    24.4
53182 20140827  2.422 -101.61   36.57    32.2    18.7    25.4    23.7     4.5    20.32 C    41.8    18.9    25.8    94.0    34.0    69.2   0.131   0.173   0.137   0.162   0.192    26.9    27.5    26.9    26.3    24.5
53182 20140828  2.422 -101.61   36.57    31.0    16.6    23.8    23.5     0.0    24.32 C    49.4    15.2    27.4    84.6    24.3    54.7   0.130   0.172   0.137   0.161   0.193    26.3    26.8    26.2    26.1    24.5
53182 20140829  2.422 -101.61   36.57    32.5    13.0    22.7    23.1     0.0    25.52 C    49.9    12.2    27.4    86.0    16.0    46.1   0.130   0.172   0.136   0.161   0.194    26.2    26.7    26.0    25.9    24.5
53182 20140830  2.422 -101.61   36.57    34.8    14.3    24.5    25.3     0.0    22.03 C    51.3    13.5    28.6    78.0    16.4    42.9   0.130   0.171   0.135   0.159   0.196    26.2    26.7    25.9    25.8    24.4
53182 20140831  2.422 -101.61   36.57    39.2    17.9    28.5    28.8     0.0    24.96 C    55.1    16.0    31.6    66.0     9.6    33.8   0.131   0.172   0.135   0.157   0.197    27.3    27.4    26.2    25.7    24.3
53182 20140901  2.422 -101.61   36.57    31.0    16.1    23.6    23.2     0.0    24.33 C    50.7    15.7    29.0    84.5    35.5    60.1   0.131   0.171   0.134   0.156   0.197    27.5    27.6    26.5    25.9    24.3
53182 20140902  2.422 -101.61   36.57    31.4    19.3    25.3    24.3     0.0    19.97 C    50.2    20.8    29.7    94.5    41.0    68.3   0.131   0.171   0.133   0.157   0.196    27.9    27.9    26.7    26.0    24.3
53182 20140903  2.422 -101.61   36.57    37.6    21.1    29.4    29.3     0.0    24.01 C    52.8    19.3    32.1    77.4    16.9    40.1   0.130   0.171   0.133   0.157   0.196    28.2    28.3    27.0    26.1    24.4
53182 20140904  2.422 -101.61   36.57    35.4    20.4    27.9    27.8     0.0    24.12 C    50.4    18.8    31.3    71.2    23.2    45.1   0.129   0.171   0.133   0.157   0.195    28.4    28.6    27.3    26.3    24.5
53182 20140905  2.422 -101.61   36.57    26.1    11.6    18.8    14.9    23.7     3.17 C    25.5    13.0    16.4    93.2    46.4    87.5   0.139   0.165   0.131   0.156   0.197    24.0    25.4    26.6    26.4    24.6
53182 20140906  2.422 -101.61   36.57    22.5    11.7    17.1    16.2     0.5    22.98 C    30.6    12.9    19.0    90.5    44.4    70.2   0.206   0.160   0.128   0.154   0.197    21.3    22.3    23.7    25.4    24.6
53182 20140907  2.422 -101.61   36.57    27.1    11.9    19.5    19.3     0.0    22.77 C    39.4    11.3    22.1    92.4    44.3    69.6   0.201   0.164   0.127   0.153   0.195    22.0    22.6    23.2    24.6    24.3
53182 20140908  2.422 -101.61   36.57    31.6    17.2    24.4    23.4     0.0    22.23 C    43.3    15.7    25.6    89.4    33.7    65.9   0.198   0.171   0.127   0.153   0.190    23.5    23.8    23.5    24.2    23.9
53182 20140909  2.422 -101.61   36.57    35.2    20.6    27.9    27.0     0.0    22.66 C    45.6    18.6    28.5    79.2    26.3    52.5   0.193   0.177   0.129   0.153   0.188    25.0    25.1    24.2    24.2    23.7
53182 20140910  2.422 -101.61   36.57    26.1    14.0    20.1    20.2     0.0    18.68 C    41.8    13.8    23.3    83.5    35.5    63.9   0.183   0.179   0.129   0.153   0.185    24.3    24.7    24.5    24.4    23.6
53182 20140911  2.422 -101.61   36.57    20.6    10.9    15.8    15.1     0.0    11.34 C    32.2    11.3    17.7    95.3    54.6    79.5   0.172   0.177   0.128   0.153   0.188    21.7    22.5    23.6    24.2    23.5
53182 20140912  2.422 -101.61   36.57    13.5     5.4     9.5     8.4     9.0     6.74 C    15.0     8.0    10.6    92.9    68.7    81.8   0.165   0.171   0.126   0.153   0.190    17.6    19.1    21.8    23.6    23.4
53182 20140913  2.422 -101.61   36.57    20.4     5.1    12.8    12.2     0.0    18.39 C    25.3     6.0    14.0    88.4    52.2    71.7   0.167   0.169   0.123   0.151   0.190    16.4    17.5    19.6    22.4    23.1
53182 20140914  2.422 -101.61   36.57    28.8     9.9    19.4    19.2     0.0    22.58 C    37.1     9.4    20.6    94.8    40.6    70.6   0.170   0.173   0.123   0.150   0.188    19.0    19.5    19.7    21.6    22.6
53182 20140915  2.422 -101.61   36.57    23.4    14.9    19.1    17.5     0.0    11.03 C    31.1    13.8    19.2    92.0    59.1    79.6   0.168   0.177   0.125   0.151   0.187    20.1    20.7    20.7    21.5    22.2
53182 20140916  2.422 -101.61   36.57    29.2    13.2    21.2    20.2     0.0    20.91 C    40.6    12.3    23.5    94.3    40.0    71.9   0.166   0.180   0.125   0.151   0.187    21.2    21.4    20.8    21.5    21.8
53182 20140917  2.422 -101.61   36.57    29.8    16.4    23.1    22.2     0.0    15.86 C    40.0    14.7    23.4    88.7    37.9    66.1   0.162   0.183   0.126   0.151   0.185    22.0    22.3    21.6    21.7    21.7
53182 20140918  2.422 -101.61   36.57    30.3    15.5    22.9    21.8     0.0    21.71 C    42.4    14.1    24.2    90.0    30.6    66.9   0.157   0.184   0.126   0.152   0.189    22.6    22.9    22.0    21.9    21.6
53182 20140919  2.422 -101.61   36.57    28.8    14.5    21.6    21.3     0.0    19.34 C    43.3    13.7    24.2    92.7    43.4    71.2   0.152   0.185   0.127   0.151   0.189    22.7    23.0    22.3    22.1    21.6
53182 20140920  2.422 -101.61   36.57    31.9    16.4    24.2    23.4     0.0    19.13 C    48.1    15.5    26.4    93.5    36.0    66.1   0.149   0.186   0.128   0.151   0.189    23.6    23.7    22.6    22.4    21.7
53182 20140921  2.422 -101.61   36.57    28.5    14.2    21.3    21.3     0.0    20.77 C    40.7    12.7    23.8    89.8    26.2    56.9   0.145   0.186   0.129   0.152   0.187    23.6    23.9    23.1    22.7    21.8
53182 20140922  2.422 -101.61   36.57    27.3    12.2    19.8    19.9     0.0    14.78 C    39.5    12.1    22.5    79.1    35.7    53.6   0.138   0.182   0.129   0.152   0.185    22.4    22.9    22.7    22.7    21.9
53182 20140923  2.422 -101.61   36.57    31.6    16.9    24.3    23.6     0.0    19.15 C    46.4    16.4    26.4    82.9    28.7    56.9   0.137   0.182   0.129   0.152   0.184    23.3    23.5    22.7    22.7    21.9
53182 20140924  2.422 -101.61   36.57    28.0    14.2    21.1    20.2     6.3    13.47 C    33.8    13.5    20.8    92.1    43.6    73.2   0.135   0.181   0.129   0.152   0.184    22.9    23.3    23.0    22.8    21.9
53182 20140925  2.422 -101.61   36.57    29.3    10.9    20.1    19.7     0.0    20.55 C    38.7    10.2    21.5    90.4    30.7    64.8   0.133   0.179   0.128   0.151   0.184    21.6    22.1    22.2    22.7    21.9
53182 20140926  2.422 -101.61   36.57    28.0    12.9    20.5    20.4     0.0    20.76 C    40.7    11.8    22.5    91.9    29.6    59.3   0.133   0.180   0.128   0.151   0.185    21.9    22.2    22.1    22.5    21.9
53182 20140927  2.422 -101.61   36.57    28.4    13.2    20.8    20.5     0.0    20.24 C    39.7    12.1    22.6    88.8    28.9    58.2   0.132   0.179   0.127   0.152   0.186    21.8    22.2    22.0    22.4    21.9
53182 20140928  2.422 -101.61   36.57    28.4    13.2    20.8    20.3     0.0    18.36 C    41.9    12.4    22.6    92.3    29.5    60.6   0.132   0.179   0.128   0.151   0.189    21.9    22.2    22.0    22.3    21.8
53182 20140929  2.422 -101.61   36.57    28.6    13.2    20.9    20.6     3.0    18.21 C    41.4    11.2    22.8    88.2    33.4    60.8   0.131   0.178   0.128   0.150   0.189    21.9    22.2    22.0    22.2    21.7
53182 20140930  2.422 -101.61   36.57    27.6    13.8    20.7    20.3     0.6    20.51 C    37.9    10.5    21.0    87.7    17.5    52.9   0.130   0.178   0.127   0.150   0.187    21.9    22.2    22.0    22.2    21.7
53182 20141001  2.422 -101.61   36.57    29.0     9.1    19.1    19.1     0.0    20.23 C    42.1     8.0    20.0    78.0    12.4    40.3   0.128   0.176   0.127   0.150   0.186    20.7    21.1    21.4    22.0    21.6
53182 20141002  2.422 -101.61   36.57    21.5     6.5    14.0    14.6     0.0    19.74 C    32.9     5.7    16.6    77.1    21.6    48.7   0.126   0.175   0.126   0.150   0.184    19.9    20.4    21.1    21.8    21.6
53182 20141003  2.422 -101.61   36.57    17.5     5.7    11.6    11.1     0.0    20.41 C    32.1     3.8    13.6    72.4    20.2    41.8   0.124   0.171   0.124   0.150   0.184    18.2    18.8    20.1    21.5    21.5
53182 20141004  2.422 -101.61   36.57    25.9     3.9    14.9    15.1     0.0    19.75 C    41.0     3.2    17.1    72.4    17.0    40.6   0.122   0.170   0.124   0.148   0.186    18.0    18.4    19.4    20.9    21.3
53182 20141005  2.422 -101.61   36.57    28.5     7.7    18.1    17.0     0.0    18.84 C    42.7     6.2    19.2    70.9    11.3    38.4   0.123   0.171   0.124   0.148   0.184    19.0    19.2    19.5    20.6    21.0
53182 20141006  2.422 -101.61   36.57    29.6     5.7    17.6    17.4     0.0    18.97 C    43.2     5.4    19.5    79.9    11.0    42.5   0.123   0.171   0.124   0.148   0.184    19.3    19.5    19.7    20.5    20.8
53182 20141007  2.422 -101.61   36.57    32.8     8.2    20.5    20.7     0.0    17.56 C    42.9     7.3    21.6    62.5     9.2    31.4   0.123   0.172   0.124   0.147   0.184    20.0    20.0    19.9    20.5    20.7
53182 20141008  2.422 -101.61   36.57    27.8    10.7    19.2    19.0     0.0    12.78 C    38.7    10.3    21.1    76.8    30.6    54.8   0.123   0.172   0.124   0.147   0.185    20.4    20.5    20.3    20.6    20.6
53182 20141009  2.422 -101.61   36.57    22.1    13.2    17.7    17.3    35.9     6.85 C    26.8    13.8    17.8    94.6    47.9    76.8   0.128   0.176   0.124   0.146   0.185    20.1    20.5    20.5    20.8    20.6
53182 20141010  2.422 -101.61   36.57    13.2     7.1    10.2     9.5     0.0     3.42 C    13.9     8.4    11.1    93.8    79.9    90.4   0.292   0.305   0.183   0.147   0.185    16.2    17.3    19.1    20.6    20.6
53182 20141011  2.422 -101.61   36.57    15.9     7.0    11.4    10.2     0.0    10.88 C    24.2     7.3    11.9    91.7    52.7    77.7   0.287   0.319   0.187   0.146   0.186    14.8    15.7    17.3    19.7    20.4
53182 20141012  2.422 -101.61   36.57    26.8     7.9    17.3    13.6     1.5    10.87 C    28.3     6.8    13.1    91.3    27.3    71.1   0.280   0.313   0.193   0.145   0.183    14.6    15.4    16.7    18.9    20.0
53182 20141013  2.422 -101.61   36.57    17.0     5.5    11.2    11.0     1.0    18.06 C    19.9     3.7    10.2    86.6    27.5    55.6   0.277   0.311   0.196   0.144   0.182    13.6    14.5    16.1    18.4    19.7
53182 20141014  2.422 -101.61   36.57    23.6     3.8    13.7    13.3     0.0    18.32 C    29.8     2.2    12.4    79.2    17.0    47.0   0.268   0.305   0.197   0.143   0.182    13.2    13.8    15.2    17.7    19.3
53182 20141015  2.422 -101.61   36.57    29.3     3.3    16.3    16.8     0.0    18.14 C    34.9     2.7    15.7    85.7    11.4    42.8   0.263   0.302   0.198   0.142   0.182    14.4    14.7    15.4    17.3    18.9
53182 20141016  2.422 -101.61   36.57    29.1     9.8    19.4    19.1     0.0    17.61 C    36.6     7.3    17.4    60.5    11.2    32.8   0.258   0.300   0.198   0.142   0.181    15.8    15.9    16.0    17.3    18.5
53182 20141017  2.422 -101.61   36.57    21.0     6.7    13.8    13.5     0.0    16.07 C    31.1     5.4    14.7    77.7    24.8    50.0   0.252   0.295   0.198   0.143   0.182    15.3    15.7    16.2    17.4    18.3
53182 20141018  2.422 -101.61   36.57    19.6     5.7    12.7    12.2     0.0    11.32 C    30.6     4.6    14.0    90.1    31.7    66.4   0.247   0.292   0.196   0.143   0.181    15.0    15.5    16.1    17.4    18.2
53182 20141019  2.422 -101.61   36.57    25.2     8.7    16.9    16.0     0.0    16.33 C    33.0     6.9    16.6    87.7    35.2    62.1   0.245   0.290   0.195   0.142   0.179    15.4    15.7    16.0    17.2    18.1
53182 20141020  2.422 -101.61   36.57    24.6     8.2    16.4    15.7     0.0    16.44 C    33.8     7.1    16.7    89.9    36.6    68.0   0.242   0.289   0.194   0.143   0.181    16.2    16.4    16.3    17.3    18.0
53182 20141021  2.422 -101.61   36.57    26.0     8.4    17.2    16.9     0.0    15.04 C    37.1     7.2    17.6    95.2    30.3    62.2   0.239   0.287   0.193   0.143   0.179    16.4    16.7    16.7    17.4    17.9
53182 20141022  2.422 -101.61   36.57    25.2    13.3    19.2    17.9     0.5    11.09 C    32.3    11.9    18.2    88.1    39.3    70.9   0.238   0.286   0.192   0.143   0.178    16.9    17.2    17.0    17.5    17.9
53182 20141023  2.422 -101.61   36.57    27.1     9.7    18.4    17.2     0.0    15.23 C    36.0     8.8    18.7    95.7    35.7    72.8   0.235   0.284   0.193   0.143   0.177    17.4    17.6    17.2    17.7    17.9
53182 20141024  2.422 -101.61   36.57    31.5     9.7    20.6    19.6     0.0    16.29 C    39.9     8.1    18.9    90.6    11.4    48.2   0.232   0.282   0.191   0.146   0.178    17.6    17.8    17.5    17.8    17.9
53182 20141025  2.422 -101.61   36.57    32.6     8.9    20.7    20.3     0.0    16.20 C    39.3     7.1    19.5    73.4    11.7    41.0   0.226   0.280   0.190   0.146   0.179    17.5    17.7    17.6    18.0    18.0
53182 20141026  2.422 -101.61   36.57    31.8    12.5    22.1    21.2     0.0    15.41 C    40.3     9.3    20.1    68.8     9.6    34.6   0.222   0.277   0.188   0.145   0.181    17.9    18.2    17.8    18.1    18.1
53182 20141027  2.422 -101.61   36.57    19.4     6.9    13.1    14.4     0.0     8.74 C    26.0     4.9    14.2    54.1    30.4    42.3   0.217   0.273   0.187   0.145   0.180    17.0    17.5    17.8    18.2    18.1
53182 20141028  2.422 -101.61   36.57    18.3     2.6    10.5     9.7     0.0    14.14 C    30.6     1.7    10.7    68.1    21.6    43.6   0.210   0.268   0.183   0.145   0.182    14.6    15.4    16.6    18.0    18.1
53182 20141029  2.422 -101.61   36.57    22.9     1.5    12.2    11.7     0.0    15.37 C    30.9     0.1    11.8    80.6    23.2    51.9   0.206   0.264   0.180   0.145   0.181    13.8    14.5    15.6    17.4    18.0
53182 20141030  2.422 -101.61   36.57    21.5     4.1    12.8    12.2     0.0    15.23 C    30.8     3.0    12.4    84.4    18.0    44.6   0.205   0.263   0.177   0.143   0.178    14.1    14.6    15.4    16.9    17.8
53182 20141031  2.422 -101.61   36.57    14.8    -0.4     7.2     6.7     0.0    14.85 C    25.3    -0.7     8.5    85.5    27.9    52.1   0.200   0.259   0.175   0.142   0.179    12.8    13.5    14.9    16.6    17.6
53182 20141101  2.422 -101.61   36.57    19.8     3.0    11.4    10.6     0.0    12.48 C    25.5     1.1    10.5    60.1    29.3    46.2   0.197   0.257   0.172   0.142   0.180    12.2    12.9    14.1    16.2    17.4
53182 20141102  2.422 -101.61   36.57    26.6     8.6    17.6    16.0     0.0    12.67 C    32.1     6.3    15.7    67.1    24.4    52.2   0.198   0.258   0.171   0.142   0.180    13.7    14.0    14.2    15.8    17.2
53182 20141103  2.422 -101.61   36.57    21.8     5.9    13.8    14.2     0.0     8.95 C    27.6     6.5    14.4    90.0    17.5    59.4   0.197   0.259   0.172   0.142   0.180    14.8    15.2    15.0    15.9    16.9
53182 20141104  2.422 -101.61   36.57    14.0     3.0     8.5     7.7     0.0     9.86 C    25.3     2.3     9.2    76.6    23.4    52.0   0.193   0.255   0.170   0.143   0.176    13.0    13.7    14.7    16.0    16.8
53182 20141105  2.422 -101.61   36.57    20.6     2.6    11.6     9.7     0.0    11.54 C    28.1     1.1     9.0    76.5    15.9    46.8   0.189   0.251   0.167   0.141   0.178    12.0    12.7    13.9    15.7    16.7
53182 20141106  2.422 -101.61   36.57    20.6     1.3    10.9    10.0     0.0    14.16 C    28.9     0.0    10.3    73.1    20.8    46.4   0.187   0.249   0.164   0.141   0.176    11.8    12.4    13.4    15.3    16.6
53182 20141107  2.422 -101.61   36.57    27.1     6.7    16.9    14.8     0.0    14.16 C    33.4     3.6    13.9    61.3    10.8    32.8   0.186   0.248   0.163   0.141   0.178    12.6    13.0    13.4    15.0    16.3
53182 20141108  2.422 -101.61   36.57    17.2     6.2    11.7    11.5     0.0    14.02 C    27.8     4.4    12.2    71.6    28.3    48.3   0.185   0.248   0.162   0.141   0.177    13.2    13.7    13.9    15.0    16.2
53182 20141109  2.422 -101.61   36.57    24.6     2.6    13.6    13.6     0.0    13.36 C    33.0    -0.4    12.2    70.7     9.1    35.9   0.182   0.245   0.161   0.141   0.175    12.7    13.3    13.7    15.0    16.1
53182 20141110  2.422 -101.61   36.57    28.3    -4.4    12.0    11.3     0.0    11.54 C    36.1    -3.9    10.8    64.3     7.7    34.3   0.180   0.244   0.159   0.141   0.176    12.7    13.3    13.7    15.0    15.9
53182 20141111  2.422 -101.61   36.57    -0.4    -9.2    -4.8    -5.0     0.0    13.58 C    12.2    -8.7    -1.9    69.3    24.7    45.5   0.171   0.236   0.156   0.141   0.176     9.1    10.2    12.7    14.8    15.9
53182 20141112  2.422 -101.61   36.57    -7.5   -11.2    -9.3    -8.9     0.0     4.19 C    -0.5   -10.3    -5.8    71.8    46.8    54.8   0.165   0.229   0.152   0.139   0.178     5.8     7.1    10.6    13.9    15.7
53182 20141113  2.422 -101.61   36.57    -4.2   -11.8    -8.0    -8.2     0.0    12.33 C    10.7   -11.1    -3.3    74.8    29.2    46.2   0.163   0.226   0.148   0.137   0.176     4.6     5.7     8.8    12.7    15.3
53182 20141114  2.422 -101.61   36.57     6.3    -5.8     0.3    -1.0     0.0    11.28 C    13.5    -5.2     1.2    49.8    32.5    41.6   0.162   0.226   0.146   0.136   0.175     5.0     5.9     8.1    11.8    14.7
53182 20141115  2.422 -101.61   36.57     9.6    -6.5     1.5     0.6     0.0    12.73 C    18.8    -6.3     2.1    74.7    31.5    53.0   0.163   0.227   0.145   0.135   0.174     5.8     6.6     8.2    11.2    14.2
53182 20141116  2.422 -101.61   36.57    -2.5   -10.8    -6.6    -7.9     4.2     7.13 C    -3.9   -13.9    -8.6    85.4    44.2    66.2   0.161   0.225   0.145   0.135   0.174     4.9     5.8     8.0    10.9    13.8
53182 20141117  2.422 -101.61   36.57     6.0   -13.3    -3.7    -4.6     0.0    13.14 C     8.6   -15.0    -5.5    81.7    31.4    60.0   0.159   0.223   0.143   0.133   0.173     4.0     5.1     7.2    10.5    13.4
53182 20141118  2.422 -101.61   36.57    12.7    -8.2     2.2     1.0     0.0    12.96 C    15.0    -9.4    -0.5    82.9    16.9    57.8   0.160   0.222   0.141   0.132   0.172     3.5     4.5     6.6     9.9    12.9
53182 20141119  2.422 -101.61   36.57    12.4    -3.0     4.7     4.1     0.0    12.20 C    18.1    -5.3     2.3    72.0    23.5    47.1   0.158   0.223   0.140   0.133   0.172     4.4     5.1     6.5     9.5    12.6
53182 20141120  2.422 -101.61   36.57    11.4    -5.8     2.8     2.8     0.0    12.86 C    19.1    -7.1     2.3    86.0    32.2    62.5   0.158   0.224   0.141   0.132   0.171     4.9     5.6     6.8     9.3    12.2
53182 20141121  2.422 -101.61   36.57    15.6    -6.3     4.7     4.5     0.0    11.82 C    22.0    -6.6     3.9    92.0    28.4    66.5   0.158   0.224   0.140   0.131   0.171     5.1     5.8     6.8     9.2    11.9
53182 20141122  2.422 -101.61   36.57    21.3    -0.9    10.2     9.7     0.0    12.46 C    24.4    -2.6     7.1    88.4    11.8    51.2   0.160   0.226   0.140   0.131   0.169     6.6     7.0     7.4     9.2    11.7
53182 20141123  2.422 -101.61   36.57    10.2    -0.8     4.7     5.8     0.0     5.11 C    11.3    -2.6     3.9    86.4    17.2    42.5   0.159   0.226   0.141   0.132   0.170     6.7     7.3     7.9     9.5    11.6
53182 20141124  2.422 -101.61   36.57    10.4    -3.0     3.7     3.3     0.0     9.45 C    16.8    -5.7     1.9    77.6    10.0    41.1   0.157   0.223   0.140   0.132   0.173     5.4     6.2     7.5     9.5    11.5
53182 20141125  2.422 -101.61   36.57    11.5    -6.1     2.7     2.3     0.0    11.28 C    15.6    -8.6     0.9    78.4    15.6    44.9   0.156   0.222   0.139   0.132   0.169     4.7     5.6     6.9     9.2    11.4
53182 20141126  2.422 -101.61   36.57     9.6    -1.8     3.9     3.0     0.0    11.35 C    17.2    -6.6     2.0    85.6    29.3    53.8   0.155   0.222   0.138   0.132   0.169     5.0     5.7     6.8     9.0    11.2
53182 20141127  2.422 -101.61   36.57    16.3    -5.8     5.2     4.6     0.0     9.55 C    21.7    -7.8     2.7    78.7    26.3    51.3   0.155   0.220   0.138   0.130   0.169     4.7     5.4     6.5     8.8    11.1
53182 20141128  2.422 -101.61   36.57    28.0     1.1    14.6    13.0     0.0    10.87 C    28.9    -1.8     8.1    64.1     4.7    28.7   0.158   0.223   0.138   0.131   0.168     6.6     6.9     7.0     8.8    10.9
53182 20141129  2.422 -101.61   36.57    28.3     3.0    15.6    14.7     0.0    12.21 C    30.2    -1.5     9.8    34.2     2.9    15.7   0.159   0.225   0.139   0.131   0.169     8.0     8.2     8.0     9.0    10.9
53182 20141130  2.422 -101.61   36.57    10.8    -8.1     1.3     1.7     0.0     8.44 C    12.8    -8.9     1.2    55.4    15.9    36.5   0.157   0.224   0.140   0.133   0.168     7.1     7.7     8.4     9.4    10.8
53182 20141201  2.422 -101.61   36.57    -1.1   -11.2    -6.2    -7.1     0.0    11.50 C     9.8   -12.0    -5.7    56.9    20.3    37.2   0.151   0.218   0.138   0.132   0.169     3.6     4.7     7.0     9.3    10.9
53182 20141202  2.422 -101.61   36.57    13.6    -8.8     2.4     1.0     0.0     7.84 C    17.2   -10.5    -0.2    54.7    20.1    36.5   0.153   0.216   0.135   0.131   0.169     3.0     3.8     5.7     8.6    10.8
53182 20141203  2.422 -101.61   36.57     6.9    -1.6     2.7     3.0     0.0    11.02 C    14.4    -3.8     3.8    91.9    34.8    51.7   0.153   0.219   0.135   0.131   0.169     4.8     5.3     6.0     8.2    10.5
53182 20141204  2.422 -101.61   36.57     8.8    -0.7     4.0     4.2     8.0     6.51 C    18.0    -0.9     5.9    95.5    48.9    83.7   0.153   0.219   0.136   0.130   0.167     5.6     6.0     6.5     8.2    10.4
53182 20141205  2.422 -101.61   36.57    16.2     3.4     9.8     8.5     2.6    10.90 C    17.1     1.1     7.2    95.4    44.5    75.2   0.156   0.222   0.136   0.130   0.170     7.3     7.5     7.2     8.4    10.2
53182 20141206  2.422 -101.61   36.57    10.9    -1.1     4.9     4.6     0.0     9.10 C    13.7    -1.5     4.0    86.0    43.1    69.0   0.153   0.220   0.137   0.130   0.169     6.0     6.6     7.4     8.7    10.2
53182 20141207  2.422 -101.61   36.57    18.7     2.9    10.8     9.7     0.0    10.43 C    18.9     0.8     7.7    82.5    27.1    64.6   0.156   0.222   0.137   0.130   0.168     7.3     7.6     7.6     8.7    10.2
53182 20141208  2.422 -101.61   36.57    18.6     0.4     9.5     7.7     0.0    10.75 C    18.4    -1.2     4.9    84.4    21.9    58.8   0.155   0.220   0.137   0.130   0.167     6.6     7.2     7.7     8.9    10.2
53182 20141209  2.422 -101.61   36.57    13.7    -2.0     5.8     5.3     0.0     9.56 C    16.1    -2.8     3.7    91.4    43.2    71.0   0.155   0.219   0.137   0.131   0.168     6.0     6.7     7.4     8.9    10.2
53182 20141210  2.422 -101.61   36.57    14.5    -1.2     6.7     5.4     0.0    10.89 C    16.9    -2.2     3.4    95.6    36.8    71.8   0.156   0.218   0.136   0.131   0.168     5.8     6.5     7.2     8.8    10.2
53182 20141211  2.422 -101.61   36.57    16.9    -2.8     7.0     5.6     0.0    10.76 C    18.5    -3.7     3.8    96.0    31.9    74.7   0.156   0.218   0.136   0.130   0.168     5.5     6.2     7.0     8.7    10.2
53182 20141212  2.422 -101.61   36.57    12.3     2.5     7.4     7.2     0.0     5.64 C    14.5    -0.1     7.2    95.8    63.3    90.1   0.159   0.220   0.135   0.130   0.168     6.7     7.1     7.3     8.6    10.1
53182 20141213  2.422 -101.61   36.57    21.5     6.7    14.1    12.8     0.0     8.78 C    21.5     4.6    10.6    95.3    28.6    71.0   0.161   0.222   0.137   0.131   0.170     8.4     8.5     8.0     8.8    10.1
53182 20141214  2.422 -101.61   36.57    12.4     2.6     7.5     8.7     7.1     6.99 C    11.8     0.8     7.6    91.7    46.3    75.0   0.166   0.223   0.138   0.132   0.169     8.7     9.1     8.9     9.2    10.1
53182 20141215  2.422 -101.61   36.57     7.1    -2.2     2.5     2.7     0.0    10.58 C     8.2    -3.0     1.1    81.0    49.4    67.0   0.172   0.218   0.138   0.132   0.169     5.4     6.5     8.0     9.3    10.2
53182 20141216  2.422 -101.61   36.57     7.5    -6.0     0.8     0.9     0.0     8.65 C     7.9    -5.8    -0.4    85.0    30.0    59.4   0.173   0.214   0.135   0.132   0.168     3.5     4.6     6.6     8.9    10.3
53182 20141217  2.422 -101.61   36.57     9.1     0.3     4.7     3.9     0.0     6.77 C    11.5    -2.1     3.0    93.3    47.5    67.7   0.177   0.215   0.133   0.131   0.170     4.2     5.0     6.0     8.3    10.2
53182 20141218  2.422 -101.61   36.57     2.4    -0.3     1.0     1.1     0.0     2.34 C     5.2     0.3     2.3    93.2    75.6    83.7   0.178   0.215   0.133   0.130   0.167     4.5     5.2     6.1     8.1     9.9
53182 20141219  2.422 -101.61   36.57     7.2    -2.2     2.5     1.8     0.0     5.26 C    12.1    -3.6     2.4    93.2    63.0    84.2   0.179   0.215   0.133   0.130   0.167     4.6     5.3     6.1     7.9     9.8
53182 20141220  2.422 -101.61   36.57     9.8    -3.4     3.2     1.2     0.0     7.93 C    12.2    -4.1     0.7    96.1    41.7    79.6   0.178   0.214   0.132   0.130   0.167     3.6     4.5     5.8     7.8     9.6
53182 20141221  2.422 -101.61   36.57    15.9    -1.8     7.1     4.2     0.0     9.70 C    16.1    -2.8     3.1    96.2    22.8    67.9   0.177   0.214   0.132   0.129   0.167     4.0     4.7     5.5     7.5     9.5
53182 20141222  2.422 -101.61   36.57     9.6     0.1     4.9     5.5     0.3     5.29 C    12.1    -1.8     3.4    82.5    38.3    59.7   0.179   0.215   0.131   0.129   0.168     4.6     5.3     5.8     7.5     9.3
53182 20141223  2.422 -101.61   36.57     2.6    -1.1     0.7     0.8     0.0     5.10 C     4.0    -3.4    -0.3    86.6    55.3    71.6   0.177   0.213   0.131   0.129   0.165     3.3     4.2     5.5     7.4     9.2
53182 20141224  2.422 -101.61   36.57     8.9    -6.6     1.1     0.4     0.0    11.08 C     9.6    -7.3    -1.6    82.1    15.4    49.2   0.177   0.211   0.130   0.129   0.166     2.0     3.1     4.7     7.1     9.1
53182 20141225  2.422 -101.61   36.57    14.9    -1.5     6.7     6.3     0.0     5.76 C    12.2    -4.2     2.6    55.5    14.1    33.6   0.176   0.212   0.129   0.128   0.166     2.8     3.5     4.3     6.7     8.9
53182 20141226  2.422 -101.61   36.57     3.3    -8.8    -2.8    -2.7     1.2     2.81 C     0.7    -9.2    -2.6    89.3    42.9    81.6   0.175   0.212   0.129   0.128   0.166     2.3     3.1     4.5     6.5     8.7
53182 20141227  2.422 -101.61   36.57     1.1   -10.7    -4.8    -5.2     0.0     9.99 C     5.1   -10.3    -5.2    88.6    41.8    70.0   0.189   0.212   0.128   0.128   0.165     0.9     1.9     3.8     6.3     8.6
53182 20141228  2.422 -101.61   36.57     7.4    -9.6    -1.1    -2.6     0.0    11.12 C     8.5   -10.9    -4.3    85.1    33.2    62.3   0.215   0.216   0.127   0.126   0.164     0.0     1.0     3.0     5.8     8.4
53182 20141229  2.422 -101.61   36.57     3.6    -9.6    -3.0    -4.1     0.4     9.63 C     7.2   -10.0    -3.6    87.2    45.5    73.9 -99.000   0.216   0.126   0.126   0.164    -0.2     0.8     2.6     5.4     8.1
53182 20141230  2.422 -101.61   36.57    -7.4   -16.2   -11.8   -13.7     0.6     5.52 C    -6.3   -15.2   -11.6    85.3    68.2    74.3 -99.000   0.216   0.125   0.125   0.165    -0.2     0.7     2.3     5.0     7.8
53182 20141231  2.422 -101.61   36.57    -7.4   -16.3   -11.8   -12.0     0.0     6.87 C    -3.2   -15.1    -9.8    81.3    59.5    72.0 -99.000   0.217   0.123   0.124   0.165    -0.6     0.2     2.0     4.7     7.5
