53960 20140101  2.422  -91.87   30.09    13.2     6.0     9.6    10.1     8.7     3.15 C    16.0     6.5    10.9    96.8    82.6    93.7   0.392   0.421   0.446   0.416   0.428    11.5    12.1    12.4    12.6    13.8
53960 20140102  2.422  -91.87   30.09    13.5     2.5     8.0     9.6     2.8     9.24 C    15.7     0.1     9.7    97.4    43.1    72.0   0.404   0.433   0.457   0.464   0.478    12.7    13.0    13.2    13.2    14.0
53960 20140103  2.422  -91.87   30.09     7.7    -0.7     3.5     2.4     0.0    13.65 C    15.3    -2.6     3.1    86.1    34.6    58.5   0.388   0.422   0.449   0.442   0.475     9.8    11.6    12.1    12.5    13.4
53960 20140104  2.422  -91.87   30.09    16.8    -2.9     6.9     7.3     0.0    10.54 C    20.0    -3.5     7.4    90.5    54.4    72.8   0.382   0.418   0.445   0.413   0.466     9.6    10.8    11.3    11.8    13.0
53960 20140105  2.422  -91.87   30.09    21.1     0.5    10.8    12.0     3.6     4.90 C    22.4     0.9    11.7    92.6    59.7    77.5   0.384   0.418   0.444   0.409   0.423    12.0    12.1    12.3    12.4    13.4
53960 20140106  2.422  -91.87   30.09     0.9    -4.2    -1.6    -1.3     0.0    10.88 C     8.7    -5.6     0.6    70.4    33.7    50.8   0.382   0.417   0.443   0.408   0.419     8.7    10.9    11.5    11.9    12.9
53960 20140107  2.422  -91.87   30.09     2.4    -6.9    -2.3    -3.0     0.0    10.68 C    13.3    -8.3    -1.5    85.5    32.7    56.5   0.377   0.414   0.442   0.406   0.415     6.7     9.3    10.0    10.7    12.1
53960 20140108  2.422  -91.87   30.09     9.8    -6.8     1.5     2.5     0.0    10.90 C    16.7    -6.9     2.8    91.5    37.5    67.8   0.375   0.412   0.441   0.404   0.414     6.7     8.7     9.3     9.9    11.7
53960 20140109  2.422  -91.87   30.09    20.3     4.4    12.3    12.1     0.0    12.08 C    24.4     2.7    12.0    91.5    54.7    72.0   0.374   0.411   0.441   0.403   0.414     9.9     9.9    10.2    10.4    12.0
53960 20140110  2.422  -91.87   30.09    21.7     9.5    15.6    15.9     4.8     4.27 C    23.5     8.0    16.0   100.0    73.2    93.1   0.374   0.412   0.442   0.404   0.415    12.6    11.8    11.8    11.7    12.6
53960 20140111  2.422  -91.87   30.09    21.8     5.3    13.6    16.9     9.0    13.26 C    24.5     3.1    15.8    96.4    20.0    63.9   0.402   0.434   0.473   0.466   0.478    15.6    14.2    13.9    13.5    13.7
53960 20140112  2.422  -91.87   30.09    20.2     2.6    11.4    11.8     0.0    14.72 C    23.0     0.9    11.0    96.8    21.8    57.2   0.386   0.425   0.475   0.460   0.477    12.2    12.9    13.1    13.1    13.4
53960 20140113  2.422  -91.87   30.09    21.8    11.1    16.5    16.5    21.1     5.19 C    23.3     7.4    15.3    94.8    44.5    76.1   0.404   0.438   0.469   0.477   0.488    14.2    13.6    13.7    13.4    13.9
53960 20140114  2.422  -91.87   30.09    18.2     2.9    10.6    10.1     0.0    15.47 C    22.9     1.0     9.3    92.3    22.8    59.1   0.394   0.434   0.473   0.465   0.483    12.5    13.2    13.4    13.4    13.7
53960 20140115  2.422  -91.87   30.09    12.5     0.3     6.4     7.9     0.0    15.56 C    18.1    -1.3     7.2    95.2    21.7    51.5   0.383   0.420   0.455   0.461   0.479    11.3    12.4    12.7    12.9    13.4
53960 20140116  2.422  -91.87   30.09    15.9    -1.3     7.3     7.8     0.0    15.09 C    20.0    -2.3     7.6    91.8    38.7    69.4   0.377   0.416   0.449   0.433   0.478    10.1    11.4    11.8    12.1    13.0
53960 20140117  2.422  -91.87   30.09    15.2     1.6     8.4     9.9     0.0    14.60 C    21.0    -1.1     8.6    92.8    17.6    47.6   0.373   0.414   0.446   0.415   0.452    11.2    11.8    12.0    12.2    13.1
53960 20140118  2.422  -91.87   30.09    14.2    -2.6     5.8     6.8     0.0    15.20 C    19.2    -3.4     6.5    90.7    24.3    60.6   0.368   0.411   0.445   0.410   0.419     9.7    10.9    11.4    11.7    12.7
53960 20140119  2.422  -91.87   30.09    18.1     3.4    10.8    11.7     0.0    15.90 C    23.7     1.3    11.3    97.5    23.0    64.0   0.365   0.409   0.445   0.408   0.417    11.8    11.8    11.9    12.0    13.0
53960 20140120  2.422  -91.87   30.09    20.6     0.2    10.4    10.7     0.0    10.21 C    23.5    -0.2    10.2   100.0    51.8    86.0   0.362   0.407   0.444   0.406   0.416    11.2    11.7    12.0    12.0    12.9
53960 20140121  2.422  -91.87   30.09    16.0     2.3     9.2    11.1     2.3    16.24 C    20.7    -0.9    10.2   100.0    18.6    49.8   0.362   0.406   0.444   0.405   0.416    12.5    12.5    12.6    12.6    13.2
53960 20140122  2.422  -91.87   30.09    12.9    -3.4     4.8     5.3     0.0    15.78 C    19.9    -4.2     5.7    87.9    31.5    58.7   0.357   0.402   0.443   0.404   0.414    10.1    11.3    11.7    12.0    12.7
53960 20140123  2.422  -91.87   30.09    14.9     0.2     7.6     7.5     0.0     9.26 C    19.8     1.6     8.2    85.9    43.4    65.5   0.354   0.400   0.444   0.403   0.413    10.6    11.3    11.6    11.8    12.7
53960 20140124  2.422  -91.87   30.09     0.2    -3.7    -1.7    -2.2     5.3     2.00 C     1.6    -3.5    -0.5    94.9    82.1    90.0   0.360   0.400   0.443   0.402   0.414     7.7    10.0    10.7    11.1    12.1
53960 20140125  2.422  -91.87   30.09    11.7    -5.7     3.0     2.7     0.0    16.64 C    16.2    -6.0     3.4    97.5    52.8    81.5   0.371   0.409   0.442   0.402   0.416     7.6     9.1     9.6    10.1    11.6
53960 20140126  2.422  -91.87   30.09    17.2     2.1     9.7    10.0     0.0    11.48 C    22.6     1.4    10.5    98.2    60.6    85.7   0.371   0.414   0.443   0.404   0.416     9.9    10.0    10.3    10.5    11.8
53960 20140127  2.422  -91.87   30.09    16.7     3.7    10.2    11.8     3.4     2.38 C    19.3     4.5    12.2   100.0    37.5    76.2   0.380   0.418   0.449   0.407   0.416    12.1    11.6    11.7    11.6    12.4
53960 20140128  2.422  -91.87   30.09     3.7    -4.1    -0.2    -1.7     2.3     2.19 C     4.6    -2.5     0.2    88.0    39.6    69.3   0.376   0.416   0.445   0.407   0.417     8.0    10.2    10.7    11.0    11.8
53960 20140129  2.422  -91.87   30.09     3.0    -5.4    -1.2    -2.1     0.0     9.00 C     8.9    -7.3    -1.3    75.4    32.1    47.8   0.377   0.414   0.443   0.406   0.416     6.1     8.4     9.1     9.7    11.0
53960 20140130  2.422  -91.87   30.09    10.2    -8.8     0.7     1.6     0.0    17.31 C    18.0    -9.4     2.6    92.3    36.5    71.6   0.374   0.412   0.442   0.405   0.414     6.2     7.9     8.4     9.0    10.6
53960 20140131  2.422  -91.87   30.09    18.9     1.9    10.4    11.0     0.0    11.02 C    22.7     0.2    10.3    92.1    50.8    75.4   0.372   0.411   0.442   0.404   0.413     8.9     9.0     9.2     9.5    10.9
53960 20140201  2.422  -91.87   30.09    22.9     9.3    16.1    16.9     0.0     9.89 C    27.5     7.0    16.6    95.0    66.3    84.1   0.371   0.411   0.445   0.406   0.415    12.0    10.8    10.8    10.6    11.5
53960 20140202  2.422  -91.87   30.09    21.7     6.1    13.9    17.5     5.8     2.69 C    22.8     7.4    17.8   100.0    90.4    95.0   0.378   0.414   0.446   0.408   0.416    15.0    13.1    12.9    12.4    12.7
53960 20140203  2.422  -91.87   30.09     9.2     3.1     6.2     5.6     0.2     8.15 C    16.4     4.4     7.8    93.1    74.3    87.0   0.382   0.417   0.446   0.410   0.417    12.4    12.7    12.9    12.7    12.7
53960 20140204  2.422  -91.87   30.09    20.8     5.9    13.3    11.0    40.8     1.84 C    20.5     6.6    11.5    97.5    89.1    94.8   0.401   0.428   0.458   0.439   0.444    12.5    12.5    12.7    12.5    12.9
53960 20140205  2.422  -91.87   30.09    10.6     2.6     6.6     5.9     0.0    14.54 C    18.5     1.4     7.6    96.6    60.6    78.1   0.405   0.437   0.464   0.460   0.484    12.1    12.6    12.8    12.7    12.8
53960 20140206  2.422  -91.87   30.09     5.7    -0.8     2.4     1.6     0.3     7.46 C    13.1    -1.1     3.2    87.3    55.3    73.4   0.390   0.426   0.450   0.418   0.446     9.4    11.0    11.4    11.7    12.2
53960 20140207  2.422  -91.87   30.09     8.8    -2.2     3.3     3.1     0.0    10.44 C    15.2    -2.0     4.8    89.0    52.6    73.1   0.384   0.418   0.446   0.414   0.421     8.5     9.9    10.4    10.8    11.7
53960 20140208  2.422  -91.87   30.09    14.9     2.7     8.8     8.4     0.5     8.44 C    20.7     2.4     9.6    91.7    65.5    81.6   0.382   0.416   0.445   0.412   0.419    10.3    10.4    10.7    10.9    11.8
53960 20140209  2.422  -91.87   30.09    20.7     7.4    14.1    13.7     0.0    12.17 C    26.6     6.4    14.3    96.8    58.5    83.5   0.380   0.416   0.445   0.412   0.418    12.7    11.8    11.8    11.7    12.4
53960 20140210  2.422  -91.87   30.09    15.2     5.2    10.2    11.0     0.2     6.01 C    18.8     6.3    12.5    96.6    81.9    92.1   0.378   0.415   0.445   0.412   0.418    13.5    12.8    12.9    12.6    12.9
53960 20140211  2.422  -91.87   30.09     6.0     0.6     3.3     3.0    68.3     2.09 C     7.3     1.1     4.3    96.4    87.5    93.3   0.419   0.439   0.472   0.485   0.475     9.4    10.8    11.1    11.4    11.9
53960 20140212  2.422  -91.87   30.09     2.8     0.7     1.7     1.7     1.9     3.99 C     7.0     1.7     3.1    95.8    85.8    90.4   0.417   0.440   0.475   0.478   0.481     7.4     8.8     9.3     9.8    10.9
53960 20140213  2.422  -91.87   30.09    13.6    -2.2     5.7     5.5     0.0    18.66 C    20.5    -2.9     6.8    97.8    38.5    71.6   0.399   0.433   0.453   0.455   0.476     9.0     9.4     9.7    10.0    11.1
53960 20140214  2.422  -91.87   30.09    18.4     1.0     9.7    11.5     0.0    10.83 C    22.2    -0.3    10.8    98.3    61.7    83.3   0.388   0.423   0.449   0.418   0.448    10.0    10.0    10.3    10.4    11.3
53960 20140215  2.422  -91.87   30.09    17.9     4.0    11.0    11.1     0.0    18.86 C    24.3     1.0    10.5    94.7    25.9    54.9   0.382   0.419   0.447   0.415   0.423    11.6    11.2    11.2    11.1    11.8
53960 20140216  2.422  -91.87   30.09    21.7     4.0    12.9    13.3     0.0     9.41 C    26.4     2.8    13.3    97.8    61.5    83.5   0.377   0.416   0.447   0.412   0.421    12.1    11.5    11.7    11.5    12.0
53960 20140217  2.422  -91.87   30.09    23.4    13.0    18.2    18.0     0.0    10.01 C    26.0    10.1    17.9    97.1    69.2    86.6   0.375   0.415   0.447   0.412   0.421    14.6    13.1    12.9    12.5    12.8
53960 20140218  2.422  -91.87   30.09    21.9    15.9    18.9    18.1     0.3     7.64 C    25.1    16.2    18.6   100.0    72.7    92.4   0.373   0.416   0.449   0.412   0.421    16.1    14.4    14.3    13.6    13.6
53960 20140219  2.422  -91.87   30.09    24.7    17.1    20.9    19.6     0.0    12.29 C    28.4    17.3    20.3    99.9    57.2    88.4   0.371   0.415   0.450   0.413   0.421    17.4    15.5    15.3    14.5    14.3
53960 20140220  2.422  -91.87   30.09    24.3    17.0    20.7    21.0    20.1     9.04 C    27.0    16.3    21.2    95.0    71.8    88.2   0.372   0.416   0.453   0.416   0.426    18.4    16.5    16.2    15.5    15.0
53960 20140221  2.422  -91.87   30.09    18.4     7.1    12.7    13.2     0.0    20.34 C    23.6     4.7    12.9    86.2    20.5    47.4   0.402   0.439   0.471   0.459   0.480    16.6    16.4    16.3    15.9    15.2
53960 20140222  2.422  -91.87   30.09    21.3     5.9    13.6    14.2     0.0    16.47 C    25.1     4.5    13.8    95.2    30.3    63.0   0.384   0.428   0.457   0.421   0.435    14.9    15.0    15.1    14.9    14.8
53960 20140223  2.422  -91.87   30.09    22.4    15.4    18.9    18.2    18.3     5.54 C    27.7    15.9    18.7    96.8    78.1    89.4   0.413   0.442   0.481   0.481   0.475    16.9    15.8    15.7    15.3    15.3
53960 20140224  2.422  -91.87   30.09    19.8    13.1    16.4    17.3     0.0     6.79 C    24.8    14.6    17.9    96.7    79.0    89.9   0.405   0.442   0.464   0.448   0.471    17.6    16.5    16.4    15.9    15.7
53960 20140225  2.422  -91.87   30.09    20.5    14.6    17.6    16.7     0.8     3.52 C    23.5    14.4    17.6    96.6    84.4    93.2   0.396   0.432   0.460   0.426   0.445    17.4    16.6    16.6    16.1    15.9
53960 20140226  2.422  -91.87   30.09    14.6     3.7     9.2     7.7    25.6     5.11 C    15.2     4.1     9.0    96.1    55.6    78.9   0.425   0.449   0.488   0.489   0.487    14.4    15.4    15.5    15.4    15.3
53960 20140227  2.422  -91.87   30.09    12.3     0.7     6.5     5.6     0.0    21.67 C    20.1    -0.4     7.3    91.0    31.5    58.2   0.400   0.437   0.460   0.439   0.462    12.7    13.7    14.1    14.3    14.7
53960 20140228  2.422  -91.87   30.09    16.5     0.7     8.6    10.7     0.0    11.59 C    19.7     0.1    10.7    97.2    49.6    76.6   0.388   0.427   0.454   0.422   0.431    12.2    13.0    13.4    13.6    14.3
53960 20140301  2.422  -91.87   30.09    24.6    15.3    19.9    19.3     0.0    15.24 C    27.8    13.6    19.2    94.3    64.2    79.8   0.382   0.422   0.453   0.419   0.429    16.1    14.7    14.6    14.3    14.9
53960 20140302  2.422  -91.87   30.09    25.4    16.6    21.0    20.4     0.0    12.12 C    28.1    15.7    20.4    96.4    64.2    82.9   0.377   0.422   0.455   0.418   0.427    17.8    16.2    16.1    15.5    15.5
53960 20140303  2.422  -91.87   30.09    19.5    -0.5     9.5     4.9    10.7    12.63 C    19.3     1.1     7.6    94.9    69.2    81.9   0.399   0.435   0.463   0.432   0.475    14.9    15.6    15.7    15.6    15.3
53960 20140304  2.422  -91.87   30.09     2.1    -1.1     0.5     0.3    13.5     1.71 C     4.0     0.9     2.3    95.7    79.8    90.4   0.407   0.443   0.475   0.462   0.481    10.1    12.5    13.1    13.6    13.9
53960 20140305  2.422  -91.87   30.09    14.5     2.1     8.3     7.8     0.0    11.84 C    18.8     2.8     9.6    94.5    69.6    85.4   0.404   0.443   0.474   0.471   0.482    11.4    12.0    12.3    12.7    13.7
53960 20140306  2.422  -91.87   30.09    11.2     7.1     9.2     8.6     0.0     6.09 C    16.2     7.7     9.7    94.2    72.5    85.2   0.394   0.429   0.457   0.433   0.473    12.4    12.8    13.0    13.1    13.8
53960 20140307  2.422  -91.87   30.09    16.2     5.2    10.7     9.8     0.0    18.47 C    22.2     3.6    11.7    94.3    55.1    80.3   0.386   0.423   0.454   0.420   0.434    13.4    13.1    13.3    13.2    13.9
53960 20140308  2.422  -91.87   30.09    20.0     7.8    13.9    13.9     0.0    13.34 C    25.6     7.4    14.5    95.8    57.3    79.1   0.380   0.421   0.454   0.418   0.428    14.5    13.8    13.9    13.7    14.3
53960 20140309  2.422  -91.87   30.09    21.2    11.2    16.2    16.3     0.3    11.64 C    25.0     9.9    15.9    94.7    53.4    76.4   0.377   0.420   0.453   0.417   0.427    15.7    14.8    14.8    14.5    14.7
53960 20140310  2.422  -91.87   30.09    24.3    10.7    17.5    17.0     0.0    19.15 C    28.1     8.9    17.3    97.2    46.4    74.1   0.372   0.417   0.453   0.416   0.426    16.4    15.3    15.3    14.9    15.1
53960 20140311  2.422  -91.87   30.09    23.5    14.5    19.0    18.3     0.2     8.33 C    26.3    13.5    18.4    96.3    61.5    86.1   0.366   0.415   0.453   0.416   0.425    17.4    16.2    16.2    15.6    15.6
53960 20140312  2.422  -91.87   30.09    20.2     9.6    14.9    16.0     0.0    16.37 C    25.3     5.8    15.9    95.1    38.7    67.4   0.360   0.411   0.454   0.414   0.424    17.4    16.6    16.4    16.0    15.9
53960 20140313  2.422  -91.87   30.09    18.3     2.6    10.5    10.9     0.0    23.29 C    23.8     1.5    10.8    92.5    24.4    55.6   0.347   0.406   0.451   0.412   0.422    15.3    15.5    15.7    15.5    15.5
53960 20140314  2.422  -91.87   30.09    20.6     4.6    12.6    14.3     0.0    14.73 C    22.4     3.0    13.8    97.2    52.0    71.7   0.335   0.399   0.447   0.410   0.420    14.8    14.9    15.2    15.0    15.4
53960 20140315  2.422  -91.87   30.09    22.8    14.0    18.4    18.4    14.3     7.41 C    26.3    12.7    18.1    93.9    65.4    80.6   0.335   0.396   0.443   0.411   0.425    16.7    15.9    15.9    15.5    15.7
53960 20140316  2.422  -91.87   30.09    23.4    10.0    16.7    18.7     0.9     9.20 C    25.5    10.2    18.6    95.0    51.3    77.4   0.369   0.418   0.455   0.425   0.480    18.4    17.1    17.0    16.4    16.3
53960 20140317  2.422  -91.87   30.09    10.0     2.5     6.2     7.1     0.0     4.75 C    11.1     1.6     7.7    95.1    63.3    73.1   0.360   0.416   0.451   0.420   0.477    14.5    15.7    16.0    15.9    15.7
53960 20140318  2.422  -91.87   30.09    17.5     0.4     8.9     9.7     0.0    23.51 C    22.2    -0.1    10.6    97.9    51.5    79.2   0.355   0.409   0.448   0.415   0.467    14.0    14.5    14.8    14.8    15.3
53960 20140319  2.422  -91.87   30.09    23.4     7.8    15.6    16.1     0.0    14.89 C    26.9     6.9    15.8    97.5    54.8    79.8   0.348   0.404   0.447   0.414   0.433    15.7    15.2    15.3    15.1    15.5
53960 20140320  2.422  -91.87   30.09    23.4     9.6    16.5    17.2     0.0    21.65 C    27.3     8.2    16.8    92.6    31.9    58.1   0.337   0.399   0.445   0.412   0.426    17.4    16.2    16.2    15.8    16.0
53960 20140321  2.422  -91.87   30.09    23.6     7.9    15.7    16.0     0.0    20.35 C    25.4     7.2    15.7   100.0    39.7    74.6   0.322   0.393   0.444   0.411   0.423    16.9    16.3    16.4    16.1    16.2
53960 20140322  2.422  -91.87   30.09    26.4    12.3    19.4    19.7     0.0    13.23 C    29.2    11.8    20.2    96.3    59.9    83.7   0.311   0.386   0.443   0.409   0.422    18.3    17.0    17.0    16.5    16.6
53960 20140323  2.422  -91.87   30.09    19.9    10.5    15.2    16.1     4.7    13.06 C    23.7    10.2    17.2   100.0    65.5    85.2   0.303   0.383   0.443   0.409   0.421    18.9    17.8    17.7    17.2    17.0
53960 20140324  2.422  -91.87   30.09    18.6    10.2    14.4    13.6     0.0    11.10 C    22.8     8.4    13.4    88.5    49.2    68.2   0.304   0.380   0.441   0.407   0.419    16.9    16.9    17.1    16.8    16.7
53960 20140325  2.422  -91.87   30.09    19.2     6.6    12.9    12.7     0.0    24.65 C    23.7     4.2    12.0    85.0    25.5    51.6   0.295   0.375   0.440   0.405   0.417    16.2    16.3    16.5    16.4    16.5
53960 20140326  2.422  -91.87   30.09    15.6     4.2     9.9    10.3     1.0     9.99 C    17.6     3.1     9.5    88.2    39.1    58.9   0.284   0.369   0.438   0.402   0.415    14.3    15.3    15.7    15.7    16.0
53960 20140327  2.422  -91.87   30.09    19.9     8.9    14.4    16.4     1.1     3.92 C    20.9     8.7    16.2    91.7    70.4    84.4   0.281   0.365   0.437   0.400   0.411    15.2    15.3    15.5    15.4    15.9
53960 20140328  2.422  -91.87   30.09    26.8    16.4    21.6    21.6    17.7    14.31 C    35.0    16.0    23.3    96.2    72.9    87.9   0.291   0.368   0.439   0.407   0.417    19.1    17.2    17.0    16.5    16.6
53960 20140329  2.422  -91.87   30.09    22.6    11.4    17.0    16.8     0.0    18.32 C    33.7     8.8    18.3    97.5    36.8    73.6   0.337   0.397   0.454   0.462   0.477    19.2    18.2    18.0    17.5    17.1
53960 20140330  2.422  -91.87   30.09    21.3     6.8    14.1    14.3     0.0    23.78 C    36.0     5.5    16.7    92.8    31.0    63.8   0.330   0.392   0.452   0.457   0.476    18.0    17.7    17.6    17.3    17.0
53960 20140331  2.422  -91.87   30.09    22.7     5.7    14.2    15.9     0.0    24.68 C    35.1     4.4    18.4    97.9    49.5    76.3   0.324   0.387   0.447   0.429   0.475    17.8    17.4    17.5    17.2    17.0
53960 20140401  2.422  -91.87   30.09    25.7    14.7    20.2    20.5     0.0    19.51 C    38.8    13.8    22.9    96.8    56.7    80.2   0.319   0.384   0.446   0.418   0.474    19.8    18.4    18.3    17.7    17.6
53960 20140402  2.422  -91.87   30.09    26.1    17.5    21.8    22.0     0.0    15.21 C    37.2    16.6    23.8    95.3    65.2    81.4   0.313   0.382   0.445   0.416   0.473    20.7    19.2    19.1    18.5    18.0
53960 20140403  2.422  -91.87   30.09    26.2    21.2    23.7    23.3     0.0    17.22 C    38.1    20.0    25.1    90.3    64.8    80.6   0.307   0.381   0.444   0.415   0.471    21.8    20.0    19.9    19.1    18.6
53960 20140404  2.422  -91.87   30.09    24.6    15.2    19.9    20.7     3.6    14.06 C    35.3    15.3    22.7    94.6    55.2    78.1   0.305   0.380   0.444   0.413   0.448    21.9    20.5    20.3    19.7    18.9
53960 20140405  2.422  -91.87   30.09    20.3    14.9    17.6    17.1     2.0     8.06 C    30.8    15.6    18.7    94.5    46.6    64.5   0.304   0.378   0.443   0.410   0.424    20.2    19.9    19.9    19.5    18.8
53960 20140406  2.422  -91.87   30.09    22.9    14.0    18.5    18.6    35.4     3.66 C    22.9    14.9    19.3    96.7    89.0    93.6   0.315   0.383   0.445   0.419   0.427    19.6    19.2    19.3    19.0    18.7
53960 20140407  2.422  -91.87   30.09    20.7    11.4    16.1    16.6     2.1    21.26 C    32.4    11.2    20.0    94.7    55.9    77.4   0.393   0.432   0.465   0.470   0.480    21.1    20.2    20.0    19.5    19.1
53960 20140408  2.422  -91.87   30.09    21.5     7.8    14.7    14.2     1.9    21.35 C    32.9     8.4    16.8    96.1    32.3    72.9   0.377   0.424   0.457   0.428   0.445    19.7    19.7    19.7    19.4    18.9
53960 20140409  2.422  -91.87   30.09    21.8     6.5    14.1    14.2     0.0    26.86 C    35.0     6.3    17.6    94.1    25.6    60.4   0.368   0.413   0.453   0.424   0.430    19.1    19.1    19.1    18.9    18.6
53960 20140410  2.422  -91.87   30.09    22.2     8.3    15.2    16.2     0.0    26.28 C    34.4     7.5    18.7    97.6    39.2    69.3   0.360   0.409   0.448   0.421   0.426    19.3    19.0    19.0    18.8    18.6
53960 20140411  2.422  -91.87   30.09    25.0    12.4    18.7    18.7     0.0    20.79 C    38.9    11.9    20.7    95.2    48.8    72.5   0.352   0.405   0.446   0.420   0.423    20.1    19.3    19.3    19.0    18.8
53960 20140412  2.422  -91.87   30.09    26.4    15.6    21.0    20.9     0.3    23.51 C    38.6    14.6    23.8    99.6    52.3    80.7   0.345   0.403   0.444   0.419   0.420    21.5    20.1    19.9    19.5    19.2
53960 20140413  2.422  -91.87   30.09    26.4    20.3    23.3    23.0     1.1    16.89 C    35.1    19.4    24.4    93.0    61.4    78.6   0.337   0.401   0.443   0.417   0.417    22.4    20.9    20.8    20.2    19.6
53960 20140414  2.422  -91.87   30.09    26.4     9.6    18.0    19.9    26.2     7.15 C    35.6    10.7    21.1    95.0    71.0    86.9   0.361   0.413   0.456   0.450   0.441    22.1    21.2    21.1    20.6    19.9
53960 20140415  2.422  -91.87   30.09    15.0     6.2    10.6    10.1     0.0    27.07 C    27.1     6.4    14.1    87.6    33.0    56.9   0.390   0.432   0.461   0.479   0.481    19.1    19.7    19.8    19.7    19.3
53960 20140416  2.422  -91.87   30.09    18.4     2.5    10.4    11.4     0.0    26.04 C    31.6     2.8    14.9    87.7    47.9    66.5   0.373   0.418   0.411   0.469   0.476    18.3    18.7    19.0    18.9    18.9
53960 20140417  2.422  -91.87   30.09    17.4     8.7    13.0    14.5     0.0     6.84 C    20.0     9.1    15.5    92.8    70.9    82.5   0.366   0.411   0.417   0.452   0.474    17.9    18.4    18.6    18.6    18.7
53960 20140418  2.422  -91.87   30.09    24.4    15.3    19.9    18.8     0.0    20.37 C    36.2    14.3    21.3    94.5    56.5    78.8   0.363   0.409   0.426   0.429   0.472    20.2    19.2    19.1    18.9    19.0
53960 20140419  2.422  -91.87   30.09    25.5    12.0    18.7    18.7     0.0    26.51 C    36.5    11.9    21.5    93.6    39.4    69.1   0.354   0.407   0.386   0.425   0.470    21.1    20.0    19.9    19.5    19.3
53960 20140420  2.422  -91.87   30.09    27.5    11.1    19.3    19.3     0.0    26.53 C    38.7    10.8    21.9    97.4    38.6    70.4   0.344   0.403   0.394   0.421   0.434    21.6    20.5    20.4    20.0    19.6
53960 20140421  2.422  -91.87   30.09    25.2    13.6    19.4    19.6     0.3    23.16 C    37.4    13.5    22.4   100.0    54.4    81.4   0.335   0.401   0.409   0.419   0.420    22.1    20.9    20.9    20.4    19.9
53960 20140422  2.422  -91.87   30.09    27.1    15.9    21.5    20.6     0.0    15.57 C    37.3    14.8    21.8    96.7    51.1    80.7   0.327   0.397   0.412   0.416   0.416    22.0    21.1    21.1    20.6    20.1
53960 20140423  2.422  -91.87   30.09    27.8    13.3    20.6    20.8     0.0    23.34 C    39.1    12.8    22.7    97.7    45.4    76.6   0.318   0.394   0.419   0.413   0.413    22.3    21.3    21.2    20.8    20.3
53960 20140424  2.422  -91.87   30.09    26.9    14.4    20.6    21.3     0.0    20.71 C    37.2    14.0    23.4   100.0    60.8    82.7   0.308   0.388   0.430   0.410   0.409    22.6    21.6    21.5    21.1    20.5
53960 20140425  2.422  -91.87   30.09    29.2    18.6    23.9    23.8     0.0    22.39 C    39.4    17.5    26.1    97.1    50.2    77.6   0.297   0.382   0.389   0.408   0.404    24.2    22.5    22.3    21.7    21.0
53960 20140426  2.422  -91.87   30.09    28.5    18.3    23.4    23.6     0.0    20.59 C    38.1    18.1    25.6   100.0    60.5    82.7   0.286   0.374   0.317   0.404   0.399    24.5    23.0    22.8    22.1    21.4
53960 20140427  2.422  -91.87   30.09    27.6    23.1    25.4    24.8     0.7    16.38 C    34.5    22.5    25.7    88.4    68.7    81.1   0.277   0.366   0.393   0.400   0.395    24.7    23.3    23.1    22.5    21.7
53960 20140428  2.422  -91.87   30.09    28.3    22.7    25.5    24.9     0.0    11.38 C    34.3    22.2    25.5    93.9    71.3    83.8   0.272   0.361   0.376   0.397   0.390    24.5    23.3    23.2    22.6    21.9
53960 20140429  2.422  -91.87   30.09    29.3    20.5    24.9    24.9     0.0    18.72 C    38.5    19.2    26.8    94.8    46.0    79.9   0.269   0.355   0.382   0.392   0.384    25.5    23.8    23.6    23.0    22.2
53960 20140430  2.422  -91.87   30.09    22.2    13.5    17.8    17.7     0.0    22.86 C    34.4    12.3    19.6    79.5    35.9    52.7   0.260   0.347   0.317   0.385   0.376    23.6    23.3    23.3    22.9    22.1
53960 20140501  2.422  -91.87   30.09    22.6     8.7    15.6    16.4     0.0    25.97 C    34.5     7.5    19.3    93.2    28.7    57.3   0.252   0.338   0.334   0.379   0.368    22.4    22.3    22.4    22.1    21.8
53960 20140502  2.422  -91.87   30.09    24.6    10.9    17.8    17.8     0.2    21.94 C    36.2     9.7    19.5    89.6    26.6    59.1   0.247   0.330   0.323   0.374   0.359    22.4    22.1    22.2    21.9    21.7
53960 20140503  2.422  -91.87   30.09    28.2    10.8    19.5    19.9     0.0    25.38 C    39.8     9.5    21.3    97.8    30.2    68.6   0.240   0.322   0.349   0.368   0.348    22.4    21.9    22.0    21.7    21.5
53960 20140504  2.422  -91.87   30.09    29.6    13.1    21.3    20.9     0.0    28.06 C    40.2    11.6    22.7    99.8    31.2    69.0   0.233   0.316   0.344   0.363   0.338    23.2    22.3    22.3    21.9    21.6
53960 20140505  2.422  -91.87   30.09    27.4    11.3    19.4    20.1     0.0    28.28 C    39.6    10.3    22.4   100.0    40.5    72.9   0.226   0.309   0.333   0.358   0.328    23.3    22.5    22.4    22.1    21.7
53960 20140506  2.422  -91.87   30.09    27.4    14.4    20.9    21.3     0.0    23.09 C    39.9    13.7    23.5    96.5    44.3    71.2   0.221   0.302   0.325   0.354   0.321    23.8    22.8    22.7    22.2    21.9
53960 20140507  2.422  -91.87   30.09    28.0    18.6    23.3    23.7     0.0    17.80 C    36.5    17.3    25.0    95.3    57.9    77.2   0.216   0.298   0.318   0.351   0.315    24.1    23.0    22.9    22.5    22.0
53960 20140508  2.422  -91.87   30.09    28.6    21.3    24.9    24.8     0.0    18.09 C    36.7    20.7    26.4    93.1    56.7    76.8   0.213   0.294   0.314   0.349   0.310    24.7    23.4    23.3    22.8    22.2
53960 20140509  2.422  -91.87   30.09    26.4    19.4    22.9    24.1    19.3     6.06 C    28.8    19.7    24.6    94.5    82.3    89.7   0.221   0.291   0.314   0.348   0.307    24.7    23.6    23.6    23.0    22.4
53960 20140510  2.422  -91.87   30.09    28.9    19.2    24.1    23.1     2.7    20.27 C    37.3    19.5    24.9    95.5    66.6    83.8   0.290   0.310   0.335   0.350   0.310    25.1    23.8    23.7    23.1    22.6
53960 20140511  2.422  -91.87   30.09    29.5    21.5    25.5    25.3     0.0    15.82 C    36.6    21.3    26.3    95.9    69.1    83.7   0.272   0.313   0.332   0.351   0.312    25.7    24.3    24.2    23.6    22.9
53960 20140512  2.422  -91.87   30.09    30.4    23.2    26.8    26.2     0.0    19.42 C    41.7    22.4    28.0    88.4    57.9    76.7   0.262   0.312   0.331   0.353   0.314    26.1    24.7    24.6    23.9    23.3
53960 20140513  2.422  -91.87   30.09    29.5    20.2    24.9    24.1     1.0    20.57 C    46.1    19.1    27.6    95.9    53.5    81.7   0.258   0.311   0.311   0.353   0.315    26.2    24.8    24.7    24.1    23.5
53960 20140514  2.422  -91.87   30.09    21.6    12.8    17.2    18.3     0.9     7.87 C    28.3    11.4    19.5    94.7    66.7    82.5   0.255   0.310   0.283   0.354   0.314    24.1    24.1    24.3    23.9    23.2
53960 20140515  2.422  -91.87   30.09    22.5     9.4    16.0    15.5     0.0    29.47 C    40.6     8.5    20.3    90.3    32.7    61.1   0.247   0.307   0.257   0.351   0.314    22.5    22.6    22.9    22.7    22.6
53960 20140516  2.422  -91.87   30.09    26.6    10.5    18.5    19.4     0.0    28.07 C    43.5     9.1    22.6    91.7    38.6    64.3   0.244   0.305   0.295   0.351   0.312    22.8    22.5    22.8    22.5    22.5
53960 20140517  2.422  -91.87   30.09    26.8    15.0    20.9    21.2     0.0    26.54 C    42.5    12.2    24.5    93.7    53.8    72.8   0.239   0.302   0.323   0.351   0.312    23.7    22.9    23.1    22.7    22.6
53960 20140518  2.422  -91.87   30.09    28.8    14.8    21.8    22.1     0.0    27.70 C    49.3    13.2    27.0    96.8    43.4    70.6   0.234   0.300   0.310   0.351   0.311    24.9    23.6    23.6    23.1    22.9
53960 20140519  2.422  -91.87   30.09    29.4    15.7    22.5    23.0     0.0    28.47 C    46.4    14.6    27.0    95.0    26.2    68.9   0.227   0.297   0.316   0.351   0.309    25.4    24.1    24.1    23.5    23.1
53960 20140520  2.422  -91.87   30.09    29.1    19.4    24.3    24.0     0.0    27.54 C    46.0    17.8    28.1    95.2    37.5    73.1   0.221   0.294   0.301   0.352   0.308    26.1    24.6    24.6    23.9    23.4
53960 20140521  2.422  -91.87   30.09    29.4    19.3    24.4    24.0     0.0    25.73 C    47.1    17.1    27.8    97.3    43.0    73.4   0.213   0.291   0.292   0.376   0.307    26.4    24.9    24.9    24.1    23.6
53960 20140522  2.422  -91.87   30.09    30.8    16.1    23.4    23.8     0.0    27.72 C    50.0    15.5    28.9   100.0    36.0    72.2   0.206   0.286   0.313   0.375   0.305    26.7    25.2    25.1    24.3    23.9
53960 20140523  2.422  -91.87   30.09    30.0    17.3    23.6    23.5     0.0    24.90 C    48.7    16.5    28.3   100.0    39.5    75.1   0.199   0.282   0.285   0.352   0.303    27.0    25.5    25.4    24.8    24.0
53960 20140524  2.422  -91.87   30.09    29.7    17.1    23.4    23.5     0.0    19.75 C    48.5    16.7    27.0    96.7    45.5    76.3   0.195   0.279   0.298   0.348   0.301    26.5    25.3    25.3    24.7    24.1
53960 20140525  2.422  -91.87   30.09    30.3    17.7    24.0    24.5     0.0    25.01 C    50.7    16.5    28.9    97.1    46.3    73.1   0.192   0.277   0.291   0.347   0.300    27.0    25.6    25.5    24.9    24.3
53960 20140526  2.422  -91.87   30.09    30.4    17.7    24.1    24.6     0.0    22.98 C    46.5    16.6    28.3    97.1    41.5    74.7   0.190   0.274   0.296   0.346   0.299    27.0    25.7    25.6    25.0    24.3
53960 20140527  2.422  -91.87   30.09    28.4    21.4    24.9    25.1     6.1    11.85 C    37.4    20.7    26.5    94.5    61.6    83.5   0.187   0.273   0.281   0.362   0.297    26.6    25.6    25.6    25.0    24.4
53960 20140528  2.422  -91.87   30.09    27.9    20.3    24.1    23.6   103.0    14.55 C    35.0    20.5    24.9    95.2    57.3    84.2   0.347   0.378   0.378   0.459   0.433    25.4    24.6    24.7    24.3    24.2
53960 20140529  2.422  -91.87   30.09    25.9    21.3    23.6    23.2    40.6     8.35 C    29.9    21.0    24.2    94.7    73.0    88.5   0.398   0.427   0.404   0.490   0.481    25.2    24.7    24.8    24.3    24.2
53960 20140530  2.422  -91.87   30.09    30.3    19.7    25.0    24.9     0.0    25.20 C    43.8    20.1    28.3    97.3    51.2    79.5   0.385   0.421   0.451   0.465   0.478    26.7    25.3    25.2    24.5    24.4
53960 20140531  2.422  -91.87   30.09    30.5    22.6    26.5    24.9     4.4    18.35 C    44.8    22.6    27.7    94.7    58.0    82.7   0.375   0.412   0.412   0.428   0.443    27.5    26.1    25.9    25.1    24.8
53960 20140601  2.422  -91.87   30.09    29.7    22.2    25.9    24.1    44.3    13.63 C    39.2    21.9    25.4    93.5    65.1    87.5   0.402   0.431   0.417   0.456   0.453    26.5    25.9    25.9    25.3    24.9
53960 20140602  2.422  -91.87   30.09    29.4    21.8    25.6    24.5     0.0    20.30 C    40.3    21.5    26.6    96.2    63.2    86.2   0.393   0.432   0.370   0.440   0.455    27.1    25.9    25.9    25.2    25.1
53960 20140603  2.422  -91.87   30.09    30.7    21.7    26.2    24.8    14.0    24.89 C    41.7    21.8    27.9    96.5    52.7    84.4   0.392   0.425   0.443   0.451   0.445    28.1    26.7    26.5    25.6    25.4
53960 20140604  2.422  -91.87   30.09    29.8    21.8    25.8    25.2     1.8    15.42 C    38.1    21.8    26.7    96.7    61.4    84.9   0.398   0.434   0.482   0.496   0.483    27.6    26.7    26.7    25.9    25.5
53960 20140605  2.422  -91.87   30.09    31.1    22.4    26.8    26.1     0.0    21.44 C    40.3    22.7    28.2    96.3    58.3    82.4   0.384   0.422   0.394   0.466   0.482    28.4    27.1    26.9    26.1    25.7
53960 20140606  2.422  -91.87   30.09    32.4    21.3    26.9    26.7     0.0    21.23 C    40.6    21.5    28.6   100.0    53.6    81.3   0.373   0.415   0.452   0.432   0.440    28.7    27.4    27.2    26.4    25.8
53960 20140607  2.422  -91.87   30.09    31.8    22.5    27.2    27.0     0.0    25.10 C    38.8    22.5    28.9    96.4    56.4    78.9   0.364   0.409   0.442   0.428   0.421    29.2    27.8    27.6    26.8    26.1
53960 20140608  2.422  -91.87   30.09    31.7    21.9    26.8    26.7     0.0    21.08 C    38.7    21.6    27.8    97.0    57.5    79.7   0.354   0.403   0.441   0.424   0.415    28.8    27.7    27.7    27.0    26.3
53960 20140609  2.422  -91.87   30.09    30.8    23.4    27.1    27.2     0.0    23.37 C    36.9    23.6    28.2    91.9    58.2    75.4   0.344   0.397   0.443   0.425   0.410    29.0    27.7    27.8    26.9    26.5
53960 20140610  2.422  -91.87   30.09    29.7    20.7    25.2    25.9    37.8    12.76 C    32.8    20.9    25.9    93.5    64.4    80.8   0.387   0.430   0.350   0.468   0.460    27.5    27.0    27.2    26.7    26.4
53960 20140611  2.422  -91.87   30.09    30.4    19.2    24.8    25.0     0.0    28.56 C    43.7    18.4    27.6    96.7    46.2    73.8   0.385   0.425   0.399   0.436   0.445    28.1    27.1    27.1    26.5    26.4
53960 20140612  2.422  -91.87   30.09    31.5    20.5    26.0    25.8     1.7    18.03 C    46.6    20.2    28.2    96.6    58.0    82.5   0.377   0.412   0.457   0.431   0.423    28.3    27.4    27.3    26.7    26.4
53960 20140613  2.422  -91.87   30.09    28.1    20.0    24.1    24.8     0.7    14.84 C    40.8    21.4    27.3    95.8    61.3    83.7   0.374   0.409   0.448   0.427   0.420    28.2    27.4    27.4    26.8    26.4
53960 20140614  2.422  -91.87   30.09    31.4    19.6    25.5    25.5     0.0    26.51 C    49.2    20.0    30.4    97.6    52.5    76.8   0.366   0.405   0.351   0.423   0.417    28.6    27.5    27.4    26.9    26.5
53960 20140615  2.422  -91.87   30.09    31.2    22.0    26.6    26.3     0.0    24.41 C    46.4    21.8    30.3    95.9    59.2    79.3   0.355   0.400   0.373   0.421   0.412    29.0    27.8    27.8    27.2    26.7
53960 20140616  2.422  -91.87   30.09    31.8    22.7    27.3    26.5     0.0    22.70 C    46.2    22.5    30.3    95.5    57.3    79.3   0.345   0.395   0.434   0.423   0.409    29.3    28.1    28.0    27.1    26.9
53960 20140617  2.422  -91.87   30.09    31.9    23.0    27.4    27.3     0.0    26.47 C    47.8    22.9    31.4    95.8    55.9    78.9   0.333   0.388   0.414   0.421   0.405    29.6    28.3    28.2    27.2    27.1
53960 20140618  2.422  -91.87   30.09    31.6    21.9    26.8    27.1     0.0    26.08 C    47.0    21.8    31.0    96.8    44.5    74.4   0.318   0.382   0.429   0.420   0.400    29.7    28.5    28.4    27.4    27.3
53960 20140619  2.422  -91.87   30.09    31.9    21.5    26.7    26.7     0.0    27.18 C    48.1    21.4    31.2    96.2    44.8    74.8   0.303   0.374   0.425   0.416   0.395    29.8    28.6    28.5    27.5    27.3
53960 20140620  2.422  -91.87   30.09    31.7    21.1    26.4    25.9     0.0    21.47 C    47.0    20.8    29.7    96.8    52.8    80.2   0.286   0.365   0.418   0.412   0.389    29.3    28.4    28.5    27.7    27.3
53960 20140621  2.422  -91.87   30.09    32.6    21.3    26.9    26.8     0.0    26.10 C    47.1    21.3    30.9    96.7    47.9    76.3   0.269   0.358   0.410   0.408   0.384    29.6    28.5    28.5    27.7    27.4
53960 20140622  2.422  -91.87   30.09    32.0    22.1    27.1    27.1     0.0    19.33 C    44.0    22.3    29.7    94.1    52.1    77.4   0.251   0.349   0.401   0.401   0.377    29.5    28.6    28.6    28.0    27.4
53960 20140623  2.422  -91.87   30.09    32.6    23.7    28.1    27.4     0.0    17.76 C    42.0    23.4    29.2    95.0    41.3    76.1   0.236   0.341   0.391   0.401   0.371    29.3    28.4    28.4    27.7    27.4
53960 20140624  2.422  -91.87   30.09    32.3    21.8    27.0    25.0    98.6    11.22 C    42.8    21.4    26.0    95.0    57.1    84.5   0.308   0.379   0.424   0.449   0.427    27.4    27.3    27.5    27.1    26.9
53960 20140625  2.422  -91.87   30.09    30.5    22.0    26.3    24.0    42.2     8.28 C    37.6    22.3    25.0    96.1    73.5    91.0   0.406   0.435   0.459   0.464   0.463    26.7    26.6    26.7    26.5    26.6
53960 20140626  2.422  -91.87   30.09    31.0    22.2    26.6    25.0     2.4    18.23 C    36.8    22.4    26.5    95.5    60.3    86.7   0.402   0.434   0.455   0.445   0.454    27.6    26.8    26.8    26.5    26.6
53960 20140627  2.422  -91.87   30.09    28.9    21.0    25.0    23.9    34.4    10.77 C    31.5    21.1    24.6    94.9    67.0    88.4   0.420   0.439   0.472   0.494   0.490    26.9    26.6    26.8    26.4    26.5
53960 20140628  2.422  -91.87   30.09    30.8    22.8    26.8    27.0     0.0    16.09 C    35.1    23.0    27.7    94.7    71.4    84.8   0.402   0.427   0.458   0.441   0.455    27.8    26.9    26.9    26.5    26.6
53960 20140629  2.422  -91.87   30.09    31.5    25.6    28.6    28.1     0.0    23.96 C    36.4    25.1    29.3    92.7    64.7    80.4   0.384   0.414   0.384   0.432   0.431    29.2    27.8    27.7    27.1    27.0
53960 20140630  2.422  -91.87   30.09    31.8    23.0    27.4    27.6     0.0    27.20 C    36.9    22.9    29.1    96.6    58.8    79.8   0.370   0.407   0.420   0.428   0.422    29.8    28.4    28.3    27.4    27.3
53960 20140701  2.422  -91.87   30.09    33.0    22.9    27.9    27.7     0.0    23.95 C    38.4    22.4    29.0    96.3    56.4    79.2   0.359   0.401   0.447   0.427   0.416    29.8    28.6    28.6    27.5    27.5
53960 20140702  2.422  -91.87   30.09    32.5    22.1    27.3    27.5     0.0    24.37 C    39.6    22.1    29.0    96.6    54.0    76.4   0.348   0.396   0.443   0.426   0.413    29.8    28.8    28.7    27.8    27.6
53960 20140703  2.422  -91.87   30.09    32.1    20.2    26.1    26.5     0.0    27.05 C    39.1    20.3    28.7    95.1    50.3    75.9   0.335   0.390   0.431   0.417   0.410    29.5    28.6    28.6    28.0    27.6
53960 20140704  2.422  -91.87   30.09    31.0    20.7    25.9    26.0     0.0    27.66 C    40.6    19.8    28.8    91.8    45.7    71.0   0.319   0.383   0.431   0.420   0.404    29.6    28.7    28.8    27.9    27.7
53960 20140705  2.422  -91.87   30.09    31.4    18.9    25.1    24.7     0.0    28.76 C    43.5    18.0    28.4    95.2    35.3    71.1   0.305   0.375   0.408   0.418   0.398    28.8    28.3    28.4    27.7    27.5
53960 20140706  2.422  -91.87   30.09    32.7    17.8    25.3    25.5     0.0    28.28 C    46.2    17.2    29.8    99.0    39.3    72.0   0.290   0.366   0.357   0.415   0.393    28.6    28.0    28.1    27.6    27.3
53960 20140707  2.422  -91.87   30.09    32.4    20.1    26.3    26.4     0.0    23.44 C    48.2    19.5    30.2    96.7    47.7    74.9   0.277   0.358   0.266   0.406   0.387    28.8    28.1    28.1    27.7    27.4
53960 20140708  2.422  -91.87   30.09    32.1    20.0    26.1    24.8    39.9    16.76 C    44.9    20.7    27.1    95.5    59.0    84.9   0.311   0.376   0.388   0.431   0.417    28.1    27.8    27.9    27.5    27.2
53960 20140709  2.422  -91.87   30.09    32.1    21.1    26.6    24.7     8.6    13.37 C    43.4    21.4    26.3    96.3    59.2    86.9   0.385   0.417   0.434   0.440   0.456    27.5    27.2    27.3    27.1    26.9
53960 20140710  2.422  -91.87   30.09    32.3    21.2    26.7    25.5    18.3    17.68 C    45.3    21.3    27.8    96.8    58.7    85.4   0.400   0.425   0.453   0.457   0.482    27.5    27.1    27.3    26.9    26.8
53960 20140711  2.422  -91.87   30.09    33.4    21.8    27.6    27.1     0.0    25.51 C    45.6    21.8    30.9    96.8    50.3    77.9   0.390   0.417   0.432   0.436   0.439    28.7    27.7    27.6    27.1    27.0
53960 20140712  2.422  -91.87   30.09    33.6    21.7    27.7    26.4     0.0    23.82 C    46.1    22.0    30.3    96.6    52.0    81.1   0.374   0.406   0.452   0.431   0.424    29.2    28.2    28.2    27.6    27.2
53960 20140713  2.422  -91.87   30.09    32.3    22.4    27.3    25.2     1.1    15.45 C    47.8    22.8    27.9    95.9    57.5    86.2   0.366   0.402   0.401   0.431   0.418    28.8    28.2    28.3    27.6    27.3
53960 20140714  2.422  -91.87   30.09    32.6    22.0    27.3    26.6     0.0    18.91 C    44.0    22.4    29.4    96.3    53.4    82.2   0.361   0.399   0.267   0.430   0.414    28.7    28.0    28.1    27.5    27.3
53960 20140715  2.422  -91.87   30.09    29.0    22.1    25.6    25.0     1.6    11.83 C    36.7    22.4    26.6    96.7    72.7    88.4   0.356   0.396   0.270   0.427   0.411    28.1    27.8    28.0    27.5    27.3
53960 20140716  2.422  -91.87   30.09    30.3    20.5    25.4    25.0     0.0    27.37 C    42.9    19.2    28.9    96.9    43.1    72.8   0.351   0.393   0.374   0.427   0.406    28.6    27.8    27.9    27.4    27.2
53960 20140717  2.422  -91.87   30.09    30.1    18.0    24.1    23.7    24.7    14.63 C    44.3    18.0    26.0    95.0    57.1    83.1   0.351   0.394   0.438   0.433   0.410    27.7    27.5    27.6    27.3    27.1
53960 20140718  2.422  -91.87   30.09    25.3    22.6    23.9    23.6   130.6     3.29 C    27.0    22.5    23.9    96.2    89.2    93.3   0.427   0.457   0.450   0.503   0.498    25.9    26.1    26.3    26.3    26.4
53960 20140719  2.422  -91.87   30.09    27.8    22.5    25.1    24.9    15.3    10.98 C    31.4    22.7    26.0    96.8    75.0    90.7   0.417   0.454   0.434   0.479   0.482    26.7    26.2    26.3    26.1    26.4
53960 20140720  2.422  -91.87   30.09    30.5    22.9    26.7    25.7     0.0    14.93 C    43.9    22.9    28.7    95.8    70.6    88.2   0.399   0.431   0.383   0.440   0.448    27.9    27.0    27.0    26.5    26.7
53960 20140721  2.422  -91.87   30.09    32.1    22.2    27.2    27.1     0.0    21.31 C    47.2    22.5    31.5   100.0    59.6    82.1   0.385   0.413   0.452   0.435   0.431    29.1    27.7    27.6    27.0    26.9
53960 20140722  2.422  -91.87   30.09    31.6    22.5    27.1    26.8     0.0    24.56 C    47.5    22.5    31.8    95.8    50.6    76.9   0.375   0.408   0.328   0.434   0.425    29.8    28.4    28.3    27.5    27.3
53960 20140723  2.422  -91.87   30.09    32.1    22.3    27.2    25.8     2.6    22.49 C    47.9    22.3    30.4    96.3    55.8    83.4   0.368   0.405   0.396   0.432   0.419    29.8    28.7    28.6    27.9    27.5
53960 20140724  2.422  -91.87   30.09    32.0    22.3    27.2    26.2     0.0    21.26 C    49.7    22.5    30.4    96.6    58.4    83.6   0.364   0.402   0.374   0.431   0.418    29.8    28.7    28.7    28.0    27.6
53960 20140725  2.422  -91.87   30.09    32.8    22.5    27.6    26.4    65.0    18.83 C    49.7    22.6    29.7    96.6    58.8    85.0   0.385   0.420   0.287   0.449   0.444    29.2    28.5    28.7    28.1    27.7
53960 20140726  2.422  -91.87   30.09    32.5    23.1    27.8    27.6     0.0    24.57 C    46.4    23.1    31.2    96.8    60.4    80.7   0.398   0.429   0.403   0.440   0.440    29.8    28.6    28.6    28.1    27.9
53960 20140727  2.422  -91.87   30.09    33.2    23.5    28.3    28.2     0.0    24.82 C    46.3    23.3    31.6    96.9    58.1    79.2   0.382   0.412   0.398   0.435   0.427    30.4    29.1    29.1    28.4    28.1
53960 20140728  2.422  -91.87   30.09    33.0    23.4    28.2    27.9     0.5    21.09 C    47.3    23.6    31.3    95.6    59.1    78.5   0.372   0.406   0.426   0.431   0.421    30.5    29.3    29.4    28.6    28.4
53960 20140729  2.422  -91.87   30.09    31.4    21.4    26.4    25.9     0.0    20.20 C    47.7    21.5    30.4    94.0    51.8    78.0   0.365   0.403   0.270   0.429   0.416    30.3    29.2    29.4    28.6    28.3
53960 20140730  2.422  -91.87   30.09    30.8    20.0    25.4    25.0     0.0    26.97 C    47.8    20.1    30.2    93.4    44.9    72.2   0.357   0.398   0.280   0.429   0.411    29.7    29.0    29.2    28.5    28.3
53960 20140731  2.422  -91.87   30.09    30.8    19.3    25.1    25.2     0.0    19.87 C    47.6    19.6    29.1    95.2    56.1    77.5   0.348   0.392   0.280   0.420   0.408    29.3    28.7    28.9    28.4    28.2
53960 20140801  2.422  -91.87   30.09    29.5    23.7    26.6    25.8     8.6    12.74 C    39.8    23.6    27.5    94.5    66.2    85.9   0.364   0.403   0.286   0.427   0.413    29.1    28.6    28.8    28.2    28.2
53960 20140802  2.422  -91.87   30.09    30.5    23.2    26.9    26.3     5.3    18.41 C    42.5    23.7    28.7    94.3    62.1    84.6   0.375   0.406   0.287   0.430   0.418    29.5    28.7    28.8    28.1    28.2
53960 20140803  2.422  -91.87   30.09    30.4    22.9    26.6    26.1     2.9    13.01 C    43.3    23.4    28.2    94.2    64.8    84.6   0.373   0.404   0.319   0.431   0.418    29.3    28.7    28.8    28.1    28.2
53960 20140804  2.422  -91.87   30.09    31.7    21.2    26.4    26.4     0.0    22.20 C    46.4    21.7    30.3    95.3    55.5    80.4   0.369   0.400   0.351   0.426   0.416    29.7    28.8    28.8    28.2    28.1
53960 20140805  2.422  -91.87   30.09    33.6    22.8    28.2    27.2     0.0    22.08 C    47.7    23.1    31.5    96.5    52.2    81.1   0.361   0.397   0.351   0.426   0.412    30.5    29.3    29.3    28.5    28.3
53960 20140806  2.422  -91.87   30.09    33.3    23.1    28.2    27.8     0.0    25.96 C    47.8    23.6    31.9    96.8    52.9    78.4   0.352   0.393   0.316   0.427   0.408    30.9    29.7    29.7    28.7    28.6
53960 20140807  2.422  -91.87   30.09    32.4    22.8    27.6    27.2     0.6    19.29 C    46.6    23.0    30.1    96.7    60.2    82.3   0.344   0.389   0.336   0.425   0.405    30.7    29.7    29.8    28.9    28.6
53960 20140808  2.422  -91.87   30.09    32.7    23.5    28.1    27.6     0.0    24.18 C    44.1    23.5    30.6    96.1    57.5    81.4   0.335   0.385   0.401   0.423   0.401    30.7    29.7    29.7    28.9    28.7
53960 20140809  2.422  -91.87   30.09    33.2    23.8    28.5    26.7     0.0    15.34 C    46.0    23.6    28.8    96.7    55.8    85.4   0.328   0.380   0.402   0.420   0.397    30.1    29.5    29.6    28.9    28.7
53960 20140810  2.422  -91.87   30.09    30.6    23.4    27.0    26.5     0.7    12.66 C    40.5    23.7    28.2    95.9    68.3    85.7   0.323   0.377   0.423   0.416   0.394    29.4    29.0    29.2    28.6    28.6
53960 20140811  2.422  -91.87   30.09    32.2    22.2    27.2    26.2    12.1    19.23 C    43.2    22.6    28.4    96.4    59.1    83.5   0.339   0.383   0.427   0.418   0.392    29.7    29.0    29.1    28.5    28.5
53960 20140812  2.422  -91.87   30.09    31.8    20.9    26.4    26.2     0.3    22.13 C    40.9    21.3    28.9    96.7    58.6    82.6   0.345   0.383   0.359   0.419   0.393    29.9    29.1    29.2    28.5    28.4
53960 20140813  2.422  -91.87   30.09    31.0    20.7    25.8    25.7     0.0    25.53 C    40.7    19.9    28.4    96.1    51.1    76.1   0.329   0.376   0.423   0.416   0.391    30.2    29.3    29.4    28.7    28.5
53960 20140814  2.422  -91.87   30.09    30.7    19.2    25.0    24.5     0.0    26.58 C    39.7    18.8    27.0    95.6    44.1    74.8   0.315   0.369   0.389   0.405   0.389    29.2    28.9    29.0    28.6    28.3
53960 20140815  2.422  -91.87   30.09    31.5    19.0    25.2    25.4     0.0    19.54 C    41.0    19.0    27.4    97.1    56.3    79.4   0.301   0.362   0.281   0.402   0.385    29.0    28.5    28.7    28.3    28.2
53960 20140816  2.422  -91.87   30.09    32.4    22.6    27.5    27.2     0.0    22.65 C    40.4    22.5    28.8    96.1    54.6    80.9   0.287   0.356   0.401   0.400   0.381    29.7    28.9    28.9    28.4    28.3
53960 20140817  2.422  -91.87   30.09    32.5    22.6    27.5    25.9     2.8    13.57 C    36.7    22.6    26.7    96.5    60.6    87.4   0.277   0.350   0.393   0.410   0.376    29.2    28.7    29.0    28.2    28.4
53960 20140818  2.422  -91.87   30.09    33.3    23.1    28.2    27.3     5.0    20.47 C    37.8    22.7    28.0    97.0    51.4    81.4   0.286   0.348   0.385   0.408   0.373    29.2    28.5    28.7    28.0    28.3
53960 20140819  2.422  -91.87   30.09    33.3    22.8    28.1    26.0     0.0    17.12 C    40.7    22.5    27.1    95.7    54.7    85.0   0.293   0.346   0.381   0.406   0.370    29.2    28.6    28.8    28.1    28.3
53960 20140820  2.422  -91.87   30.09    32.8    22.3    27.6    26.0     0.6    14.34 C    37.7    22.1    27.0    96.3    57.8    85.7   0.280   0.343   0.378   0.405   0.367    28.7    28.3    28.6    28.0    28.1
53960 20140821  2.422  -91.87   30.09    31.8    23.5    27.7    25.2    10.4     7.71 C    36.2    23.2    25.7    96.0    66.6    89.8   0.290   0.342   0.373   0.404   0.365    28.1    28.0    28.3    27.8    28.0
53960 20140822  2.422  -91.87   30.09    33.2    21.6    27.4    27.2     0.0    23.21 C    39.2    21.8    28.8    96.8    54.9    81.7   0.300   0.346   0.372   0.403   0.364    29.0    28.1    28.2    27.7    28.0
53960 20140823  2.422  -91.87   30.09    33.5    23.1    28.3    27.8     0.0    22.57 C    39.0    22.9    29.3    96.9    54.7    81.5   0.284   0.340   0.374   0.402   0.364    29.7    28.7    28.8    28.1    28.2
53960 20140824  2.422  -91.87   30.09    32.9    23.7    28.3    27.9     0.0    19.39 C    39.1    23.3    29.1    96.8    61.1    83.5   0.267   0.335   0.348   0.402   0.362    29.8    28.9    29.0    28.2    28.3
53960 20140825  2.422  -91.87   30.09    33.2    22.8    28.0    26.8    20.5    17.47 C    38.1    22.9    27.7    97.3    60.3    85.1   0.279   0.331   0.222   0.402   0.367    29.5    28.9    29.1    28.3    28.3
53960 20140826  2.422  -91.87   30.09    30.2    23.1    26.6    25.9     0.0    13.83 C    34.1    23.0    26.6    96.1    63.2    85.5   0.331   0.345   0.336   0.405   0.387    28.8    28.4    28.6    28.1    28.2
53960 20140827  2.422  -91.87   30.09    31.7    22.7    27.2    26.0     0.6    16.72 C    41.1    22.4    27.5    96.1    60.2    84.4   0.314   0.342   0.396   0.403   0.382    28.7    28.3    28.5    27.9    28.1
53960 20140828  2.422  -91.87   30.09    31.5    23.8    27.6    26.9     0.0    16.32 C    41.6    23.9    29.2    95.7    58.8    83.1   0.304   0.340   0.394   0.402   0.380    29.1    28.4    28.6    27.9    28.2
53960 20140829  2.422  -91.87   30.09    28.3    22.8    25.6    25.3     2.4     9.14 C    32.3    22.3    26.3    95.2    78.6    87.9   0.296   0.338   0.392   0.401   0.378    28.2    28.1    28.4    27.8    28.0
53960 20140830  2.422  -91.87   30.09    25.9    22.7    24.3    23.8    58.9     4.03 C    28.8    23.0    24.2    94.8    86.1    92.6   0.388   0.402   0.442   0.462   0.457    26.7    27.0    27.4    27.2    27.4
53960 20140831  2.422  -91.87   30.09    32.1    22.9    27.5    26.9     0.0    20.31 C    41.7    23.1    28.8    95.7    59.2    82.8   0.400   0.427   0.448   0.436   0.434    28.0    27.2    27.3    27.0    27.4
53960 20140901  2.422  -91.87   30.09    32.0    24.1    28.0    27.4     0.0    19.04 C    40.8    23.9    29.1    96.7    59.1    83.2   0.376   0.409   0.444   0.427   0.420    28.8    28.0    28.1    27.4    27.7
53960 20140902  2.422  -91.87   30.09    32.2    23.7    27.9    27.1     0.0    18.82 C    43.1    23.6    29.2    96.3    59.1    82.6   0.366   0.401   0.441   0.424   0.410    29.1    28.2    28.4    27.6    27.9
53960 20140903  2.422  -91.87   30.09    32.4    22.7    27.5    25.9     3.3    19.61 C    43.6    22.9    28.9    95.6    56.1    83.9   0.359   0.397   0.438   0.422   0.404    29.3    28.5    28.6    27.9    28.1
53960 20140904  2.422  -91.87   30.09    31.4    21.5    26.5    25.9     3.6    18.49 C    42.4    21.6    28.1    97.0    61.3    83.9   0.359   0.394   0.435   0.421   0.402    29.0    28.4    28.5    27.8    28.1
53960 20140905  2.422  -91.87   30.09    31.4    22.1    26.7    25.6     0.0    17.08 C    41.7    22.1    27.9    96.6    62.2    86.9   0.357   0.391   0.359   0.419   0.401    29.0    28.4    28.6    27.9    28.1
53960 20140906  2.422  -91.87   30.09    30.4    21.8    26.1    25.1     1.1    14.18 C    41.4    22.2    27.1   100.0    66.1    89.6   0.352   0.388   0.288   0.418   0.398    28.8    28.3    28.5    27.9    28.0
53960 20140907  2.422  -91.87   30.09    31.4    21.4    26.4    25.3     0.0    14.94 C    41.9    21.7    27.4    99.3    61.8    87.1   0.349   0.386   0.395   0.416   0.396    28.7    28.2    28.5    27.8    28.0
53960 20140908  2.422  -91.87   30.09    32.1    22.5    27.3    26.2     0.0    19.48 C    41.1    22.5    28.6   100.0    57.5    84.9   0.342   0.382   0.384   0.414   0.393    29.2    28.4    28.8    27.9    28.1
53960 20140909  2.422  -91.87   30.09    32.5    22.3    27.4    26.5     1.1    18.14 C    43.7    22.3    28.6    97.1    59.1    83.9   0.333   0.378   0.379   0.413   0.389    29.3    28.5    29.1    28.0    28.1
53960 20140910  2.422  -91.87   30.09    32.7    21.8    27.3    27.0     0.0    21.19 C    40.5    21.8    28.9    97.2    54.1    80.5   0.322   0.373   0.372   0.410   0.387    29.2    28.6    29.1    28.0    28.1
53960 20140911  2.422  -91.87   30.09    32.1    22.5    27.3    25.7     0.0    11.67 C    43.3    22.5    27.3    97.0    61.4    87.0   0.312   0.369   0.364   0.409   0.384    28.8    28.4    28.9    28.0    28.1
53960 20140912  2.422  -91.87   30.09    31.7    22.2    26.9    25.8     0.0    12.70 C    40.2    22.1    27.3    97.2    63.6    86.9   0.306   0.365   0.359   0.407   0.381    28.5    28.1    28.6    27.9    27.9
53960 20140913  2.422  -91.87   30.09    24.4    20.4    22.4    22.5     0.0     7.74 C    28.8    20.6    23.9    95.7    79.9    87.9   0.302   0.358   0.353   0.406   0.378    27.6    27.6    28.2    27.7    27.8
53960 20140914  2.422  -91.87   30.09    27.4    20.2    23.8    22.7     0.0    14.13 C    35.2    20.9    24.9    95.3    73.7    86.4   0.295   0.353   0.347   0.404   0.377    27.1    27.0    27.5    27.2    27.5
53960 20140915  2.422  -91.87   30.09    32.3    21.0    26.6    25.1     5.0    16.41 C    41.9    20.8    27.1    96.5    58.3    85.7   0.293   0.347   0.340   0.403   0.374    27.8    27.3    27.8    27.1    27.5
53960 20140916  2.422  -91.87   30.09    31.3    21.7    26.5    24.7     9.6    15.92 C    42.2    21.9    26.9    97.4    62.4    89.1   0.310   0.349   0.335   0.402   0.371    28.1    27.5    28.0    27.3    27.5
53960 20140917  2.422  -91.87   30.09    31.0    20.8    25.9    25.1     0.0    21.14 C    40.7    21.0    28.0    97.1    59.5    85.1   0.330   0.359   0.332   0.401   0.370    28.5    27.8    28.2    27.3    27.5
53960 20140918  2.422  -91.87   30.09    28.5    22.0    25.3    24.6     8.0     8.10 C    33.3    22.4    25.9   100.0    70.8    90.5   0.321   0.357   0.332   0.401   0.369    28.1    27.8    28.3    27.4    27.5
53960 20140919  2.422  -91.87   30.09    30.2    21.9    26.0    25.0     0.3    19.01 C    36.0    21.0    26.2    95.9    56.5    81.1   0.336   0.360   0.331   0.401   0.369    28.0    27.6    28.0    27.2    27.5
53960 20140920  2.422  -91.87   30.09    30.6    20.3    25.4    24.7     0.0    20.36 C    36.7    19.8    25.6    95.9    49.3    79.0   0.320   0.357   0.332   0.400   0.369    27.6    27.4    27.8    27.1    27.4
53960 20140921  2.422  -91.87   30.09    30.7    20.1    25.4    24.5     0.0    22.39 C    37.3    19.4    26.1    97.1    49.5    79.2   0.307   0.352   0.329   0.400   0.368    27.6    27.3    27.7    27.0    27.3
53960 20140922  2.422  -91.87   30.09    31.0    17.9    24.4    23.9     0.0    20.03 C    38.9    16.2    25.3    97.4    54.8    76.9   0.295   0.347   0.328   0.398   0.365    27.4    27.1    27.5    27.0    27.2
53960 20140923  2.422  -91.87   30.09    28.6    14.2    21.4    20.7     0.0    23.39 C    36.1    13.2    22.0    95.7    35.5    69.2   0.282   0.341   0.324   0.396   0.363    26.1    26.5    26.9    26.6    26.9
53960 20140924  2.422  -91.87   30.09    29.6    15.1    22.3    22.6     0.0    19.99 C    37.5    14.3    24.0    94.8    53.7    77.5   0.269   0.336   0.316   0.395   0.359    25.9    26.0    26.3    26.2    26.6
53960 20140925  2.422  -91.87   30.09    28.5    18.2    23.4    22.9     0.0    15.73 C    35.9    17.9    23.9    96.0    52.7    77.7   0.258   0.331   0.309   0.393   0.356    26.3    26.2    26.6    26.2    26.6
53960 20140926  2.422  -91.87   30.09    28.9    18.3    23.6    22.8     0.0    17.49 C    37.3    17.5    24.0    96.1    50.3    78.2   0.248   0.325   0.301   0.391   0.352    26.2    26.0    26.4    26.0    26.4
53960 20140927  2.422  -91.87   30.09    28.5    18.3    23.4    23.3     0.0    14.95 C    38.2    17.6    24.5    96.3    56.3    80.0   0.238   0.320   0.294   0.390   0.348    26.1    26.0    26.3    25.9    26.3
53960 20140928  2.422  -91.87   30.09    27.9    22.0    25.0    24.1     9.5     8.89 C    33.0    22.0    25.2    95.3    74.1    86.4   0.248   0.318   0.289   0.388   0.346    26.5    26.2    26.6    26.0    26.4
53960 20140929  2.422  -91.87   30.09    29.2    21.8    25.5    24.7     3.8    12.45 C    37.2    21.5    26.1    96.7    69.0    88.6   0.295   0.320   0.287   0.388   0.344    27.1    26.5    26.9    26.1    26.5
53960 20140930  2.422  -91.87   30.09    31.2    20.2    25.7    25.2     0.0    19.48 C    37.6    20.2    26.8   100.0    56.7    82.7   0.292   0.322   0.285   0.388   0.343    27.5    26.8    27.2    26.3    26.6
53960 20141001  2.422  -91.87   30.09    29.6    23.1    26.3    25.3     7.0     9.37 C    34.5    22.8    25.9    96.0    74.8    89.3   0.294   0.322   0.286   0.388   0.343    27.3    26.8    27.2    26.4    26.7
53960 20141002  2.422  -91.87   30.09    31.4    24.2    27.8    27.4     0.0    18.40 C    35.3    24.1    28.3    96.8    62.4    83.9   0.292   0.324   0.288   0.388   0.342    28.1    27.1    27.6    26.6    26.9
53960 20141003  2.422  -91.87   30.09    26.9    16.4    21.6    22.6    16.6    13.93 C    32.8    15.3    23.4    94.5    59.1    81.7   0.334   0.366   0.365   0.402   0.400    27.0    26.9    27.3    26.6    26.8
53960 20141004  2.422  -91.87   30.09    22.1    10.6    16.4    16.2     0.0    22.29 C    28.7     9.7    17.8    95.3    34.2    70.7   0.322   0.361   0.376   0.401   0.388    24.7    25.6    25.9    26.0    26.2
53960 20141005  2.422  -91.87   30.09    25.8     9.9    17.8    18.1     0.0    21.26 C    31.3     8.6    18.9    96.6    40.8    74.5   0.307   0.352   0.368   0.398   0.378    23.3    24.2    24.5    25.0    25.5
53960 20141006  2.422  -91.87   30.09    28.2    16.4    22.3    20.7     1.8    10.73 C    32.5    15.6    20.7    97.0    55.9    84.6   0.299   0.344   0.363   0.394   0.371    23.7    24.2    24.5    24.6    25.3
53960 20141007  2.422  -91.87   30.09    29.8    15.9    22.9    23.1     0.0    19.39 C    34.7    15.9    24.0    97.2    58.0    83.5   0.294   0.340   0.360   0.393   0.368    24.6    24.4    24.7    24.5    25.2
53960 20141008  2.422  -91.87   30.09    30.1    17.1    23.6    23.8     0.3    18.15 C    36.1    17.0    25.1   100.0    49.5    83.3   0.284   0.336   0.354   0.391   0.364    25.4    25.0    25.3    24.9    25.3
53960 20141009  2.422  -91.87   30.09    30.7    21.6    26.2    25.5     0.0    16.89 C    36.2    21.1    26.4    97.3    59.7    84.3   0.274   0.331   0.347   0.389   0.361    26.3    25.6    25.9    25.2    25.6
53960 20141010  2.422  -91.87   30.09    30.7    21.3    26.0    25.6     0.0    18.99 C    36.0    20.8    26.4   100.0    52.8    81.9   0.262   0.326   0.339   0.389   0.357    26.5    25.9    26.3    25.5    25.8
53960 20141011  2.422  -91.87   30.09    30.2    19.8    25.0    24.1     2.5    16.46 C    39.6    19.7    25.3   100.0    58.4    86.3   0.253   0.321   0.332   0.387   0.354    26.4    26.0    26.4    25.6    25.8
53960 20141012  2.422  -91.87   30.09    30.2    20.0    25.1    25.1     0.0    17.13 C    34.9    19.9    25.9    97.2    58.5    82.0   0.248   0.318   0.324   0.387   0.351    26.4    25.9    26.3    25.6    25.8
53960 20141013  2.422  -91.87   30.09    30.2    16.8    23.5    23.4    11.8    10.68 C    37.0    16.2    24.0    92.9    63.6    82.9   0.257   0.316   0.318   0.385   0.348    25.9    25.9    26.3    25.6    25.9
53960 20141014  2.422  -91.87   30.09    23.3    11.9    17.6    17.2     0.0    20.45 C    29.9    10.0    18.1    89.1    35.8    66.5   0.282   0.319   0.314   0.384   0.344    23.7    24.5    24.9    25.0    25.3
53960 20141015  2.422  -91.87   30.09    25.4    10.9    18.1    17.4     0.0    20.39 C    35.7     9.3    18.8    94.1    32.7    65.0   0.274   0.318   0.309   0.383   0.343    22.4    23.5    23.6    24.3    24.6
53960 20141016  2.422  -91.87   30.09    28.0    10.9    19.4    19.0     0.0    19.73 C    39.2     9.7    21.1    97.7    36.0    74.8   0.266   0.316   0.305   0.383   0.343    22.6    23.2    23.3    23.9    24.3
53960 20141017  2.422  -91.87   30.09    27.9    13.2    20.5    20.5     0.0    18.54 C    41.3    12.4    22.6    97.5    49.3    79.1   0.257   0.313   0.302   0.382   0.341    23.0    23.3    23.5    23.8    24.1
53960 20141018  2.422  -91.87   30.09    28.1    14.2    21.2    21.0     0.0    16.03 C    42.7    13.5    23.5    97.5    46.9    78.5   0.249   0.312   0.298   0.381   0.339    23.4    23.5    23.7    23.8    24.1
53960 20141019  2.422  -91.87   30.09    25.3    13.6    19.4    18.7     0.0    18.46 C    36.8    12.7    21.1    91.5    51.5    74.2   0.246   0.310   0.293   0.380   0.337    23.3    23.5    23.8    23.7    24.1
53960 20141020  2.422  -91.87   30.09    25.6    11.8    18.7    17.9     0.0    18.02 C    39.8    11.2    20.4    96.4    43.9    77.7   0.239   0.307   0.287   0.379   0.334    22.6    23.1    23.3    23.5    23.8
53960 20141021  2.422  -91.87   30.09    26.3    11.5    18.9    18.5     0.0    18.46 C    38.5    10.5    20.7    96.0    42.6    74.9   0.232   0.304   0.282   0.378   0.332    22.3    22.7    22.9    23.2    23.6
53960 20141022  2.422  -91.87   30.09    25.9    12.9    19.4    18.6     0.0    18.52 C    38.2    10.7    20.4    96.4    44.7    75.7   0.225   0.301   0.275   0.376   0.328    22.2    22.6    22.8    23.1    23.5
53960 20141023  2.422  -91.87   30.09    23.6     9.9    16.7    15.7     0.0    16.62 C    37.6     7.7    17.5    94.6    41.3    74.9   0.220   0.298   0.269   0.374   0.325    21.2    22.0    22.2    22.7    23.2
53960 20141024  2.422  -91.87   30.09    23.9     8.8    16.3    15.0     0.0    18.60 C    37.2     6.5    17.5    97.3    32.8    75.3   0.215   0.294   0.263   0.372   0.321    20.5    21.4    21.6    22.2    22.8
53960 20141025  2.422  -91.87   30.09    27.2     7.9    17.5    16.7     0.0    18.32 C    40.4     5.9    19.4    97.4    32.4    73.4   0.211   0.291   0.258   0.371   0.317    20.5    21.2    21.4    22.0    22.5
53960 20141026  2.422  -91.87   30.09    28.6    10.5    19.5    18.9     0.0    17.46 C    41.8     9.9    21.3    97.3    35.7    72.7   0.207   0.287   0.253   0.368   0.314    21.2    21.4    21.6    22.0    22.4
53960 20141027  2.422  -91.87   30.09    27.3    11.6    19.4    19.7     0.0    15.18 C    39.7    10.7    21.7   100.0    56.4    84.5   0.204   0.284   0.250   0.367   0.311    21.6    21.7    21.9    22.1    22.5
53960 20141028  2.422  -91.87   30.09    29.3    17.8    23.6    22.4     0.0    15.42 C    42.6    16.4    24.4    97.3    48.4    80.1   0.202   0.282   0.247   0.366   0.308    22.8    22.3    22.6    22.4    22.8
53960 20141029  2.422  -91.87   30.09    28.3    15.7    22.0    20.7     0.0    12.58 C    42.4    14.2    22.9   100.0    58.0    84.7   0.199   0.281   0.244   0.365   0.306    23.1    22.7    23.0    22.7    23.0
53960 20141030  2.422  -91.87   30.09    23.2     9.4    16.3    15.6     0.0    18.07 C    36.1     7.2    17.7    95.6    30.7    68.8   0.194   0.278   0.241   0.364   0.303    21.7    22.2    22.5    22.5    22.8
53960 20141031  2.422  -91.87   30.09    23.6     7.7    15.6    15.4     0.0    17.85 C    36.2     6.4    17.1    95.5    31.8    65.9   0.189   0.274   0.238   0.361   0.301    20.2    21.1    21.4    22.0    22.3
53960 20141101  2.422  -91.87   30.09    15.6     3.0     9.3     9.1     0.0    18.34 C    29.1     0.9    11.2    86.5    25.5    55.4   0.185   0.270   0.233   0.359   0.298    18.7    20.2    20.4    21.3    21.9
53960 20141102  2.422  -91.87   30.09    18.9     0.4     9.7     9.6     0.0    17.17 C    31.9    -0.8    11.7    94.6    28.6    66.2   0.182   0.267   0.231   0.357   0.295    17.5    19.0    19.1    20.4    21.1
53960 20141103  2.422  -91.87   30.09    23.0     4.7    13.9    14.7     0.0    14.84 C    32.9     2.7    15.6    97.1    42.0    69.1   0.181   0.265   0.230   0.353   0.293    18.0    18.9    19.0    20.0    20.9
53960 20141104  2.422  -91.87   30.09    26.6    12.5    19.5    19.6     0.0    12.17 C    36.6    10.6    20.5    94.7    51.0    74.7   0.182   0.264   0.229   0.352   0.293    19.7    19.7    19.9    20.2    21.0
53960 20141105  2.422  -91.87   30.09    23.9    17.5    20.7    20.2    10.8     3.39 C    29.5    16.6    20.4    96.0    77.9    89.8   0.203   0.265   0.231   0.353   0.293    20.6    20.5    20.7    20.7    21.3
53960 20141106  2.422  -91.87   30.09    21.9    11.5    16.7    18.1     5.5     4.95 C    25.9    10.6    18.8    96.8    75.3    89.9   0.278   0.269   0.239   0.354   0.298    21.0    20.9    21.2    21.0    21.5
53960 20141107  2.422  -91.87   30.09    16.3     8.0    12.1    11.4     0.0    15.01 C    26.3     6.5    13.0    95.6    39.9    71.9   0.279   0.273   0.239   0.353   0.298    18.7    19.8    20.0    20.6    21.0
53960 20141108  2.422  -91.87   30.09    19.8     7.4    13.6    12.7     0.0    13.70 C    32.9     7.4    15.3    93.3    30.1    70.9   0.271   0.275   0.239   0.352   0.297    18.3    19.1    19.2    20.0    20.7
53960 20141109  2.422  -91.87   30.09    20.6     7.0    13.8    12.6     0.0    16.82 C    31.8     5.5    14.4    97.2    41.4    76.8   0.264   0.274   0.239   0.352   0.297    18.0    19.0    19.1    19.8    20.4
53960 20141110  2.422  -91.87   30.09    23.3     5.2    14.2    14.9     0.0    15.85 C    32.8     4.0    16.4   100.0    55.7    84.0   0.257   0.274   0.238   0.351   0.295    17.7    18.5    18.7    19.4    20.1
53960 20141111  2.422  -91.87   30.09    25.8    13.8    19.8    19.9     0.0     7.83 C    31.8    14.6    20.4    94.5    56.7    79.0   0.253   0.274   0.239   0.351   0.297    19.6    19.5    19.7    19.8    20.5
53960 20141112  2.422  -91.87   30.09    13.8     5.3     9.5     9.2     2.3     3.01 C    14.6     6.2    10.7    92.1    66.6    83.2   0.245   0.274   0.239   0.350   0.297    17.7    18.8    19.2    19.7    20.2
53960 20141113  2.422  -91.87   30.09     7.8     0.8     4.3     4.2     3.3     5.19 C    13.7     0.3     5.6    89.0    51.7    72.7   0.243   0.271   0.236   0.349   0.295    14.6    16.9    17.2    18.5    19.5
53960 20141114  2.422  -91.87   30.09     9.3    -1.8     3.8     3.0     0.0    14.46 C    19.5    -1.8     5.1    84.5    28.9    58.7   0.246   0.270   0.235   0.347   0.293    13.2    15.5    15.6    17.3    18.6
53960 20141115  2.422  -91.87   30.09    13.2    -0.2     6.5     7.3     0.0     8.96 C    22.8    -1.2     9.2    79.9    36.4    60.3   0.245   0.269   0.236   0.346   0.292    13.2    15.0    15.0    16.5    18.0
53960 20141116  2.422  -91.87   30.09    23.4     9.7    16.6    18.4    53.1     2.63 C    25.6    10.9    18.4    95.2    71.3    84.3   0.291   0.308   0.274   0.382   0.343    16.7    16.6    16.7    17.0    18.3
53960 20141117  2.422  -91.87   30.09     9.7     1.7     5.7     5.7     1.3     8.27 C    16.0     0.4     7.1    94.1    42.6    73.0   0.370   0.398   0.394   0.433   0.464    15.2    16.6    17.0    17.4    18.3
53960 20141118  2.422  -91.87   30.09     9.8    -1.6     4.1     3.3     0.0    15.88 C    18.7    -2.6     5.4    96.8    33.2    60.5   0.347   0.388   0.395   0.406   0.409    12.9    14.8    15.0    16.3    17.5
53960 20141119  2.422  -91.87   30.09    14.6    -3.1     5.8     6.7     0.0    16.01 C    22.7    -3.8     7.8    97.2    23.9    68.6   0.338   0.380   0.389   0.402   0.396    12.1    13.9    13.9    15.5    16.8
53960 20141120  2.422  -91.87   30.09    21.4     6.4    13.9    13.8     0.0    13.65 C    29.5     5.1    14.0    93.8    44.7    70.9   0.333   0.376   0.387   0.399   0.389    14.2    14.7    14.7    15.6    16.8
53960 20141121  2.422  -91.87   30.09 -9999.0 -9999.0 -9999.0 -9999.0     0.0 -9999.00 U -9999.0 -9999.0 -9999.0 -9999.0 -9999.0 -9999.0 -99.000 -99.000 -99.000 -99.000 -99.000 -9999.0 -9999.0 -9999.0 -9999.0 -9999.0
53960 20141122  2.422  -91.87   30.09    22.1    11.9    17.0    17.0     0.0     6.34 C    24.5    10.2    16.9    90.5    65.6    80.5   0.325   0.369   0.297   0.415   0.401    16.2    16.2    16.1    16.6    17.2
53960 20141123  2.422  -91.87   30.09    23.2    16.4    19.8    19.5    22.3    10.78 C    26.0    16.1    19.7    95.9    62.2    85.7   0.381   0.404   0.378   0.467   0.461    18.1    17.5    17.5    17.3    17.7
53960 20141124  2.422  -91.87   30.09    19.7     7.0    13.3    14.7     0.0    13.82 C    25.7     6.3    15.8    96.1    43.7    71.0   0.369   0.402   0.368   0.442   0.446    17.9    17.9    17.8    17.9    18.0
53960 20141125  2.422  -91.87   30.09    13.5     1.4     7.5     8.2     0.0     3.68 C    15.3     0.9     7.9    95.4    36.9    68.8   0.359   0.394   0.362   0.439   0.427    14.4    16.0    15.6    17.3    17.5
53960 20141126  2.422  -91.87   30.09    20.8     0.5    10.7    11.6     0.0    14.78 C    24.4     0.3    11.0    97.1    26.7    68.9   0.354   0.388   0.358   0.434   0.422    13.3    14.7    14.1    16.2    16.8
53960 20141127  2.422  -91.87   30.09    16.6     4.4    10.5    10.2     0.0    14.69 C    24.0     2.6    10.4    93.0    27.5    60.2   0.349   0.385   0.355   0.431   0.419    13.8    14.8    14.3    16.0    16.6
53960 20141128  2.422  -91.87   30.09    17.9     2.0     9.9     9.9     0.0    14.46 C    24.5     1.3    10.7    89.5    37.3    71.3   0.345   0.381   0.349   0.428   0.415    13.2    14.3    13.7    15.6    16.2
53960 20141129  2.422  -91.87   30.09    24.3    10.2    17.2    17.0     0.0    12.28 C    29.1     8.6    16.6    94.1    49.3    78.5   0.343   0.378   0.344   0.427   0.414    15.1    15.1    14.8    15.7    16.4
53960 20141130  2.422  -91.87   30.09    25.5    14.5    20.0    19.2     0.0    13.26 C    30.7    12.4    18.7    93.5    49.9    77.2   0.341   0.377   0.342   0.425   0.412    16.8    16.4    16.2    16.4    16.9
53960 20141201  2.422  -91.87   30.09    26.3    11.6    18.9    18.6     0.0    11.35 C    34.2    10.8    18.9    97.4    49.7    81.2   0.339   0.376   0.339   0.425   0.411    17.5    17.1    17.0    17.0    17.2
53960 20141202  2.422  -91.87   30.09    19.0     9.5    14.2    13.8     0.0     9.46 C    28.1     8.8    15.5    96.0    62.4    85.3   0.335   0.373   0.336   0.423   0.409    17.5    17.3    17.3    17.4    17.5
53960 20141203  2.422  -91.87   30.09    23.1     6.8    14.9    14.5     0.0     9.57 C    30.2     6.2    15.2    97.3    62.1    83.8   0.333   0.371   0.334   0.422   0.408    16.5    16.7    16.5    17.2    17.4
53960 20141204  2.422  -91.87   30.09    21.5    13.3    17.4    17.0     0.0     5.53 C    25.5    12.8    17.7    96.9    81.8    92.2   0.332   0.369   0.331   0.420   0.406    17.4    17.2    17.1    17.3    17.6
53960 20141205  2.422  -91.87   30.09    25.4    15.7    20.5    21.0     0.0     7.72 C    29.0    15.2    21.3    97.0    71.2    88.9   0.331   0.370   0.330   0.420   0.407    19.0    18.1    18.2    17.8    18.0
53960 20141206  2.422  -91.87   30.09    26.2    14.4    20.3    19.9     0.0     7.90 C    33.1    13.7    20.6    97.2    59.4    83.9   0.330   0.371   0.328   0.419   0.407    19.8    18.9    19.1    18.5    18.4
53960 20141207  2.422  -91.87   30.09    16.7     8.4    12.5    12.0     0.0    11.37 C    24.7     7.2    13.3    87.6    50.8    72.5   0.325   0.370   0.325   0.419   0.406    17.7    18.1    17.9    18.5    18.3
53960 20141208  2.422  -91.87   30.09    18.0     3.9    10.9    10.1     0.0    13.66 C    25.7     2.8    11.2    97.1    46.4    75.6   0.320   0.366   0.322   0.417   0.405    15.9    16.8    16.4    17.7    17.8
53960 20141209  2.422  -91.87   30.09    20.8     3.3    12.0    10.9     0.0    13.77 C    27.4     2.3    11.2    97.7    33.2    73.3   0.316   0.364   0.318   0.414   0.403    14.9    16.0    15.5    17.1    17.3
53960 20141210  2.422  -91.87   30.09    16.8     4.2    10.5     9.7     0.0    12.33 C    26.1     2.2    10.6    93.6    42.2    70.9   0.313   0.360   0.316   0.412   0.402    14.4    15.4    15.0    16.6    16.9
53960 20141211  2.422  -91.87   30.09    18.4     4.5    11.5    10.7     0.0    11.53 C    28.0     3.4    11.7    88.2    38.3    66.7   0.310   0.359   0.313   0.412   0.401    14.6    15.3    14.9    16.2    16.7
53960 20141212  2.422  -91.87   30.09    20.6     5.9    13.2    13.4     0.0     9.44 C    27.4     5.3    14.3    93.2    41.4    73.1   0.308   0.356   0.310   0.410   0.401    15.1    15.4    15.1    16.2    16.6
53960 20141213  2.422  -91.87   30.09    21.9     7.6    14.7    14.0     0.0    12.22 C    28.5     7.0    14.4    96.7    37.6    75.8   0.305   0.354   0.309   0.409   0.399    15.7    15.9    15.7    16.3    16.7
53960 20141214  2.422  -91.87   30.09    22.4     6.7    14.5    14.4     0.0    12.57 C    28.5     6.3    14.8    98.3    45.4    74.9   0.302   0.352   0.306   0.409   0.398    15.5    15.8    15.6    16.3    16.7
53960 20141215  2.422  -91.87   30.09    24.3    14.9    19.6    19.2     1.0     5.48 C    28.1    13.6    19.0    94.3    66.9    84.7   0.300   0.351   0.303   0.408   0.399    17.0    16.6    16.5    16.7    17.0
53960 20141216  2.422  -91.87   30.09    19.0     6.6    12.8    13.6     0.0    13.26 C    23.5     3.5    13.3    88.9    33.9    49.9   0.298   0.349   0.302   0.408   0.398    16.6    16.8    16.7    17.1    17.1
53960 20141217  2.422  -91.87   30.09    15.7     2.9     9.3     9.5     0.0     9.42 C    23.2     1.5     9.4    94.2    45.7    70.0   0.293   0.346   0.299   0.406   0.396    14.1    15.3    14.8    16.4    16.6
53960 20141218  2.422  -91.87   30.09    19.9     6.8    13.4    14.2     0.0     3.83 C    22.6     6.5    14.4    87.5    65.4    76.7   0.291   0.345   0.297   0.405   0.395    14.8    15.2    14.9    16.0    16.5
53960 20141219  2.422  -91.87   30.09    15.4     9.9    12.6    12.8    24.8     1.16 C    17.1    10.4    13.2    95.2    84.1    91.9   0.339   0.363   0.309   0.405   0.401    15.4    15.7    15.6    16.2    16.6
53960 20141220  2.422  -91.87   30.09    10.4     7.0     8.7     9.2     0.0     2.18 C    12.8     5.8     9.8    97.2    86.8    93.5   0.379   0.408   0.352   0.415   0.414    14.1    15.0    14.6    15.9    16.3
53960 20141221  2.422  -91.87   30.09    12.4     7.1     9.7     9.9     0.0     3.20 C    15.3     7.2    10.9    97.4    87.6    93.8   0.364   0.396   0.347   0.414   0.410    13.7    14.5    14.1    15.5    16.0
53960 20141222  2.422  -91.87   30.09    24.1     9.9    17.0    16.7     0.0     6.71 C    27.1    10.2    17.0    97.3    64.2    90.6   0.360   0.393   0.345   0.414   0.409    15.4    15.2    15.0    15.6    16.1
53960 20141223  2.422  -91.87   30.09    22.5     9.4    15.9    17.0    14.9     2.10 C    23.7     8.9    17.1    97.2    80.9    92.7   0.389   0.409   0.363   0.437   0.434    17.1    16.6    16.7    16.4    16.6
53960 20141224  2.422  -91.87   30.09    11.1     2.0     6.6     8.0     0.0    10.45 C    17.1     1.2     8.4    94.7    49.4    71.9   0.379   0.413   0.366   0.444   0.460    14.4    15.5    15.1    16.3    16.4
53960 20141225  2.422  -91.87   30.09    15.3     0.1     7.7     8.1     0.0    13.68 C    21.5    -0.2     8.5    98.0    40.8    72.7   0.366   0.401   0.358   0.434   0.433    12.5    14.0    13.3    15.4    15.7
53960 20141226  2.422  -91.87   30.09    15.8     8.2    12.0    12.9     0.9     2.42 C    16.9     7.2    12.9    95.1    75.1    87.4   0.363   0.397   0.355   0.432   0.428    13.5    14.0    13.7    15.0    15.6
53960 20141227  2.422  -91.87   30.09    22.7    15.6    19.1    19.1     3.0     2.41 C    23.2    15.4    19.2    96.6    90.3    94.7   0.373   0.401   0.357   0.432   0.428    16.3    15.5    15.5    15.5    16.0
53960 20141228  2.422  -91.87   30.09    20.2     9.5    14.9    12.6     5.0     3.32 C    20.1    10.3    13.9    96.1    84.6    92.4   0.377   0.403   0.360   0.435   0.428    16.7    16.4    16.4    16.3    16.5
53960 20141229  2.422  -91.87   30.09    12.4     9.2    10.8    10.6     1.1     4.07 C    16.8    10.0    12.2    96.8    89.5    93.8   0.386   0.412   0.368   0.436   0.435    15.3    15.6    15.5    16.1    16.3
53960 20141230  2.422  -91.87   30.09    10.4     3.0     6.7     7.3     0.0     2.60 C    11.5     2.0     8.4    94.6    84.1    90.2   0.374   0.405   0.365   0.437   0.433    14.2    15.1    14.8    15.9    16.1
53960 20141231  2.422  -91.87   30.09    13.5     1.7     7.6     6.5     0.0    13.66 C    17.4     0.6     7.4    95.6    44.5    72.2   0.366   0.401   0.362   0.435   0.430    12.4    13.8    13.1    15.1    15.4
