94079 20140101  2.422 -101.44   42.07    -1.9    -9.4    -5.7    -6.7     1.5     4.51 C    -2.5    -8.7    -5.9    95.2    76.0    87.8 -99.000 -99.000 -99.000   0.061   0.071    -2.1    -1.7    -1.1     0.5     3.0
94079 20140102  2.422 -101.44   42.07     2.7    -7.4    -2.3    -3.1     0.0     8.94 C     2.7   -10.0    -4.6    92.6    50.2    73.8 -99.000 -99.000 -99.000   0.060   0.071    -2.5    -2.1    -1.4     0.4     2.9
94079 20140103  2.422 -101.44   42.07    11.5    -4.8     3.4     3.2     0.0     7.27 C     8.0    -6.6     0.2    89.0    36.3    60.8 -99.000 -99.000 -99.000   0.056   0.071    -1.7    -1.6    -1.2     0.4     2.9
94079 20140104  2.422 -101.44   42.07     1.2   -14.6    -6.7    -8.6     0.0     5.19 C    -0.1   -13.0    -6.7    88.0    47.0    69.0 -99.000 -99.000 -99.000   0.055   0.072    -2.6    -1.9    -1.0     0.4     2.8
94079 20140105  2.422 -101.44   42.07   -14.5   -26.1   -20.3   -19.2     0.0     5.59 C   -10.5   -24.8   -17.1    84.9    56.7    73.4 -99.000 -99.000 -99.000   0.049   0.072    -7.4    -6.0    -3.4     0.3     2.7
94079 20140106  2.422 -101.44   42.07    -4.7   -24.8   -14.7   -15.4     0.0     9.56 C    -7.0   -24.0   -15.4    69.5    38.7    54.7 -99.000 -99.000 -99.000 -99.000   0.072    -9.9    -8.6    -6.0    -0.2     2.6
94079 20140107  2.422 -101.44   42.07     4.9    -5.3    -0.2    -1.0     0.9     7.70 C     5.9    -8.5    -2.6    97.9    35.2    63.0 -99.000 -99.000 -99.000 -99.000   0.073    -4.8    -4.7    -4.2    -0.7     2.5
94079 20140108  2.422 -101.44   42.07    -0.9    -7.2    -4.1    -4.2     0.5     7.42 C     1.0    -7.9    -4.3    97.2    68.9    88.0 -99.000 -99.000 -99.000 -99.000   0.072    -2.6    -2.4    -2.1    -0.6     2.3
94079 20140109  2.422 -101.44   42.07     4.7    -9.5    -2.4    -2.8     0.0     8.96 C     3.4   -10.5    -3.8    95.0    51.6    77.4 -99.000 -99.000 -99.000 -99.000   0.071    -2.9    -2.7    -2.1    -0.5     2.2
94079 20140110  2.422 -101.44   42.07     3.9    -3.1     0.4     0.4     0.0     5.67 C     3.6    -4.8    -1.3    83.0    49.2    66.5 -99.000 -99.000 -99.000 -99.000   0.072    -2.0    -2.0    -1.7    -0.4     2.1
94079 20140111  2.422 -101.44   42.07    10.6    -1.5     4.5     4.1     0.0     9.50 C     8.0    -3.6     1.1    80.8    33.7    55.8 -99.000 -99.000 -99.000 -99.000   0.072    -1.6    -1.6    -1.4    -0.3     2.1
94079 20140112  2.422 -101.44   42.07    11.6    -1.4     5.1     4.3     0.0     3.82 C     7.4    -2.8     1.7    89.1    32.6    59.2 -99.000 -99.000 -99.000 -99.000   0.072    -0.4    -0.6    -0.7    -0.3     2.0
94079 20140113  2.422 -101.44   42.07     6.9    -3.1     1.9     2.0     0.2     6.09 C     7.0    -4.6     0.4    90.7    40.4    61.0 -99.000 -99.000 -99.000 -99.000   0.072    -0.9    -0.8    -0.7    -0.2     2.0
94079 20140114  2.422 -101.44   42.07     0.6    -5.2    -2.3    -2.2     0.0     6.81 C     2.5    -5.8    -2.6    82.3    44.4    65.3 -99.000 -99.000 -99.000 -99.000   0.072    -1.2    -1.0    -0.7    -0.1     2.0
94079 20140115  2.422 -101.44   42.07     9.1    -4.9     2.1     2.3     0.0     5.17 C    10.3    -6.2     0.5    80.1    36.2    56.7 -99.000 -99.000 -99.000 -99.000   0.072    -1.7    -1.6    -1.3    -0.1     2.0
94079 20140116  2.422 -101.44   42.07     2.1    -5.9    -1.9    -1.3     0.0     9.89 C     2.8    -7.3    -2.2    78.9    28.6    56.5 -99.000 -99.000 -99.000 -99.000   0.072    -1.4    -1.2    -0.8    -0.1     2.0
94079 20140117  2.422 -101.44   42.07     6.3    -8.0    -0.9    -0.4     0.0     6.22 C     7.4    -9.8    -2.0    78.3    37.7    55.9 -99.000 -99.000 -99.000 -99.000   0.072    -2.9    -2.6    -1.9    -0.1     2.0
94079 20140118  2.422 -101.44   42.07     4.8    -0.6     2.1     1.8     0.0    10.18 C     4.6    -3.6    -0.2    63.5    28.5    50.9 -99.000 -99.000 -99.000 -99.000   0.071    -1.4    -1.3    -1.1    -0.1     2.0
94079 20140119  2.422 -101.44   42.07    14.6     1.3     7.9     6.6     0.0    10.62 C    12.8    -3.4     2.3    55.3    17.6    37.3 -99.000 -99.000 -99.000 -99.000   0.071    -1.2    -1.2    -1.0    -0.1     2.0
94079 20140120  2.422 -101.44   42.07     4.3   -11.9    -3.8    -2.2     0.0    10.13 C     5.9   -12.8    -2.7    89.7    36.4    61.8 -99.000 -99.000 -99.000 -99.000   0.071    -1.1    -0.8    -0.6     0.0     2.0
94079 20140121  2.422 -101.44   42.07     9.3   -13.0    -1.9    -1.6     0.0     9.51 C     8.6   -13.1    -2.2    91.6    20.7    61.1 -99.000 -99.000 -99.000 -99.000   0.072    -2.9    -2.6    -1.7     0.0     2.0
94079 20140122  2.422 -101.44   42.07    -0.8   -18.9    -9.9    -8.2     0.0     4.29 C     0.4   -17.0    -6.4    87.1    54.8    70.5 -99.000 -99.000 -99.000 -99.000   0.072    -2.4    -1.8    -1.2     0.0     2.0
94079 20140123  2.422 -101.44   42.07    -4.5   -21.4   -12.9   -12.7     0.0    11.33 C    -0.9   -21.4   -11.8    82.3    32.5    58.9 -99.000 -99.000 -99.000 -99.000   0.072    -7.3    -6.0    -3.9    -0.2     2.0
94079 20140124  2.422 -101.44   42.07    10.4    -8.2     1.1     4.3     0.0     7.71 C    10.5    -9.5     2.5    63.8    34.4    44.8 -99.000 -99.000 -99.000 -99.000   0.072    -3.2    -3.4    -3.1    -0.5     2.0
94079 20140125  2.422 -101.44   42.07    11.6     2.3     7.0     6.3     0.0     7.76 C    13.1     1.2     4.3    90.8    35.7    58.5 -99.000 -99.000 -99.000 -99.000   0.072    -0.3    -0.6    -0.9    -0.3     1.9
94079 20140126  2.422 -101.44   42.07     6.5   -15.2    -4.4    -3.0     0.3     3.99 C     5.8   -14.3    -3.6    92.9    46.6    62.7 -99.000 -99.000 -99.000 -99.000   0.072    -0.2    -0.3    -0.5    -0.2     1.8
94079 20140127  2.422 -101.44   42.07    -9.5   -17.9   -13.7   -14.2     0.0    11.25 C    -2.7   -19.0   -11.9    77.8    44.2    63.0 -99.000 -99.000 -99.000 -99.000   0.072    -3.7    -2.6    -1.4    -0.1     1.8
94079 20140128  2.422 -101.44   42.07    -6.1   -19.2   -12.7   -12.2     0.0    12.08 C    -3.8   -20.8   -12.9    79.5    31.8    55.3 -99.000 -99.000 -99.000 -99.000   0.072    -7.1    -6.0    -4.0    -0.4     1.8
94079 20140129  2.422 -101.44   42.07    10.1   -11.5    -0.7     1.5     0.0    11.50 C    10.2   -14.0    -1.2    81.6    20.8    36.1 -99.000 -99.000 -99.000 -99.000   0.072    -4.9    -4.8    -4.1    -0.9     1.8
94079 20140130  2.422 -101.44   42.07     5.2    -9.8    -2.3    -5.1     2.7     4.44 C     2.6    -9.6    -3.5    93.9    68.6    84.6 -99.000 -99.000 -99.000 -99.000   0.072    -1.5    -1.6    -1.6    -0.7     1.7
94079 20140131  2.422 -101.44   42.07    -5.9   -12.9    -9.4    -9.1     0.9     7.93 C    -3.3   -16.7    -9.4    94.3    76.2    86.7 -99.000 -99.000 -99.000 -99.000   0.072    -2.4    -2.2    -1.7    -0.5     1.6
94079 20140201  2.422 -101.44   42.07    -9.3   -16.7   -13.0   -12.0     0.0     7.85 C    -7.6   -19.8   -13.2    90.9    67.4    77.9 -99.000 -99.000 -99.000 -99.000   0.072    -3.4    -2.9    -2.2    -0.6     1.6
94079 20140202  2.422 -101.44   42.07    -2.7   -17.7   -10.2    -9.9     0.0    12.72 C    -1.7   -22.0   -12.8    87.5    51.0    72.2 -99.000 -99.000 -99.000 -99.000   0.073    -4.4    -3.9    -3.0    -0.8     1.5
94079 20140203  2.422 -101.44   42.07    -2.4   -13.3    -7.8    -8.1     0.0    11.09 C    -0.1   -18.5    -8.5    91.3    67.6    81.3 -99.000 -99.000 -99.000 -99.000   0.072    -4.3    -3.9    -3.2    -1.0     1.5
94079 20140204  2.422 -101.44   42.07   -12.2   -19.7   -16.0   -17.0     0.2     6.14 C   -11.2   -20.2   -16.1    90.5    73.6    81.8 -99.000 -99.000 -99.000 -99.000   0.072    -5.0    -4.4    -3.4    -1.1     1.4
94079 20140205  2.422 -101.44   42.07   -17.5   -24.2   -20.8   -20.8     0.0    11.19 C   -12.6   -29.1   -22.0    85.2    63.3    77.1 -99.000 -99.000 -99.000 -99.000   0.071    -5.9    -5.3    -4.2    -1.4     1.4
94079 20140206  2.422 -101.44   42.07   -17.0   -24.9   -20.9   -21.2     0.0    12.00 C   -13.3   -28.0   -22.1    86.3    61.5    76.3 -99.000 -99.000 -99.000 -99.000   0.071    -6.5    -5.9    -4.7    -1.7     1.3
94079 20140207  2.422 -101.44   42.07    -7.2   -20.6   -13.9   -14.9     0.0    12.52 C    -8.1   -23.6   -15.6    84.0    64.3    75.8 -99.000 -99.000 -99.000 -99.000   0.071    -6.4    -5.9    -4.9    -2.0     1.2
94079 20140208  2.422 -101.44   42.07    -5.7   -13.7    -9.7    -9.2     1.2     6.80 C    -2.6   -16.1    -9.8    90.5    65.0    80.1 -99.000 -99.000 -99.000 -99.000   0.071    -5.2    -5.0    -4.4    -2.1     1.1
94079 20140209  2.422 -101.44   42.07   -13.5   -16.0   -14.8   -14.7     1.5     7.76 C    -9.6   -21.0   -13.9    87.0    74.8    81.0 -99.000 -99.000 -99.000 -99.000   0.071    -4.5    -4.3    -3.8    -1.9     1.0
94079 20140210  2.422 -101.44   42.07   -10.2   -15.2   -12.7   -12.7     0.0     8.05 C    -6.2   -17.8   -12.2    90.1    80.9    85.7 -99.000 -99.000 -99.000 -99.000   0.072    -3.9    -3.8    -3.4    -1.8     1.0
94079 20140211  2.422 -101.44   42.07     3.5   -14.5    -5.5    -4.1     0.0    12.09 C     0.2   -18.4    -6.9    90.4    50.1    72.2 -99.000 -99.000 -99.000 -99.000   0.072    -3.4    -3.3    -3.0    -1.7     0.9
94079 20140212  2.422 -101.44   42.07     3.9    -7.3    -1.7    -1.8     0.0     9.74 C    -0.4   -10.6    -3.9    95.4    60.4    75.8 -99.000 -99.000 -99.000 -99.000   0.071    -2.5    -2.5    -2.4    -1.4     0.9
94079 20140213  2.422 -101.44   42.07     8.1    -0.3     3.9     3.6     0.0    13.92 C     3.0    -4.7    -0.4    93.6    38.5    65.1 -99.000 -99.000 -99.000 -99.000   0.071    -1.5    -1.7    -1.8    -1.2     0.9
94079 20140214  2.422 -101.44   42.07     4.9    -1.6     1.7     1.7     0.0    14.23 C     6.3    -3.8     0.4    87.4    44.2    64.4 -99.000 -99.000 -99.000 -99.000   0.071    -0.5    -0.7    -0.9    -0.8     0.9
94079 20140215  2.422 -101.44   42.07     7.6    -1.3     3.1     2.9     0.0    11.08 C    10.4    -3.9     1.8    88.1    43.1    68.7 -99.000 -99.000 -99.000 -99.000   0.071    -0.2    -0.4    -0.6    -0.5     0.9
94079 20140216  2.422 -101.44   42.07     9.5    -3.2     3.2     3.5     1.4     8.04 C     9.9    -3.7     2.4    91.0    61.2    75.5 -99.000 -99.000 -99.000 -99.000   0.070     0.0    -0.3    -0.4    -0.4     0.9
94079 20140217  2.422 -101.44   42.07    11.1    -0.8     5.2     4.9     0.0    13.59 C    11.6    -2.3     2.7    90.4    24.5    49.4 -99.000 -99.000 -99.000 -99.000   0.070     0.1    -0.2    -0.4    -0.3     0.9
94079 20140218  2.422 -101.44   42.07     9.8    -2.5     3.6     5.3     0.0    14.29 C    12.0    -5.8     2.7    65.8    23.8    37.2 -99.000 -99.000 -99.000 -99.000   0.070     0.3     0.0    -0.3    -0.3     0.9
94079 20140219  2.422 -101.44   42.07    11.5    -3.3     4.1     3.5     1.5    11.19 C    13.5    -5.6     2.1    98.3    30.4    57.7 -99.000 -99.000 -99.000 -99.000   0.070     0.1     0.0    -0.3    -0.2     1.0
94079 20140220  2.422 -101.44   42.07     0.1    -6.8    -3.4    -2.7     0.0    12.62 C    -0.6    -9.4    -4.9    89.5    53.7    64.3 -99.000 -99.000 -99.000 -99.000   0.070    -0.2    -0.2    -0.2    -0.2     1.0
94079 20140221  2.422 -101.44   42.07     5.8    -6.1    -0.2     0.6     0.0    14.68 C     7.6    -8.9    -1.0    67.3    33.1    51.9 -99.000 -99.000 -99.000 -99.000   0.071    -0.2    -0.2    -0.2    -0.2     1.1
94079 20140222  2.422 -101.44   42.07    -0.5    -8.3    -4.4    -4.2     1.1     7.02 C     6.3    -8.8    -2.7    95.1    56.1    80.7 -99.000 -99.000 -99.000 -99.000   0.071    -0.2    -0.2    -0.2    -0.2     1.1
94079 20140223  2.422 -101.44   42.07    -6.5    -9.7    -8.1    -8.2     4.9     9.90 C    -2.8    -9.9    -7.2    94.1    73.9    88.8 -99.000 -99.000 -99.000 -99.000   0.071    -0.2    -0.2    -0.2    -0.2     1.1
94079 20140224  2.422 -101.44   42.07    -4.5   -16.9   -10.7   -10.1     0.0     6.14 C    -3.2   -16.6    -9.6    94.8    77.5    88.6 -99.000 -99.000 -99.000 -99.000   0.072    -0.2    -0.2    -0.2    -0.2     1.2
94079 20140225  2.422 -101.44   42.07   -12.5   -18.1   -15.3   -15.2     0.6    10.74 C    -8.8   -26.7   -15.6    84.9    63.9    77.4 -99.000 -99.000 -99.000 -99.000   0.072    -0.2    -0.2    -0.2    -0.1     1.2
94079 20140226  2.422 -101.44   42.07    -1.5   -21.2   -11.3   -10.1     0.0    17.60 C    -4.0   -27.0   -14.0    90.1    42.9    63.4 -99.000 -99.000 -99.000 -99.000   0.071    -0.3    -0.3    -0.2    -0.1     1.2
94079 20140227  2.422 -101.44   42.07    -4.4   -13.8    -9.1    -8.3     0.0    16.14 C    -2.6   -20.7   -10.7    88.0    45.8    73.6 -99.000 -99.000 -99.000 -99.000   0.071    -0.6    -0.4    -0.3    -0.1     1.3
94079 20140228  2.422 -101.44   42.07    -3.1   -14.3    -8.7    -8.5     0.0     9.39 C    -4.2   -13.5    -8.9    93.6    73.5    81.1 -99.000 -99.000 -99.000 -99.000   0.070    -0.9    -0.6    -0.5    -0.1     1.3
94079 20140301  2.422 -101.44   42.07   -14.3   -22.9   -18.6   -19.6     1.7     9.18 C   -13.4   -21.2   -18.0    86.5    65.3    77.2 -99.000 -99.000 -99.000 -99.000   0.070    -1.6    -1.1    -0.7    -0.1     1.3
94079 20140302  2.422 -101.44   42.07   -15.3   -22.9   -19.1   -19.5     0.0    15.91 C    -9.0   -23.2   -17.6    84.4    62.1    72.4 -99.000 -99.000 -99.000 -99.000   0.070    -1.7    -1.4    -0.8    -0.1     1.4
94079 20140303  2.422 -101.44   42.07     2.0   -17.9    -8.0    -7.4     0.0    15.76 C    -0.5   -19.9    -9.2    87.3    63.0    74.9 -99.000 -99.000 -99.000 -99.000   0.070    -1.8    -1.6    -0.9    -0.1     1.4
94079 20140304  2.422 -101.44   42.07     8.3    -4.7     1.8     0.9     0.0    14.30 C     3.4    -6.3    -1.6    97.1    51.6    75.8 -99.000 -99.000 -99.000 -99.000   0.071    -0.9    -1.0    -0.8    -0.1     1.4
94079 20140305  2.422 -101.44   42.07     8.3    -4.9     1.7     0.3     0.0    14.32 C    12.6    -3.2     1.7    99.1    50.6    86.5 -99.000 -99.000 -99.000 -99.000   0.071    -0.3    -0.4    -0.4     0.0     1.4
94079 20140306  2.422 -101.44   42.07    17.9    -1.0     8.5     8.4     0.0    12.86 C    20.2    -2.3     5.7    90.2    26.2    53.0 -99.000 -99.000 -99.000 -99.000   0.070     0.2    -0.2    -0.3     0.0     1.4
94079 20140307  2.422 -101.44   42.07     6.0    -5.8     0.1    -2.1     0.0     3.50 C     3.2    -4.7    -1.6    99.3    65.6    89.5 -99.000 -99.000 -99.000 -99.000   0.070    -0.1    -0.2    -0.3     0.0     1.4
94079 20140308  2.422 -101.44   42.07    11.4    -5.7     2.9     3.5     0.0    18.28 C    16.5    -4.6     3.1    98.7    33.1    66.7 -99.000 -99.000 -99.000 -99.000   0.070     0.7     0.2    -0.2     0.0     1.5
94079 20140309  2.422 -101.44   42.07    20.1     3.4    11.7    11.2     0.0    16.71 C    24.2    -0.4     8.6    65.1    19.0    38.2 -99.000 -99.000 -99.000 -99.000   0.069     2.2     1.2     0.0     0.1     1.5
94079 20140310  2.422 -101.44   42.07    21.8     6.9    14.4    13.0     0.0    15.23 C    27.2     3.4    10.9    49.2    14.7    33.9   0.112   0.085   0.104   0.057   0.070     4.3     3.0     1.1     0.3     1.5
94079 20140311  2.422 -101.44   42.07     9.4    -2.4     3.5     0.8     0.0     5.49 C     6.4    -3.4     0.8    99.4    45.2    83.7   0.101   0.081   0.094   0.065   0.070     1.9     1.9     1.7     1.1     1.6
94079 20140312  2.422 -101.44   42.07     9.7    -2.5     3.6     3.3     0.0    19.49 C    13.9    -3.6     2.9    81.8    26.6    51.5 -99.000   0.066   0.089   0.068   0.070     1.3     1.2     1.0     1.0     1.8
94079 20140313  2.422 -101.44   42.07    17.2    -0.1     8.6     7.9     0.0    19.68 C    23.1    -2.6     7.1    63.3    12.4    37.9   0.091   0.065   0.086   0.068   0.070     3.0     2.5     1.7     1.2     1.8
94079 20140314  2.422 -101.44   42.07    15.4    -0.9     7.3     7.4     0.0    19.25 C    25.1    -2.8     7.0    77.2    15.5    41.6   0.089   0.065   0.085   0.067   0.070     4.1     3.5     2.6     1.7     2.0
94079 20140315  2.422 -101.44   42.07     8.5    -4.6     2.0     1.7     0.0    10.21 C    17.1    -3.0     2.8    98.8    34.2    69.6   0.087   0.058   0.082   0.067   0.071     3.1     3.1     2.8     2.2     2.2
94079 20140316  2.422 -101.44   42.07    12.6    -5.3     3.7     2.8     0.0    17.86 C    22.1    -3.2     5.9    97.8    33.4    66.8   0.086   0.062   0.081   0.074   0.072     4.2     3.6     2.9     2.3     2.4
94079 20140317  2.422 -101.44   42.07    17.8     3.3    10.5    10.7     0.0     8.07 C    24.5     2.6     9.1    82.1    13.5    36.0   0.085   0.069   0.080   0.075   0.074     5.6     5.0     4.1     3.0     2.7
94079 20140318  2.422 -101.44   42.07     3.3    -2.8     0.2     0.0     0.5     7.69 C     3.3    -4.2    -0.5    98.7    66.7    86.6   0.083   0.057   0.078   0.076   0.076     2.9     3.3     3.7     3.5     3.0
94079 20140319  2.422 -101.44   42.07     8.5    -3.8     2.3     2.0     0.0    18.98 C    15.5    -6.1     1.3    91.5    29.3    56.6   0.091   0.059   0.078   0.075   0.077     2.4     2.4     2.6     3.0     3.2
94079 20140320  2.422 -101.44   42.07    16.5    -0.7     7.9     7.3     0.0    20.20 C    26.3    -3.8     7.8    70.2    13.4    39.5   0.090   0.070   0.081   0.076   0.077     4.3     3.9     3.3     3.0     3.3
94079 20140321  2.422 -101.44   42.07     5.6    -5.3     0.2    -0.2     0.0    18.93 C    16.0    -5.0     2.1    83.7    38.7    64.4   0.086   0.062   0.080   0.077   0.079     3.5     3.8     3.8     3.5     3.4
94079 20140322  2.422 -101.44   42.07    -5.0   -11.6    -8.3    -8.1     0.5     9.76 C    -2.6   -15.6    -6.5    93.6    70.8    83.2   0.083   0.056   0.078   0.076   0.079     1.0     1.6     2.4     3.3     3.5
94079 20140323  2.422 -101.44   42.07    -0.8   -14.7    -7.8    -6.9     0.0    11.40 C     0.8   -16.4    -5.8    97.1    80.6    89.4 -99.000   0.051   0.077   0.074   0.081     0.3     0.7     1.4     2.6     3.5
94079 20140324  2.422 -101.44   42.07     0.9    -6.6    -2.9    -2.8     0.0    15.37 C    10.1    -6.1    -1.1    94.5    51.1    73.7 -99.000   0.058   0.076   0.073   0.081     0.8     1.0     1.3     2.2     3.4
94079 20140325  2.422 -101.44   42.07     7.2   -10.6    -1.7    -1.5     0.0    21.09 C    16.5   -10.7     1.6    77.6    40.7    56.3 -99.000   0.061   0.076   0.071   0.082     1.2     1.3     1.4     2.1     3.2
94079 20140326  2.422 -101.44   42.07    21.3    -2.9     9.2     8.5     0.0    19.24 C    32.8    -4.2     9.4    78.6    16.4    46.8   0.082   0.065   0.076   0.071   0.083     4.7     3.9     2.8     2.3     3.1
94079 20140327  2.422 -101.44   42.07     2.6    -4.7    -1.1    -1.0     0.2    12.24 C    11.3    -5.9     0.8    94.2    60.2    76.8   0.080   0.055   0.076   0.073   0.082     3.6     3.9     3.9     3.3     3.2
94079 20140328  2.422 -101.44   42.07     5.8    -5.9    -0.1    -0.4     0.0    15.90 C    15.1    -7.2     1.8    93.5    53.6    75.0   0.079   0.055   0.075   0.071   0.082     3.1     3.1     3.1     3.3     3.5
94079 20140329  2.422 -101.44   42.07    19.7    -5.6     7.1     8.3     0.0    19.17 C    29.0    -6.1     8.2    92.3    11.2    42.1   0.079   0.060   0.075   0.071   0.084     4.9     4.2     3.6     3.3     3.5
94079 20140330  2.422 -101.44   42.07    21.3     5.0    13.2    12.0     0.0    15.02 C    31.6     1.7    12.4    55.6    12.7    34.1   0.080   0.066   0.076   0.073   0.084     7.8     6.8     5.7     4.1     3.7
94079 20140331  2.422 -101.44   42.07     9.7    -9.6     0.0    -2.6     0.4    13.13 C     8.0   -10.5    -2.6    99.2    45.5    80.0   0.078   0.056   0.075   0.073   0.085     4.7     5.2     5.6     5.0     4.0
94079 20140401  2.422 -101.44   42.07     3.0   -10.8    -3.9    -3.5     0.3    15.07 C    14.5   -11.5    -0.9    88.2    45.8    68.8   0.077   0.052   0.073   0.071   0.084     2.1     2.6     3.2     4.2     4.3
94079 20140402  2.422 -101.44   42.07     3.8    -4.4    -0.3    -0.3     0.0     9.63 C    20.3    -2.9     2.7    84.8    55.1    71.9   0.079   0.053   0.073   0.073   0.084     2.9     2.9     3.1     3.7     4.3
94079 20140403  2.422 -101.44   42.07     3.0    -4.1    -0.6    -0.4     0.0    13.93 C    10.6    -4.9     1.6    90.0    56.3    75.4   0.078   0.054   0.073   0.072   0.085     3.1     3.2     3.4     3.7     4.2
94079 20140404  2.422 -101.44   42.07    11.8    -6.0     2.9     3.1     0.0    23.54 C    28.0    -6.3     7.1    92.8    18.6    53.8   0.078   0.058   0.073   0.071   0.085     5.0     4.5     3.9     3.6     4.1
94079 20140405  2.422 -101.44   42.07    17.5     1.5     9.5     8.9     0.0    18.25 C    33.6     0.1    10.9    72.0    16.6    43.4   0.079   0.063   0.074   0.071   0.085     7.7     6.9     5.8     4.4     4.2
94079 20140406  2.422 -101.44   42.07    15.3    -0.6     7.4     7.4     0.0    20.13 C    35.8    -2.9    10.1    86.7    28.5    58.1   0.079   0.062   0.074   0.071   0.084     8.8     8.2     7.2     5.4     4.4
94079 20140407  2.422 -101.44   42.07    10.3     0.6     5.5     4.8     1.4    15.80 C    17.4    -2.7     5.2    96.8    29.9    64.9   0.077   0.053   0.073   0.070   0.084     6.9     7.1     7.1     6.1     4.8
94079 20140408  2.422 -101.44   42.07    17.5    -0.1     8.7     8.8     0.0    22.44 C    32.0    -2.0    10.4    67.2    23.5    43.4   0.078   0.061   0.073   0.071   0.085     8.0     7.4     6.7     5.9     5.1
94079 20140409  2.422 -101.44   42.07    25.6     7.5    16.6    16.4     0.0    21.73 C    37.2     4.1    16.6    54.7    10.6    29.0   0.078   0.066   0.074   0.070   0.085    11.2    10.1     8.7     6.6     5.3
94079 20140410  2.422 -101.44   42.07    15.9     4.7    10.3     9.5     4.3    17.86 C    33.1     3.0    13.1    97.5    30.8    57.6   0.078   0.071   0.074   0.072   0.085    11.8    11.2    10.1     7.7     5.7
94079 20140411  2.422 -101.44   42.07    20.4     5.3    12.8    13.1     0.0    21.63 C    34.2     2.8    14.5    93.2    17.4    50.5   0.084   0.069   0.074   0.072   0.086    11.6    11.1    10.2     8.3     6.1
94079 20140412  2.422 -101.44   42.07    20.1     5.6    12.8    12.9     0.0    21.17 C    31.6     4.6    14.3    69.0    19.9    40.6   0.081   0.075   0.074   0.071   0.085    12.0    11.6    10.7     8.8     6.5
94079 20140413  2.422 -101.44   42.07     5.6    -4.7     0.5    -2.1     0.3    12.28 C     6.1    -5.4    -1.8    96.2    59.0    77.6   0.078   0.059   0.073   0.072   0.086     6.5     7.7     8.8     8.9     6.9
94079 20140414  2.422 -101.44   42.07     4.4    -8.1    -1.9    -1.6     0.0    21.95 C    14.0   -10.9    -1.2    73.7    34.2    55.0   0.081   0.052   0.072   0.070   0.086     4.6     5.2     6.1     7.4     7.1
94079 20140415  2.422 -101.44   42.07    17.4    -4.4     6.5     8.4     0.0    22.33 C    27.2    -5.1     9.9    85.5    14.3    39.7   0.082   0.061   0.072   0.070   0.087     6.7     6.3     6.1     6.6     6.9
94079 20140416  2.422 -101.44   42.07    13.0    -3.5     4.8     2.6     1.0     5.62 C     9.9    -1.3     3.7    96.6    30.4    85.0   0.081   0.058   0.073   0.069   0.087     6.4     6.8     7.2     7.0     6.7
94079 20140417  2.422 -101.44   42.07    10.9    -4.1     3.4     3.1     0.0    21.14 C    24.1    -1.7     7.3    96.0    45.6    71.4   0.080   0.060   0.073   0.070   0.087     6.9     6.6     6.3     6.5     6.6
94079 20140418  2.422 -101.44   42.07    22.2     2.9    12.6    12.9     0.0    18.73 C    27.2     1.8    13.4    93.2    25.5    55.8   0.080   0.066   0.073   0.070   0.086     9.7     8.9     8.0     6.9     6.6
94079 20140419  2.422 -101.44   42.07    16.6     6.9    11.7    12.3     0.0    16.80 C    32.1     4.3    14.1    72.5    21.6    43.6   0.080   0.075   0.074   0.070   0.086    11.7    11.0     9.9     7.9     6.7
94079 20140420  2.422 -101.44   42.07    25.0     5.7    15.3    15.6     0.0    24.35 C    41.3     2.5    18.3    72.5    20.5    43.3   0.079   0.073   0.074   0.071   0.086    13.7    12.6    11.1     8.7     7.0
94079 20140421  2.422 -101.44   42.07    18.9     5.5    12.2    12.6     0.0    25.12 C    36.8     3.8    16.1    51.8    15.9    30.2   0.076   0.073   0.074   0.071   0.087    14.1    13.5    12.3     9.8     7.4
94079 20140422  2.422 -101.44   42.07    23.4     5.1    14.3    15.1     0.0    23.86 C    35.2     3.6    17.0    53.0    22.1    35.5   0.074   0.068   0.073   0.072   0.086    14.1    13.4    12.5    10.4     7.9
94079 20140423  2.422 -101.44   42.07    22.2     7.7    15.0    14.3     0.0    16.02 C    33.9     7.6    16.0    66.7    14.7    46.4   0.072   0.069   0.073   0.071   0.085    14.7    14.1    13.2    10.9     8.3
94079 20140424  2.422 -101.44   42.07    18.4     3.1    10.7    11.6     0.0    27.16 C    34.2     2.1    14.1    82.3    12.4    34.7   0.068   0.063   0.072   0.071   0.087    14.4    13.9    13.1    11.2     8.7
94079 20140425  2.422 -101.44   42.07    22.6     7.5    15.0    15.2     0.0    23.99 C    41.0     3.9    18.6    48.9    13.9    27.2   0.064   0.062   0.072   0.071   0.086    15.2    14.5    13.5    11.5     9.0
94079 20140426  2.422 -101.44   42.07    23.4     6.0    14.7    15.7     0.0    21.08 C    39.1     5.4    18.8    80.0    28.7    49.9   0.060   0.063   0.071   0.071   0.086    15.9    15.2    14.2    12.0     9.3
94079 20140427  2.422 -101.44   42.07    15.1     0.7     7.9     6.6     4.7     5.84 C    18.1     1.3     7.6    98.0    62.1    85.7   0.060   0.056   0.070   0.071   0.087    12.3    13.0    13.5    12.4     9.7
94079 20140428  2.422 -101.44   42.07     4.4    -0.2     2.1     1.5     0.0     6.90 C     6.4    -0.3     2.2    98.0    74.1    91.7   0.071   0.043   0.068   0.070   0.087     6.5     7.7     9.4    11.0     9.9
94079 20140429  2.422 -101.44   42.07     2.0    -0.8     0.6     0.1     0.0    10.63 C     4.8    -1.5     0.3    95.8    79.3    88.6   0.082   0.058   0.066   0.068   0.086     4.5     5.5     7.0     9.3     9.7
94079 20140430  2.422 -101.44   42.07     7.7     0.1     3.9     3.5     0.0    15.78 C    15.6    -0.6     4.8    86.7    37.9    63.0   0.086   0.078   0.070   0.068   0.086     5.0     5.3     6.1     8.0     9.2
94079 20140501  2.422 -101.44   42.07    11.8     0.8     6.3     6.5     0.0    26.24 C    23.2    -0.3     8.2    75.8    32.3    49.5   0.083   0.077   0.071   0.067   0.087     7.4     7.2     7.1     7.6     8.7
94079 20140502  2.422 -101.44   42.07    22.7     3.7    13.2    12.7     0.0    25.37 C    35.6     1.8    14.7    85.3    22.7    45.5   0.081   0.077   0.072   0.067   0.086    11.1    10.2     9.0     8.1     8.4
94079 20140503  2.422 -101.44   42.07    23.7     4.8    14.2    13.8     0.0    27.03 C    37.3     2.0    17.6    91.5    28.8    57.2   0.078   0.075   0.073   0.069   0.086    14.3    13.1    11.6     9.3     8.3
94079 20140504  2.422 -101.44   42.07    18.5     3.7    11.1    10.7     0.0    24.09 C    33.2     3.6    15.0    87.6    36.8    61.6   0.075   0.072   0.073   0.069   0.086    14.4    13.8    12.8    10.6     8.7
94079 20140505  2.422 -101.44   42.07    21.9     5.3    13.6    14.1     0.0    21.49 C    37.8     2.8    17.2    84.4    32.7    56.3   0.071   0.071   0.072   0.068   0.086    15.2    14.4    13.3    11.2     9.1
94079 20140506  2.422 -101.44   42.07    20.7     7.4    14.1    14.4     0.0    22.17 C    37.5     6.1    18.4    86.8    44.4    62.4   0.068   0.069   0.071   0.069   0.085    16.1    15.3    14.1    11.9     9.4
94079 20140507  2.422 -101.44   42.07    20.7     2.6    11.7    11.4    13.3    20.02 C    39.0     3.4    15.8    99.1    43.2    78.3   0.073   0.071   0.070   0.070   0.086    15.5    15.3    14.6    12.5     9.8
94079 20140508  2.422 -101.44   42.07     3.9    -0.4     1.7     1.3     9.3    10.54 C     7.7    -0.7     2.1    99.5    87.4    95.0   0.117   0.084   0.088   0.072   0.085     7.9     9.2    10.9    12.0    10.2
94079 20140509  2.422 -101.44   42.07    18.8    -1.1     8.9    10.0     0.0    25.93 C    32.3    -1.5    13.2    95.3    28.4    61.5   0.103   0.090   0.095   0.082   0.086    10.8    10.2     9.8    10.2    10.2
94079 20140510  2.422 -101.44   42.07    19.9     8.0    13.9    13.0    15.1    26.06 C    33.3     6.2    15.9    96.8    24.5    55.8   0.098   0.087   0.090   0.082   0.086    13.9    13.2    12.2    10.8     9.9
94079 20140511  2.422 -101.44   42.07     8.5     1.8     5.1     3.8    10.9     1.97 C     9.0     1.4     4.8    99.0    92.6    96.8   0.126   0.078   0.106   0.092   0.086     8.7     9.8    11.0    11.3    10.0
94079 20140512  2.422 -101.44   42.07     7.3    -0.4     3.5     2.7     0.0    10.17 C     9.3     0.0     2.8    98.4    44.4    72.2   0.109   0.076   0.097   0.094   0.094     5.5     6.3     7.7     9.8    10.1
94079 20140513  2.422 -101.44   42.07    13.4     0.2     6.8     7.0     0.0    23.83 C    27.0    -1.0     8.3    73.8    29.5    51.5   0.098   0.091   0.090   0.087   0.106     7.6     7.5     7.6     8.6     9.7
94079 20140514  2.422 -101.44   42.07    14.5     3.1     8.8     8.1     0.0    20.56 C    25.9    -0.2     9.3    75.1    31.2    51.5   0.091   0.086   0.085   0.084   0.106     9.3     9.2     8.9     8.8     9.3
94079 20140515  2.422 -101.44   42.07    13.9     2.2     8.0     8.2     0.0    28.48 C    30.0    -1.3    11.6    61.4    22.4    40.1   0.087   0.082   0.083   0.081   0.104    11.0    10.5     9.9     9.2     9.2
94079 20140516  2.422 -101.44   42.07    15.4     1.8     8.6     8.0     0.0    21.31 C    28.2     0.9    10.8    94.2    41.1    62.9   0.085   0.080   0.081   0.078   0.103    11.8    11.5    11.0     9.9     9.2
94079 20140517  2.422 -101.44   42.07    15.5     1.6     8.5     8.7     0.0    19.83 C    35.7     0.9    12.6    97.8    44.1    72.7   0.083   0.077   0.079   0.077   0.101    12.5    11.9    11.3    10.3     9.4
94079 20140518  2.422 -101.44   42.07    24.5     5.6    15.1    15.3     0.0    21.63 C    32.1     5.1    17.0    95.5    37.9    64.8   0.080   0.076   0.077   0.076   0.100    13.9    13.1    12.2    10.8     9.5
94079 20140519  2.422 -101.44   42.07    23.9    11.2    17.5    17.4     0.0    25.81 C    38.8    10.2    21.0    98.6    36.2    64.8   0.075   0.075   0.077   0.075   0.099    17.2    16.1    14.4    11.6     9.7
94079 20140520  2.422 -101.44   42.07    22.8    10.8    16.8    17.0     0.8    25.92 C    40.0     9.5    21.2    85.0    34.7    57.3   0.068   0.071   0.075   0.075   0.098    18.1    17.2    15.8    12.8    10.1
94079 20140521  2.422 -101.44   42.07    21.2     8.9    15.1    15.0     0.5    24.97 C    39.2     9.0    19.5    87.3    40.1    60.6   0.060   0.067   0.074   0.074   0.098    18.0    17.3    16.2    13.7    10.6
94079 20140522  2.422 -101.44   42.07    24.4     8.6    16.5    17.4     0.0    27.01 C    40.1     7.5    21.5    81.8    40.2    58.8   0.053   0.061   0.071   0.073   0.097    18.9    18.0    16.7    14.2    11.1
94079 20140523  2.422 -101.44   42.07    22.2    12.4    17.3    16.3     0.2    13.94 C    36.0    12.1    18.8    97.9    56.9    81.5   0.047   0.055   0.069   0.073   0.097    18.5    18.0    17.1    14.7    11.5
94079 20140524  2.422 -101.44   42.07    21.8    13.7    17.7    17.4     0.7    17.65 C    33.2    12.7    19.5    97.7    56.3    78.6   0.043   0.051   0.067   0.071   0.097    18.4    17.7    16.9    14.9    11.9
94079 20140525  2.422 -101.44   42.07    23.9    13.6    18.8    18.0     0.0    20.72 C    40.5    10.2    21.1    98.3    42.2    73.0   0.040   0.047   0.065   0.070   0.095    19.2    18.3    17.2    15.1    12.2
94079 20140526  2.422 -101.44   42.07    27.5    11.1    19.3    18.9     0.0    22.17 C    46.6     9.8    21.7    95.1    31.9    62.1   0.038   0.040   0.062   0.070   0.094    19.7    18.8    17.6    15.4    12.4
94079 20140527  2.422 -101.44   42.07    28.7    12.2    20.4    21.8     0.0    27.98 C    46.5    11.0    25.6    87.6    27.3    51.1   0.035   0.032   0.059   0.069   0.094    21.3    20.0    18.4    15.8    12.7
94079 20140528  2.422 -101.44   42.07    31.3    14.7    23.0    23.2     0.0    28.75 C    47.8    12.7    26.6    86.5    26.0    51.4   0.032   0.026   0.054   0.066   0.093    22.7    21.3    19.5    16.5    13.1
94079 20140529  2.422 -101.44   42.07    32.1    14.6    23.3    23.5     0.0    29.43 C    46.3    13.1    27.1    80.8    20.9    46.0   0.030   0.022   0.048   0.063   0.092    23.4    22.0    20.1    17.1    13.4
94079 20140530  2.422 -101.44   42.07    28.9    15.1    22.0    20.0    10.5    11.25 C    40.9    15.2    20.8    97.6    29.8    69.8   0.028   0.019   0.045   0.062   0.091    21.3    21.0    20.1    17.6    13.8
94079 20140531  2.422 -101.44   42.07    24.7    14.9    19.8    19.1    10.0    21.69 C    38.1    15.2    22.0    98.8    41.9    77.0   0.101   0.083   0.054   0.062   0.090    20.6    20.0    19.2    17.3    14.1
94079 20140601  2.422 -101.44   42.07    22.5    10.6    16.5    16.2    28.2    15.78 C    34.5    10.5    17.8    97.4    41.2    76.3   0.123   0.083   0.090   0.063   0.089    18.5    18.7    18.7    17.3    14.3
94079 20140602  2.422 -101.44   42.07    23.9     9.9    16.9    17.8     0.0    29.62 C    35.3     9.6    19.8    94.0    36.1    59.3   0.109   0.073   0.101   0.091   0.088    19.0    18.6    18.0    16.9    14.4
94079 20140603  2.422 -101.44   42.07    25.4    11.5    18.4    15.6    16.1    13.38 C    33.5     8.8    16.8    96.6    61.6    85.6   0.118   0.079   0.103   0.098   0.088    17.6    17.7    17.8    17.0    14.5
94079 20140604  2.422 -101.44   42.07    22.3    10.9    16.6    15.3    18.0    21.99 C    35.2    10.0    19.5    98.7    54.0    81.2   0.106   0.086   0.095   0.094   0.097    18.4    18.0    17.5    16.6    14.6
94079 20140605  2.422 -101.44   42.07    23.9    11.6    17.7    18.4     0.0    30.48 C    34.9    11.7    20.4    98.0    27.2    56.8   0.116   0.075   0.104   0.099   0.108    19.5    19.0    18.3    16.8    14.6
94079 20140606  2.422 -101.44   42.07    24.2     7.6    15.9    15.7     3.5    13.65 C    34.4     9.1    16.4    98.2    54.1    74.8   0.099   0.087   0.093   0.094   0.115    17.9    18.1    18.2    17.2    14.8
94079 20140607  2.422 -101.44   42.07    12.9     6.3     9.6     9.5     0.0    10.42 C    19.9     7.8    12.4    99.1    73.1    86.8   0.097   0.087   0.088   0.088   0.113    14.8    15.3    16.0    16.5    14.9
94079 20140608  2.422 -101.44   42.07    11.0     7.4     9.2     9.2    87.5     0.77 C    11.8     7.7     9.8    98.9    83.2    94.5   0.137   0.098   0.111   0.098   0.112    12.4    13.0    14.2    15.5    14.8
94079 20140609  2.422 -101.44   42.07    15.2     7.2    11.2    10.4     1.9    15.81 C    25.8     7.2    12.7    98.6    63.2    84.8   0.122   0.082   0.108   0.105   0.140    12.2    12.0    12.2    13.5    14.5
94079 20140610  2.422 -101.44   42.07    24.7     7.0    15.8    16.4     0.0    30.36 C    35.5     6.6    19.5    97.6    41.5    69.5   0.100   0.088   0.091   0.087   0.124    16.7    15.8    14.6    13.7    14.0
94079 20140611  2.422 -101.44   42.07    19.2     8.1    13.7    14.4     0.0    17.37 C    25.9     8.3    15.8    98.3    58.4    80.1   0.091   0.084   0.085   0.082   0.119    17.0    16.8    16.4    15.0    13.9
94079 20140612  2.422 -101.44   42.07    18.8     5.9    12.3    13.0     0.0    30.19 C    32.6     5.9    17.1    96.8    41.2    64.9   0.086   0.080   0.081   0.079   0.115    17.8    17.2    16.5    15.3    14.0
94079 20140613  2.422 -101.44   42.07    25.1     9.0    17.0    18.4     0.0    27.18 C    32.7     8.5    20.3    74.1    48.2    60.2   0.078   0.075   0.079   0.077   0.112    18.9    18.2    17.4    15.8    14.1
94079 20140614  2.422 -101.44   42.07    20.3    10.5    15.4    16.9     1.3    19.06 C    29.5    10.4    19.2    95.0    57.6    78.5   0.071   0.072   0.077   0.076   0.110    19.8    19.3    18.4    16.5    14.3
94079 20140615  2.422 -101.44   42.07    23.8     6.9    15.4    15.8     0.0    29.00 C    34.0     6.9    18.6    97.9    22.0    56.9   0.062   0.067   0.073   0.073   0.108    19.6    19.0    18.3    16.8    14.6
94079 20140616  2.422 -101.44   42.07    29.5    14.7    22.1    22.2     0.0    27.57 C    40.0    13.4    24.4    93.2    23.6    56.5   0.054   0.057   0.070   0.072   0.106    21.9    20.8    19.4    17.1    14.8
94079 20140617  2.422 -101.44   42.07    30.8    15.9    23.3    22.4     0.0    25.26 C    42.0    16.3    25.7    98.9    39.5    75.9   0.046   0.042   0.065   0.070   0.104    23.2    22.1    20.7    18.0    15.0
94079 20140618  2.422 -101.44   42.07    25.0    12.1    18.5    19.8     4.0    26.28 C    36.5    12.0    22.8    98.9    42.7    71.7   0.041   0.034   0.061   0.068   0.103    23.1    22.4    21.2    18.7    15.4
94079 20140619  2.422 -101.44   42.07    24.7    10.9    17.8    18.0     1.8    31.16 C    31.1    10.1    19.3    92.2    20.9    50.7   0.050   0.030   0.056   0.066   0.101    21.2    21.1    20.5    18.8    15.7
94079 20140620  2.422 -101.44   42.07    29.5    13.0    21.3    22.4     0.0    28.39 C    39.4    12.0    24.0    79.8    24.1    52.7   0.048   0.028   0.051   0.064   0.099    22.8    21.8    20.5    18.6    15.9
94079 20140621  2.422 -101.44   42.07    30.6    15.0    22.8    21.3     0.0    25.93 C    41.1    14.6    24.2    94.1    33.2    62.0   0.042   0.026   0.047   0.061   0.098    24.1    23.2    21.6    19.1    16.1
94079 20140622  2.422 -101.44   42.07    25.3    13.7    19.5    18.9     0.0    24.82 C    39.0    13.3    22.2    86.5    43.1    65.6   0.037   0.023   0.044   0.058   0.096    23.5    22.9    21.7    19.5    16.3
94079 20140623  2.422 -101.44   42.07    24.3    12.9    18.6    18.4     0.0    23.29 C    39.9    12.9    21.6    87.4    36.7    57.1   0.033   0.021   0.041   0.055   0.095    22.8    22.3    21.4    19.5    16.5
94079 20140624  2.422 -101.44   42.07    23.6    13.1    18.4    18.1     3.0    22.10 C    34.1    13.1    20.6    90.8    41.3    67.0   0.031   0.020   0.038   0.053   0.093    21.8    21.6    21.0    19.4    16.6
94079 20140625  2.422 -101.44   42.07    27.4    13.8    20.6    20.4     0.0    19.37 C    38.1    13.8    22.5    98.9    43.2    70.8   0.031   0.020   0.036   0.051   0.092    21.8    21.3    20.5    19.2    16.7
94079 20140626  2.422 -101.44   42.07    30.0    15.6    22.8    22.6     0.0    28.46 C    42.2    14.4    26.2    86.8    33.8    59.7   0.031   0.020   0.036   0.047   0.089    24.3    23.0    21.3    19.1    16.7
94079 20140627  2.422 -101.44   42.07    27.7    14.3    21.0    19.8    17.8    25.31 C    38.5    14.5    22.7    96.6    40.9    70.0   0.048   0.028   0.036   0.045   0.087    23.7    23.2    22.0    19.6    16.8
94079 20140628  2.422 -101.44   42.07    25.0    14.0    19.5    19.3     0.0    26.65 C    32.9    14.0    20.9    93.1    34.0    64.1   0.100   0.078   0.035   0.044   0.087    21.8    21.6    21.1    19.6    16.9
94079 20140629  2.422 -101.44   42.07    28.9    14.4    21.6    22.1     0.0    30.32 C    38.1    13.3    24.3    73.6    27.1    46.4   0.088   0.085   0.037   0.043   0.085    23.2    22.7    21.7    19.5    17.0
94079 20140630  2.422 -101.44   42.07    25.1    11.4    18.3    19.0     0.0    28.80 C    35.0    10.9    21.2    87.6    24.7    50.3   0.075   0.077   0.038   0.043   0.084    23.3    23.1    22.3    19.9    17.1
94079 20140701  2.422 -101.44   42.07    21.4    10.3    15.8    15.9     0.0    23.10 C    28.9     9.9    17.4    82.7    36.7    58.7   0.063   0.069   0.038   0.042   0.083    21.4    21.5    21.4    19.9    17.2
94079 20140702  2.422 -101.44   42.07    24.4     9.4    16.9    17.3     0.0    29.57 C    37.7     8.8    20.9    83.9    29.2    54.5   0.054   0.058   0.037   0.042   0.081    21.9    21.5    20.9    19.5    17.2
94079 20140703  2.422 -101.44   42.07    27.9    12.2    20.0    20.6     0.0    27.57 C    39.8    11.6    23.7    86.3    37.1    63.5   0.046   0.042   0.037   0.040   0.078    23.3    22.7    21.7    19.6    17.2
94079 20140704  2.422 -101.44   42.07    28.6    16.1    22.3    22.3     0.0    21.24 C    38.7    15.6    24.5    86.5    26.9    69.1   0.039   0.034   0.037   0.040   0.076    24.0    23.4    22.3    19.9    17.3
94079 20140705  2.422 -101.44   42.07    35.4    18.6    27.0    26.9     0.0    29.04 C    47.8    16.4    29.1    65.0    18.1    42.1   0.036   0.032   0.035   0.038   0.073    25.7    24.6    23.0    20.2    17.4
94079 20140706  2.422 -101.44   42.07    29.8    19.5    24.6    24.7     0.0    28.16 C    42.2    15.5    27.2    77.8    27.7    46.3   0.031   0.025   0.035   0.038   0.069    26.3    25.5    23.9    20.7    17.6
94079 20140707  2.422 -101.44   42.07    29.4    13.8    21.6    20.3     0.0    23.88 C    45.0    13.4    24.2    89.9    35.2    65.4   0.030   0.021   0.033   0.037   0.067    25.4    24.9    23.7    21.1    17.7
94079 20140708  2.422 -101.44   42.07    25.7    11.6    18.7    19.6     0.0    30.40 C    40.1    11.3    23.2    90.9    26.3    51.2   0.028   0.019   0.032   0.036   0.064    24.9    24.4    23.3    21.1    17.9
94079 20140709  2.422 -101.44   42.07    31.4    13.0    22.2    20.6     0.0    27.62 C    44.7    12.6    25.2    90.1    32.9    61.9   0.026   0.018   0.031   0.034   0.061    25.3    24.6    23.4    21.0    18.0
94079 20140710  2.422 -101.44   42.07    32.8    15.0    23.9    22.9     0.5    23.82 C    44.9    15.6    26.5    91.6    30.1    65.0   0.026   0.017   0.031   0.034   0.060    26.0    25.2    23.6    21.1    18.1
94079 20140711  2.422 -101.44   42.07    29.6    16.7    23.1    23.1     5.4    17.43 C    40.7    17.3    24.1    95.6    44.7    68.9   0.025   0.017   0.031   0.034   0.059    25.0    24.8    23.8    21.2    18.2
94079 20140712  2.422 -101.44   42.07    26.9    15.7    21.3    21.4     0.8    26.00 C    38.4    15.5    24.0    97.9    45.9    70.7   0.026   0.019   0.031   0.034   0.057    24.4    24.0    23.1    21.2    18.3
94079 20140713  2.422 -101.44   42.07    30.2    16.9    23.6    23.5     0.0    27.68 C    42.0    15.5    26.0    89.0    24.2    52.3   0.027   0.018   0.031   0.033   0.055    25.5    24.7    23.3    21.1    18.3
94079 20140714  2.422 -101.44   42.07    21.9    11.5    16.7    17.0     0.0    29.42 C    36.2     7.8    21.0    95.2    32.6    57.9   0.026   0.017   0.031   0.033   0.052    24.7    24.5    23.5    21.2    18.4
94079 20140715  2.422 -101.44   42.07    23.2     8.5    15.8    16.2     0.0    22.80 C    40.4     6.4    20.8    82.7    35.2    56.9   0.025   0.019   0.029   0.033   0.052    22.9    22.9    22.5    21.1    18.4
94079 20140716  2.422 -101.44   42.07    19.7    10.4    15.0    14.8     0.0    12.15 C    32.7     9.4    17.4    95.5    55.2    74.4   0.023   0.020   0.029   0.033   0.052    21.4    21.7    21.8    20.8    18.4
94079 20140717  2.422 -101.44   42.07    23.0     9.8    16.4    16.1     0.0    21.59 C    36.9     8.9    20.0    98.6    47.0    77.1   0.024   0.020   0.029   0.032   0.049    21.5    21.2    20.9    20.3    18.3
94079 20140718  2.422 -101.44   42.07    26.6    12.8    19.7    18.4     0.0    21.24 C    38.7    13.0    22.4    97.2    49.9    77.8   0.024   0.019   0.029   0.032   0.048    22.7    22.1    21.3    20.0    18.2
94079 20140719  2.422 -101.44   42.07    30.2    14.7    22.5    22.5     0.0    24.68 C    44.6    14.4    26.4    96.6    27.3    63.3   0.024   0.018   0.029   0.031   0.046    24.4    23.5    22.1    20.1    18.1
94079 20140720  2.422 -101.44   42.07    37.3    18.6    28.0    26.5     0.0    27.26 C    50.2    19.3    30.9    97.4    12.6    60.2   0.024   0.016   0.029   0.031   0.045    26.9    25.5    23.4    20.5    18.1
94079 20140721  2.422 -101.44   42.07    39.0    23.6    31.3    31.1     0.0    27.21 C    52.4    21.0    33.2    37.8    10.3    23.0   0.024   0.017   0.029   0.031   0.041    28.6    27.2    24.8    21.1    18.2
94079 20140722  2.422 -101.44   42.07    33.2    18.0    25.6    25.5     0.6    28.04 C    50.1    17.1    30.0    85.0    25.6    48.7   0.022   0.017   0.028   0.032   0.040    28.4    27.4    25.4    21.8    18.4
94079 20140723  2.422 -101.44   42.07    29.7    16.8    23.3    22.4     3.6    23.75 C    42.3    16.8    25.4    95.1    40.2    68.7   0.021   0.018   0.029   0.032   0.039    26.5    26.2    25.1    22.2    18.6
94079 20140724  2.422 -101.44   42.07    38.2    17.5    27.8    25.4     5.7    22.95 C    49.2    17.0    27.0    90.9    15.1    58.8   0.022   0.017   0.029   0.031   0.038    26.0    25.5    24.4    22.1    18.7
94079 20140725  2.422 -101.44   42.07    30.5    18.3    24.4    24.0     0.0    23.77 C    39.3    17.7    25.0    84.2    35.9    54.9   0.024   0.017   0.029   0.031   0.039    24.4    24.3    23.8    21.9    18.8
94079 20140726  2.422 -101.44   42.07    27.0    16.2    21.6    22.7     0.0    26.41 C    37.3    15.0    24.3    87.0    34.9    59.5   0.026   0.018   0.029   0.030   0.039    24.8    24.5    23.5    21.7    18.9
94079 20140727  2.422 -101.44   42.07    27.6    13.5    20.6    20.6     0.0    28.59 C    39.1    12.7    23.7    69.9    23.5    45.5   0.026   0.018   0.029   0.030   0.038    24.8    24.4    23.5    21.6    18.9
94079 20140728  2.422 -101.44   42.07    29.5    12.3    20.9    20.6     0.0    25.74 C    47.8    11.5    25.3    83.6    31.6    56.0   0.025   0.018   0.029   0.030   0.036    25.2    24.6    23.6    21.6    18.9
94079 20140729  2.422 -101.44   42.07    26.1    12.8    19.4    19.2     0.0    20.61 C    43.7    13.6    23.3    95.2    38.2    64.7   0.024   0.017   0.028   0.031   0.035    24.8    24.5    23.7    21.6    19.0
94079 20140730  2.422 -101.44   42.07    27.2    13.9    20.5    20.4     0.0    21.24 C    47.7    11.7    23.7    85.9    29.2    56.4   0.023   0.017   0.028   0.032   0.033    24.5    24.2    23.4    21.6    19.0
94079 20140731  2.422 -101.44   42.07    28.9    15.1    22.0    22.8     0.0    27.20 C    44.5    14.2    25.9    87.1    24.1    46.2   0.023   0.017   0.028   0.031   0.032    25.3    24.7    23.5    21.5    19.0
94079 20140801  2.422 -101.44   42.07    32.5    16.7    24.6    24.7     0.0    27.00 C    49.6    12.4    28.5    60.1    14.3    35.4   0.022   0.016   0.028   0.031   0.032    26.2    25.4    24.0    21.7    19.1
94079 20140802  2.422 -101.44   42.07    34.1    15.1    24.6    24.1     0.0    21.27 C    48.9    14.9    26.3    84.7    17.0    42.6   0.021   0.015   0.027   0.030   0.031    26.5    25.9    24.5    22.0    19.1
94079 20140803  2.422 -101.44   42.07    32.2    17.2    24.7    24.7     0.0    25.74 C    48.8    14.6    28.7    72.9    23.6    42.4   0.020   0.015   0.028   0.030   0.030    26.7    25.9    24.5    22.2    19.1
94079 20140804  2.422 -101.44   42.07    33.0    15.0    24.0    24.7     0.0    25.21 C    48.5    15.8    29.4    98.7    19.7    57.0   0.020   0.016   0.027   0.030   0.029    27.5    26.6    25.0    22.3    19.2
94079 20140805  2.422 -101.44   42.07    29.3    18.1    23.7    22.6     3.3    16.39 C    43.5    18.9    26.6    97.1    39.0    71.6   0.020   0.017   0.027   0.030   0.029    27.0    26.5    25.3    22.6    19.3
94079 20140806  2.422 -101.44   42.07    27.1    17.9    22.5    20.0    23.4    15.65 C    42.3    18.0    22.6    98.3    52.6    87.1   0.051   0.054   0.033   0.030   0.029    24.4    24.6    24.4    22.6    19.4
94079 20140807  2.422 -101.44   42.07    29.1    16.3    22.7    21.9    19.7    24.28 C    39.3    16.8    25.1    98.2    35.9    72.5   0.100   0.107   0.078   0.031   0.031    24.3    24.2    23.7    22.3    19.5
94079 20140808  2.422 -101.44   42.07    28.3    15.1    21.7    19.9     0.0    22.98 C    39.2    15.2    22.9    94.5    40.0    72.9   0.104   0.107   0.100   0.041   0.030    23.6    23.6    23.5    22.3    19.5
94079 20140809  2.422 -101.44   42.07    28.4    14.1    21.3    19.5     3.7    15.80 C    39.7    14.4    21.7    98.4    53.1    82.8   0.093   0.092   0.092   0.050   0.033    22.6    22.7    22.7    22.2    19.6
94079 20140810  2.422 -101.44   42.07    25.5    15.7    20.6    20.0     4.4    22.44 C    33.8    14.7    21.4    98.4    44.7    73.6   0.102   0.099   0.095   0.065   0.032    22.3    22.4    22.3    21.9    19.6
94079 20140811  2.422 -101.44   42.07    26.2    12.6    19.4    19.2     0.0    25.61 C    37.9    12.2    21.7    91.6    35.0    59.1   0.091   0.090   0.092   0.077   0.032    22.2    22.2    22.1    21.6    19.5
94079 20140812  2.422 -101.44   42.07    28.9    13.5    21.2    21.0     0.0    25.67 C    39.3    12.6    23.8    79.2    36.2    57.9   0.085   0.084   0.087   0.082   0.032    23.2    22.9    22.4    21.5    19.4
94079 20140813  2.422 -101.44   42.07    30.4    14.3    22.4    22.3     0.0    22.05 C    38.8    14.4    24.0    90.7    39.2    64.5   0.078   0.079   0.083   0.081   0.031    23.8    23.5    22.9    21.8    19.5
94079 20140814  2.422 -101.44   42.07    32.2    16.8    24.5    23.9     0.0    22.36 C    41.0    16.4    26.0    91.5    36.1    65.8   0.070   0.075   0.080   0.082   0.031    24.9    24.3    23.5    22.1    19.5
94079 20140815  2.422 -101.44   42.07    28.6    18.4    23.5    23.2     0.0    21.59 C    39.3    15.8    24.7    91.7    43.8    65.2   0.061   0.070   0.079   0.081   0.031    25.3    24.9    24.2    22.5    19.7
94079 20140816  2.422 -101.44   42.07    29.7    16.1    22.9    23.3     0.0    24.65 C    38.0    15.7    24.7    87.8    31.6    57.2   0.051   0.062   0.075   0.078   0.031    25.0    24.7    24.1    22.8    19.8
94079 20140817  2.422 -101.44   42.07    33.5    14.8    24.1    22.3     0.0    25.17 C    40.8    14.3    24.4    91.8    23.9    65.6   0.045   0.055   0.072   0.077   0.031    25.3    24.9    24.3    22.9    20.0
94079 20140818  2.422 -101.44   42.07    29.7    13.1    21.4    22.2     0.0    21.55 C    40.0    12.1    23.3    90.9    30.8    55.2   0.039   0.048   0.068   0.075   0.030    24.5    24.3    24.0    23.0    20.1
94079 20140819  2.422 -101.44   42.07 -9999.0 -9999.0 -9999.0 -9999.0     0.0 -9999.00 U -9999.0 -9999.0 -9999.0 -9999.0 -9999.0 -9999.0 -99.000 -99.000 -99.000 -99.000 -99.000 -9999.0 -9999.0 -9999.0 -9999.0 -9999.0
94079 20140820  2.422 -101.44   42.07    32.0    18.9    25.4    24.1     0.0    18.18 C    47.2    16.2    26.8    77.3    23.2    50.3   0.035   0.039   0.059   0.070   0.030    25.0    24.6    24.0    22.9    20.3
94079 20140821  2.422 -101.44   42.07    30.3    17.7    24.0    23.7     0.0    25.03 C    45.9    16.5    27.6    77.4    28.9    50.9   0.033   0.036   0.054   0.066   0.029    25.7    25.1    24.3    23.0    20.3
94079 20140822  2.422 -101.44   42.07    20.8    16.1    18.4    18.7    10.0     3.23 C    21.5    16.5    18.6    97.0    58.8    79.8   0.032   0.033   0.051   0.064   0.029    22.9    23.4    23.7    23.1    20.4
94079 20140823  2.422 -101.44   42.07    25.8    15.4    20.6    19.8     0.6    13.49 C    38.3    13.8    21.4   100.0    44.2    78.7   0.055   0.041   0.049   0.064   0.031    22.0    22.1    22.3    22.3    20.4
94079 20140824  2.422 -101.44   42.07    27.5    12.6    20.0    20.0     0.0    25.34 C    36.0    10.9    21.1    73.5    22.0    44.4   0.051   0.051   0.047   0.062   0.031    20.9    21.1    21.5    21.7    20.3
94079 20140825  2.422 -101.44   42.07    24.4     9.8    17.1    16.9     0.0    23.93 C    40.1     9.5    21.6    85.7    41.8    62.2   0.047   0.050   0.046   0.060   0.032    21.4    21.4    21.4    21.3    20.1
94079 20140826  2.422 -101.44   42.07    26.9    11.6    19.3    18.8     0.0    22.37 C    41.2    12.1    22.6    96.2    41.1    72.0   0.043   0.047   0.044   0.057   0.030    22.2    22.0    21.6    21.2    19.9
94079 20140827  2.422 -101.44   42.07    23.3    16.7    20.0    19.3     9.0    11.50 C    33.6    16.8    21.6    98.6    61.6    88.5   0.045   0.044   0.043   0.056   0.029    22.2    22.2    22.0    21.3    19.8
94079 20140828  2.422 -101.44   42.07    23.3    14.4    18.9    17.4     5.3    11.67 C    41.3    13.4    19.0    97.7    64.2    84.7   0.072   0.068   0.042   0.055   0.031    20.8    21.0    21.3    21.2    19.8
94079 20140829  2.422 -101.44   42.07    26.2    13.4    19.8    19.0     0.0    21.81 C    34.6    10.7    19.4    80.6    41.3    63.3   0.087   0.091   0.041   0.054   0.030    19.8    20.0    20.4    20.7    19.7
94079 20140830  2.422 -101.44   42.07    28.0    11.0    19.5    20.6     0.0    23.69 C    36.2     9.0    21.5    96.7    38.0    61.7   0.078   0.084   0.041   0.053   0.030    20.3    20.2    20.1    20.3    19.5
94079 20140831  2.422 -101.44   42.07    23.2    10.2    16.7    16.5     3.3     8.58 C    29.5    10.1    16.4    94.3    44.1    72.9   0.072   0.080   0.040   0.051   0.030    19.1    19.6    20.0    20.2    19.3
94079 20140901  2.422 -101.44   42.07    23.7     9.0    16.3    15.1     0.4    23.42 C    37.4     7.7    18.1    94.0    32.7    70.6   0.069   0.078   0.040   0.050   0.031    18.5    18.7    19.0    19.6    19.2
94079 20140902  2.422 -101.44   42.07    26.7     8.6    17.6    18.4     0.0    23.49 C    35.1     8.0    19.8    93.3    40.6    65.2   0.063   0.074   0.040   0.049   0.031    19.0    18.9    19.0    19.3    19.0
94079 20140903  2.422 -101.44   42.07    33.5    16.4    25.0    24.2     0.0    22.72 C    43.3    15.8    25.7    96.3    23.2    65.6   0.055   0.068   0.040   0.049   0.029    22.0    21.4    20.5    19.4    18.9
94079 20140904  2.422 -101.44   42.07    25.7    12.4    19.1    17.1     0.0    22.24 C    32.8    12.1    19.4    73.6    28.2    46.9   0.046   0.061   0.039   0.047   0.029    21.1    21.2    21.1    20.1    18.8
94079 20140905  2.422 -101.44   42.07    18.1     9.0    13.5    13.2     3.1    16.02 C    32.1    10.2    16.7    93.2    43.1    69.0   0.042   0.056   0.038   0.047   0.030    18.8    19.1    19.6    19.9    18.9
94079 20140906  2.422 -101.44   42.07    22.8    10.8    16.8    16.3     0.0    19.79 C    37.0     9.6    19.1    83.1    44.9    63.7   0.039   0.053   0.038   0.046   0.030    19.2    19.2    19.3    19.4    18.9
94079 20140907  2.422 -101.44   42.07    26.0    10.0    18.0    18.4     0.0    22.51 C    33.7     9.6    19.9    95.1    37.4    65.3   0.037   0.048   0.037   0.043   0.029    19.4    19.3    19.3    19.3    18.8
94079 20140908  2.422 -101.44   42.07    30.6    15.2    22.9    22.3     0.0    20.06 C    43.2    13.2    22.7    89.2    12.3    43.2   0.034   0.045   0.037   0.042   0.029    20.8    20.4    20.0    19.4    18.6
94079 20140909  2.422 -101.44   42.07    22.1     7.7    14.9    16.2     4.7     4.10 C    24.6     8.8    16.3    98.7    46.5    76.1   0.037   0.040   0.036   0.043   0.029    19.0    19.4    19.8    19.6    18.6
94079 20140910  2.422 -101.44   42.07    10.1     4.8     7.4     6.8     8.4     9.20 C    18.1     5.6     9.4    98.8    75.7    91.9   0.050   0.039   0.035   0.041   0.029    14.3    15.6    17.3    18.9    18.6
94079 20140911  2.422 -101.44   42.07     4.9    -0.1     2.4     2.5     6.3     3.60 C     6.9     0.5     4.2    99.9    85.4    96.1   0.098   0.098   0.043   0.041   0.030    10.4    11.7    14.0    17.5    18.4
94079 20140912  2.422 -101.44   42.07    10.2     0.2     5.2     3.9     0.2    14.97 C    26.1     1.2     7.4    99.9    46.7    78.6   0.100   0.100   0.082   0.039   0.031    10.1    10.7    12.0    15.5    17.9
94079 20140913  2.422 -101.44   42.07    18.7     0.9     9.8     8.8     0.0    18.82 C    30.3     0.6    10.8    96.1    38.8    73.1   0.091   0.092   0.086   0.040   0.031    11.0    11.3    12.1    14.5    17.3
94079 20140914  2.422 -101.44   42.07    20.8     4.3    12.5    11.7     0.0    17.23 C    33.1     3.9    13.8    94.3    53.1    74.7   0.087   0.087   0.086   0.040   0.029    13.0    13.0    13.2    14.3    16.7
94079 20140915  2.422 -101.44   42.07    18.4     3.8    11.1    10.9     0.0    21.45 C    32.6     3.3    14.4    88.2    37.0    62.7   0.083   0.085   0.085   0.040   0.029    13.7    13.9    14.0    14.6    16.3
94079 20140916  2.422 -101.44   42.07    26.2     7.9    17.1    17.0     0.0    19.80 C    37.3     7.1    18.2    92.6    33.7    64.1   0.080   0.082   0.083   0.040   0.028    15.5    15.1    14.8    14.9    16.2
94079 20140917  2.422 -101.44   42.07    29.9    13.5    21.7    21.0     0.0    20.05 C    40.1     9.1    21.7    92.4    20.6    55.6   0.076   0.080   0.081   0.040   0.028    17.6    17.1    16.4    15.6    16.1
94079 20140918  2.422 -101.44   42.07    23.5    14.5    19.0    17.3     0.0     9.98 C    30.8    13.6    18.5    98.8    63.4    90.1   0.073   0.078   0.080   0.040   0.028    18.0    17.7    17.4    16.5    16.2
94079 20140919  2.422 -101.44   42.07    29.9    13.5    21.7    21.8     0.0    19.69 C    40.2    11.8    22.5    98.4    29.1    58.7   0.069   0.075   0.078   0.040   0.029    19.0    18.5    17.9    17.0    16.3
94079 20140920  2.422 -101.44   42.07    26.5    11.7    19.1    18.6     0.0    19.83 C    34.8     8.9    19.4    80.4    28.9    50.1   0.061   0.072   0.076   0.039   0.029    19.1    18.9    18.6    17.6    16.6
94079 20140921  2.422 -101.44   42.07    21.9     8.2    15.0    15.2     0.0    19.73 C    35.5     6.4    17.5    65.0    25.9    42.0   0.053   0.068   0.074   0.039   0.028    17.7    17.8    18.0    17.7    16.8
94079 20140922  2.422 -101.44   42.07    21.3     9.8    15.6    13.7     0.3     6.56 C    25.6     9.0    13.8    89.2    37.6    64.9   0.048   0.063   0.072   0.038   0.028    16.5    16.8    17.2    17.5    16.8
94079 20140923  2.422 -101.44   42.07    27.4    11.0    19.2    17.9     0.0    15.36 C    40.2    10.3    18.7    98.8    32.8    65.0   0.046   0.062   0.071   0.039   0.029    17.3    17.1    17.0    17.1    16.9
94079 20140924  2.422 -101.44   42.07    29.1    13.7    21.4    21.1     0.0    19.29 C    39.2    11.2    21.2    76.7    20.3    45.2   0.042   0.057   0.069   0.039   0.029    18.4    18.0    17.7    17.3    16.8
94079 20140925  2.422 -101.44   42.07    30.2    13.0    21.6    21.2     0.0    19.23 C    39.7    10.7    21.9    86.1    23.1    54.8   0.038   0.053   0.066   0.038   0.028    19.1    18.7    18.3    17.6    16.9
94079 20140926  2.422 -101.44   42.07    29.1    11.3    20.2    20.2     0.0    19.17 C    35.6    10.0    20.7    94.7    28.0    58.2   0.036   0.049   0.065   0.038   0.028    19.3    19.0    18.7    17.9    16.9
94079 20140927  2.422 -101.44   42.07    28.2    10.7    19.4    19.1     0.0    18.85 C    34.6     9.6    19.7    86.1    29.5    58.4   0.033   0.044   0.061   0.038   0.028    19.1    18.9    18.7    18.1    17.0
94079 20140928  2.422 -101.44   42.07    26.7    11.1    18.9    17.7     0.0    16.33 C    37.9    10.5    20.0    97.7    35.5    71.0   0.032   0.040   0.058   0.038   0.028    19.2    19.0    18.8    18.2    17.1
94079 20140929  2.422 -101.44   42.07    21.4    10.2    15.8    14.4    15.3     3.98 C    23.1    10.5    14.9   100.0    49.7    87.7   0.050   0.044   0.057   0.039   0.027    17.4    17.8    18.3    18.2    17.2
94079 20140930  2.422 -101.44   42.07    21.2     9.2    15.2    14.7     0.0    13.16 C    25.7     8.6    14.2    92.2    32.8    61.0   0.091   0.092   0.056   0.038   0.028    15.5    16.0    16.7    17.7    17.3
94079 20141001  2.422 -101.44   42.07    18.5     7.5    13.0    12.8    25.6    13.33 C    31.9     7.7    14.6    97.3    47.3    71.8   0.099   0.099   0.065   0.037   0.028    14.7    15.1    15.9    16.9    17.1
94079 20141002  2.422 -101.44   42.07    17.3     1.7     9.5     9.5     1.0    16.79 C    24.8     1.9    10.5    98.5    27.7    69.0   0.108   0.109   0.106   0.067   0.029    12.7    13.4    14.4    16.0    16.9
94079 20141003  2.422 -101.44   42.07     9.5    -0.9     4.3     3.7     0.0    18.20 C    14.4    -1.2     4.4    77.1    28.8    53.0   0.095   0.094   0.095   0.086   0.029     9.2    10.5    12.3    14.8    16.6
94079 20141004  2.422 -101.44   42.07    17.8     0.9     9.4     9.2     0.0    10.69 C    24.7    -0.7     9.2    73.5    26.0    49.6   0.089   0.088   0.090   0.086   0.029     9.6    10.1    11.1    13.4    16.1
94079 20141005  2.422 -101.44   42.07    17.1     6.7    11.9    11.5     0.8    12.49 C    21.7     4.8    10.7    81.4    37.1    59.8   0.086   0.085   0.087   0.085   0.029    10.8    11.1    11.6    13.0    15.6
94079 20141006  2.422 -101.44   42.07    22.2     7.5    14.8    14.8     0.0    15.52 C    27.3     5.9    14.1    70.7    23.3    46.5   0.084   0.083   0.085   0.085   0.028    11.9    11.9    12.0    13.0    15.1
94079 20141007  2.422 -101.44   42.07    20.5     7.0    13.7    13.9     0.0    12.76 C    31.7     4.7    14.0    73.4    20.1    48.1   0.083   0.081   0.083   0.083   0.029    13.3    13.2    13.1    13.3    14.8
94079 20141008  2.422 -101.44   42.07    21.2     5.2    13.2    12.7     0.0    16.27 C    27.1     4.1    13.0    75.1    36.1    55.9   0.080   0.079   0.082   0.083   0.028    12.9    12.9    13.1    13.6    14.7
94079 20141009  2.422 -101.44   42.07    16.6     4.6    10.6    10.0     0.0    12.20 C    25.6     2.9    11.4    92.3    48.3    71.7   0.079   0.078   0.080   0.082   0.030    12.6    12.8    13.1    13.7    14.7
94079 20141010  2.422 -101.44   42.07    14.5     4.7     9.6     8.4     0.0    10.07 C    26.2     3.5    10.4    83.0    39.8    58.5   0.078   0.076   0.080   0.081   0.027    12.3    12.5    12.9    13.6    14.7
94079 20141011  2.422 -101.44   42.07    18.8     2.9    10.8    10.6     0.0    15.70 C    24.2     2.4    11.3    99.4    37.2    71.6   0.076   0.076   0.078   0.081   0.028    11.8    11.9    12.4    13.3    14.6
94079 20141012  2.422 -101.44   42.07    15.5     4.8    10.1     8.9     0.0     6.33 C    19.8     4.5     9.6    95.6    42.7    80.9   0.075   0.075   0.078   0.080   0.027    12.0    12.2    12.6    13.3    14.4
94079 20141013  2.422 -101.44   42.07    14.9     4.0     9.4     8.3     0.0    15.40 C    22.1     1.5     8.2    92.0    30.9    57.5   0.074   0.073   0.076   0.080   0.028    10.8    11.2    11.8    13.0    14.4
94079 20141014  2.422 -101.44   42.07    19.9     3.5    11.7    11.5     0.0    15.83 C    29.6     0.8    10.7    69.4    21.8    43.3   0.072   0.072   0.076   0.078   0.029    10.8    11.0    11.5    12.6    14.2
94079 20141015  2.422 -101.44   42.07    26.2     6.6    16.4    16.2     0.0    14.42 C    31.3     3.7    14.8    57.0    13.9    35.6   0.070   0.071   0.075   0.078   0.030    12.0    11.9    12.0    12.5    14.0
94079 20141016  2.422 -101.44   42.07    19.3     7.7    13.5    13.4     0.0    12.26 C    24.8     5.3    12.8    70.4    17.0    37.5   0.067   0.071   0.075   0.078   0.031    12.6    12.6    12.7    12.9    13.9
94079 20141017  2.422 -101.44   42.07    14.9     3.0     9.0     7.8     0.0    14.82 C    24.5     0.1     8.7    96.6    42.9    72.8   0.065   0.069   0.074   0.077   0.031    11.5    11.8    12.3    13.0    13.9
94079 20141018  2.422 -101.44   42.07    17.8    -0.1     8.9     9.1     0.0    14.67 C    22.6    -0.9     9.3    98.5    36.5    67.0   0.063   0.068   0.073   0.077   0.031    10.7    11.0    11.6    12.7    13.8
94079 20141019  2.422 -101.44   42.07    23.2     5.7    14.4    14.6     0.0    14.59 C    30.1     3.0    12.7    87.2    20.9    48.8   0.062   0.068   0.073   0.075   0.031    11.8    11.8    11.9    12.5    13.7
94079 20141020  2.422 -101.44   42.07    24.2     8.5    16.4    15.8     0.0    14.58 C    29.5     0.5    13.0    62.8    21.0    41.2   0.060   0.067   0.072   0.075   0.031    12.1    12.0    12.2    12.6    13.6
94079 20141021  2.422 -101.44   42.07    24.0     7.1    15.6    16.0     0.0    13.80 C    27.3     5.6    15.3    79.5    36.4    59.0   0.057   0.067   0.072   0.075   0.030    13.0    12.8    12.7    12.8    13.6
94079 20141022  2.422 -101.44   42.07    18.4     7.2    12.8    13.1     1.7    12.81 C    26.0     1.5    12.4    93.4    26.9    63.8   0.056   0.066   0.071   0.074   0.032    13.2    13.3    13.4    13.2    13.6
94079 20141023  2.422 -101.44   42.07    22.6     5.4    14.0    14.0     0.0    11.21 C    25.9     2.5    11.8    84.8    18.5    43.5   0.055   0.065   0.072   0.075   0.032    11.4    11.7    12.3    13.1    13.7
94079 20141024  2.422 -101.44   42.07    26.5     8.2    17.3    18.8     0.0    12.75 C    31.6     3.5    14.8    49.6    13.4    27.2   0.055   0.064   0.071   0.075   0.032    12.5    12.5    12.6    12.9    13.7
94079 20141025  2.422 -101.44   42.07    22.3     4.6    13.4    12.7     0.0    13.71 C    29.0     2.2    12.3    79.9    24.3    50.7   0.053   0.063   0.070   0.074   0.032    12.0    12.1    12.5    13.0    13.6
94079 20141026  2.422 -101.44   42.07    25.7     7.3    16.5    16.3     0.0    11.81 C    29.1     5.3    14.4    89.3    19.1    47.2   0.053   0.063   0.070   0.074   0.032    12.6    12.5    12.7    12.9    13.6
94079 20141027  2.422 -101.44   42.07    11.2     1.4     6.3     7.1     4.2    11.56 C    16.5    -2.5     6.6    91.2    32.0    63.8   0.061   0.062   0.070   0.074   0.032    10.6    11.4    12.3    13.0    13.6
94079 20141028  2.422 -101.44   42.07    10.6    -0.8     4.9     4.7     0.0    13.34 C    14.1    -5.6     3.0    78.5    27.9    49.8   0.061   0.059   0.068   0.073   0.031     7.2     8.3     9.9    12.1    13.6
94079 20141029  2.422 -101.44   42.07    19.3    -2.1     8.6     8.1     0.0    13.05 C    22.8    -4.2     6.9    70.4    14.6    41.5   0.060   0.059   0.068   0.071   0.031     7.1     7.6     8.7    11.0    13.3
94079 20141030  2.422 -101.44   42.07    13.8    -2.8     5.5     6.3     0.0    12.86 C    17.7    -3.1     5.9    97.2    36.5    59.5   0.059   0.059   0.067   0.071   0.030     7.8     8.2     9.0    10.6    12.9
94079 20141031  2.422 -101.44   42.07     8.0    -3.8     2.1     0.6     0.0    10.27 C    12.8    -2.9     2.2    99.2    27.9    63.8   0.059   0.059   0.067   0.071   0.029     6.3     7.1     8.3    10.3    12.6
94079 20141101  2.422 -101.44   42.07    10.6    -2.9     3.9     3.8     0.0     9.33 C    14.3    -3.3     3.9    65.5    35.3    49.7   0.058   0.058   0.066   0.071   0.029     5.8     6.4     7.4     9.6    12.3
94079 20141102  2.422 -101.44   42.07    20.5     2.4    11.5    11.2     0.0     8.21 C    26.3     1.2    10.6    79.3    29.0    51.3   0.059   0.059   0.066   0.070   0.029     8.0     7.9     8.1     9.3    11.9
94079 20141103  2.422 -101.44   42.07    12.1    -0.1     6.0     3.1     3.5     2.55 C    11.0    -1.0     2.6    99.8    51.6    81.3   0.058   0.058   0.066   0.070   0.029     6.9     7.6     8.5     9.7    11.7
94079 20141104  2.422 -101.44   42.07    12.4    -0.9     5.8     5.4     0.0    12.10 C    15.8    -2.7     4.1    76.6    30.8    54.4   0.065   0.058   0.066   0.069   0.031     5.3     5.9     7.0     9.1    11.6
94079 20141105  2.422 -101.44   42.07    14.7     1.3     8.0     8.4     0.0    11.18 C    15.7    -0.7     6.8    74.2    29.9    48.5   0.066   0.060   0.066   0.069   0.032     6.1     6.5     7.2     8.7    11.3
94079 20141106  2.422 -101.44   42.07    16.4    -0.3     8.0     7.6     0.0    11.51 C    20.6    -2.7     6.6    78.9    28.2    52.9   0.064   0.062   0.066   0.067   0.031     5.9     6.2     6.9     8.6    11.1
94079 20141107  2.422 -101.44   42.07    17.6     5.8    11.7    11.0     0.0     7.74 C    19.8     4.2     9.5    78.7    27.9    48.7   0.064   0.063   0.066   0.067   0.030     7.3     7.3     7.6     8.6    10.9
94079 20141108  2.422 -101.44   42.07    15.8    -0.1     7.8     8.1     0.0    11.09 C    19.5    -1.3     7.2    87.9    31.6    56.6   0.063   0.063   0.066   0.067   0.030     7.2     7.4     7.8     8.8    10.8
94079 20141109  2.422 -101.44   42.07    18.9     2.6    10.7    11.1     0.0     8.76 C    22.6    -1.1     8.9    72.7    20.0    38.0   0.063   0.063   0.066   0.067   0.030     7.7     7.7     8.0     8.9    10.8
94079 20141110  2.422 -101.44   42.07    15.3   -14.1     0.6    -4.5     0.0     2.95 C    12.4   -14.3    -3.7    98.6    29.2    76.1   0.062   0.062   0.066   0.068   0.030     5.1     6.2     7.5     9.0    10.7
94079 20141111  2.422 -101.44   42.07   -12.5   -17.9   -15.2   -14.7     0.0     5.32 C    -7.5   -18.1   -13.4    85.7    68.5    76.9 -99.000   0.061   0.064   0.068   0.031     0.6     2.2     4.3     7.8    10.7
94079 20141112  2.422 -101.44   42.07   -11.2   -21.2   -16.2   -16.1     0.3    10.56 C    -7.5   -21.4   -15.5    80.5    59.3    69.6 -99.000 -99.000   0.064   0.067   0.031    -1.4     0.4     2.4     6.3    10.3
94079 20141113  2.422 -101.44   42.07    -7.2   -20.4   -13.8   -14.1     0.0    11.06 C     1.1   -20.4   -12.4    82.1    35.7    60.5 -99.000 -99.000   0.063   0.066   0.031    -2.5    -0.9     1.2     5.1     9.7
94079 20141114  2.422 -101.44   42.07    -3.5   -12.5    -8.0    -7.1     0.0     4.44 C    -0.3   -12.6    -5.9    69.2    45.3    53.7 -99.000 -99.000   0.065   0.065   0.030    -2.0    -1.0     0.7     4.2     9.1
94079 20141115  2.422 -101.44   42.07    -6.0   -20.4   -13.2   -13.4     2.8     5.05 C    -5.3   -23.8   -13.9    92.4    56.5    76.1 -99.000 -99.000   0.064   0.064   0.031    -1.4    -0.6     0.7     3.7     8.5
94079 20141116  2.422 -101.44   42.07    -2.6   -19.8   -11.2   -11.9     0.0     9.36 C    -3.4   -23.0   -13.8    81.5    36.8    64.6 -99.000 -99.000   0.065   0.065   0.031    -1.5    -0.7     0.5     3.4     8.0
94079 20141117  2.422 -101.44   42.07   -10.2   -19.5   -14.8   -13.0     0.0     8.69 C    -8.4   -24.5   -14.8    87.5    50.6    71.0 -99.000 -99.000   0.068   0.065   0.031    -1.6    -0.7     0.4     3.2     7.6
94079 20141118  2.422 -101.44   42.07     5.3   -16.0    -5.3    -2.1     0.0     7.82 C     1.6   -20.3    -5.5    80.7    35.8    51.0 -99.000 -99.000 -99.000   0.064   0.030    -1.4    -0.9     0.3     2.9     7.3
94079 20141119  2.422 -101.44   42.07     0.5    -6.9    -3.2    -2.8     0.0     5.52 C     2.3   -11.5    -4.1    87.8    62.1    77.0 -99.000 -99.000 -99.000   0.065   0.029    -0.7    -0.4     0.4     2.8     7.0
94079 20141120  2.422 -101.44   42.07     7.7    -9.0    -0.7    -1.4     0.0     9.92 C     9.4   -12.8    -3.2    94.5    35.9    67.4 -99.000 -99.000 -99.000   0.064   0.030    -1.1    -0.6     0.4     2.7     6.8
94079 20141121  2.422 -101.44   42.07    13.9    -3.7     5.1     4.2     0.0     6.57 C    15.7    -4.9     1.9    80.3    25.0    51.1 -99.000 -99.000   0.065   0.063   0.029    -0.5    -0.3     0.5     2.6     6.6
94079 20141122  2.422 -101.44   42.07    16.6     1.0     8.8     8.4     0.0     7.53 C    16.2    -3.3     5.4    57.4    17.3    40.2 -99.000 -99.000   0.063   0.064   0.028     0.2     0.1     0.7     2.6     6.4
94079 20141123  2.422 -101.44   42.07     7.1    -1.1     3.0     2.2     0.0     7.93 C     7.7    -2.6     1.5    87.3    31.3    57.9   0.061   0.058   0.062   0.064   0.029     0.9     1.0     1.4     2.8     6.3
94079 20141124  2.422 -101.44   42.07     2.9    -5.4    -1.3    -1.9     0.0     8.16 C     5.8    -6.4    -2.2    91.3    49.9    73.7   0.047   0.058   0.063   0.065   0.030     0.3     0.7     1.4     3.0     6.2
94079 20141125  2.422 -101.44   42.07     4.0    -5.3    -0.7    -0.7     0.0     3.07 C     4.9    -6.4    -1.1    95.3    47.5    72.9 -99.000   0.056   0.063   0.064   0.030     0.0     0.4     1.2     3.0     6.2
94079 20141126  2.422 -101.44   42.07     0.0    -5.3    -2.7    -3.1     0.0     3.66 C     1.7    -5.5    -2.2    91.1    60.8    74.8 -99.000   0.056   0.063   0.063   0.030     0.1     0.5     1.2     2.9     6.1
94079 20141127  2.422 -101.44   42.07    14.4    -5.2     4.6     3.0     0.0     7.70 C    15.9    -5.9     2.2    97.5    28.3    66.5 -99.000   0.059   0.063   0.063   0.030     0.4     0.7     1.3     2.9     6.0
94079 20141128  2.422 -101.44   42.07    19.3     4.4    11.9    11.3     0.0     8.00 C    19.0     1.0     8.1    52.5    12.6    30.3   0.062   0.062   0.063   0.064   0.031     2.7     2.4     2.3     3.1     6.0
94079 20141129  2.422 -101.44   42.07    19.0   -10.4     4.3     9.3     0.0     5.91 C    19.2    -8.6     7.3    97.0     9.8    34.6   0.064   0.064   0.064   0.065   0.031     4.3     4.1     3.9     3.9     6.0
94079 20141130  2.422 -101.44   42.07   -10.3   -16.3   -13.3   -13.1     0.0     8.11 C    -3.7   -15.1   -10.8    89.5    52.0    68.4 -99.000   0.062   0.063   0.065   0.030     0.4     1.5     2.7     4.3     6.2
94079 20141201  2.422 -101.44   42.07    -2.4   -13.8    -8.1    -7.9     0.0     8.21 C    -0.3   -13.7    -7.1    68.5    15.5    39.2 -99.000 -99.000   0.063   0.064   0.030    -1.1    -0.1     1.2     3.5     6.3
94079 20141202  2.422 -101.44   42.07     7.0    -5.6     0.7     1.0     0.0     8.56 C     8.5    -6.9    -1.0    74.7    39.8    50.9 -99.000 -99.000   0.063   0.062   0.032    -0.7    -0.2     0.7     3.0     6.1
94079 20141203  2.422 -101.44   42.07     1.7    -8.3    -3.3    -3.2     0.0     5.73 C     5.2   -12.3    -3.9    81.4    32.5    49.9 -99.000 -99.000   0.064   0.063   0.031    -0.8    -0.2     0.6     2.7     5.9
94079 20141204  2.422 -101.44   42.07    11.5    -4.2     3.7     3.3     0.0     5.00 C    14.1    -5.9     1.3    73.3    38.4    56.5 -99.000 -99.000   0.065   0.063   0.030    -0.5    -0.2     0.6     2.5     5.7
94079 20141205  2.422 -101.44   42.07     9.3    -0.9     4.2     4.0     0.0     8.05 C    13.4    -7.8     1.3    84.2    47.5    64.3 -99.000 -99.000   0.063   0.063   0.031     0.1     0.1     0.8     2.5     5.6
94079 20141206  2.422 -101.44   42.07     7.5    -4.6     1.5     0.8     0.0     5.30 C     9.5    -6.8    -0.2    95.2    50.5    70.3 -99.000   0.057   0.062   0.063   0.031     0.3     0.5     1.0     2.5     5.5
94079 20141207  2.422 -101.44   42.07    12.6    -2.9     4.9     4.0     0.0     8.20 C    15.1    -4.2     2.4    81.3    31.8    57.7   0.054   0.059   0.062   0.062   0.032     0.9     1.0     1.4     2.6     5.4
94079 20141208  2.422 -101.44   42.07    11.1    -4.0     3.5     3.1     0.0     8.01 C    12.3    -7.2     0.4    78.2    24.9    53.7   0.058   0.062   0.063   0.062   0.032     1.0     1.3     1.7     2.8     5.4
94079 20141209  2.422 -101.44   42.07     8.4    -5.4     1.5     0.6     0.0     7.29 C     9.4    -8.7    -0.5    86.8    40.4    65.8   0.054   0.062   0.064   0.063   0.032     0.7     1.0     1.6     2.9     5.4
94079 20141210  2.422 -101.44   42.07    14.1     0.5     7.3     7.0     0.0     7.55 C    17.2    -5.8     2.2    63.4    26.4    44.7   0.056   0.062   0.063   0.064   0.031     1.2     1.3     1.7     2.9     5.4
94079 20141211  2.422 -101.44   42.07    15.9    -0.6     7.6     6.4     0.0     8.22 C    17.7    -4.8     3.7    85.3    20.4    47.2   0.060   0.062   0.063   0.063   0.031     1.9     1.9     2.2     3.1     5.4
94079 20141212  2.422 -101.44   42.07    11.9    -3.9     4.0     3.5     0.0     8.42 C    13.8    -5.6     2.7    98.8    27.7    71.0   0.062   0.063   0.063   0.062   0.031     1.9     2.0     2.4     3.3     5.4
94079 20141213  2.422 -101.44   42.07    10.7     2.9     6.8     6.2     0.0     3.59 C    13.4     2.9     6.1    97.2    68.4    87.9   0.064   0.063   0.064   0.063   0.031     3.9     3.6     3.4     3.7     5.5
94079 20141214  2.422 -101.44   42.07     7.6    -4.0     1.8     0.5     3.9     0.58 C     6.9    -3.6     0.8    99.6    92.7    96.3   0.063   0.063   0.064   0.063   0.031     3.5     3.7     4.0     4.2     5.6
94079 20141215  2.422 -101.44   42.07    -4.0    -7.3    -5.6    -5.1     1.2     3.82 C    -3.6    -7.0    -4.9    95.3    84.5    90.5   0.062   0.064   0.063   0.063   0.031     1.6     2.1     2.8     4.1     5.8
94079 20141216  2.422 -101.44   42.07    -7.2    -9.2    -8.2    -8.3     0.0     4.59 C    -3.0   -10.1    -7.1    95.3    90.7    92.8   0.063   0.063   0.064   0.063   0.031     1.3     1.6     2.3     3.8     5.8
94079 20141217  2.422 -101.44   42.07    -6.4    -8.8    -7.6    -7.4     0.0     2.59 C    -4.5    -8.4    -6.7    93.3    91.1    92.2   0.061   0.062   0.063   0.063   0.031     1.2     1.5     2.1     3.6     5.7
94079 20141218  2.422 -101.44   42.07    -0.7    -7.9    -4.3    -4.5     0.0     9.00 C    -0.4    -9.9    -5.3    97.1    74.9    89.5   0.061   0.062   0.062   0.063   0.030     1.1     1.3     1.9     3.3     5.6
94079 20141219  2.422 -101.44   42.07     2.7    -5.3    -1.3    -1.4     0.0     8.12 C     0.7    -9.0    -4.4    79.5    56.9    67.3   0.062   0.064   0.063   0.063   0.031     0.8     1.2     1.7     3.2     5.5
94079 20141220  2.422 -101.44   42.07     5.0    -4.0     0.5     0.5     0.0     6.13 C     3.0    -6.7    -2.3    81.4    54.1    67.0   0.063   0.063   0.064   0.062   0.030     0.7     1.0     1.6     3.0     5.4
94079 20141221  2.422 -101.44   42.07     6.0    -1.0     2.5     2.7     0.0     4.08 C     4.9    -3.1     0.4    84.4    49.6    66.9   0.062   0.063   0.064   0.062   0.031     0.7     0.9     1.5     2.9     5.3
94079 20141222  2.422 -101.44   42.07     4.3    -4.9    -0.3     0.4     0.3     6.95 C     5.5    -4.9    -0.3    95.8    52.8    80.2   0.074   0.075   0.064   0.062   0.031     0.7     0.9     1.4     2.8     5.2
94079 20141223  2.422 -101.44   42.07    -3.0    -7.0    -5.0    -4.9     0.0     4.97 C    -2.7   -10.8    -5.6    90.7    74.5    82.9   0.073   0.085   0.066   0.063   0.031     0.5     0.8     1.3     2.7     5.1
94079 20141224  2.422 -101.44   42.07     3.9   -10.4    -3.3    -2.6     0.0     7.75 C     1.1   -15.3    -5.2    91.5    50.9    68.5   0.069   0.083   0.069   0.064   0.032     0.4     0.6     1.2     2.6     5.0
94079 20141225  2.422 -101.44   42.07     3.7    -7.1    -1.7    -2.2     1.6     3.94 C     0.0    -7.0    -3.1    94.1    43.4    79.4   0.069   0.082   0.071   0.063   0.032     0.4     0.6     1.1     2.5     4.9
94079 20141226  2.422 -101.44   42.07    -7.1   -11.1    -9.1    -8.7     0.3     2.73 C    -6.8   -10.9    -8.1    93.9    80.3    89.5   0.068   0.080   0.071   0.063   0.033     0.3     0.5     1.1     2.4     4.8
94079 20141227  2.422 -101.44   42.07    -5.1   -12.0    -8.6    -9.3     0.3     8.47 C    -6.8   -15.5   -11.8    91.4    60.6    74.6   0.070   0.080   0.070   0.063   0.033     0.3     0.5     1.0     2.3     4.8
94079 20141228  2.422 -101.44   42.07    -1.4   -10.0    -5.7    -6.1     0.0     5.24 C    -1.8   -13.6    -7.5    95.0    45.6    66.0 -99.000   0.079   0.069   0.063   0.032     0.2     0.4     0.9     2.3     4.7
94079 20141229  2.422 -101.44   42.07    -8.6   -20.5   -14.6   -16.0     0.2     6.78 C    -8.2   -19.6   -14.4    94.9    79.0    84.4 -99.000   0.080   0.071   0.064   0.032     0.1     0.4     0.8     2.2     4.6
94079 20141230  2.422 -101.44   42.07   -19.5   -23.3   -21.4   -21.1     0.0     7.29 C   -16.5   -25.8   -20.9    83.4    66.5    78.1 -99.000 -99.000   0.071   0.063   0.031    -0.3     0.1     0.7     2.1     4.5
94079 20141231  2.422 -101.44   42.07    -9.7   -22.8   -16.3   -15.1     0.2     8.65 C   -11.1   -25.2   -17.6    76.3    45.4    60.8 -99.000 -99.000   0.072   0.062   0.031    -0.7    -0.2     0.4     2.0     4.4
