03047 20140101  2.422 -102.81   31.62    21.0    -1.2     9.9     9.5     0.0    13.87 C    23.2    -3.6     6.8    86.7    14.3    48.0   0.070   0.039   0.035   0.046   0.010     8.0     8.0     8.2     9.1    10.2
03047 20140102  2.422 -102.81   31.62     9.9    -3.0     3.4     3.5     0.0    14.07 C    19.6    -4.8     3.7    81.4    32.2    54.5   0.068   0.038   0.035   0.046   0.011     7.5     8.1     8.7     9.5    10.4
03047 20140103  2.422 -102.81   31.62    17.1    -0.4     8.4     6.8     0.0    14.05 C    20.9    -3.6     5.2    67.6    23.3    47.0   0.066   0.038   0.035   0.045   0.010     7.3     7.6     8.1     9.3    10.5
03047 20140104  2.422 -102.81   31.62    20.0     0.1    10.0    10.9     0.0     7.83 C    19.7    -2.5     7.4    69.1    21.7    40.4   0.066   0.038   0.035   0.045   0.012     8.4     8.5     8.8     9.5    10.5
03047 20140105  2.422 -102.81   31.62    16.6    -2.2     7.2     1.4     0.0    12.32 C    15.7    -4.5     2.2    68.5    20.3    48.3   0.062   0.037   0.035   0.044   0.013     7.2     8.2     8.9     9.8    10.6
03047 20140106  2.422 -102.81   31.62    -0.1    -9.1    -4.6    -4.9     0.0    13.29 C    12.1    -9.2    -3.0    63.4    27.6    43.2   0.061   0.035   0.033   0.042   0.014     3.6     5.3     6.7     8.9    10.4
03047 20140107  2.422 -102.81   31.62    10.7    -8.9     0.9     0.0     0.0    13.83 C    18.1   -10.7    -0.1    78.5    25.9    48.8   0.074   0.034   0.032   0.043   0.013     3.4     4.3     5.3     7.7     9.7
03047 20140108  2.422 -102.81   31.62    18.2     0.3     9.2     6.7     0.0    12.22 C    22.9    -2.8     6.0    78.9    27.5    59.1   0.059   0.035   0.032   0.042   0.013     6.6     6.5     6.7     7.6     9.1
03047 20140109  2.422 -102.81   31.62    16.0    -2.7     6.6     6.8     0.0    13.70 C    23.0    -4.8     6.4    76.6    29.8    54.4   0.059   0.035   0.033   0.043   0.014     7.5     7.5     7.7     8.3     9.3
03047 20140110  2.422 -102.81   31.62    21.2     6.8    14.0    13.1     0.0    13.88 C    23.9     2.4    10.5    88.6    10.5    43.7   0.060   0.036   0.033   0.042   0.015    10.3     9.7     9.4     9.2     9.7
03047 20140111  2.422 -102.81   31.62    22.4     1.2    11.8    12.2     0.0    14.73 C    26.9    -2.5     8.7    47.4    10.9    24.6   0.058   0.036   0.033   0.042   0.017    10.2    10.0    10.1    10.1    10.4
03047 20140112  2.422 -102.81   31.62    26.2     5.2    15.7    15.2     0.0    13.72 C    29.5    -0.3    11.0    44.3     9.4    24.4   0.056   0.036   0.034   0.042   0.017    11.0    10.6    10.6    10.5    10.9
03047 20140113  2.422 -102.81   31.62    16.2     2.7     9.5    10.2     0.0    15.08 C    22.0    -3.0     7.0    25.3     8.2    15.4   0.053   0.036   0.034   0.041   0.018    10.8    11.1    11.3    11.2    11.3
03047 20140114  2.422 -102.81   31.62    17.8    -3.0     7.4     8.2     0.0    14.72 C    23.2    -5.7     5.7    43.3    15.2    27.2   0.050   0.035   0.033   0.042   0.019     8.9     9.4    10.0    10.9    11.6
03047 20140115  2.422 -102.81   31.62    16.3    -2.8     6.8     6.5     0.0    14.93 C    22.4    -5.1     5.2    64.8    19.0    38.0   0.049   0.035   0.034   0.042   0.018     8.8     9.3     9.8    10.6    11.4
03047 20140116  2.422 -102.81   31.62    18.2    -2.1     8.1     8.8     0.0    14.81 C    23.0    -4.3     6.3    63.3    15.8    33.1   0.047   0.033   0.034   0.041   0.019     8.8     9.1     9.6    10.4    11.3
03047 20140117  2.422 -102.81   31.62    14.9    -1.4     6.8     6.9     0.0    14.75 C    22.2    -4.4     5.5    62.6    17.6    37.4   0.045   0.034   0.034   0.040   0.019     8.8     9.3     9.7    10.5    11.2
03047 20140118  2.422 -102.81   31.62    20.8    -0.7    10.1     9.0     0.0    15.26 C    26.6    -4.5     7.2    71.5    10.5    37.2   0.043   0.034   0.033   0.040   0.018     9.2     9.4     9.7    10.4    11.2
03047 20140119  2.422 -102.81   31.62    19.2    -1.3     8.9     8.9     0.0    14.74 C    26.3    -4.5     7.2    55.7    15.4    33.9   0.041   0.034   0.034   0.039   0.019     9.4     9.7    10.0    10.5    11.2
03047 20140120  2.422 -102.81   31.62    23.2     0.5    11.9    12.4     0.0    15.72 C    28.9    -2.8     9.3    49.4     7.3    23.6   0.039   0.034   0.034   0.039   0.020    10.3    10.3    10.4    10.7    11.3
03047 20140121  2.422 -102.81   31.62    16.4    -0.1     8.2     8.5     0.0    15.68 C    25.0    -3.3     7.0    49.4    12.5    27.3   0.039   0.034   0.034   0.039   0.021    10.4    10.6    10.9    11.1    11.5
03047 20140122  2.422 -102.81   31.62    20.0    -1.7     9.2     8.5     0.0    13.13 C    33.0    -4.7     8.2    48.2     9.5    27.7   0.040   0.033   0.033   0.039   0.019     9.8    10.0    10.4    11.0    11.7
03047 20140123  2.422 -102.81   31.62     6.8    -6.4     0.2     0.5     0.0     8.75 C    10.7    -7.8     1.3    51.5    14.1    33.7   0.042   0.033   0.033   0.039   0.019     8.3     9.6    10.4    11.2    11.7
03047 20140124  2.422 -102.81   31.62     8.0   -10.7    -1.3    -2.0     0.0    15.51 C    17.6   -11.2    -0.7    40.0    13.7    24.6   0.038   0.031   0.032   0.037   0.019     5.2     6.6     7.8     9.9    11.3
03047 20140125  2.422 -102.81   31.62    17.1    -5.3     5.9     6.6     0.0    10.77 C    27.9    -7.5     5.2    47.1    11.6    27.4   0.041   0.031   0.032   0.038   0.020     6.7     7.1     7.7     9.1    10.6
03047 20140126  2.422 -102.81   31.62    23.4     0.8    12.1    12.6     0.0    16.12 C    28.3    -2.9     8.6    47.5     7.0    21.6   0.040   0.032   0.033   0.037   0.020     9.4     9.2     9.1     9.5    10.4
03047 20140127  2.422 -102.81   31.62     8.8    -3.3     2.7     2.2     0.0    12.40 C    17.9    -5.3     3.0    59.2    18.2    25.5   0.036   0.032   0.032   0.037   0.020     8.2     9.0     9.6    10.1    10.7
03047 20140128  2.422 -102.81   31.62     0.2    -8.7    -4.3    -4.7     0.0    11.10 C    14.1   -10.8    -2.9    26.5    15.1    21.4   0.033   0.030   0.032   0.038   0.020     4.8     6.4     7.7     9.5    10.7
03047 20140129  2.422 -102.81   31.62    12.8   -10.9     0.9     0.0     0.0    16.61 C    19.7   -12.8    -0.1    38.7    13.4    24.4   0.038   0.030   0.032   0.037   0.021     4.2     5.1     6.2     8.3    10.0
03047 20140130  2.422 -102.81   31.62    27.1    -1.6    12.7    11.3     0.0    14.38 C    33.3    -4.7     8.8    47.4     9.2    26.9   0.035   0.031   0.033   0.037   0.021     8.0     7.6     7.5     8.2     9.5
03047 20140131  2.422 -102.81   31.62    24.5     4.1    14.3    13.4     0.0     9.13 C    29.0     0.3    10.0    66.6    17.2    39.2   0.033   0.033   0.032   0.038   0.020    10.3     9.9     9.6     9.4     9.8
03047 20140201  2.422 -102.81   31.62    24.3     5.1    14.7    13.4     0.0    16.05 C    33.5     1.3    12.8    89.9    16.3    49.4   0.033   0.032   0.032   0.037   0.022    11.9    11.3    10.9    10.3    10.4
03047 20140202  2.422 -102.81   31.62     6.0    -0.7     2.6     0.9     3.8     3.91 C     7.1     0.1     2.9    93.3    46.3    80.9   0.033   0.031   0.032   0.037   0.022     7.5     9.1    10.2    10.9    11.1
03047 20140203  2.422 -102.81   31.62     3.3    -0.6     1.3     0.9     0.0     2.29 C     4.3     0.7     2.3    95.4    80.9    89.7   0.039   0.030   0.031   0.037   0.023     4.6     6.0     7.4     9.5    10.8
03047 20140204  2.422 -102.81   31.62    15.2     1.4     8.3     7.1     0.0    17.26 C    18.7    -0.3     6.3    96.2    16.7    57.1   0.044   0.030   0.031   0.036   0.022     7.4     7.4     7.6     8.6    10.0
03047 20140205  2.422 -102.81   31.62     4.5    -6.2    -0.8    -2.4     0.0     8.49 C     8.6    -3.6     0.3    79.3    47.3    64.2   0.040   0.029   0.031   0.037   0.022     4.7     6.1     7.3     8.8     9.9
03047 20140206  2.422 -102.81   31.62    -3.4    -9.5    -6.4    -6.6     0.0     9.33 C     9.0    -6.3    -2.2    79.0    53.0    66.1   0.044   0.029   0.031   0.037   0.022     2.3     3.8     5.2     7.7     9.4
03047 20140207  2.422 -102.81   31.62    12.1    -5.5     3.3     1.5     0.0    15.67 C    19.4    -6.7     3.1    70.4    31.0    52.5   0.044   0.029   0.031   0.036   0.022     4.6     4.7     5.2     6.8     8.7
03047 20140208  2.422 -102.81   31.62    21.6    -0.9    10.3     9.5     0.0    15.74 C    26.9    -4.2     7.0    75.3    13.1    41.8   0.044   0.030   0.031   0.036   0.022     7.5     7.1     7.0     7.4     8.5
03047 20140209  2.422 -102.81   31.62    27.0     0.5    13.8    12.0     0.0    16.42 C    30.6    -2.4     9.9    82.2    11.1    39.0   0.040   0.032   0.031   0.036   0.022     9.9     9.3     8.9     8.5     8.9
03047 20140210  2.422 -102.81   31.62     1.5    -3.2    -0.9    -0.7     0.0     3.89 C     6.5    -1.2     2.1    91.2    71.7    82.7   0.038   0.031   0.032   0.037   0.023     6.9     8.1     8.9     9.4     9.6
03047 20140211  2.422 -102.81   31.62     2.9    -5.2    -1.2    -2.1     0.0    10.29 C    13.8    -6.6     0.7    81.5    45.0    65.0   0.036   0.030   0.031   0.036   0.023     5.0     6.0     6.9     8.5     9.6
03047 20140212  2.422 -102.81   31.62    17.2    -7.4     4.9     4.8     0.0    18.37 C    25.7    -8.7     4.5    84.9    15.6    47.8   0.039   0.031   0.031   0.036   0.023     6.0     6.1     6.5     7.8     9.1
03047 20140213  2.422 -102.81   31.62    24.4     1.9    13.1    12.4     0.0    18.42 C    32.3    -2.3    10.6    50.7    12.5    28.9   0.040   0.032   0.032   0.036   0.023     9.7     9.0     8.6     8.5     9.1
03047 20140214  2.422 -102.81   31.62    28.1     3.3    15.7    14.8     0.0    18.59 C    35.1    -0.1    12.7    49.6     8.8    28.3   0.039   0.033   0.032   0.037   0.023    12.0    11.2    10.6     9.8     9.7
03047 20140215  2.422 -102.81   31.62    29.1     4.6    16.9    15.3     0.0    18.50 C    35.2     0.9    13.9    53.1     8.6    30.0   0.036   0.033   0.032   0.036   0.024    13.4    12.6    12.0    11.0    10.6
03047 20140216  2.422 -102.81   31.62    27.7     5.6    16.7    16.0     0.0    17.85 C    36.4     1.9    14.3    74.6    10.8    37.7   0.036   0.034   0.032   0.036   0.026    14.3    13.6    13.1    12.1    11.5
03047 20140217  2.422 -102.81   31.62    22.7     7.6    15.1    15.2     0.0    17.64 C    32.5     2.3    13.9    72.5    14.4    28.6   0.033   0.033   0.033   0.037   0.026    14.4    14.0    13.7    12.8    12.2
03047 20140218  2.422 -102.81   31.62    30.3     7.1    18.7    17.3     0.0    19.15 C    38.7     2.6    15.7    47.5     5.8    22.3   0.031   0.033   0.033   0.038   0.026    15.5    14.8    14.3    13.4    12.8
03047 20140219  2.422 -102.81   31.62    29.3     5.1    17.2    17.9     0.0    15.20 C    38.2     2.5    15.0   100.0     6.3    37.2   0.029   0.034   0.033   0.037   0.026    15.5    15.1    14.8    14.0    13.3
03047 20140220  2.422 -102.81   31.62    20.5     4.9    12.7    14.8     0.0    19.46 C    30.2     0.0    12.9    21.0     5.7    13.3   0.026   0.033   0.033   0.038   0.027    15.3    15.3    15.1    14.4    13.8
03047 20140221  2.422 -102.81   31.62    22.1     1.5    11.8    11.9     0.0    16.34 C    31.6    -2.5    10.4    45.9    13.3    27.3   0.024   0.033   0.033   0.037   0.026    13.4    13.7    14.0    14.2    14.0
03047 20140222  2.422 -102.81   31.62    26.6     5.2    15.9    15.6     0.0    17.23 C    37.3    -0.7    13.6    47.1     4.9    22.6   0.023   0.032   0.033   0.038   0.027    14.6    14.3    14.2    14.0    13.9
03047 20140223  2.422 -102.81   31.62    25.4     5.4    15.4    15.1     0.0    14.71 C    39.9     2.3    14.5    92.5     8.5    43.7   0.025   0.033   0.033   0.037   0.026    15.2    14.9    14.7    14.3    14.1
03047 20140224  2.422 -102.81   31.62 -9999.0 -9999.0 -9999.0 -9999.0     0.0 -9999.00 U -9999.0 -9999.0 -9999.0 -9999.0 -9999.0 -9999.0 -99.000 -99.000 -99.000 -99.000 -99.000 -9999.0 -9999.0 -9999.0 -9999.0 -9999.0
03047 20140225  2.422 -102.81   31.62    14.8     6.1    10.5    10.2     0.0     5.26 C    17.3     6.6    11.2    96.3    52.3    81.1   0.020   0.033   0.033   0.038   0.027    14.7    15.2    15.5    15.2    14.7
03047 20140226  2.422 -102.81   31.62     6.4    -1.8     2.3     2.2     0.5    12.40 C    24.2    -1.8     5.8    90.6    51.0    70.3   0.021   0.031   0.034   0.037   0.028    11.6    12.8    13.6    14.4    14.7
03047 20140227  2.422 -102.81   31.62    19.6    -0.7     9.4     7.8     0.0    19.26 C    31.0    -3.2     9.8    83.1    33.2    61.8   0.020   0.030   0.032   0.037   0.028    11.9    12.1    12.5    13.4    14.1
03047 20140228  2.422 -102.81   31.62    28.0     1.8    14.9    15.9     0.0    20.61 C    39.1    -0.9    14.6    84.7     9.0    40.7   0.021   0.031   0.032   0.036   0.028    14.5    14.0    13.7    13.6    13.8
03047 20140301  2.422 -102.81   31.62    30.5     6.0    18.2    18.2     0.0    15.28 C    40.4     2.0    15.4    51.0     7.3    24.3   0.019   0.032   0.033   0.036   0.028    15.7    15.2    14.9    14.3    14.1
03047 20140302  2.422 -102.81   31.62    17.9    -5.0     6.4     4.0     0.0    10.40 C    21.0    -6.1     5.8    91.5    19.6    64.5   0.020   0.031   0.032   0.037   0.028    12.9    14.1    14.6    14.7    14.5
03047 20140303  2.422 -102.81   31.62     5.1    -7.6    -1.2    -1.0     0.0    15.33 C    26.9    -8.7     3.9    71.8    30.4    48.7   0.020   0.029   0.032   0.036   0.028     9.8    11.1    12.2    13.6    14.2
03047 20140304  2.422 -102.81   31.62    17.8    -3.1     7.3     7.9     0.0    19.34 C    34.5    -5.3    10.3    52.5    22.0    34.4   0.020   0.028   0.031   0.036   0.027    11.8    11.8    12.0    12.8    13.6
03047 20140305  2.422 -102.81   31.62    19.6     3.0    11.3    11.7     0.0    19.62 C    31.6    -0.8    11.9    68.3    26.9    44.4   0.020   0.030   0.032   0.036   0.028    13.7    13.5    13.3    13.2    13.4
03047 20140306  2.422 -102.81   31.62    21.3    -1.3    10.0    10.6     0.0    19.52 C    35.1    -3.8    11.7    88.2    17.9    48.3   0.019   0.029   0.032   0.037   0.027    13.6    13.5    13.6    13.6    13.7
03047 20140307  2.422 -102.81   31.62    28.8    10.7    19.7    17.9     0.0    19.58 C    42.0     6.3    18.5    59.7    10.5    30.2   0.021   0.031   0.032   0.037   0.028    16.8    15.5    14.9    14.1    13.9
03047 20140308  2.422 -102.81   31.62    15.6     5.0    10.3    10.2     0.0    14.66 C    26.0     1.7    11.2    75.2    31.9    50.3   0.020   0.030   0.032   0.037   0.027    15.5    15.8    15.8    15.1    14.5
03047 20140309  2.422 -102.81   31.62    17.6     3.7    10.7    10.1     0.0    21.78 C    35.9     1.1    13.7    60.9    19.1    37.7   0.019   0.030   0.032   0.036   0.028    15.3    15.0    15.0    14.9    14.8
03047 20140310  2.422 -102.81   31.62    24.5     2.3    13.4    13.3     0.0    22.02 C    40.2    -1.0    14.9    72.3    21.2    36.0   0.018   0.029   0.032   0.037   0.028    16.1    15.6    15.4    15.1    14.9
03047 20140311  2.422 -102.81   31.62    29.6     4.5    17.0    17.6     0.0    22.85 C    39.1    -0.8    16.0    88.2     4.3    37.9   0.018   0.030   0.032   0.037   0.028    17.1    16.5    16.1    15.5    15.1
03047 20140312  2.422 -102.81   31.62    14.3     3.2     8.7     8.3     0.0    22.17 C    31.8    -0.3    11.4    53.0    19.5    37.2   0.016   0.029   0.032   0.037   0.027    16.0    16.4    16.4    15.9    15.5
03047 20140313  2.422 -102.81   31.62    19.9     1.1    10.5    10.6     0.0    22.45 C    32.9    -3.2    11.5    45.8    16.3    28.7   0.018   0.028   0.031   0.037   0.027    14.9    15.3    15.5    15.7    15.6
03047 20140314  2.422 -102.81   31.62    25.6     5.8    15.7    15.9     0.0    19.21 C    39.7     1.8    17.1    45.5    16.1    29.0   0.016   0.028   0.031   0.037   0.027    17.2    16.3    16.0    15.6    15.5
03047 20140315  2.422 -102.81   31.62    24.3    11.4    17.8    17.6     0.0    18.97 C    35.3     7.6    17.7    73.9    15.1    36.7   0.016   0.029   0.032   0.037   0.027    18.3    17.5    17.1    16.3    15.8
03047 20140316  2.422 -102.81   31.62    16.8     5.5    11.2    11.5     0.0    21.32 C    27.9     0.4    12.7    55.9    13.8    33.7   0.015   0.028   0.031   0.037   0.028    16.8    17.2    17.2    16.7    16.2
03047 20140317  2.422 -102.81   31.62    26.8    -2.1    12.4    13.0     0.0    23.42 C    38.4    -4.9    12.9    43.5     7.0    21.3   0.017   0.027   0.030   0.036   0.028    16.0    16.1    16.2    16.3    16.2
03047 20140318  2.422 -102.81   31.62    28.5     9.6    19.0    19.1     0.0    23.84 C    36.1     1.1    16.4    23.9     4.5    11.4   0.017   0.026   0.031   0.037   0.028    17.8    17.1    16.9    16.4    16.2
03047 20140319  2.422 -102.81   31.62    17.1     2.7     9.9     9.9     0.0    22.28 C    35.4    -0.1    13.4    46.1    15.6    28.1   0.017   0.026   0.030   0.036   0.028    17.4    17.3    17.2    16.8    16.4
03047 20140320  2.422 -102.81   31.62    27.0     2.9    15.0    15.2     0.0    23.27 C    39.9    -1.4    15.8    44.5     7.2    24.0   0.016   0.025   0.030   0.036   0.028    17.5    17.0    16.9    16.7    16.5
03047 20140321  2.422 -102.81   31.62    30.5    12.4    21.4    20.9     0.0    20.50 C    42.8     7.9    20.4    84.0     4.1    32.6   0.016   0.024   0.030   0.035   0.027    20.1    18.7    18.1    17.2    16.6
03047 20140322  2.422 -102.81   31.62    20.6     9.2    14.9    14.4     0.0    14.78 C    30.7     5.1    14.9    45.6    21.3    32.0   0.016   0.024   0.030   0.035   0.028    18.8    18.6    18.5    17.8    17.1
03047 20140323  2.422 -102.81   31.62    14.1     4.0     9.0     8.5     0.0    17.51 C    31.9     1.1    11.6    57.9    23.8    38.4   0.016   0.022   0.030   0.035   0.028    16.6    17.3    17.5    17.5    17.3
03047 20140324  2.422 -102.81   31.62    25.5     2.6    14.0    13.4     0.0    23.45 C    40.7    -0.8    15.9    67.6    12.1    40.3   0.016   0.022   0.030   0.035   0.027    17.6    17.1    17.0    17.1    17.1
03047 20140325  2.422 -102.81   31.62    21.3     5.7    13.5    13.4     0.0    18.64 C    34.8     2.5    14.7    65.1    26.8    39.3   0.014   0.021   0.030   0.035   0.028    17.9    17.8    17.7    17.4    17.1
03047 20140326  2.422 -102.81   31.62    27.4     9.8    18.6    16.4     2.0    24.37 C    36.2     5.8    17.1    86.1     9.9    56.6   0.017   0.020   0.029   0.034   0.027    18.7    18.1    17.8    17.4    17.1
03047 20140327  2.422 -102.81   31.62    28.0     9.0    18.5    18.6     0.0    24.06 C    36.9     5.1    17.6    96.7     6.9    43.0   0.019   0.020   0.030   0.034   0.027    19.3    18.7    18.3    17.7    17.3
03047 20140328  2.422 -102.81   31.62    25.9    10.1    18.0    18.4     0.0    25.13 C    37.5     5.2    17.7    33.5     8.9    19.5   0.016   0.020   0.030   0.033   0.026    19.6    19.1    18.8    18.1    17.6
03047 20140329  2.422 -102.81   31.62    24.3     7.6    15.9    15.8     0.0    24.76 C    38.1     3.4    17.1    58.1    17.3    35.4   0.014   0.019   0.029   0.033   0.027    19.7    19.2    18.9    18.4    17.8
03047 20140330  2.422 -102.81   31.62    28.5    12.6    20.5    20.2     0.0    23.01 C    38.7     8.2    19.8    49.0    20.7    34.2   0.016   0.019   0.028   0.033   0.026    20.7    19.7    19.3    18.6    18.1
03047 20140331  2.422 -102.81   31.62    30.6    12.5    21.6    22.3     0.0    26.16 C    41.3     7.2    21.4    77.9     5.0    28.0   0.017   0.018   0.027   0.032   0.026    22.4    20.8    20.1    19.1    18.3
03047 20140401  2.422 -102.81   31.62    31.5    10.2    20.9    21.7     0.0    21.68 C    42.0     6.5    21.0    68.5     6.1    28.5   0.017   0.017   0.025   0.032   0.027    22.1    20.9    20.5    19.5    18.7
03047 20140402  2.422 -102.81   31.62    32.2    14.6    23.4    23.5     0.0    24.15 C    45.0    10.4    23.7    91.4     5.3    35.8   0.015   0.017   0.025   0.031   0.026    23.8    21.9    21.2    20.0    19.1
03047 20140403  2.422 -102.81   31.62    25.0    12.5    18.7    20.1     0.0    26.09 C    36.6     6.8    18.7    34.7     3.0    14.0   0.016   0.015   0.024   0.030   0.027    22.4    21.9    21.5    20.5    19.5
03047 20140404  2.422 -102.81   31.62    20.0     2.4    11.2    12.8     0.0    23.34 C    37.3    -0.9    15.8    62.3    11.3    29.2   0.015   0.013   0.023   0.029   0.026    20.2    20.4    20.6    20.3    19.7
03047 20140405  2.422 -102.81   31.62    22.9    12.5    17.7    16.5     0.0    22.24 C    35.4     9.0    17.9    46.4    18.5    28.6   0.015   0.011   0.022   0.029   0.027    20.9    20.4    20.3    20.0    19.6
03047 20140406  2.422 -102.81   31.62    23.7     8.9    16.3    15.5     0.0    19.92 C    41.6     4.3    17.5    71.7    12.6    41.8   0.015   0.010   0.022   0.028   0.028    20.7    20.4    20.3    19.9    19.5
03047 20140407  2.422 -102.81   31.62    20.4     7.1    13.8    13.0     0.6    19.03 C    34.0     3.0    13.4    69.2    18.6    45.6   0.014   0.010   0.021   0.027   0.030    18.4    19.4    19.7    19.7    19.4
03047 20140408  2.422 -102.81   31.62    24.8     2.5    13.7    14.1     0.0    26.89 C    43.2    -0.3    17.5    75.3    11.7    36.5   0.016   0.008   0.020   0.026   0.029    19.1    18.8    18.9    19.1    19.2
03047 20140409  2.422 -102.81   31.62    32.7     9.0    20.9    21.6     0.0    27.21 C    48.9     3.9    22.7    34.5     4.2    16.6   0.016   0.008   0.019   0.025   0.029    22.6    20.6    19.9    19.3    19.0
03047 20140410  2.422 -102.81   31.62    32.9    11.2    22.1    22.6     0.0    20.10 C    44.8     5.5    20.5    41.5     2.9    15.5   0.015   0.007   0.018   0.025   0.027    22.9    21.6    21.0    20.0    19.3
03047 20140411  2.422 -102.81   31.62    32.2     8.9    20.6    21.6     0.0    19.38 C    45.7     4.3    21.2    37.6     3.8    12.9   0.015   0.009   0.017   0.024   0.029    22.4    21.3    20.9    20.2    19.6
03047 20140412  2.422 -102.81   31.62    32.1    14.4    23.2    24.6     0.0    17.06 C    42.7     9.2    24.1    67.4     8.2    30.6   0.013   0.006   0.017   0.023   0.030    24.0    22.2    21.5    20.5    19.8
03047 20140413  2.422 -102.81   31.62    30.2    16.9    23.5    24.1     0.0    27.15 C    41.7     8.9    24.0    54.0     4.6    20.3   0.012   0.008   0.016   0.024   0.031    25.4    23.2    22.2    21.0    20.1
03047 20140414  2.422 -102.81   31.62    17.1     2.8     9.9     8.4     0.0    26.36 C    29.3    -1.8    11.8    59.4    11.5    37.6   0.011   0.008   0.016   0.022   0.034    19.8    21.4    21.7    21.2    20.5
03047 20140415  2.422 -102.81   31.62    20.8    -2.7     9.1     9.7     0.0    28.43 C    36.3    -6.3    12.5    51.0     6.9    24.5   0.012   0.008   0.014   0.022   0.034    18.2    19.1    19.8    20.3    20.3
03047 20140416  2.422 -102.81   31.62    28.5     7.6    18.1    17.2     0.0    27.54 C    43.3     2.9    18.9    44.2     9.2    20.8   0.009   0.007   0.013   0.021   0.030    21.4    20.2    19.9    19.9    19.9
03047 20140417  2.422 -102.81   31.62    25.9     9.5    17.7    17.7     0.0    26.83 C    44.2     6.4    21.2    73.3    21.2    46.0   0.006   0.008   0.013   0.020   0.026    23.1    21.5    20.7    20.1    19.8
03047 20140418  2.422 -102.81   31.62    25.4    10.6    18.0    17.8     0.0    20.39 C    40.8     8.2    20.6    81.6    31.9    58.8   0.008   0.007   0.013   0.020   0.027    23.0    21.8    21.2    20.5    20.0
03047 20140419  2.422 -102.81   31.62    25.6    15.9    20.8    19.2     6.8    16.84 C    40.9    13.6    21.3    90.7    37.2    61.7   0.014   0.007   0.012   0.019   0.025    22.8    22.0    21.4    20.7    20.1
03047 20140420  2.422 -102.81   31.62    28.1    13.2    20.6    19.9     0.0    23.91 C    39.9    11.8    21.9    94.8    23.1    67.6   0.036   0.007   0.012   0.019   0.027    22.8    22.0    21.3    20.7    20.3
03047 20140421  2.422 -102.81   31.62    31.7    14.4    23.1    22.9     0.0    27.53 C    45.5    11.9    25.4    96.2    16.4    51.7   0.034   0.007   0.012   0.018   0.024    25.2    23.8    22.5    21.1    20.4
03047 20140422  2.422 -102.81   31.62    31.0    16.1    23.6    23.4     0.0    25.93 C    45.2    13.6    25.6    73.4    19.3    45.3   0.029   0.010   0.011   0.018   0.022    26.6    25.4    24.0    22.0    20.9
03047 20140423  2.422 -102.81   31.62    32.9    18.6    25.8    25.5     0.0    22.53 C    47.3    15.4    25.7    62.1     6.4    34.3   0.023   0.011   0.010   0.016   0.022    26.5    25.7    24.5    22.7    21.4
03047 20140424  2.422 -102.81   31.62    27.9    15.1    21.5    21.4     0.0    28.53 C    43.6     9.9    22.9    78.4     9.9    25.1   0.017   0.011   0.010   0.016   0.022    25.6    25.2    24.5    23.1    21.8
03047 20140425  2.422 -102.81   31.62    35.1    12.3    23.7    24.3     0.0    27.31 C    49.5     8.6    25.7    51.6     8.9    27.1   0.015   0.011   0.009   0.015   0.021    26.2    25.3    24.4    23.1    22.0
03047 20140426  2.422 -102.81   31.62    35.5    19.3    27.4    26.9     0.0    23.45 C    48.2    15.1    27.1    70.1     4.1    30.7   0.012   0.012   0.010   0.013   0.017    27.8    26.8    25.5    23.6    22.3
03047 20140427  2.422 -102.81   31.62    26.6    15.8    21.2    21.6     0.0    27.82 C    36.7    11.1    21.8    34.5     6.9    16.3   0.008   0.012   0.009   0.013   0.018    25.8    25.7    25.3    24.0    22.6
03047 20140428  2.422 -102.81   31.62    28.9     8.7    18.8    20.7     0.0    28.99 C    45.2     4.7    22.2    35.9     8.4    16.8   0.009   0.011   0.009   0.013   0.018    25.2    24.7    24.4    23.6    22.7
03047 20140429  2.422 -102.81   31.62    22.4     9.3    15.8    17.1     0.0    28.95 C    41.3     5.7    20.3    41.2     7.2    20.2   0.009   0.010   0.008   0.013   0.014    24.8    24.6    24.3    23.6    22.6
03047 20140430  2.422 -102.81   31.62    21.0     9.6    15.3    14.8     0.0    26.74 C    39.7     5.6    18.8    37.6    16.2    25.5   0.007   0.009   0.007   0.011   0.013    23.4    23.6    23.7    23.3    22.6
03047 20140501  2.422 -102.81   31.62    18.9     8.5    13.7    14.5     0.0    14.85 C    33.8     5.1    17.0    56.1    17.0    29.7   0.006   0.008   0.006   0.009   0.015    22.1    22.7    23.1    22.9    22.5
03047 20140502  2.422 -102.81   31.62    25.5     3.5    14.5    15.8     0.0    29.18 C    44.9     0.8    19.3    74.0     9.7    33.0   0.007   0.008   0.007   0.010   0.017    22.2    21.8    22.0    22.3    22.2
03047 20140503  2.422 -102.81   31.62    32.7     7.4    20.0    21.4     0.0    29.47 C    50.3     3.7    23.7    31.1     5.8    15.0   0.006   0.007   0.007   0.008   0.017    25.1    23.5    22.7    22.2    21.9
03047 20140504  2.422 -102.81   31.62    36.0    13.2    24.6    25.1     0.0    29.91 C    53.0     7.4    26.4    26.5     3.3    12.9   0.006   0.009   0.006   0.008   0.016    27.5    25.2    24.0    22.6    21.9
03047 20140505  2.422 -102.81   31.62    37.2    14.4    25.8    27.1     0.0    29.44 C    54.8     8.6    28.7    44.5     3.9    17.3   0.005   0.008   0.006   0.008   0.016    29.3    26.7    25.2    23.3    22.2
03047 20140506  2.422 -102.81   31.62    34.8    15.0    24.9    26.8     0.0    26.80 C    49.2    10.1    27.5    56.8     3.8    21.4   0.005   0.008   0.006   0.008   0.016    29.7    27.6    26.2    24.0    22.5
03047 20140507  2.422 -102.81   31.62    35.5    18.1    26.8    27.6     0.0    25.17 C    51.6    12.8    29.0    42.3     7.9    22.1   0.006   0.007   0.007   0.008   0.016    30.2    28.0    26.6    24.5    22.9
03047 20140508  2.422 -102.81   31.62    30.4    12.5    21.5    22.7     0.0    29.34 C    46.5     9.5    25.2    79.4     6.6    22.7   0.005   0.006   0.006   0.009   0.016    29.3    27.8    26.8    24.9    23.3
03047 20140509  2.422 -102.81   31.62    31.3     9.8    20.5    22.6     0.0    29.81 C    51.0     6.6    26.0    33.1     6.5    14.6   0.005   0.006   0.007   0.009   0.015    29.1    27.5    26.6    25.0    23.5
03047 20140510  2.422 -102.81   31.62    36.3    12.6    24.5    25.9     0.0    29.97 C    52.0     9.2    28.1    90.7     3.9    29.4   0.004   0.005   0.007   0.007   0.015    30.1    28.0    26.8    25.1    23.6
03047 20140511  2.422 -102.81   31.62    38.5    20.4    29.5    28.2     0.0    28.20 C    54.9    16.2    31.2    77.1     3.6    45.1   0.005   0.004   0.007   0.007   0.015    32.5    29.5    27.7    25.4    23.8
03047 20140512  2.422 -102.81   31.62    29.0    12.5    20.7    21.9     0.0    28.94 C    49.6    10.9    26.7    86.2    13.0    36.4   0.005   0.005   0.007   0.009   0.015    30.8    29.4    28.2    25.9    24.1
03047 20140513  2.422 -102.81   31.62    18.2     7.6    12.9    13.4     0.0    23.84 C    34.1     4.9    18.0    49.4    21.3    34.2   0.003   0.005   0.007   0.008   0.014    25.9    27.1    27.2    26.0    24.3
03047 20140514  2.422 -102.81   31.62    22.6     2.5    12.5    14.0     0.0    30.57 C    42.6     0.5    18.2    66.4     8.4    26.6 -99.000   0.007   0.005   0.008   0.016    24.0    24.7    25.2    25.3    24.3
03047 20140515  2.422 -102.81   31.62    27.9     4.7    16.3    18.3     0.0    30.41 C    46.9     0.8    21.1    29.6     5.7    13.3 -99.000   0.007   0.006   0.008   0.017    25.2    24.7    24.6    24.6    24.0
03047 20140516  2.422 -102.81   31.62    35.0    10.6    22.8    23.8     0.0    29.50 C    52.0     5.5    25.5    23.8     4.2    10.6 -99.000   0.007   0.005   0.009   0.015    27.8    26.1    25.1    24.4    23.8
03047 20140517  2.422 -102.81   31.62    32.4    14.0    23.2    23.6     0.0    24.92 C    50.9     9.6    26.0    34.4     9.9    19.8 -99.000   0.006   0.006   0.008   0.013    28.8    27.1    26.0    24.5    23.7
03047 20140518  2.422 -102.81   31.62    33.9    16.5    25.2    25.0     0.0    29.06 C    49.8    12.5    27.6    68.0    23.3    41.3   0.004   0.008   0.005   0.007   0.013    30.2    27.9    26.5    24.9    23.8
03047 20140519  2.422 -102.81   31.62    36.8    18.5    27.7    26.8     0.0    25.08 C    55.7    15.6    29.5    72.3     6.9    41.3   0.005   0.005   0.006   0.008   0.013    31.2    28.9    27.2    25.3    24.0
03047 20140520  2.422 -102.81   31.62    38.4    19.0    28.7    28.0     0.0    28.52 C    56.4    15.0    31.7    67.3     5.4    35.9   0.005   0.006   0.006   0.008   0.012    32.9    29.9    28.0    25.7    24.2
03047 20140521  2.422 -102.81   31.62    35.1    20.9    28.0    26.5     0.0    22.45 C    52.3    18.8    29.1    70.4    23.4    45.7   0.005   0.004   0.006   0.009   0.012    32.3    30.4    28.8    26.3    24.5
03047 20140522  2.422 -102.81   31.62    30.0    21.7    25.8    24.6     0.0    10.17 C    41.7    19.7    24.9    76.3    38.0    60.5   0.006 -99.000   0.005   0.008   0.013    28.7    28.8    28.3    26.6    24.8
03047 20140523  2.422 -102.81   31.62    31.7    19.8    25.7    24.7     0.0    21.13 C    53.4    17.6    28.4    79.4    28.8    57.2   0.007 -99.000   0.005   0.007   0.014    29.8    28.3    27.5    26.3    25.0
03047 20140524  2.422 -102.81   31.62    28.2    17.6    22.9    22.1     2.5    20.61 C    41.1    16.4    23.6    88.6    50.4    69.1   0.007 -99.000   0.004   0.008   0.014    27.2    27.7    27.4    26.2    24.9
03047 20140525  2.422 -102.81   31.62    25.3    17.1    21.2    20.4    10.6    20.55 C    31.6    15.4    21.6    90.3    50.5    74.1   0.045   0.009   0.005   0.009   0.014    23.8    24.7    25.7    25.7    24.9
03047 20140526  2.422 -102.81   31.62    32.0    17.7    24.8    23.4     0.0    24.79 C    47.6    15.7    26.8    86.4    21.1    58.8   0.045   0.025   0.005   0.009   0.014    27.3    26.3    25.5    25.0    24.6
03047 20140527  2.422 -102.81   31.62    34.8    16.4    25.6    25.3     0.0    28.73 C    48.1    15.3    28.6    99.1    13.7    53.4   0.044   0.030   0.006   0.009   0.014    29.4    28.5    27.3    25.3    24.4
03047 20140528  2.422 -102.81   31.62    33.2    17.1    25.1    25.4     0.0    30.12 C    49.1    15.3    29.0    78.8    17.9    42.3   0.039   0.032   0.006   0.008   0.014    30.5    29.7    28.6    26.1    24.7
03047 20140529  2.422 -102.81   31.62    32.9    17.4    25.1    25.8     0.0    29.09 C    50.0    15.4    29.8    74.2    21.4    42.0   0.029   0.032   0.006   0.009   0.015    31.0    30.3    29.3    26.7    25.0
03047 20140530  2.422 -102.81   31.62    33.9    17.8    25.9    26.6     0.0    28.63 C    52.5    16.1    30.9    73.9    19.4    40.4   0.018   0.030   0.007   0.010   0.014    31.9    30.9    29.8    27.2    25.4
03047 20140531  2.422 -102.81   31.62    36.9    19.5    28.2    28.8     0.0    29.51 C    55.6    16.8    33.0    58.0    17.8    34.3   0.010   0.026   0.008   0.009   0.016    33.1    31.6    30.5    27.8    25.7
03047 20140601  2.422 -102.81   31.62    39.1    22.7    30.9    30.6     0.0    29.31 C    54.1    19.5    33.3    66.2    17.5    38.7   0.008   0.022   0.009   0.009   0.016    34.4    32.6    31.3    28.3    26.1
03047 20140602  2.422 -102.81   31.62    41.7    22.1    31.9    30.9     0.0    30.25 C    59.6    18.5    35.2    69.9     7.6    39.3   0.010   0.019   0.009   0.009   0.014    35.6    33.2    31.8    28.9    26.5
03047 20140603  2.422 -102.81   31.62    35.9    22.2    29.0    28.5     0.0    29.92 C    52.2    19.2    32.0    74.9    27.6    47.7   0.010   0.016   0.009   0.010   0.014    35.3    33.4    32.3    29.4    26.9
03047 20140604  2.422 -102.81   31.62    40.1    21.9    31.0    30.5     0.0    30.11 C    57.0    18.4    33.7    70.8    15.7    39.8   0.009   0.012   0.009   0.010   0.014    35.6    33.2    32.1    29.6    27.3
03047 20140605  2.422 -102.81   31.62    41.0    21.9    31.5    30.7     0.0    30.47 C    58.4    17.7    34.0    66.0    13.5    39.8   0.008   0.009   0.009   0.010   0.015    36.3    33.7    32.3    29.8    27.5
03047 20140606  2.422 -102.81   31.62    36.6    23.0    29.8    29.6     0.0    28.34 C    51.6    19.1    32.1    67.9    27.1    46.3   0.007   0.007   0.009   0.010   0.016    35.6    33.8    32.5    30.1    27.7
03047 20140607  2.422 -102.81   31.62    35.7    23.0    29.3    28.7     0.0    26.66 C    52.5    20.0    32.0    66.6    30.8    47.9   0.008   0.005   0.008   0.010   0.016    35.0    33.3    32.2    30.1    28.0
03047 20140608  2.422 -102.81   31.62    31.1    19.1    25.1    24.5     3.0    16.67 C    42.7    17.1    25.6    88.7    44.6    65.2   0.008   0.005   0.008   0.010   0.017    30.3    31.3    31.3    30.0    28.0
03047 20140609  2.422 -102.81   31.62    30.4    18.0    24.2    23.9     0.0    27.55 C    49.0    16.3    27.9    87.0    18.8    47.6   0.011   0.006   0.007   0.010   0.016    30.2    29.8    29.7    29.2    28.0
03047 20140610  2.422 -102.81   31.62    34.2    15.2    24.7    25.2     0.0    30.45 C    52.6    12.0    29.5    63.0    16.7    32.9   0.010   0.006   0.006   0.010   0.013    31.4    30.2    29.7    28.8    27.7
03047 20140611  2.422 -102.81   31.62    41.7    20.2    31.0    30.9     0.0    27.33 C    60.6    16.2    33.2    49.1     9.1    26.4   0.006   0.007   0.006   0.009   0.011    34.0    31.7    30.5    28.8    27.5
03047 20140612  2.422 -102.81   31.62    36.9    22.1    29.5    30.1     0.0    29.09 C    54.4    18.1    33.7    69.5    17.5    35.3   0.007   0.006   0.006   0.010   0.012    35.4    32.9    31.4    29.2    27.6
03047 20140613  2.422 -102.81   31.62    36.6    21.1    28.8    26.9     1.0    24.88 C    54.4    19.1    32.1    79.2    21.1    55.3   0.007   0.005   0.006   0.010   0.012    35.0    33.1    31.8    29.5    27.7
03047 20140614  2.422 -102.81   31.62    37.7    18.9    28.3    27.6     0.0    27.63 C    54.4    16.6    30.8    87.5    13.9    50.4   0.007   0.005   0.005   0.010   0.013    33.1    32.1    31.4    29.7    27.9
03047 20140615  2.422 -102.81   31.62    40.1    22.5    31.3    31.0     0.0    29.86 C    59.4    18.9    35.6    68.8     7.2    37.7   0.007   0.005   0.005   0.010   0.014    36.0    33.1    31.5    29.7    28.0
03047 20140616  2.422 -102.81   31.62    37.6    24.6    31.1    29.4     0.0    27.20 C    56.2    21.7    33.3    65.2    21.9    46.4   0.007   0.005   0.006   0.009   0.014    36.4    34.2    32.5    30.0    28.1
03047 20140617  2.422 -102.81   31.62    38.1    23.0    30.5    29.8     0.0    27.33 C    56.4    20.3    34.1    61.9    22.1    43.9   0.007   0.004   0.006   0.010   0.014    36.3    34.0    32.5    30.2    28.3
03047 20140618  2.422 -102.81   31.62    38.4    23.3    30.9    28.8     0.0    26.51 C    58.8    20.9    33.6    69.5    14.1    48.1   0.006   0.004   0.007   0.009   0.016    36.5    34.4    32.8    30.4    28.5
03047 20140619  2.422 -102.81   31.62    34.9    22.4    28.6    28.0     0.0    26.13 C    54.5    20.4    32.4    75.9    28.9    50.9   0.007   0.006   0.007   0.010   0.014    35.7    34.0    32.8    30.7    28.7
03047 20140620  2.422 -102.81   31.62    29.4    20.4    24.9    23.8     2.8    19.95 C    48.9    18.7    27.9    91.3    42.3    68.0   0.006   0.004   0.006   0.010   0.015    32.5    32.7    32.3    30.6    28.7
03047 20140621  2.422 -102.81   31.62    31.6    19.7    25.6    24.7     0.0    21.77 C    46.0    17.9    27.8    92.1    38.0    69.0   0.009   0.006   0.005   0.010   0.016    29.7    30.2    30.5    30.1    28.7
03047 20140622  2.422 -102.81   31.62    36.8    20.2    28.5    27.5     0.0    26.68 C    54.3    17.8    31.5    88.7    26.0    60.3   0.013   0.005   0.005   0.011   0.015    32.4    31.1    30.3    29.5    28.5
03047 20140623  2.422 -102.81   31.62    32.2    22.6    27.4    26.4     0.0    17.19 C    50.5    20.2    29.4    84.8    42.0    65.3   0.012   0.005   0.006   0.011   0.013    31.6    31.3    30.8    29.5    28.3
03047 20140624  2.422 -102.81   31.62    32.8    18.9    25.8    25.7     0.8    28.27 C    50.5    17.5    30.2    87.4    26.7    55.8   0.008   0.006   0.006   0.011   0.013    32.3    31.2    30.5    29.4    28.2
03047 20140625  2.422 -102.81   31.62    30.1    21.0    25.5    24.8     0.0    13.52 C    43.8    18.5    26.0    85.8    46.9    67.4   0.008   0.005   0.005   0.010   0.013    30.3    30.6    30.4    29.4    28.1
03047 20140626  2.422 -102.81   31.62    34.5    19.5    27.0    27.1     0.0    28.47 C    50.8    16.9    30.9    93.7    34.3    60.3   0.008   0.006   0.006   0.009   0.013    32.0    30.3    29.6    29.1    28.1
03047 20140627  2.422 -102.81   31.62    37.4    22.6    30.0    28.7     0.0    24.96 C    52.9    19.5    31.4    73.5    28.9    55.2   0.009   0.005   0.006   0.010   0.012    33.6    31.7    30.5    29.0    28.0
03047 20140628  2.422 -102.81   31.62    41.8    22.8    32.3    31.4     0.0    30.04 C    58.1    19.0    34.9    74.8     7.7    42.7   0.008   0.006   0.006   0.010   0.013    35.4    32.6    31.1    29.3    28.0
03047 20140629  2.422 -102.81   31.62    38.3    24.2    31.2    30.3     0.0    29.24 C    55.2    21.2    34.0    70.7    30.3    49.4   0.007   0.005   0.007   0.009   0.013    36.5    33.9    32.1    29.7    28.1
03047 20140630  2.422 -102.81   31.62    38.1    24.0    31.1    29.8     0.0    27.26 C    54.2    21.2    33.1    72.4    30.5    50.2   0.007   0.004   0.007   0.009   0.014    36.0    34.0    32.5    30.1    28.4
03047 20140701  2.422 -102.81   31.62    36.1    23.5    29.8    29.4     0.0    27.97 C    53.8    21.0    33.4    71.6    26.0    44.9   0.007   0.005   0.006   0.010   0.012    35.8    33.8    32.5    30.4    28.6
03047 20140702  2.422 -102.81   31.62    35.2    22.8    29.0    28.5     0.0    27.16 C    53.2    20.7    33.0    70.8    21.5    42.2   0.006   0.005   0.005   0.011   0.013    35.7    33.9    32.6    30.5    28.7
03047 20140703  2.422 -102.81   31.62    34.7    22.3    28.5    28.3     0.0    27.50 C    52.5    20.0    32.3    62.5    21.7    40.7   0.006   0.004   0.006   0.010   0.013    35.4    33.8    32.5    30.6    28.9
03047 20140704  2.422 -102.81   31.62    34.7    21.7    28.2    28.1     0.0    29.28 C    52.1    18.2    31.5    63.4    18.4    39.0   0.005 -99.000   0.005   0.009   0.014    35.0    33.5    32.3    30.6    29.0
03047 20140705  2.422 -102.81   31.62    35.2    21.6    28.4    28.2     0.0    29.64 C    52.5    18.0    31.9    69.8    21.2    42.3   0.005   0.005   0.006   0.010   0.013    35.2    33.5    32.3    30.6    29.0
03047 20140706  2.422 -102.81   31.62    34.5    20.4    27.5    27.6     0.0    20.19 C    54.0    17.9    30.4    70.0    23.1    44.6   0.005 -99.000   0.006   0.009   0.013    34.0    33.1    32.3    30.6    29.1
03047 20140707  2.422 -102.81   31.62    35.6    21.0    28.3    28.5     0.0    28.22 C    54.3    18.0    32.5    63.8    23.3    40.2   0.006   0.007   0.005   0.009   0.014    34.8    33.0    31.9    30.5    29.1
03047 20140708  2.422 -102.81   31.62    36.4    21.8    29.1    29.0     0.0    27.22 C    59.6    18.9    33.5    68.0    18.8    40.7   0.005   0.006   0.006   0.010   0.014    35.9    33.8    32.4    30.4    29.0
03047 20140709  2.422 -102.81   31.62    34.5    21.7    28.1    28.6     0.0    28.90 C    54.9    18.7    32.8    65.6    27.2    44.5   0.005   0.006   0.006   0.011   0.014    36.0    34.1    32.7    30.7    29.1
03047 20140710  2.422 -102.81   31.62    34.1    21.7    27.9    27.8     0.0    29.43 C    50.7    18.2    31.5    63.2    23.1    41.5   0.005   0.006   0.005   0.011   0.015    35.4    33.9    32.7    30.8    29.3
03047 20140711  2.422 -102.81   31.62    29.7    19.6    24.6    24.8     0.0    21.39 C    47.8    16.9    27.9    78.0    43.1    59.8   0.005   0.007   0.005   0.009   0.014    32.9    32.9    32.3    30.8    29.3
03047 20140712  2.422 -102.81   31.62    34.0    22.0    28.0    27.2     0.0    27.28 C    51.9    19.5    31.6    76.4    32.1    52.9   0.006 -99.000   0.005   0.009   0.014    33.8    32.4    31.6    30.5    29.3
03047 20140713  2.422 -102.81   31.62    35.6    20.6    28.1    28.5     0.0    28.89 C    55.3    17.9    32.7    71.4    24.2    45.3   0.006   0.008   0.005   0.012   0.016    35.2    33.2    31.9    30.3    29.2
03047 20140714  2.422 -102.81   31.62    37.3    20.1    28.7    29.6     0.0    29.00 C    55.9    17.1    34.2    67.0    17.5    37.5   0.005   0.008   0.005   0.011   0.015    36.2    33.9    32.4    30.4    29.1
03047 20140715  2.422 -102.81   31.62    33.0    22.9    27.9    27.0     0.0    18.65 C    52.3    21.4    31.0    69.7    32.0    51.9   0.005   0.009   0.006   0.010   0.014    34.7    33.9    32.8    30.7    29.3
03047 20140716  2.422 -102.81   31.62    35.5    21.0    28.3    26.5     2.0    21.96 C    57.8    20.0    31.5    79.7    25.3    58.0   0.006   0.009   0.006   0.012   0.015    34.0    33.0    32.2    30.7    29.3
03047 20140717  2.422 -102.81   31.62    29.4    22.1    25.8    24.9     1.3    14.00 C    38.1    19.3    25.0    89.2    51.8    67.9   0.009   0.010   0.006   0.013   0.013    28.5    30.7    31.3    30.5    29.3
03047 20140718  2.422 -102.81   31.62    31.7    20.0    25.8    25.0     0.0    21.33 C    50.9    18.6    29.5    82.5    42.4    63.7   0.013 -99.000   0.006   0.009   0.014    29.9    29.6    29.7    29.9    29.2
03047 20140719  2.422 -102.81   31.62    36.2    21.7    29.0    28.4     0.0    26.03 C    54.4    19.8    33.0    83.5    32.7    57.3   0.015   0.005   0.005   0.010   0.014    33.3    31.5    30.5    29.5    28.8
03047 20140720  2.422 -102.81   31.62    38.8    23.7    31.2    30.8     0.0    27.05 C    58.8    22.6    36.2    77.8    24.2    49.3   0.009   0.006   0.006   0.009   0.013    35.9    33.2    31.7    29.8    28.7
03047 20140721  2.422 -102.81   31.62    38.8    25.3    32.0    31.7     0.0    27.93 C    56.4    23.0    36.3    72.1    23.2    45.6   0.007   0.005   0.006   0.009   0.015    37.4    34.6    32.8    30.3    28.8
03047 20140722  2.422 -102.81   31.62    37.9    24.1    31.0    31.1     0.0    26.04 C    56.8    21.6    35.0    80.2    19.3    45.5   0.007   0.004   0.006   0.012   0.014    37.0    34.9    33.3    30.9    29.2
03047 20140723  2.422 -102.81   31.62    37.7    23.2    30.4    30.9     0.0    27.04 C    57.7    20.3    35.1    62.9    16.6    36.6   0.007   0.005   0.006   0.012   0.015    37.3    35.0    33.5    31.2    29.4
03047 20140724  2.422 -102.81   31.62    38.7    23.3    31.0    31.2     0.0    27.84 C    58.2    20.3    35.8    61.6    15.1    35.0   0.006   0.003   0.006   0.012   0.015    37.7    35.3    33.7    31.4    29.6
03047 20140725  2.422 -102.81   31.62    37.7    22.2    29.9    30.5     0.0    29.26 C    56.9    19.7    35.1    69.6    16.2    38.5   0.006   0.006   0.007   0.012   0.016    38.1    35.7    34.0    31.6    29.8
03047 20140726  2.422 -102.81   31.62    38.6    23.4    31.0    31.1     0.0    28.67 C    57.5    19.9    35.1    64.6    16.7    37.6   0.006   0.007   0.007   0.012   0.015    38.0    35.8    34.2    31.9    29.9
03047 20140727  2.422 -102.81   31.62    39.0    24.5    31.8    31.7     0.0    27.34 C    58.8    21.6    35.9    60.7    18.4    37.2   0.006   0.007   0.006   0.012   0.015    38.3    36.0    34.4    32.1    30.1
03047 20140728  2.422 -102.81   31.62    37.6    24.1    30.9    30.6     0.0    23.38 C    56.4    20.8    34.0    56.9    20.1    39.6   0.005   0.009   0.006   0.011   0.016    37.5    35.9    34.6    32.2    30.3
03047 20140729  2.422 -102.81   31.62    37.4    22.9    30.2    30.3     0.0    26.35 C    58.3    20.1    34.2    68.9    16.1    38.7   0.006   0.008   0.006   0.009   0.015    37.2    35.5    34.2    32.2    30.5
03047 20140730  2.422 -102.81   31.62    39.9    24.3    32.1    30.8     0.0    26.22 C    60.8    20.8    35.5    61.5    15.4    32.8   0.005   0.009   0.005   0.011   0.014    37.8    35.7    34.3    32.2    30.5
03047 20140731  2.422 -102.81   31.62    31.3    21.5    26.4    25.3     0.0    17.78 C    50.3    20.5    30.0    74.5    35.1    55.0   0.005   0.011   0.006   0.013   0.015    34.6    34.7    34.1    32.3    30.5
03047 20140801  2.422 -102.81   31.62    29.6    19.7    24.6    24.2     0.7    17.08 C    46.5    20.1    27.3    86.9    34.9    58.8   0.006   0.012   0.006   0.012   0.015    31.8    32.7    32.8    32.0    30.5
03047 20140802  2.422 -102.81   31.62    32.0    22.9    27.5    26.3     0.0    15.94 C    48.8    20.4    29.2    70.5    24.6    43.2   0.007   0.011   0.008   0.012   0.016    31.8    31.7    31.8    31.4    30.3
03047 20140803  2.422 -102.81   31.62    33.8    20.0    26.9    27.2     0.0    24.41 C    55.5    17.4    31.6    63.2    21.4    38.3   0.006   0.009   0.007   0.012   0.017    33.5    32.1    31.5    30.9    30.1
03047 20140804  2.422 -102.81   31.62    34.6    19.8    27.2    27.6     0.0    27.78 C    54.9    16.7    31.9    54.4    18.4    34.5   0.005   0.010   0.006   0.011   0.016    34.6    32.9    32.0    30.8    29.9
03047 20140805  2.422 -102.81   31.62    35.0    21.1    28.0    28.5     0.0    26.79 C    54.0    18.2    32.2    53.9    19.6    33.5   0.004   0.010   0.006   0.011   0.015    35.1    33.5    32.3    30.9    29.9
03047 20140806  2.422 -102.81   31.62    37.9    21.7    29.8    30.4     0.0    27.74 C    57.9    18.8    34.5    56.2    16.7    32.8   0.004   0.010   0.005   0.010   0.016    36.3    34.1    32.6    31.0    29.8
03047 20140807  2.422 -102.81   31.62    38.9    22.2    30.5    31.2     0.0    27.52 C    57.5    19.6    35.2    55.6    16.8    33.4   0.004   0.009   0.005   0.009   0.015    37.5    35.0    33.3    31.2    29.9
03047 20140808  2.422 -102.81   31.62    37.1    21.5    29.3    30.0     0.0    24.92 C    55.2    19.1    32.9    56.0    18.7    34.3   0.004   0.010   0.005   0.009   0.015    36.6    35.1    33.7    31.5    29.9
03047 20140809  2.422 -102.81   31.62    37.2    23.7    30.4    30.3     0.0    27.34 C    54.7    20.5    33.7    62.6    16.1    36.2   0.004   0.010   0.006   0.009   0.016    36.7    34.9    33.6    31.7    30.1
03047 20140810  2.422 -102.81   31.62    35.3    23.4    29.3    28.4     1.7    25.48 C    54.5    19.9    32.1    68.6    25.2    46.3   0.005   0.011   0.006   0.009   0.015    35.7    34.8    33.7    31.8    30.2
03047 20140811  2.422 -102.81   31.62    33.0    20.1    26.6    26.0    13.6    18.80 C    49.0    19.8    27.3    84.9    32.3    58.1   0.027   0.012   0.008   0.009   0.015    29.7    31.6    32.6    31.6    30.2
03047 20140812  2.422 -102.81   31.62    32.8    19.0    25.9    25.2    65.4    22.76 C    44.3    18.4    26.9    92.0    32.5    64.1   0.068   0.067   0.061   0.069   0.023    27.5    27.2    27.9    29.1    29.7
03047 20140813  2.422 -102.81   31.62    34.8    20.6    27.7    27.4     0.0    27.35 C    45.6    18.3    29.2    85.8    21.4    51.6   0.051   0.051   0.045   0.058   0.029    30.5    29.7    29.3    28.8    28.8
03047 20140814  2.422 -102.81   31.62    35.5    20.9    28.2    28.4     0.0    26.17 C    49.4    18.2    29.8    72.5    19.7    40.0   0.047   0.048   0.043   0.052   0.028    31.3    30.8    30.3    29.5    28.9
03047 20140815  2.422 -102.81   31.62    37.6    21.9    29.7    30.0     0.0    23.24 C    52.7    19.0    31.9    56.6    20.9    34.7   0.043   0.045   0.042   0.051   0.029    32.2    31.5    30.9    29.9    29.1
03047 20140816  2.422 -102.81   31.62    37.1    23.0    30.0    28.9     2.8    24.19 C    54.2    21.5    32.4    80.3    23.2    44.9   0.035   0.045   0.041   0.050   0.029    32.7    32.2    31.7    30.5    29.5
03047 20140817  2.422 -102.81   31.62    34.4    21.2    27.8    25.2     3.0    22.83 C    50.4    19.2    28.4    91.8    32.0    69.0   0.034   0.044   0.040   0.049   0.029    30.3    30.5    30.6    30.3    29.7
03047 20140818  2.422 -102.81   31.62    34.1    20.0    27.1    26.1     0.0    26.70 C    48.7    18.8    29.7    93.4    25.5    64.4   0.037   0.044   0.040   0.048   0.029    30.7    30.2    30.0    29.7    29.4
03047 20140819  2.422 -102.81   31.62    34.2    21.1    27.7    27.3     0.0    26.56 C    49.4    19.1    30.7    79.6    27.8    56.9   0.035   0.045   0.040   0.048   0.030    31.8    31.2    30.8    30.0    29.4
03047 20140820  2.422 -102.81   31.62    35.1    24.0    29.6    27.3     3.3    22.26 C    51.8    21.5    29.3    69.8    33.3    57.6   0.030   0.044   0.039   0.047   0.030    30.7    31.0    31.0    30.3    29.6
03047 20140821  2.422 -102.81   31.62    36.6    23.3    29.9    27.6     2.3    20.49 C    49.8    20.0    28.7    73.8    27.0    55.8   0.033   0.043   0.038   0.047   0.030    29.4    29.5    29.6    29.7    29.4
03047 20140822  2.422 -102.81   31.62    35.3    22.2    28.7    28.1     0.0    25.07 C    47.9    19.4    29.9    81.2    26.1    51.7   0.036   0.043   0.039   0.047   0.031    30.4    29.8    29.6    29.3    29.1
03047 20140823  2.422 -102.81   31.62    35.3    22.8    29.0    28.9     0.3    22.38 C    51.4    20.5    30.9    74.8    22.8    37.0   0.034   0.043   0.038   0.047   0.031    31.3    30.9    30.5    29.7    29.1
03047 20140824  2.422 -102.81   31.62    36.9    23.5    30.2    29.0     0.0    19.43 C    51.5    20.5    30.2    58.6    20.7    42.7   0.028   0.043   0.039   0.046   0.031    31.7    31.3    31.0    30.1    29.4
03047 20140825  2.422 -102.81   31.62    36.8    23.2    30.0    29.0     0.0    24.75 C    52.0    19.9    31.6    60.9    20.1    43.0   0.022   0.042   0.038   0.046   0.031    32.4    31.6    31.2    30.3    29.6
03047 20140826  2.422 -102.81   31.62    36.2    20.2    28.2    28.7     0.0    24.60 C    52.2    18.2    31.2    76.4    21.1    43.0   0.016   0.042   0.038   0.045   0.032    32.6    32.0    31.5    30.6    29.8
03047 20140827  2.422 -102.81   31.62    36.1    20.8    28.5    29.0     0.0    25.60 C    52.3    18.5    32.0    61.5    20.5    39.5   0.011   0.040   0.037   0.045   0.031    33.0    32.2    31.7    30.8    30.0
03047 20140828  2.422 -102.81   31.62    36.5    23.0    29.8    29.2     0.0    20.54 C    53.6    20.4    31.6    61.0    22.1    43.0   0.008   0.039   0.037   0.046   0.033    33.1    32.5    32.1    31.1    30.2
03047 20140829  2.422 -102.81   31.62    35.2    21.5    28.3    27.9     0.0    23.34 C    54.0    18.9    31.5    74.1    26.8    52.1   0.009   0.038   0.037   0.045   0.034    33.2    32.4    32.0    31.1    30.3
03047 20140830  2.422 -102.81   31.62    35.7    20.5    28.1    28.4     0.0    25.98 C    53.5    18.2    32.0    78.7    19.8    47.8   0.010   0.037   0.036   0.046   0.034    33.6    32.5    32.1    31.2    30.4
03047 20140831  2.422 -102.81   31.62    38.3    22.4    30.4    30.3     0.0    24.53 C    55.6    19.4    32.6    72.9    19.4    43.1   0.009   0.035   0.036   0.045   0.033    34.1    32.8    32.3    31.4    30.5
03047 20140901  2.422 -102.81   31.62    40.2    24.4    32.3    31.7     0.0    25.61 C    56.4    20.7    34.0    62.5    11.4    37.7   0.009   0.033   0.035   0.044   0.033    35.0    33.3    32.7    31.6    30.7
03047 20140902  2.422 -102.81   31.62    38.7    23.9    31.3    30.7     0.0    24.93 C    54.0    20.5    32.8    65.7    22.0    41.3   0.010   0.032   0.034   0.043   0.033    35.1    33.5    33.0    31.9    30.9
03047 20140903  2.422 -102.81   31.62    33.3    23.1    28.2    27.6     0.0    24.17 C    48.1    20.3    30.0    78.1    36.9    55.1   0.009   0.029   0.032   0.041   0.034    33.8    32.9    32.7    31.9    31.1
03047 20140904  2.422 -102.81   31.62    32.0    20.8    26.4    25.7     0.0    20.61 C    44.9    18.6    27.7    82.0    28.8    57.5   0.009   0.026   0.030   0.041   0.034    31.9    31.9    31.9    31.6    31.0
03047 20140905  2.422 -102.81   31.62    29.7    22.4    26.0    24.6     0.0    17.43 C    43.4    19.9    26.5    80.0    45.9    65.0   0.009   0.023   0.028   0.038   0.033    30.7    30.9    31.0    31.0    30.7
03047 20140906  2.422 -102.81   31.62    22.8    18.4    20.6    20.3    21.5     4.73 C    23.7    18.3    20.5    94.8    69.1    85.5   0.032   0.047   0.032   0.037   0.033    24.9    27.4    28.8    30.1    30.2
03047 20140907  2.422 -102.81   31.62    25.2    17.7    21.4    20.4     0.0     9.34 C    31.4    18.0    21.4    93.6    65.5    83.5   0.040   0.064   0.045   0.036   0.033    23.4    24.4    25.4    27.5    28.9
03047 20140908  2.422 -102.81   31.62    31.6    18.4    25.0    24.8     0.0    21.45 C    41.3    17.2    26.0    95.8    39.8    67.8   0.041   0.059   0.048   0.037   0.032    27.1    26.5    26.4    26.8    27.8
03047 20140909  2.422 -102.81   31.62    35.5    21.2    28.4    28.3     0.0    23.40 C    46.4    18.6    29.6    72.1    27.2    48.9   0.041   0.056   0.047   0.037   0.032    30.0    29.0    28.4    27.7    27.8
03047 20140910  2.422 -102.81   31.62    35.5    20.5    28.0    28.5     0.0    24.40 C    47.3    18.1    29.6    75.2    22.9    44.9   0.038   0.052   0.046   0.037   0.032    31.0    30.3    29.8    28.8    28.2
03047 20140911  2.422 -102.81   31.62    31.4    21.1    26.3    24.4     1.1    21.05 C    43.3    19.4    27.4    94.1    42.1    67.3   0.033   0.049   0.045   0.036   0.033    30.0    30.0    29.9    29.3    28.7
03047 20140912  2.422 -102.81   31.62    22.3    11.7    17.0    18.4     0.8     6.51 C    26.4    13.4    19.9    94.3    72.4    83.8   0.027   0.045   0.042   0.036   0.031    24.3    26.2    27.6    28.6    28.7
03047 20140913  2.422 -102.81   31.62    13.8    10.0    11.9    12.1     1.0     5.42 C    18.3    11.9    14.6    95.2    76.2    84.6   0.027   0.041   0.040   0.035   0.031    18.9    21.1    23.1    26.0    27.6
03047 20140914  2.422 -102.81   31.62    19.4    12.9    16.2    16.1     4.0     6.40 C    22.1    14.4    17.3    95.1    79.4    89.3   0.033   0.041   0.039   0.033   0.030    19.5    20.6    21.7    24.0    26.0
03047 20140915  2.422 -102.81   31.62    25.9    18.0    22.0    21.2     0.0     9.82 C    32.1    16.4    21.4    94.3    59.3    81.7   0.036   0.045   0.039   0.033   0.029    22.2    22.2    22.5    23.5    25.0
03047 20140916  2.422 -102.81   31.62    29.1    19.9    24.5    23.9     0.0    16.42 C    36.7    18.6    24.7    90.4    46.3    69.8   0.037   0.046   0.040   0.032   0.030    25.2    24.5    24.1    24.1    24.8
03047 20140917  2.422 -102.81   31.62    31.5    20.6    26.1    25.5     0.0    21.25 C    42.7    19.3    27.2    86.5    40.7    65.0   0.036   0.047   0.039   0.033   0.029    27.9    26.8    26.1    25.3    25.2
03047 20140918  2.422 -102.81   31.62    30.2    21.3    25.8    24.0     7.9    15.96 C    42.2    20.5    25.9    91.7    51.2    78.8   0.036   0.045   0.039   0.032   0.028    27.4    27.3    27.2    26.4    25.9
03047 20140919  2.422 -102.81   31.62    26.6    19.5    23.0    22.2    50.6     9.28 C    28.2    19.6    22.2    95.4    69.8    88.1   0.061   0.074   0.062   0.059   0.035    23.8    24.4    25.0    25.8    26.1
03047 20140920  2.422 -102.81   31.62    29.2    21.2    25.2    24.0     1.4    14.33 C    38.9    19.8    24.7    94.4    58.2    82.2   0.054   0.060   0.052   0.063   0.040    25.6    25.1    25.0    25.1    25.5
03047 20140921  2.422 -102.81   31.62    26.8    19.9    23.4    22.5    11.3     9.75 C    31.1    20.4    23.0    94.2    68.9    86.8   0.057   0.059   0.048   0.055   0.038    24.6    25.0    25.3    25.5    25.5
03047 20140922  2.422 -102.81   31.62    27.5    20.0    23.7    23.0     0.0    10.51 C    29.5    17.6    22.4    93.3    43.9    73.6   0.060   0.065   0.055   0.056   0.037    24.0    24.2    24.5    25.0    25.4
03047 20140923  2.422 -102.81   31.62    29.2    18.5    23.9    23.5     0.0    17.88 C    38.6    17.0    23.7    83.3    41.1    61.6   0.055   0.057   0.051   0.055   0.036    25.0    24.6    24.6    24.7    25.1
03047 20140924  2.422 -102.81   31.62    29.5    20.4    24.9    23.9     0.0    20.74 C    38.7    18.8    25.3    81.6    38.0    61.5   0.051   0.053   0.047   0.053   0.037    26.9    26.2    25.9    25.3    25.2
03047 20140925  2.422 -102.81   31.62    26.3    17.5    21.9    21.3     0.0    14.36 C    35.8    16.7    22.7    78.4    38.1    61.3   0.046   0.049   0.043   0.051   0.036    25.6    25.7    25.9    25.7    25.5
03047 20140926  2.422 -102.81   31.62    25.7    16.4    21.0    19.5    14.3    10.11 C    33.8    15.9    20.4    92.4    50.8    74.4   0.055   0.056   0.043   0.048   0.036    23.5    24.4    24.9    25.4    25.5
03047 20140927  2.422 -102.81   31.62    26.1    15.1    20.6    20.0     0.0    15.82 C    30.8    14.5    20.2    93.9    48.4    75.9   0.065   0.070   0.056   0.049   0.036    22.4    22.8    23.3    24.3    25.0
03047 20140928  2.422 -102.81   31.62    26.8    15.8    21.3    20.5     0.0    20.59 C    35.1    14.6    21.7    94.5    44.6    72.4   0.059   0.062   0.054   0.051   0.035    23.8    23.6    23.6    24.0    24.6
03047 20140929  2.422 -102.81   31.62    28.6    15.8    22.2    22.0     0.0    21.08 C    36.0    14.6    22.6    91.3    37.1    64.0   0.055   0.057   0.051   0.053   0.035    24.7    24.4    24.3    24.3    24.5
03047 20140930  2.422 -102.81   31.62    31.7    18.2    24.9    24.2     0.0    21.46 C    40.5    16.6    25.0    82.4    32.2    59.6   0.052   0.054   0.049   0.052   0.035    26.1    25.5    25.2    24.7    24.7
03047 20141001  2.422 -102.81   31.62    31.6    18.0    24.8    24.3     0.0    21.72 C    40.5    16.7    25.1    91.2    21.7    58.5   0.046   0.051   0.046   0.052   0.035    26.7    26.3    26.0    25.3    25.0
03047 20141002  2.422 -102.81   31.62    29.3    14.3    21.8    21.9     0.0    22.03 C    38.6    13.6    22.7    92.6    20.6    53.9   0.040   0.047   0.044   0.050   0.036    25.9    25.9    25.9    25.6    25.3
03047 20141003  2.422 -102.81   31.62    28.2    10.5    19.4    19.5     0.0    22.04 C    39.0    10.1    20.9    79.6    20.9    47.1   0.033   0.044   0.042   0.048   0.034    24.5    24.8    25.1    25.2    25.3
03047 20141004  2.422 -102.81   31.62    29.5    11.0    20.3    20.0     0.0    21.74 C    38.2    10.1    21.1    67.9    25.9    46.4   0.028   0.041   0.040   0.046   0.032    24.0    24.3    24.6    24.9    25.1
03047 20141005  2.422 -102.81   31.62    31.6    11.1    21.3    21.3     0.0    21.82 C    40.5    10.0    21.6    79.0    12.7    41.5   0.023   0.039   0.038   0.044   0.032    24.3    24.5    24.6    24.7    24.9
03047 20141006  2.422 -102.81   31.62    31.7    10.4    21.1    21.5     0.0    21.45 C    41.8     9.8    22.2    78.5    16.7    42.0   0.017   0.036   0.035   0.040   0.032    24.6    24.6    24.6    24.6    24.9
03047 20141007  2.422 -102.81   31.62    33.1    10.3    21.7    22.4     0.0    21.49 C    42.1     9.0    22.2    64.3    11.9    37.0   0.011   0.033   0.034   0.038   0.031    24.3    24.4    24.5    24.6    24.8
03047 20141008  2.422 -102.81   31.62    32.8    16.2    24.5    24.3     0.0    20.11 C    40.9    14.2    24.8    92.1    26.8    58.2   0.007   0.031   0.033   0.035   0.029    25.6    25.2    25.0    24.8    24.8
03047 20141009  2.422 -102.81   31.62    32.9    19.7    26.3    25.3     0.0    19.58 C    42.6    17.8    26.3    78.1    26.5    53.5   0.005   0.029   0.030   0.032   0.028    26.7    26.0    25.6    25.1    25.0
03047 20141010  2.422 -102.81   31.62    30.1    15.7    22.9    22.1     0.0    18.94 C    40.9    15.5    24.1    90.9    30.6    63.4   0.004   0.026   0.029   0.030   0.027    26.4    26.2    26.0    25.5    25.2
03047 20141011  2.422 -102.81   31.62    20.8    11.8    16.3    15.2     0.0    18.90 C    33.3    11.0    19.1    71.7    42.8    60.6   0.011   0.023   0.026   0.029   0.026    24.3    24.9    25.3    25.4    25.3
03047 20141012  2.422 -102.81   31.62    31.3     9.3    20.3    20.2     0.0    19.46 C    38.3     8.4    21.1    89.2    18.7    50.2   0.011   0.019   0.026   0.027   0.025    23.6    23.9    24.3    24.8    25.1
03047 20141013  2.422 -102.81   31.62    22.3     8.7    15.5    16.1     0.0    20.56 C    30.9     7.3    17.3    59.4    17.2    38.3   0.011   0.017   0.024   0.025   0.024    22.9    23.8    24.2    24.5    24.8
03047 20141014  2.422 -102.81   31.62    25.1     4.5    14.8    15.1     0.0    20.66 C    35.5     4.0    16.5    71.1    16.7    38.7   0.009   0.015   0.022   0.023   0.023    21.2    22.3    23.1    23.9    24.6
03047 20141015  2.422 -102.81   31.62    28.6     8.4    18.5    17.8     0.0    20.49 C    39.2     6.0    18.7    56.5    14.1    34.2   0.008   0.013   0.021   0.022   0.021    21.7    22.2    22.7    23.5    24.2
03047 20141016  2.422 -102.81   31.62    32.9     9.2    21.1    20.5     0.0    20.16 C    41.5     6.8    20.9    59.3    14.4    35.6   0.008   0.013   0.020   0.021   0.020    22.5    22.6    22.8    23.3    23.9
03047 20141017  2.422 -102.81   31.62    32.0    11.5    21.7    21.9     0.0    19.27 C    43.0     9.7    23.2    67.1    19.2    40.5   0.008   0.014   0.019   0.020   0.020    23.8    23.4    23.3    23.5    23.9
03047 20141018  2.422 -102.81   31.62    26.7    13.8    20.2    20.2     0.0    17.88 C    37.0    12.1    22.0    63.6    34.9    48.8   0.009   0.014   0.019   0.018   0.019    24.1    23.9    23.9    23.8    23.9
03047 20141019  2.422 -102.81   31.62    27.3    14.8    21.1    20.2     0.0    13.99 C    38.0    13.5    21.3    83.3    40.5    64.3   0.009   0.012   0.017   0.015   0.018    23.8    23.8    23.9    23.9    24.1
03047 20141020  2.422 -102.81   31.62    24.6    15.1    19.9    19.0     0.0    10.29 C    33.2    14.4    19.8    87.7    53.8    73.4   0.010   0.011   0.016   0.014   0.018    22.8    23.4    23.7    23.9    24.1
03047 20141021  2.422 -102.81   31.62    22.4    14.5    18.4    18.3     0.0     7.28 C    26.7    13.3    19.0    89.7    56.7    77.6   0.010   0.012   0.015   0.014   0.017    21.7    22.7    23.2    23.7    24.0
03047 20141022  2.422 -102.81   31.62    24.6    14.8    19.7    19.3     0.0    12.89 C    34.7    13.3    20.7    89.4    56.7    74.2   0.011   0.011   0.015   0.015   0.018    22.8    22.9    23.1    23.4    23.8
03047 20141023  2.422 -102.81   31.62    27.9    12.4    20.2    19.0     0.0    16.71 C    40.5    11.1    21.3    97.1    35.7    73.4   0.009   0.011   0.015   0.014   0.017    22.9    22.8    23.0    23.3    23.7
03047 20141024  2.422 -102.81   31.62    30.3    13.5    21.9    20.8     0.0    17.62 C    41.6    12.4    22.5    97.8    24.5    65.2   0.009   0.011   0.014   0.013   0.017    23.6    23.3    23.3    23.4    23.6
03047 20141025  2.422 -102.81   31.62    31.2    14.3    22.8    22.1     0.0    18.10 C    43.3    12.5    23.4    93.8    23.9    59.3   0.009   0.012   0.014   0.013   0.016    24.2    23.7    23.6    23.6    23.7
03047 20141026  2.422 -102.81   31.62    31.9    12.8    22.3    22.2     0.0    18.27 C    42.6    10.6    23.0    88.9    17.5    52.8   0.008   0.011   0.014   0.013   0.016    24.2    23.9    23.9    23.7    23.8
03047 20141027  2.422 -102.81   31.62    31.7    14.6    23.2    22.6     0.0    15.47 C    41.8    12.1    23.1    85.1    20.7    50.9   0.009   0.010   0.014   0.013   0.017    24.1    24.0    23.9    23.9    23.9
03047 20141028  2.422 -102.81   31.62    22.5    12.6    17.5    16.8     0.0    17.46 C    35.3    10.7    19.4    86.1    32.8    51.0   0.008   0.010   0.014   0.012   0.016    23.0    23.6    23.9    23.9    24.0
03047 20141029  2.422 -102.81   31.62    25.0     9.0    17.0    17.0     0.0    16.27 C    36.7     7.5    18.5    78.2    41.9    56.1   0.007   0.011   0.013   0.013   0.017    21.5    22.4    23.0    23.6    23.9
03047 20141030  2.422 -102.81   31.62    29.5    12.1    20.8    19.6     0.0    17.50 C    39.5     9.6    20.5    95.4    14.4    58.2   0.008   0.011   0.012   0.012   0.016    22.1    22.4    22.7    23.3    23.7
03047 20141031  2.422 -102.81   31.62    22.6    11.8    17.2    17.1     0.0    15.74 C    32.9     9.2    18.1    60.6    19.7    34.8   0.007   0.010   0.013   0.011   0.016    21.5    22.3    22.8    23.2    23.6
03047 20141101  2.422 -102.81   31.62    21.8     7.9    14.8    14.3     0.0    15.26 C    29.6     6.3    15.1    59.9    34.1    46.1   0.006   0.010   0.012   0.011   0.016    19.2    20.9    21.9    22.9    23.5
03047 20141102  2.422 -102.81   31.62    21.4    12.5    17.0    16.0     0.0     7.86 C    22.7    11.7    15.5    77.3    42.7    62.6   0.007   0.008   0.011   0.011   0.015    19.0    20.5    21.3    22.4    23.2
03047 20141103  2.422 -102.81   31.62    23.6    14.5    19.1    18.3     0.0     8.63 C    27.9    12.1    18.1    87.3    49.2    72.2   0.008   0.010   0.012   0.011   0.015    19.8    20.5    21.1    22.1    22.9
03047 20141104  2.422 -102.81   31.62    17.9     8.6    13.2    12.3    41.3     1.37 C    17.1     9.7    12.8    94.1    79.8    91.3   0.035   0.047   0.033   0.010   0.015    16.2    18.5    20.0    21.8    22.6
03047 20141105  2.422 -102.81   31.62    13.3     8.1    10.7    10.6     3.3     4.25 C    16.0     9.0    11.6    93.7    69.5    86.3   0.044   0.070   0.065   0.055   0.015    13.8    15.0    16.4    19.0    21.7
03047 20141106  2.422 -102.81   31.62    17.5     8.4    12.9    13.1     0.0     7.25 C    22.3     7.4    13.3    93.3    33.9    65.5   0.039   0.057   0.055   0.069   0.015    14.9    15.7    16.5    18.1    20.3
03047 20141107  2.422 -102.81   31.62    19.8     5.6    12.7    12.5     0.0    16.16 C    25.2     5.1    12.9    96.9    47.2    74.6   0.038   0.051   0.050   0.065   0.015    14.8    15.5    16.3    17.8    19.6
03047 20141108  2.422 -102.81   31.62    19.6     6.8    13.2    13.0     0.0    16.29 C    26.2     6.0    13.1    96.7    33.9    63.7   0.037   0.049   0.047   0.063   0.015    15.2    15.9    16.6    17.7    19.2
03047 20141109  2.422 -102.81   31.62    23.7     3.4    13.5    13.3     0.0    16.84 C    27.8     2.8    12.9    94.7    25.4    61.7   0.037   0.046   0.046   0.059   0.015    14.8    15.6    16.3    17.6    19.0
03047 20141110  2.422 -102.81   31.62    27.7     7.8    17.7    17.6     0.0    16.11 C    30.5     5.9    15.7    91.1    16.5    51.3   0.037   0.045   0.044   0.059   0.015    16.1    16.4    16.8    17.6    18.8
03047 20141111  2.422 -102.81   31.62    20.6     1.8    11.2     5.9     0.0    16.08 C    19.3     1.9     8.6    64.6    29.3    47.0   0.035   0.044   0.042   0.056   0.015    13.7    15.3    16.5    17.8    18.8
03047 20141112  2.422 -102.81   31.62     3.1    -2.4     0.3     0.5     0.0     8.82 C    10.8    -2.1     3.5    55.3    34.2    42.2   0.034   0.041   0.042   0.055   0.015     9.6    11.8    13.7    16.5    18.3
03047 20141113  2.422 -102.81   31.62     2.0    -3.8    -0.9    -1.6     0.0    13.82 C    15.4    -2.8     2.8    50.7    36.8    42.6   0.033   0.040   0.040   0.054   0.016     8.6    10.3    12.0    14.9    17.3
03047 20141114  2.422 -102.81   31.62    10.6    -3.3     3.6     2.8     0.0    15.57 C    17.2    -3.7     4.3    65.5    36.9    49.5   0.032   0.039   0.040   0.052   0.016     8.1     9.5    10.9    13.7    16.2
03047 20141115  2.422 -102.81   31.62    21.4     1.0    11.2     9.9     0.0    12.70 C    25.4     0.1    10.0    72.8    31.2    55.1   0.032   0.039   0.039   0.051   0.017    10.8    11.2    11.7    13.4    15.5
03047 20141116  2.422 -102.81   31.62     8.1    -4.7     1.7     1.3     0.7     4.06 C    10.2    -4.8     2.1    86.1    64.6    73.6   0.031   0.039   0.039   0.050   0.017     8.3    10.4    11.9    13.9    15.5
03047 20141117  2.422 -102.81   31.62     6.7    -8.0    -0.7    -0.6     0.0    15.97 C    14.9    -8.0     1.0    90.7    20.2    56.0   0.031   0.037   0.038   0.049   0.017     5.3     7.1     8.9    12.2    14.8
03047 20141118  2.422 -102.81   31.62    13.3    -3.8     4.7     4.0     0.0    15.89 C    19.5    -5.5     4.1    63.2    19.5    42.1   0.031   0.037   0.038   0.048   0.017     6.5     7.6     8.8    11.3    13.9
03047 20141119  2.422 -102.81   31.62    20.7    -3.0     8.9     8.4     0.0    15.86 C    24.9    -5.0     7.6    71.7    13.8    41.3   0.031   0.037   0.038   0.049   0.017     8.1     8.7     9.5    11.3    13.4
03047 20141120  2.422 -102.81   31.62    22.7     2.0    12.4    11.6     0.0    15.42 C    27.2    -0.1    10.7    90.5    16.9    51.1   0.031   0.038   0.038   0.048   0.018    10.7    10.8    11.1    12.0    13.4
03047 20141121  2.422 -102.81   31.62    21.8     4.5    13.2    12.4     0.0    12.98 C    26.1     3.0    12.2   100.0    34.1    78.0   0.030   0.038   0.038   0.048   0.018    12.1    12.0    12.2    12.8    13.8
03047 20141122  2.422 -102.81   31.62    22.4     8.6    15.5    15.1     0.0    11.36 C    29.0     5.4    15.1    95.7    25.5    66.7   0.029   0.039   0.038   0.047   0.018    14.6    14.3    14.0    13.8    14.3
03047 20141123  2.422 -102.81   31.62    23.0     3.8    13.4    13.6     0.0    14.50 C    26.6     1.9    11.7    70.3    11.7    36.6   0.027   0.038   0.038   0.047   0.018    13.3    13.7    14.1    14.5    15.0
03047 20141124  2.422 -102.81   31.62    14.9    -2.7     6.1     6.3     0.0    15.14 C    23.2    -3.0     6.2    87.3     8.7    40.3   0.025   0.037   0.037   0.047   0.019    10.8    12.0    13.0    14.3    15.2
03047 20141125  2.422 -102.81   31.62    13.4    -1.4     6.0     6.7     0.0    15.03 C    21.4    -2.7     6.3    51.0    15.9    31.2   0.023   0.036   0.037   0.046   0.019     9.7    10.8    11.8    13.5    14.9
03047 20141126  2.422 -102.81   31.62    19.7    -2.0     8.8     9.0     0.0    14.79 C    27.7    -2.9     8.5    53.0    14.7    32.8   0.022   0.036   0.037   0.045   0.019    10.1    10.8    11.5    13.0    14.4
03047 20141127  2.422 -102.81   31.62    18.5     1.7    10.1     9.8     0.0    14.58 C    24.2    -0.3     9.0    81.7    24.2    49.9   0.022   0.036   0.037   0.044   0.019    11.0    11.5    12.0    13.1    14.2
03047 20141128  2.422 -102.81   31.62    24.0     2.0    13.0    12.1     0.0    14.84 C    29.0    -0.3    10.6    84.0    11.8    45.5   0.023   0.036   0.037   0.043   0.020    11.6    12.0    12.4    13.2    14.2
03047 20141129  2.422 -102.81   31.62    27.0     3.0    15.0    13.5     0.0    14.90 C    30.1     0.0    11.2    91.3     8.7    46.8   0.022   0.036   0.037   0.044   0.020    12.0    12.3    12.7    13.4    14.3
03047 20141130  2.422 -102.81   31.62    26.1     2.5    14.3    13.8     0.0    14.61 C    31.5     0.3    12.1    91.7    10.1    48.8   0.022   0.036   0.037   0.044   0.020    12.4    12.7    13.0    13.7    14.5
03047 20141201  2.422 -102.81   31.62    10.5    -2.2     4.2     2.9     0.0    10.39 C    16.3    -0.9     5.2    89.9    25.6    46.8   0.021   0.035   0.037   0.044   0.020    10.4    11.7    12.7    13.8    14.6
03047 20141202  2.422 -102.81   31.62    16.5    -2.1     7.2     8.1     0.0    11.93 C    23.4    -2.7     9.2    58.2    30.4    44.5   0.021   0.035   0.038   0.045   0.020    10.7    11.2    11.8    13.1    14.4
03047 20141203  2.422 -102.81   31.62    22.5     5.0    13.7    12.0     0.0    12.66 C    29.6     3.6    12.3    89.7    22.3    59.7   0.021   0.035   0.038   0.044   0.019    12.7    12.6    12.7    13.3    14.2
03047 20141204  2.422 -102.81   31.62    17.9     8.6    13.3    12.4     0.0     7.53 C    23.3     6.4    12.7    94.2    56.3    80.4   0.021   0.036   0.037   0.045   0.020    13.5    13.5    13.6    13.9    14.4
03047 20141205  2.422 -102.81   31.62    23.5     5.4    14.4    14.1     0.0    13.24 C    30.0     4.5    13.6   100.0    23.7    64.0   0.021   0.035   0.037   0.045   0.021    13.8    13.9    14.0    14.3    14.8
03047 20141206  2.422 -102.81   31.62    19.5     5.4    12.5    12.3     0.0    13.32 C    26.4     3.5    12.1    87.3    29.9    58.0   0.021   0.036   0.037   0.045   0.021    13.6    13.9    14.2    14.5    15.0
03047 20141207  2.422 -102.81   31.62    13.7     6.7    10.2     9.9     0.5     4.35 C    18.4     4.7    10.0    94.0    66.9    80.1   0.020   0.035   0.037   0.044   0.022    12.7    13.5    14.0    14.6    15.1
03047 20141208  2.422 -102.81   31.62    15.3     3.8     9.6     9.0     0.0     9.79 C    25.4     2.5     9.6    96.0    60.0    84.6   0.021   0.035   0.037   0.044   0.022    11.8    12.5    13.1    14.1    15.0
03047 20141209  2.422 -102.81   31.62    15.6     4.8    10.2    10.4     0.0     3.66 C    17.3     3.3     9.6    95.6    67.3    85.2   0.020   0.035   0.037   0.043   0.022    11.6    12.3    12.9    13.9    14.8
03047 20141210  2.422 -102.81   31.62    16.9     9.7    13.3    12.7     0.0     6.08 C    25.0     7.9    13.6    93.6    64.6    84.6   0.021   0.035   0.037   0.043   0.022    13.5    13.3    13.4    13.9    14.6
03047 20141211  2.422 -102.81   31.62    17.0     9.5    13.2    12.6     0.0     5.79 C    23.1     7.6    12.6    95.4    65.7    85.7   0.021   0.034   0.037   0.044   0.022    13.9    14.1    14.2    14.4    14.8
03047 20141212  2.422 -102.81   31.62    22.0     8.8    15.4    14.0     0.0     9.95 C    28.4     7.2    14.2   100.0    43.8    80.8   0.019   0.035   0.037   0.043   0.022    14.2    14.1    14.2    14.6    15.0
03047 20141213  2.422 -102.81   31.62    22.7    11.5    17.1    15.9     0.0    11.95 C    28.5     9.3    15.5    95.2    47.3    76.9   0.022   0.035   0.037   0.044   0.023    15.2    15.0    15.0    15.0    15.2
03047 20141214  2.422 -102.81   31.62    20.0     7.5    13.7    14.6     0.0    13.76 C    25.0     3.0    13.2    81.8    13.2    39.6   0.021   0.035   0.037   0.043   0.023    15.0    15.3    15.5    15.4    15.5
03047 20141215  2.422 -102.81   31.62    18.8     3.2    11.0    10.4     0.0    13.74 C    27.3     0.1     9.6    46.3    13.3    29.5   0.018   0.034   0.037   0.043   0.023    12.4    13.4    14.2    15.1    15.6
03047 20141216  2.422 -102.81   31.62    14.0     3.7     8.9     9.0     0.0    10.13 C    20.7     1.2     8.6    59.6    30.4    42.7   0.017   0.033   0.035   0.042   0.023    11.5    12.5    13.3    14.5    15.3
03047 20141217  2.422 -102.81   31.62    19.8     4.7    12.3    11.9     0.0    12.71 C    25.4     2.1    11.5    87.4    23.7    45.9   0.016   0.033   0.036   0.042   0.025    13.0    13.3    13.6    14.2    15.0
03047 20141218  2.422 -102.81   31.62    18.6     0.9     9.7     9.9     0.0    11.56 C    26.7    -0.9     9.8    94.4    28.8    56.1   0.015   0.032   0.036   0.042   0.024    11.8    12.5    13.2    14.1    14.9
03047 20141219  2.422 -102.81   31.62    14.5     0.9     7.7     8.1     0.0    12.60 C    23.9    -0.2     9.2    96.5    35.6    66.5   0.016   0.032   0.036   0.042   0.024    12.1    12.8    13.3    14.0    14.8
03047 20141220  2.422 -102.81   31.62    16.0     0.6     8.3     7.1     0.0    11.85 C    23.2    -1.0     7.9   100.0    27.2    75.8   0.014   0.032   0.036   0.042   0.024    10.9    11.8    12.5    13.7    14.7
03047 20141221  2.422 -102.81   31.62    21.0     2.8    11.9    11.1     0.0    12.69 C    25.7     2.0    10.6   100.0    16.4    59.0   0.014   0.032   0.036   0.041   0.025    11.5    12.0    12.5    13.4    14.4
03047 20141222  2.422 -102.81   31.62    21.9     8.3    15.1    14.4     0.0     8.60 C    28.2     4.5    12.2    63.7    20.7    35.6   0.014   0.032   0.035   0.041   0.025    12.7    12.9    13.1    13.6    14.3
03047 20141223  2.422 -102.81   31.62     8.8     1.1     4.9     5.0     4.8     5.68 C     9.9    -0.8     4.7    92.6    36.6    70.6   0.024   0.031   0.034   0.041   0.025     8.9    10.9    12.2    13.6    14.4
03047 20141224  2.422 -102.81   31.62     9.7    -3.0     3.4     3.5     0.0    13.88 C    15.8    -4.2     3.2    84.3    28.5    54.4   0.024   0.030   0.035   0.040   0.025     6.1     7.8     9.3    11.9    13.7
03047 20141225  2.422 -102.81   31.62    19.0    -2.5     8.2     8.2     0.0     9.00 C    21.8    -3.4     6.4    80.8    16.1    42.8   0.022   0.031   0.035   0.040   0.024     7.1     7.9     8.8    10.9    12.9
03047 20141226  2.422 -102.81   31.62    19.3     4.6    11.9    10.6     0.0    13.07 C    25.0     1.2     9.6    75.3    21.1    46.4   0.023   0.032   0.034   0.038   0.025    10.0    10.1    10.4    11.2    12.5
03047 20141227  2.422 -102.81   31.62     6.7     1.3     4.0     3.2     0.4     3.10 C     7.2     1.3     3.7    86.6    56.2    75.6   0.021   0.032   0.035   0.040   0.025     7.3     8.8    10.0    11.5    12.6
03047 20141228  2.422 -102.81   31.62    11.7    -2.9     4.4     4.3     0.0    13.03 C    17.3    -4.0     4.6   100.0    33.4    70.8   0.022   0.032   0.035   0.040   0.025     6.9     7.8     8.8    10.6    12.2
03047 20141229  2.422 -102.81   31.62    17.6    -0.2     8.7     8.4     0.0    11.84 C    20.6    -2.1     6.8    79.5    17.2    47.2   0.021   0.033   0.034   0.039   0.025     7.9     8.4     9.1    10.4    11.9
03047 20141230  2.422 -102.81   31.62     4.7    -5.2    -0.2    -0.7     0.0     1.37 C     2.3    -3.6    -0.2    92.6    60.6    84.1   0.021   0.032   0.035   0.040   0.025     4.6     6.6     8.2    10.3    11.8
03047 20141231  2.422 -102.81   31.62    -5.1    -8.0    -6.6    -6.3     0.0     2.00 C    -2.2    -5.7    -3.8    91.5    87.4    89.5   0.025   0.032   0.034   0.039   0.025     1.4     3.6     5.5     8.8    11.1
