22016 20130101  2.413 -103.21   29.35    12.6     3.6     8.1     8.2     0.0    17.73 C    22.2     1.3     9.0    63.4    25.4    38.9   0.035   0.062 -99.000 -99.000 -99.000    10.4    11.3 -9999.0 -9999.0 -9999.0
22016 20130102  2.413 -103.21   29.35    11.7     0.3     6.0     5.4     0.0    23.44 C    25.7     0.3     8.3    66.3    30.9    48.7   0.034   0.061 -99.000 -99.000 -99.000     9.7    10.8 -9999.0 -9999.0 -9999.0
22016 20130103  2.413 -103.21   29.35     2.5    -1.5     0.5     0.9     4.3     2.36 C     4.9    -1.2     2.2    95.7    66.2    80.5   0.030   0.059 -99.000 -99.000 -99.000     4.6     7.8 -9999.0 -9999.0 -9999.0
22016 20130104  2.413 -103.21   29.35     1.3    -2.0    -0.3    -0.9     3.5     3.83 C     2.8    -0.8     0.6    96.8    83.1    93.9   0.045   0.057 -99.000 -99.000 -99.000     2.5     5.4 -9999.0 -9999.0 -9999.0
22016 20130105  2.413 -103.21   29.35    10.6    -4.6     3.0     2.6     0.0    26.65 C    18.9    -3.4     4.1    96.0    37.2    74.8   0.075   0.058 -99.000 -99.000 -99.000     5.0     6.2 -9999.0 -9999.0 -9999.0
22016 20130106  2.413 -103.21   29.35    11.7    -2.6     4.6     4.4     0.0    26.30 C    22.1    -3.3     5.4    84.0    33.7    59.3   0.077   0.059 -99.000 -99.000 -99.000     5.9     7.0 -9999.0 -9999.0 -9999.0
22016 20130107  2.413 -103.21   29.35    13.1     0.1     6.6     6.0     0.0    17.66 C    22.3    -1.1     6.0    85.8    30.1    55.8   0.081   0.060 -99.000 -99.000 -99.000     6.4     7.4 -9999.0 -9999.0 -9999.0
22016 20130108  2.413 -103.21   29.35    11.1    -1.4     4.8     4.7     6.1    17.90 C    22.5    -2.3     6.4    95.3    54.7    81.5   0.079   0.061 -99.000 -99.000 -99.000     6.4     7.3 -9999.0 -9999.0 -9999.0
22016 20130109  2.413 -103.21   29.35     6.9     3.2     5.0     5.0    35.1     3.47 C     8.5     4.5     6.6    96.2    75.7    90.9   0.217   0.205 -99.000 -99.000 -99.000     6.5     7.5 -9999.0 -9999.0 -9999.0
22016 20130110  2.413 -103.21   29.35    16.2     2.0     9.1     9.6     0.0    26.14 C    19.9     0.4     8.2    87.5    41.7    62.7   0.190   0.225 -99.000 -99.000 -99.000     8.1     8.2 -9999.0 -9999.0 -9999.0
22016 20130111  2.413 -103.21   29.35    20.9     5.6    13.3    13.7     0.0    13.12 C    17.4     2.4     9.1    77.2    10.6    41.4   0.171   0.211 -99.000 -99.000 -99.000     9.1     9.2 -9999.0 -9999.0 -9999.0
22016 20130112  2.413 -103.21   29.35    20.7     2.7    11.7    12.6     0.0    26.17 C    21.8     1.5     9.5    62.4    12.7    34.2   0.157   0.199 -99.000 -99.000 -99.000    10.3    10.4 -9999.0 -9999.0 -9999.0
22016 20130113  2.413 -103.21   29.35    10.1    -1.5     4.3     3.8     0.0    27.60 C    20.1    -2.7     5.2    63.7    21.8    42.4   0.144   0.188 -99.000 -99.000 -99.000     6.9     8.2 -9999.0 -9999.0 -9999.0
22016 20130114  2.413 -103.21   29.35     4.7    -4.3     0.2     0.1     0.0    27.35 C    17.0    -3.6     3.1    88.3    48.4    66.2   0.135   0.180 -99.000 -99.000 -99.000     4.9     6.5 -9999.0 -9999.0 -9999.0
22016 20130115  2.413 -103.21   29.35     6.1    -3.4     1.3     0.8     0.0    21.58 C    17.9    -3.9     3.0    81.5    42.6    63.7   0.128   0.175 -99.000 -99.000 -99.000     4.3     5.6 -9999.0 -9999.0 -9999.0
22016 20130116  2.413 -103.21   29.35     9.8    -3.9     3.0     3.1     0.0    27.91 C    18.7    -5.4     3.4    80.0    14.0    29.3   0.116   0.171 -99.000 -99.000 -99.000     4.4     5.4 -9999.0 -9999.0 -9999.0
22016 20130117  2.413 -103.21   29.35    14.1    -1.8     6.1     5.9     0.0    27.76 C    23.7    -3.2     6.6    61.4    21.5    36.9   0.126   0.170 -99.000 -99.000 -99.000     6.6     6.6 -9999.0 -9999.0 -9999.0
22016 20130118  2.413 -103.21   29.35    16.1    -0.6     7.7     8.0     0.0    24.78 C    25.3    -2.5     7.8    69.9    19.1    39.9   0.124   0.168 -99.000 -99.000 -99.000     7.7     7.8 -9999.0 -9999.0 -9999.0
22016 20130119  2.413 -103.21   29.35    20.3     2.4    11.3    11.1     0.0    27.56 C    30.1     0.5    11.2    55.6    14.1    33.1   0.125   0.168 -99.000 -99.000 -99.000    10.2     9.6 -9999.0 -9999.0 -9999.0
22016 20130120  2.413 -103.21   29.35    20.8     4.0    12.4    11.9     0.0    27.41 C    30.6     2.0    12.6    49.5    16.7    34.0   0.124   0.167 -99.000 -99.000 -99.000    11.8    11.2 -9999.0 -9999.0 -9999.0
22016 20130121  2.413 -103.21   29.35    18.4     4.8    11.6    11.4     0.0    26.04 C    31.2     2.8    12.6    62.1    26.4    41.8   0.122   0.165 -99.000 -99.000 -99.000    12.2    11.9 -9999.0 -9999.0 -9999.0
22016 20130122  2.413 -103.21   29.35    20.2     3.9    12.1    11.2     0.0    26.00 C    30.9     3.3    13.3    85.9    32.0    57.4   0.120   0.163 -99.000 -99.000 -99.000    12.7    12.4 -9999.0 -9999.0 -9999.0
22016 20130123  2.413 -103.21   29.35    24.0     6.2    15.1    14.7     0.0    27.93 C    32.8     4.4    15.2    74.0    23.2    46.5   0.119   0.162 -99.000 -99.000 -99.000    14.2    13.5 -9999.0 -9999.0 -9999.0
22016 20130124  2.413 -103.21   29.35    25.9     8.3    17.1    17.3     0.0    28.75 C    35.9     5.9    17.1    63.4    13.8    36.2   0.119   0.161 -99.000 -99.000 -99.000    16.0    15.0 -9999.0 -9999.0 -9999.0
22016 20130125  2.413 -103.21   29.35    26.2    10.0    18.1    17.9     0.0    24.43 C    37.6     8.2    18.0    54.2    18.0    33.8   0.117   0.160 -99.000 -99.000 -99.000    17.0    16.1 -9999.0 -9999.0 -9999.0
22016 20130126  2.413 -103.21   29.35    26.9     9.6    18.3    17.6     0.0    22.00 C    34.8     9.4    18.8    89.2    15.3    44.7   0.115   0.158 -99.000 -99.000 -99.000    17.5    16.8 -9999.0 -9999.0 -9999.0
22016 20130127  2.413 -103.21   29.35    26.8     9.8    18.3    17.6     0.0    28.62 C    37.4     9.3    19.3    94.7    12.6    52.4   0.113   0.156 -99.000 -99.000 -99.000    18.3    17.6 -9999.0 -9999.0 -9999.0
22016 20130128  2.413 -103.21   29.35    26.4    10.8    18.6    20.8     0.0    28.03 C    37.2     7.5    19.8    53.0     9.0    22.2   0.111   0.153 -99.000 -99.000 -99.000    18.5    17.8 -9999.0 -9999.0 -9999.0
22016 20130129  2.413 -103.21   29.35    22.5     7.2    14.9    17.1     0.0    27.19 C    30.6     5.4    17.4    23.7     6.7    15.2   0.107   0.151 -99.000 -99.000 -99.000    18.6    18.5 -9999.0 -9999.0 -9999.0
22016 20130130  2.413 -103.21   29.35    12.7     3.5     8.1     7.5     0.0    30.69 C    25.5     1.5     9.8    32.0    14.1    23.6   0.098   0.144 -99.000 -99.000 -99.000    12.7    14.3 -9999.0 -9999.0 -9999.0
22016 20130131  2.413 -103.21   29.35    16.7     1.2     8.9     9.2     0.0    26.18 C    28.7    -0.4    11.4    37.2    11.7    21.5   0.096   0.142 -99.000 -99.000 -99.000    12.1    12.9 -9999.0 -9999.0 -9999.0
22016 20130201  2.413 -103.21   29.35    21.1     2.5    11.8    11.1     0.0    30.11 C    32.7     0.9    13.3    43.4     9.2    24.1   0.096   0.141 -99.000 -99.000 -99.000    13.6    13.8 -9999.0 -9999.0 -9999.0
22016 20130202  2.413 -103.21   29.35    21.7     4.2    13.0    13.1     0.0    31.00 C    34.8     1.7    14.2    37.1     7.9    21.0   0.095   0.140 -99.000 -99.000 -99.000    14.2    14.2 -9999.0 -9999.0 -9999.0
22016 20130203  2.413 -103.21   29.35    20.0     5.8    12.9    11.7     0.0    19.45 C    32.0     4.4    14.2    60.6    18.5    38.1   0.092   0.138 -99.000 -99.000 -99.000    13.9    14.2 -9999.0 -9999.0 -9999.0
22016 20130204  2.413 -103.21   29.35    23.5    11.2    17.3    17.1     0.0    25.87 C    36.5     8.5    18.4    61.0    16.1    31.8   0.093   0.138 -99.000 -99.000 -99.000    16.8    16.0 -9999.0 -9999.0 -9999.0
22016 20130205  2.413 -103.21   29.35    23.0     9.0    16.0    16.2     0.0    26.16 C    41.3     7.2    18.8    49.4    20.3    31.8   0.092   0.138 -99.000 -99.000 -99.000    17.7    17.0 -9999.0 -9999.0 -9999.0
22016 20130206  2.413 -103.21   29.35    24.4     7.6    16.0    15.7     0.0    30.19 C    39.8     6.1    18.2    61.5    18.7    38.5   0.089   0.136 -99.000 -99.000 -99.000    17.6    17.2 -9999.0 -9999.0 -9999.0
22016 20130207  2.423 -103.21   29.35 -9999.0 -9999.0 -9999.0 -9999.0     0.0 -9999.00 U -9999.0 -9999.0 -9999.0 -9999.0 -9999.0 -9999.0 -99.000 -99.000 -99.000 -99.000 -99.000 -9999.0 -9999.0 -9999.0 -9999.0 -9999.0
22016 20130208  2.423 -103.21   29.35    20.5     6.2    13.4    13.5     0.0    16.87 C    35.4     3.8    15.8    66.0    24.0    40.1   0.082   0.131 -99.000 -99.000 -99.000    15.9    16.2 -9999.0 -9999.0 -9999.0
22016 20130209  2.423 -103.21   29.35    27.2     7.3    17.2    18.4     0.0    15.24 C    40.6     6.3    19.3    68.2    10.4    32.5   0.083   0.131 -99.000 -99.000 -99.000    17.8    17.2 -9999.0 -9999.0 -9999.0
22016 20130210  2.423 -103.21   29.35    20.8     7.1    14.0    14.0     0.0    14.16 C    37.9     6.3    17.8    35.9    17.4    24.8   0.081   0.129 -99.000 -99.000 -99.000    17.8    17.8 -9999.0 -9999.0 -9999.0
22016 20130211  2.423 -103.21   29.35    24.3     6.1    15.2    15.2     0.0    16.85 C    41.0     6.2    18.1    47.9     8.5    26.6   0.078   0.128 -99.000 -99.000 -99.000    17.5    17.3 -9999.0 -9999.0 -9999.0
22016 20130212  2.423 -103.21   29.35    19.0     3.0    11.0    12.3     0.0    18.18 C    34.4     3.0    15.0    54.7    10.9    23.4   0.075   0.126 -99.000 -99.000 -99.000    16.6    17.2 -9999.0 -9999.0 -9999.0
22016 20130213  2.423 -103.21   29.35    17.1     0.5     8.8     8.6     0.0    19.55 C    35.8    -0.3    12.7    52.6    12.8    28.9   0.071   0.122 -99.000 -99.000 -99.000    13.9    15.0 -9999.0 -9999.0 -9999.0
22016 20130214  2.423 -103.21   29.35    20.5     2.4    11.4    11.7     0.0    20.04 C    35.0    -0.2    13.6    32.8     5.7    16.2   0.070   0.121 -99.000 -99.000 -99.000    14.1    14.7 -9999.0 -9999.0 -9999.0
22016 20130215  2.423 -103.21   29.35    12.4     2.9     7.6     7.7     0.0    15.99 C    29.6     2.0    11.0    60.5    14.8    39.7   0.067   0.119 -99.000 -99.000 -99.000    12.7    13.9 -9999.0 -9999.0 -9999.0
22016 20130216  2.423 -103.21   29.35    16.8    -1.8     7.5     7.1     0.0    20.21 C    34.6    -2.3    11.6    75.6    13.4    40.8   0.067   0.117 -99.000 -99.000 -99.000    12.4    13.2 -9999.0 -9999.0 -9999.0
22016 20130217  2.423 -103.21   29.35    22.6     0.5    11.5    11.6     0.0    19.93 C    38.6    -1.4    14.2    34.5    11.0    21.5   0.067   0.117 -99.000 -99.000 -99.000    13.6    13.8 -9999.0 -9999.0 -9999.0
22016 20130218  2.423 -103.21   29.35    23.4     7.1    15.2    15.1     0.0    19.51 C    37.9     2.0    16.1    37.1     4.2    15.9   0.068   0.118 -99.000 -99.000 -99.000    15.6    15.4 -9999.0 -9999.0 -9999.0
22016 20130219  2.423 -103.21   29.35    17.4     7.2    12.3    11.3     0.0    10.72 C    30.6     4.9    14.1    54.7    13.5    29.0   0.065   0.117 -99.000 -99.000 -99.000    14.4    14.9 -9999.0 -9999.0 -9999.0
22016 20130220  2.423 -103.21   29.35    29.3     3.6    16.5    17.2     0.0    20.19 C    38.4     2.7    18.5    77.4     1.5    32.2   0.067   0.117 -99.000 -99.000 -99.000    16.7    15.9 -9999.0 -9999.0 -9999.0
22016 20130221  2.423 -103.21   29.35    21.7     5.6    13.7    12.1     0.0    21.16 C    33.5     4.2    15.0    45.7     6.3    21.5   0.065   0.116 -99.000 -99.000 -99.000    16.4    16.7 -9999.0 -9999.0 -9999.0
22016 20130222  2.423 -103.21   29.35    20.9     3.3    12.1    11.1     0.0    19.03 C    39.1     1.8    14.5    28.6     7.8    17.7   0.062   0.113 -99.000 -99.000 -99.000    14.9    15.2 -9999.0 -9999.0 -9999.0
22016 20130223  2.423 -103.21   29.35    21.3     4.4    12.8    13.4     0.0    21.46 C    40.7     1.2    16.4    32.1     6.8    17.3   0.062   0.113 -99.000 -99.000 -99.000    16.0    15.8 -9999.0 -9999.0 -9999.0
22016 20130224  2.423 -103.21   29.35    26.6     5.9    16.3    17.6     0.0    21.28 C    40.5     3.0    18.1    25.6     1.4    10.4   0.062   0.112 -99.000 -99.000 -99.000    17.3    16.8 -9999.0 -9999.0 -9999.0
22016 20130225  2.423 -103.21   29.35    14.1     3.1     8.6     8.4     0.0    21.40 C    29.0     0.9    11.5    24.3    12.6    17.4   0.057   0.110 -99.000 -99.000 -99.000    14.2    15.5 -9999.0 -9999.0 -9999.0
22016 20130226  2.423 -103.21   29.35    19.9    -1.4     9.3     9.5     0.0    16.49 C    34.3    -2.9    11.7    30.5     2.7    13.6   0.056   0.108 -99.000 -99.000 -99.000    12.8    13.7 -9999.0 -9999.0 -9999.0
22016 20130227  2.423 -103.21   29.35    14.3     3.6     8.9     9.0     0.0    19.65 C    34.8     0.3    12.5    32.0     5.0    18.0   0.056   0.107 -99.000 -99.000 -99.000    13.6    14.3 -9999.0 -9999.0 -9999.0
22016 20130228  2.423 -103.21   29.35    14.5    -1.6     6.5     7.1     0.0    20.43 C    36.1    -2.0    12.1    42.1    14.1    25.1   0.055   0.106 -99.000 -99.000 -99.000    13.0    13.7 -9999.0 -9999.0 -9999.0
22016 20130301  2.423 -103.21   29.35    19.5    -0.8     9.3     9.5     0.0    22.10 C    39.1    -2.3    13.4    39.1     7.0    19.5   0.055   0.106 -99.000 -99.000 -99.000    13.6    13.9 -9999.0 -9999.0 -9999.0
22016 20130302  2.423 -103.21   29.35    20.4     1.2    10.8    11.2     0.0    22.21 C    41.4    -0.5    15.8    28.5     8.7    16.3   0.056   0.107 -99.000 -99.000 -99.000    15.2    14.9 -9999.0 -9999.0 -9999.0
22016 20130303  2.423 -103.21   29.35    27.5     2.6    15.0    16.5     0.0    22.47 C    45.5     1.0    18.6    32.4     3.3    13.4   0.057   0.107 -99.000 -99.000 -99.000    17.2    16.4 -9999.0 -9999.0 -9999.0
22016 20130304  2.423 -103.21   29.35    29.3     7.1    18.2    20.4     0.0    21.01 C    43.6     3.8    20.0    17.0     0.4     5.4   0.057   0.108 -99.000 -99.000 -99.000    19.0    18.0 -9999.0 -9999.0 -9999.0
22016 20130305  2.423 -103.21   29.35    20.0     5.6    12.8    12.0     0.0    17.14 C    34.7     5.5    16.0    57.3     3.2    29.6   0.054   0.106 -99.000 -99.000 -99.000    17.1    17.6 -9999.0 -9999.0 -9999.0
22016 20130306  2.423 -103.21   29.35    19.1     5.3    12.2    11.0     0.0    14.87 C    37.1     5.4    14.8    41.2    15.1    27.1   0.053   0.104 -99.000 -99.000 -99.000    15.3    15.9 -9999.0 -9999.0 -9999.0
22016 20130307  2.423 -103.21   29.35    26.4     3.9    15.1    14.4     0.0    20.39 C    46.2     3.2    19.0    50.3     9.8    24.0   0.054   0.104 -99.000 -99.000 -99.000    17.6    16.9 -9999.0 -9999.0 -9999.0
22016 20130308  2.423 -103.21   29.35    28.7    10.6    19.6    19.1     0.0    17.39 C    42.3     9.4    21.8    57.7    13.9    32.8   0.055   0.105 -99.000 -99.000 -99.000    19.8    18.7 -9999.0 -9999.0 -9999.0
22016 20130309  2.423 -103.21   29.35    27.3    12.2    19.8    21.4     0.0    22.87 C    45.5    10.5    23.4    55.7     4.6    17.5   0.056   0.106 -99.000 -99.000 -99.000    22.1    20.7 -9999.0 -9999.0 -9999.0
22016 20130310  2.423 -103.21   29.35    15.2     4.4     9.8    10.4     0.0    23.14 C    38.0     3.8    16.0    33.1    15.1    23.3   0.051   0.103 -99.000 -99.000 -99.000    17.8    18.7 -9999.0 -9999.0 -9999.0
22016 20130311  2.423 -103.21   29.35    19.5    -0.1     9.7    10.5     0.0    23.79 C    43.0    -0.8    16.0    40.7     5.3    19.0   0.050   0.100 -99.000 -99.000 -99.000    16.7    17.2 -9999.0 -9999.0 -9999.0
22016 20130312  2.423 -103.21   29.35    24.3     3.8    14.0    14.8     0.0    24.01 C    46.5     1.4    18.9    28.1     4.2    13.7   0.050   0.100 -99.000 -99.000 -99.000    18.3    18.0 -9999.0 -9999.0 -9999.0
22016 20130313  2.423 -103.21   29.35    24.5     4.6    14.6    15.1     0.0    23.74 C    45.8     2.4    19.5    43.9     5.7    22.6   0.050   0.100 -99.000 -99.000 -99.000    19.1    18.8 -9999.0 -9999.0 -9999.0
22016 20130314  2.423 -103.21   29.35    25.8     4.7    15.2    17.4     0.0    23.90 C    46.7     4.1    21.4    41.3     6.3    19.9   0.050   0.100 -99.000 -99.000 -99.000    20.5    19.7 -9999.0 -9999.0 -9999.0
22016 20130315  2.423 -103.21   29.35    28.5     6.8    17.6    19.3     0.0    23.95 C    50.8     5.6    23.5    43.1     6.6    19.9   0.051   0.100 -99.000 -99.000 -99.000    22.0    20.8 -9999.0 -9999.0 -9999.0
22016 20130316  2.423 -103.21   29.35    31.8     9.4    20.6    21.2     0.0    24.33 C    51.0     7.2    24.5    27.5     2.7    12.4   0.051   0.100 -99.000 -99.000 -99.000    23.3    22.1 -9999.0 -9999.0 -9999.0
22016 20130317  2.423 -103.21   29.35    30.4    15.7    23.0    23.0     0.0    24.10 C    47.8    10.7    24.5    12.0     3.3     6.9   0.049   0.099 -99.000 -99.000 -99.000    23.7    22.7 -9999.0 -9999.0 -9999.0
22016 20130318  2.423 -103.21   29.35    28.5    14.8    21.7    21.5     0.0    23.53 C    49.6    11.6    24.8    17.8     6.0    11.2   0.049   0.098 -99.000 -99.000 -99.000    24.0    23.0 -9999.0 -9999.0 -9999.0
22016 20130319  2.423 -103.21   29.35    30.8     9.2    20.0    20.2     0.0    22.24 C    51.3     7.2    24.1    24.8     4.3    12.4   0.047   0.097 -99.000 -99.000 -99.000    23.4    22.7 -9999.0 -9999.0 -9999.0
22016 20130320  2.423 -103.21   29.35    21.3    10.8    16.0    15.7     0.0    22.30 C    42.7     9.1    21.8    65.2    16.0    48.8   0.046   0.095 -99.000 -99.000 -99.000    22.1    22.2 -9999.0 -9999.0 -9999.0
22016 20130321  2.423 -103.21   29.35    30.4     8.5    19.5    19.2     0.0    18.71 C    49.2     8.1    22.7    79.1     7.7    38.5   0.046   0.094 -99.000 -99.000 -99.000    22.3    21.9 -9999.0 -9999.0 -9999.0
22016 20130322  2.423 -103.21   29.35    31.1    13.8    22.4    23.0     0.0    24.16 C    51.1     9.5    25.8    18.3     3.7     9.6   0.047   0.094 -99.000 -99.000 -99.000    24.5    23.3 -9999.0 -9999.0 -9999.0
22016 20130323  2.423 -103.21   29.35    27.9    10.3    19.1    20.8     0.0    25.11 C    46.4     8.4    23.6    35.6     3.6    11.5   0.045   0.094 -99.000 -99.000 -99.000    23.8    23.3 -9999.0 -9999.0 -9999.0
22016 20130324  2.423 -103.21   29.35    15.6     4.7    10.2     9.8     0.0    24.50 C    41.3     4.7    17.6    31.5     5.8    16.5   0.042   0.090 -99.000 -99.000 -99.000    19.7    21.1 -9999.0 -9999.0 -9999.0
22016 20130325  2.423 -103.21   29.35    15.3     0.6     7.9     8.0     0.0    23.46 C    40.1     0.8    14.9    31.2    16.4    23.9   0.039   0.087 -99.000 -99.000 -99.000    16.9    18.6 -9999.0 -9999.0 -9999.0
22016 20130326  2.423 -103.21   29.35    19.5     1.4    10.5    10.8     0.0    24.90 C    39.6     0.7    16.3    39.6    11.3    24.1   0.039   0.086 -99.000 -99.000 -99.000    16.9    17.9 -9999.0 -9999.0 -9999.0
22016 20130327  2.423 -103.21   29.35    25.2     2.7    14.0    15.1     0.0    22.17 C    47.5     2.9    20.5    57.3    18.4    32.2   0.042   0.087 -99.000 -99.000 -99.000    19.7    19.3 -9999.0 -9999.0 -9999.0
22016 20130328  2.423 -103.21   29.35    28.3     7.6    17.9    18.1     0.0    23.99 C    51.1     7.6    25.0    77.5    13.9    47.3   0.043   0.088 -99.000 -99.000 -99.000    23.0    21.6 -9999.0 -9999.0 -9999.0
22016 20130329  2.423 -103.21   29.35    26.0     9.3    17.6    17.3     0.0    16.26 C    43.5     9.4    21.4    90.3    23.8    60.8   0.043   0.087 -99.000 -99.000 -99.000    21.8    21.6 -9999.0 -9999.0 -9999.0
22016 20130330  2.423 -103.21   29.35    30.9    10.4    20.7    21.2     0.0    23.04 C    52.0     9.2    26.5    79.5     8.5    40.0   0.045   0.088 -99.000 -99.000 -99.000    24.6    22.9 -9999.0 -9999.0 -9999.0
22016 20130331  2.423 -103.21   29.35    31.9    14.6    23.3    23.8     0.0    24.03 C    57.6    14.0    29.1    37.2    10.3    22.7   0.046   0.090 -99.000 -99.000 -99.000    27.2    25.3 -9999.0 -9999.0 -9999.0
22016 20130401  2.423 -103.21   29.35    29.6    12.4    21.0    21.1     0.0    19.62 C    54.1    12.2    26.1    72.0    21.0    42.6   0.043   0.088 -99.000 -99.000 -99.000    25.4    24.8 -9999.0 -9999.0 -9999.0
22016 20130402  2.423 -103.21   29.35    28.9    12.7    20.8    19.8     0.0    21.66 C    52.2    12.8    26.0    77.3    23.1    52.6   0.044   0.087 -99.000 -99.000 -99.000    25.6    24.9 -9999.0 -9999.0 -9999.0
22016 20130403  2.423 -103.21   29.35    20.7     8.8    14.8    13.6     0.0    24.58 C    46.2     9.8    22.3    84.5    33.0    60.1   0.043   0.085 -99.000 -99.000 -99.000    22.9    23.4 -9999.0 -9999.0 -9999.0
22016 20130404  2.423 -103.21   29.35    25.7     3.8    14.8    15.9     0.0    26.07 C    52.0     4.6    23.3    73.0    14.2    37.8   0.042   0.083 -99.000 -99.000 -99.000    23.0    22.8 -9999.0 -9999.0 -9999.0
22016 20130405  2.423 -103.21   29.35    28.2     9.6    18.9    20.6     0.0    20.98 C    48.7     9.0    24.0    46.9     6.9    23.6   0.041   0.084 -99.000 -99.000 -99.000    23.5    23.2 -9999.0 -9999.0 -9999.0
22016 20130406  2.423 -103.21   29.35    31.7    10.5    21.1    22.6     0.0    26.50 C    55.2     9.2    27.6    47.1     5.7    20.0   0.043   0.084 -99.000 -99.000 -99.000    26.2    24.7 -9999.0 -9999.0 -9999.0
22016 20130407  2.423 -103.21   29.35    32.9    12.2    22.6    24.1     0.0    26.66 C    57.3    11.3    29.0    49.0     4.5    18.3   0.043   0.085 -99.000 -99.000 -99.000    27.6    26.1 -9999.0 -9999.0 -9999.0
22016 20130408  2.423 -103.21   29.35    32.9    13.2    23.1    25.0     0.0    26.84 C    54.2    11.2    28.8    49.5     3.9    18.1   0.042   0.085 -99.000 -99.000 -99.000    27.9    26.6 -9999.0 -9999.0 -9999.0
22016 20130409  2.423 -103.21   29.35    34.0    17.3    25.7    26.7     0.0    27.22 C    55.1    15.8    30.3    24.2     1.9     8.9   0.042   0.085 -99.000 -99.000 -99.000    29.0    27.5 -9999.0 -9999.0 -9999.0
22016 20130410  2.423 -103.21   29.35    23.1    10.5    16.8    15.8     0.0    22.67 C    51.0    10.2    24.0    35.0    17.5    25.1   0.039   0.082 -99.000 -99.000 -99.000    25.0    25.6 -9999.0 -9999.0 -9999.0
22016 20130411  2.423 -103.21   29.35    25.0     5.0    15.0    15.7     0.0    27.29 C    48.2     5.3    22.4    42.0     8.0    20.7   0.037   0.079 -99.000 -99.000 -99.000    23.4    23.9 -9999.0 -9999.0 -9999.0
22016 20130412  2.423 -103.21   29.35    29.1     7.0    18.1    19.5     0.0    27.32 C    50.5     6.4    25.4    33.7     5.5    18.4   0.038   0.079 -99.000 -99.000 -99.000    24.8    24.2 -9999.0 -9999.0 -9999.0
22016 20130413  2.423 -103.21   29.35    27.2    11.9    19.5    19.3     2.0    22.25 C    51.7    12.1    25.6    90.7    27.2    50.9   0.039   0.080 -99.000 -99.000 -99.000    25.5    25.3 -9999.0 -9999.0 -9999.0
22016 20130414  2.423 -103.21   29.35    31.3    10.1    20.7    21.4     0.0    27.47 C    51.9     8.8    25.9    90.9     7.7    37.6   0.045   0.078 -99.000 -99.000 -99.000    24.9    24.4 -9999.0 -9999.0 -9999.0
22016 20130415  2.423 -103.21   29.35    33.8    14.8    24.3    25.3     0.0    22.95 C    59.3    12.9    29.2    22.9     3.8     9.6   0.049   0.080 -99.000 -99.000 -99.000    27.5    26.3 -9999.0 -9999.0 -9999.0
22016 20130416  2.423 -103.21   29.35    35.5    12.9    24.2    26.5     0.0    27.14 C    59.8    11.0    31.1    37.7     1.3    11.2   0.046   0.082 -99.000 -99.000 -99.000    28.8    27.3 -9999.0 -9999.0 -9999.0
22016 20130417  2.423 -103.21   29.35    34.4    16.5    25.4    28.4     0.0    26.95 C    53.7    14.6    31.4    50.0     1.9    13.8   0.044   0.083 -99.000 -99.000 -99.000    30.3    28.7 -9999.0 -9999.0 -9999.0
22016 20130418  2.423 -103.21   29.35    28.4    12.5    20.4    18.4     0.0    24.92 C    48.5    11.2    25.5    24.1     2.7    17.9   0.040   0.080 -99.000 -99.000 -99.000    26.8    27.1 -9999.0 -9999.0 -9999.0
22016 20130419  2.423 -103.21   29.35    21.7     5.2    13.4    13.4     0.0    28.42 C    50.9     5.0    22.7    38.6     8.9    21.8   0.038   0.077 -99.000 -99.000 -99.000    23.9    24.6 -9999.0 -9999.0 -9999.0
22016 20130420  2.423 -103.21   29.35    29.1     5.1    17.1    19.4     0.0    28.24 C    50.6     5.4    25.0    37.0     5.5    16.8   0.038   0.076 -99.000 -99.000 -99.000    24.6    24.5 -9999.0 -9999.0 -9999.0
22016 20130421  2.423 -103.21   29.35    30.8     9.8    20.3    21.1     0.0    28.64 C    56.3     8.1    27.7    27.4     1.7    12.4   0.038   0.077 -99.000 -99.000 -99.000    27.0    26.0 -9999.0 -9999.0 -9999.0
22016 20130422  2.423 -103.21   29.35    33.1    10.6    21.8    23.0     0.0    28.28 C    58.4     9.4    29.7    38.0     2.8    19.6   0.039   0.077 -99.000 -99.000 -99.000    28.4    27.0 -9999.0 -9999.0 -9999.0
22016 20130423  2.423 -103.21   29.35    25.1    12.4    18.8    20.6     0.0    26.75 C    48.9    13.2    27.5    48.8    21.0    33.1   0.038   0.077 -99.000 -99.000 -99.000    27.9    27.5 -9999.0 -9999.0 -9999.0
22016 20130424  2.423 -103.21   29.35    19.3     7.2    13.2    12.1     0.0    18.60 C    41.8     9.9    19.8    52.1    24.8    38.8   0.034   0.073 -99.000 -99.000 -99.000    21.8    23.7 -9999.0 -9999.0 -9999.0
22016 20130425  2.423 -103.21   29.35    28.7     5.9    17.3    16.7     0.0    27.20 C    51.8     6.3    24.8    57.7    20.7    38.0   0.036   0.072 -99.000 -99.000 -99.000    24.0    23.8 -9999.0 -9999.0 -9999.0
22016 20130426  2.423 -103.21   29.35    33.5     8.1    20.8    21.2     0.0    28.40 C    58.0     8.9    28.8    69.4     5.0    32.9   0.038   0.074 -99.000 -99.000 -99.000    27.4    26.0 -9999.0 -9999.0 -9999.0
22016 20130427  2.423 -103.21   29.35    29.0    12.6    20.8    21.4     0.0    27.32 C    52.8    12.4    29.1    62.4    24.7    45.1   0.037   0.075 -99.000 -99.000 -99.000    28.1    27.1 -9999.0 -9999.0 -9999.0
22016 20130428  2.423 -103.21   29.35    29.3    13.4    21.4    20.2     0.0    22.36 C    55.8    14.0    28.1    88.3    25.8    57.3   0.038   0.075 -99.000 -99.000 -99.000    27.8    27.3 -9999.0 -9999.0 -9999.0
22016 20130429  2.423 -103.21   29.35    29.7     9.5    19.6    21.3     0.0    28.02 C    54.8    10.1    28.9    73.1    14.5    37.8   0.038   0.074 -99.000 -99.000 -99.000    27.8    26.9 -9999.0 -9999.0 -9999.0
22016 20130430  2.423 -103.21   29.35    35.6    11.6    23.6    25.8     0.0    29.01 C    59.7    11.5    32.1    43.3     2.1    16.4   0.039   0.075 -99.000 -99.000 -99.000    30.4    28.7 -9999.0 -9999.0 -9999.0
22016 20130501  2.423 -103.21   29.35    35.4    16.4    25.9    27.5     0.0    27.43 C    62.3    14.3    33.7    24.9     3.6    11.2   0.039   0.076 -99.000 -99.000 -99.000    32.0    30.2 -9999.0 -9999.0 -9999.0
22016 20130502  2.423 -103.21   29.35    29.1     8.2    18.6    12.5     0.0    12.23 C    28.3     7.2    18.1    58.7    13.0    43.7   0.031   0.071 -99.000 -99.000 -99.000    22.6    25.7 -9999.0 -9999.0 -9999.0
22016 20130503  2.423 -103.21   29.35    20.1     1.1    10.6    11.4     0.0    29.67 C    48.9     1.2    21.3    55.9     7.4    25.1   0.032   0.068 -99.000 -99.000 -99.000    22.1    22.9 -9999.0 -9999.0 -9999.0
22016 20130504  2.423 -103.21   29.35    27.9     5.7    16.8    18.0     0.0    26.11 C    51.2     5.9    25.1    26.0    10.3    15.5   0.033   0.069 -99.000 -99.000 -99.000    24.5    24.2 -9999.0 -9999.0 -9999.0
22016 20130505  2.423 -103.21   29.35    29.0    11.1    20.1    20.8     0.0    26.87 C    54.8    10.8    27.9    23.9     8.1    15.1   0.035   0.071 -99.000 -99.000 -99.000    27.0    26.0 -9999.0 -9999.0 -9999.0
22016 20130506  2.423 -103.21   29.35    32.0    18.5    25.2    24.2     0.0    26.11 C    59.1    16.4    31.5    37.4     9.0    19.3   0.036   0.072 -99.000 -99.000 -99.000    29.6    28.0 -9999.0 -9999.0 -9999.0
22016 20130507  2.423 -103.21   29.35    31.4    12.7    22.1    22.7     0.0    25.14 C    58.2    12.8    30.4    54.9     9.9    29.3   0.035   0.071 -99.000 -99.000 -99.000    29.3    28.2 -9999.0 -9999.0 -9999.0
22016 20130508  2.423 -103.21   29.35    33.5    14.6    24.1    25.7     0.0    28.35 C    58.9    15.1    33.4    63.9     4.5    27.4   0.037   0.072 -99.000 -99.000 -99.000    31.6    29.7 -9999.0 -9999.0 -9999.0
22016 20130509  2.423 -103.21   29.35    33.3    19.7    26.5    26.5     0.0    25.63 C    59.0    20.5    33.7    55.6     6.5    18.9   0.036   0.072 -99.000 -99.000 -99.000    32.1    30.5 -9999.0 -9999.0 -9999.0
22016 20130510  2.423 -103.21   29.35    29.5    15.6    22.6    21.8     0.0    21.28 C    53.1    15.8    28.5    72.3    15.0    40.0   0.034   0.070 -99.000 -99.000 -99.000    29.2    29.3 -9999.0 -9999.0 -9999.0
22016 20130511  2.423 -103.21   29.35    23.8    13.4    18.6    16.9     0.4    13.39 C    52.7    13.3    21.5    78.6    35.6    58.3   0.032   0.066 -99.000 -99.000 -99.000    23.6    25.6 -9999.0 -9999.0 -9999.0
22016 20130512  2.423 -103.21   29.35    25.0    11.2    18.1    18.1     0.0    24.74 C    48.9    11.8    25.2    77.7    14.0    42.1   0.034   0.066 -99.000 -99.000 -99.000    24.9    25.0 -9999.0 -9999.0 -9999.0
22016 20130513  2.423 -103.21   29.35    26.7    10.4    18.5    19.7     0.0    25.21 C    53.0    10.4    26.8    57.3    27.4    41.4   0.035   0.067 -99.000 -99.000 -99.000    26.2    25.9 -9999.0 -9999.0 -9999.0
22016 20130514  2.423 -103.21   29.35    30.0    14.2    22.1    20.7     2.4    21.12 C    54.5    13.7    26.9    87.6    23.6    51.1   0.035   0.068 -99.000 -99.000 -99.000    26.8    26.7 -9999.0 -9999.0 -9999.0
22016 20130515  2.423 -103.21   29.35    33.0    11.8    22.4    23.8     0.0    29.17 C    52.9    10.9    28.6    87.3     9.3    38.8   0.044   0.068 -99.000 -99.000 -99.000    27.6    26.6 -9999.0 -9999.0 -9999.0
22016 20130516  2.423 -103.21   29.35    36.8    16.8    26.8    28.2     0.0    29.55 C    60.0    14.1    33.3    31.3     5.2    14.1   0.048   0.070 -99.000 -99.000 -99.000    31.2    29.2 -9999.0 -9999.0 -9999.0
22016 20130517  2.423 -103.21   29.35    37.4    20.8    29.1    30.7     0.0    22.09 C    57.2    18.0    33.2    19.6     3.2     7.8   0.043   0.073 -99.000 -99.000 -99.000    31.9    30.4 -9999.0 -9999.0 -9999.0
22016 20130518  2.423 -103.21   29.35    36.9    18.8    27.9    30.1     0.0    29.43 C    59.8    16.8    34.5    18.4     2.8     6.3   0.040   0.073 -99.000 -99.000 -99.000    33.3    31.2 -9999.0 -9999.0 -9999.0
22016 20130519  2.423 -103.21   29.35    36.1    20.5    28.3    28.6     0.0    30.51 C    59.3    17.6    34.4    48.8     2.9    11.8   0.038   0.073 -99.000 -99.000 -99.000    33.6    31.9 -9999.0 -9999.0 -9999.0
22016 20130520  2.423 -103.21   29.35    36.6    18.0    27.3    28.5     0.0    30.25 C    62.5    15.7    34.8    21.3     2.4     8.1   0.036   0.072 -99.000 -99.000 -99.000    33.8    32.1 -9999.0 -9999.0 -9999.0
22016 20130521  2.423 -103.21   29.35    35.4    18.6    27.0    27.8     0.0    30.24 C    60.1    17.4    34.5    36.7     3.3    10.3   0.035   0.071 -99.000 -99.000 -99.000    33.9    32.5 -9999.0 -9999.0 -9999.0
22016 20130522  2.423 -103.21   29.35    36.0    15.7    25.9    27.0     0.0    29.02 C    61.4    15.8    34.9    44.3     9.0    25.6   0.035   0.071 -99.000 -99.000 -99.000    33.5    32.1 -9999.0 -9999.0 -9999.0
22016 20130523  2.423 -103.21   29.35    37.0    21.5    29.2    27.8     0.6    20.23 C    61.4    19.8    32.2    62.0    13.8    38.1   0.035   0.070 -99.000 -99.000 -99.000    32.7    32.4 -9999.0 -9999.0 -9999.0
22016 20130524  2.423 -103.21   29.35    32.6    17.8    25.2    24.6     0.0    25.40 C    59.3    18.5    33.2    79.6    26.1    51.2   0.037   0.068 -99.000 -99.000 -99.000    31.9    31.0 -9999.0 -9999.0 -9999.0
22016 20130525  2.423 -103.21   29.35    34.1    16.8    25.5    25.0     0.0    24.72 C    59.7    17.8    34.1    92.2    21.6    53.6   0.038   0.070 -99.000 -99.000 -99.000    33.0    31.9 -9999.0 -9999.0 -9999.0
22016 20130526  2.423 -103.21   29.35    35.7    18.0    26.8    27.8     0.0    28.85 C    61.7    18.0    36.5    79.5    12.7    40.7   0.039   0.070 -99.000 -99.000 -99.000    34.7    32.9 -9999.0 -9999.0 -9999.0
22016 20130527  2.423 -103.21   29.35    37.0    20.9    29.0    29.1     2.2    22.75 C    59.4    20.7    34.3    60.6    11.9    38.5   0.037   0.069 -99.000 -99.000 -99.000    33.8    33.1 -9999.0 -9999.0 -9999.0
22016 20130528  2.423 -103.21   29.35    36.4    22.6    29.5    27.9     0.7    18.90 C    56.6    19.0    30.5    67.9    12.2    44.6   0.041   0.068 -99.000 -99.000 -99.000    30.9    31.0 -9999.0 -9999.0 -9999.0
22016 20130529  2.423 -103.21   29.35    36.7    20.6    28.7    28.0     0.0    29.53 C    62.2    19.1    35.0    72.0     2.4    31.1   0.045   0.070 -99.000 -99.000 -99.000    33.5    32.0 -9999.0 -9999.0 -9999.0
22016 20130530  2.423 -103.21   29.35    37.3    17.2    27.3    28.5     0.0    29.95 C    60.8    17.1    35.4    78.3     5.8    26.6   0.040   0.071 -99.000 -99.000 -99.000    34.3    32.8 -9999.0 -9999.0 -9999.0
22016 20130531  2.423 -103.21   29.35    40.4    17.2    28.8    29.9     0.0    29.31 C    64.2    16.9    37.7    53.0     5.0    26.2   0.039   0.072 -99.000 -99.000 -99.000    36.0    34.1 -9999.0 -9999.0 -9999.0
22016 20130601  2.423 -103.21   29.35    38.3    20.7    29.5    30.7     0.0    28.94 C    62.1    20.4    38.4    49.4     9.1    30.8   0.037   0.072 -99.000 -99.000 -99.000    36.9    35.1 -9999.0 -9999.0 -9999.0
22016 20130602  2.423 -103.21   29.35    33.5    20.5    27.0    27.0     0.0    22.65 C    59.2    21.4    34.3    70.9    28.4    48.5   0.036   0.070 -99.000 -99.000 -99.000    34.6    34.2 -9999.0 -9999.0 -9999.0
22016 20130603  2.423 -103.21   29.35    35.6    17.0    26.3    26.9     1.2    28.80 C    59.3    16.9    34.5    86.4    17.2    45.5   0.040   0.069 -99.000 -99.000 -99.000    33.6    33.0 -9999.0 -9999.0 -9999.0
22016 20130604  2.423 -103.21   29.35    39.9    21.8    30.8    31.0     0.0    27.08 C    67.5    21.4    38.3    51.0     8.6    26.9   0.042   0.071 -99.000 -99.000 -99.000    36.7    34.9 -9999.0 -9999.0 -9999.0
22016 20130605  2.423 -103.21   29.35    39.7    22.2    31.0    31.5     0.0    25.69 C    65.9    21.4    38.4    35.2     9.3    20.2   0.039   0.072 -99.000 -99.000 -99.000    37.2    35.5 -9999.0 -9999.0 -9999.0
22016 20130606  2.423 -103.21   29.35    33.5    22.1    27.8    27.7     0.0    26.87 C    57.8    21.3    35.5    51.4    20.3    37.0   0.037   0.070 -99.000 -99.000 -99.000    35.4    34.8 -9999.0 -9999.0 -9999.0
22016 20130607  2.423 -103.21   29.35    31.5    18.9    25.2    25.2     0.0    28.18 C    57.7    19.1    35.0    68.2    26.8    46.1   0.037   0.069 -99.000 -99.000 -99.000    34.5    33.9 -9999.0 -9999.0 -9999.0
22016 20130608  2.423 -103.21   29.35    36.2    18.8    27.5    27.4     0.0    26.81 C    62.8    20.3    36.2    80.2    14.3    39.2   0.037   0.069 -99.000 -99.000 -99.000    35.4    34.5 -9999.0 -9999.0 -9999.0
22016 20130609  2.423 -103.21   29.35    36.3    22.8    29.5    29.1     0.0    27.74 C    60.1    22.8    37.0    49.4    13.4    31.7   0.038   0.068 -99.000 -99.000 -99.000    35.7    34.6 -9999.0 -9999.0 -9999.0
22016 20130610  2.423 -103.21   29.35    36.1    19.2    27.6    28.2     0.0    29.67 C    62.1    19.9    36.9    67.9    11.3    37.5   0.037   0.068 -99.000 -99.000 -99.000    35.9    34.8 -9999.0 -9999.0 -9999.0
22016 20130611  2.423 -103.21   29.35    35.3    20.5    27.9    28.6     0.0    29.17 C    63.4    19.9    37.6    58.4    15.6    35.2   0.036   0.068 -99.000 -99.000 -99.000    36.4    35.2 -9999.0 -9999.0 -9999.0
22016 20130612  2.423 -103.21   29.35    36.4    19.6    28.0    27.8     0.0    27.14 C    64.5    20.5    36.9    63.9    17.7    42.2   0.037   0.068 -99.000 -99.000 -99.000    36.2    35.3 -9999.0 -9999.0 -9999.0
22016 20130613  2.423 -103.21   29.35    31.2    18.3    24.7    23.6    13.5    13.28 C    56.5    19.0    28.2    92.7    36.9    64.3   0.075   0.065 -99.000 -99.000 -99.000    29.9    31.9 -9999.0 -9999.0 -9999.0
22016 20130614  2.423 -103.21   29.35    28.0    18.6    23.3    22.4     0.9    16.08 C    36.6    19.3    25.6    94.4    49.9    77.3   0.125   0.077 -99.000 -99.000 -99.000    25.9    27.3 -9999.0 -9999.0 -9999.0
22016 20130615  2.423 -103.21   29.35    33.6    18.5    26.1    25.7     0.0    27.36 C    53.7    18.6    32.9    95.0    27.8    62.4   0.117   0.091 -99.000 -99.000 -99.000    31.3    30.5 -9999.0 -9999.0 -9999.0
22016 20130616  2.423 -103.21   29.35    36.1    20.2    28.2    27.3     0.0    26.23 C    60.0    20.8    35.1    94.4    20.9    59.3   0.112   0.098 -99.000 -99.000 -99.000    33.9    33.2 -9999.0 -9999.0 -9999.0
22016 20130617  2.423 -103.21   29.35    36.9    19.5    28.2    25.6    16.3    21.61 C    60.6    20.8    31.2    92.8    21.1    62.8   0.133   0.115 -99.000 -99.000 -99.000    31.0    31.7 -9999.0 -9999.0 -9999.0
22016 20130618  2.423 -103.21   29.35    34.9    21.0    27.9    27.4     0.0    28.32 C    51.3    19.8    32.1    86.1    25.8    54.2   0.158   0.160 -99.000 -99.000 -99.000    30.9    30.4 -9999.0 -9999.0 -9999.0
22016 20130619  2.423 -103.21   29.35    37.1    21.1    29.1    29.7     0.0    28.95 C    55.0    21.0    35.2    77.5    11.8    40.2   0.138   0.152 -99.000 -99.000 -99.000    33.7    32.9 -9999.0 -9999.0 -9999.0
22016 20130620  2.423 -103.21   29.35    35.4    23.3    29.3    29.4     0.0    24.76 C    53.0    22.8    34.5    56.5    13.5    34.7   0.126   0.140 -99.000 -99.000 -99.000    33.9    33.4 -9999.0 -9999.0 -9999.0
22016 20130621  2.423 -103.21   29.35    36.3    23.5    29.9    29.9     0.0    28.81 C    57.6    23.4    37.5    58.4    18.6    38.4   0.119   0.133 -99.000 -99.000 -99.000    35.5    34.5 -9999.0 -9999.0 -9999.0
22016 20130622  2.423 -103.21   29.35    36.4    23.8    30.1    30.0     0.0    26.22 C    58.8    24.0    37.3    51.5    16.9    34.1   0.110   0.128 -99.000 -99.000 -99.000    35.9    35.2 -9999.0 -9999.0 -9999.0
22016 20130623  2.423 -103.21   29.35    36.6    24.6    30.6    30.2     0.0    23.94 C    61.2    24.5    37.1    48.7    19.1    33.9   0.101   0.125 -99.000 -99.000 -99.000    36.0    35.5 -9999.0 -9999.0 -9999.0
22016 20130624  2.423 -103.21   29.35    35.7    23.9    29.8    29.8     0.0    22.27 C    59.5    23.3    35.9    51.6    22.8    37.0   0.091   0.121 -99.000 -99.000 -99.000    35.1    34.6 -9999.0 -9999.0 -9999.0
22016 20130625  2.423 -103.21   29.35    38.0    23.5    30.7    31.0     0.0    23.95 C    66.0    23.6    37.6    59.5    18.6    37.4   0.084   0.119 -99.000 -99.000 -99.000    36.1    35.3 -9999.0 -9999.0 -9999.0
22016 20130626  2.423 -103.21   29.35    39.1    23.4    31.2    30.3     1.0    22.76 C    64.5    23.8    36.6    63.4    16.8    40.7   0.077   0.116 -99.000 -99.000 -99.000    36.0    35.6 -9999.0 -9999.0 -9999.0
22016 20130627  2.423 -103.21   29.35    39.1    20.0    29.6    30.1     0.0    28.14 C    62.0    20.4    37.1    73.9     9.3    35.4   0.073   0.114 -99.000 -99.000 -99.000    35.6    34.9 -9999.0 -9999.0 -9999.0
22016 20130628  2.423 -103.21   29.35    37.4    19.4    28.4    29.2     0.0    29.64 C    61.0    20.0    37.2    63.8     9.9    30.7   0.069   0.112 -99.000 -99.000 -99.000    36.1    35.4 -9999.0 -9999.0 -9999.0
22016 20130629  2.423 -103.21   29.35    38.6    22.4    30.5    31.4     0.0    26.40 C    61.7    22.4    37.9    40.6     9.8    22.1   0.064   0.110 -99.000 -99.000 -99.000    36.7    35.7 -9999.0 -9999.0 -9999.0
22016 20130630  2.423 -103.21   29.35    34.9    22.4    28.6    28.9     0.0    21.85 C    57.5    22.9    35.1    50.5    18.0    30.6   0.059   0.107 -99.000 -99.000 -99.000    35.3    35.1 -9999.0 -9999.0 -9999.0
22016 20130701  2.423 -103.21   29.35    30.9    20.1    25.5    23.9     0.0    16.71 C    56.3    20.5    30.0    76.9    31.3    53.7   0.055   0.103 -99.000 -99.000 -99.000    31.5    32.5 -9999.0 -9999.0 -9999.0
22016 20130702  2.423 -103.21   29.35    31.2    16.8    24.0    24.2     0.0    27.94 C    56.9    17.2    32.9    68.6    19.7    39.0   0.054   0.101 -99.000 -99.000 -99.000    32.3    32.1 -9999.0 -9999.0 -9999.0
22016 20130703  2.423 -103.21   29.35    31.3    19.3    25.3    25.5     0.0    21.70 C    55.9    19.9    31.9    46.5    20.0    30.9   0.053   0.099 -99.000 -99.000 -99.000    31.9    31.9 -9999.0 -9999.0 -9999.0
22016 20130704  2.423 -103.21   29.35    34.4    21.8    28.1    28.2     0.0    28.47 C    57.7    19.9    35.4    38.7    16.3    26.3   0.053   0.100 -99.000 -99.000 -99.000    34.0    33.1 -9999.0 -9999.0 -9999.0
22016 20130705  2.423 -103.21   29.35    36.7    22.5    29.6    29.5     0.0    28.79 C    58.0    21.4    36.7    41.5    14.5    26.6   0.053   0.098 -99.000 -99.000 -99.000    35.4    34.1 -9999.0 -9999.0 -9999.0
22016 20130706  2.423 -103.21   29.35    36.6    20.3    28.4    29.4     0.0    28.56 C    62.6    20.9    37.5    48.0    17.0    30.0   0.051   0.097 -99.000 -99.000 -99.000    36.1    35.0 -9999.0 -9999.0 -9999.0
22016 20130707  2.423 -103.21   29.35    35.6    20.1    27.8    28.2     0.0    28.66 C    60.5    19.9    36.6    49.0    17.0    32.5   0.050   0.095 -99.000 -99.000 -99.000    35.7    34.9 -9999.0 -9999.0 -9999.0
22016 20130708  2.423 -103.21   29.35    33.0    22.0    27.5    27.1     0.0    18.89 C    63.7    22.2    32.8    63.5    29.6    45.8   0.047   0.092 -99.000 -99.000 -99.000    33.7    34.0 -9999.0 -9999.0 -9999.0
22016 20130709  2.423 -103.21   29.35    32.5    21.4    27.0    26.7     0.0    19.32 C    54.7    21.4    33.0    68.2    31.7    49.0   0.048   0.089 -99.000 -99.000 -99.000    32.8    32.7 -9999.0 -9999.0 -9999.0
22016 20130710  2.423 -103.21   29.35    35.6    23.4    29.5    29.1     0.0    27.56 C    60.0    22.2    37.3    61.0    19.5    39.6   0.050   0.089 -99.000 -99.000 -99.000    35.5    34.1 -9999.0 -9999.0 -9999.0
22016 20130711  2.423 -103.21   29.35    36.7    24.2    30.4    30.0     0.0    28.26 C    64.1    23.1    38.1    49.1    15.4    33.4   0.049   0.089 -99.000 -99.000 -99.000    36.8    35.4 -9999.0 -9999.0 -9999.0
22016 20130712  2.423 -103.21   29.35    36.3    22.6    29.5    29.8     0.0    27.95 C    64.2    22.3    38.0    53.0    15.8    32.8   0.048   0.088 -99.000 -99.000 -99.000    37.1    35.8 -9999.0 -9999.0 -9999.0
22016 20130713  2.423 -103.21   29.35    36.4    23.0    29.7    29.9     0.0    27.27 C    62.3    21.7    37.5    41.4    16.5    27.7   0.046   0.087 -99.000 -99.000 -99.000    36.8    35.8 -9999.0 -9999.0 -9999.0
22016 20130714  2.423 -103.21   29.35    36.3    21.4    28.8    30.1     0.0    29.07 C    61.8    20.9    38.2    43.7     9.3    23.0   0.045   0.086 -99.000 -99.000 -99.000    37.2    36.0 -9999.0 -9999.0 -9999.0
22016 20130715  2.423 -103.21   29.35    28.7    19.0    23.8    23.2     0.6     7.47 C    34.7    22.2    26.4    85.7    21.6    58.0   0.040   0.080 -99.000 -99.000 -99.000    29.5    32.1 -9999.0 -9999.0 -9999.0
22016 20130716  2.423 -103.21   29.35    27.1    18.1    22.6    22.0     0.0    16.97 C    49.9    21.0    29.8    82.6    49.1    68.9   0.043   0.078 -99.000 -99.000 -99.000    29.5    30.1 -9999.0 -9999.0 -9999.0
22016 20130717  2.423 -103.21   29.35    27.7    20.0    23.8    22.8     1.6    12.86 C    40.0    20.8    27.5    85.0    49.0    70.3   0.044   0.077 -99.000 -99.000 -99.000    28.4    29.6 -9999.0 -9999.0 -9999.0
22016 20130718  2.423 -103.21   29.35    27.0    19.7    23.3    22.9     0.0    11.41 C    40.8    20.2    27.1    87.3    46.0    66.7   0.047   0.076 -99.000 -99.000 -99.000    27.6    28.5 -9999.0 -9999.0 -9999.0
22016 20130719  2.423 -103.21   29.35    31.5    20.0    25.7    24.5     0.0    18.84 C    53.7    21.2    31.6    86.6    34.5    61.5   0.048   0.078 -99.000 -99.000 -99.000    30.4    29.9 -9999.0 -9999.0 -9999.0
22016 20130720  2.423 -103.21   29.35    24.7    20.1    22.4    21.5     4.5     6.28 C    28.0    21.4    23.6    94.0    56.3    82.4   0.046   0.077 -99.000 -99.000 -99.000    25.5    27.7 -9999.0 -9999.0 -9999.0
22016 20130721  2.423 -103.21   29.35    29.6    19.3    24.4    22.9     4.0    16.70 C    41.0    20.7    26.3    95.9    40.9    75.2   0.090   0.076 -99.000 -99.000 -99.000    26.3    27.0 -9999.0 -9999.0 -9999.0
22016 20130722  2.423 -103.21   29.35    33.1    19.5    26.3    25.7     0.0    20.32 C    51.3    19.3    31.1    89.9    32.6    60.8   0.101   0.081 -99.000 -99.000 -99.000    29.9    29.2 -9999.0 -9999.0 -9999.0
22016 20130723  2.423 -103.21   29.35    35.3    19.9    27.6    27.4     0.0    20.16 C    58.6    20.5    33.0    83.5    26.8    51.7   0.099   0.085 -99.000 -99.000 -99.000    32.0    31.2 -9999.0 -9999.0 -9999.0
22016 20130724  2.423 -103.21   29.35    36.6    21.2    28.9    29.3     0.0    23.14 C    58.3    21.4    35.4    72.0    17.1    43.5   0.096   0.090 -99.000 -99.000 -99.000    33.9    32.8 -9999.0 -9999.0 -9999.0
22016 20130725  2.423 -103.21   29.35    36.6    19.9    28.3    28.8     0.0    28.84 C    59.5    20.5    36.7    70.9    14.5    39.3   0.090   0.094 -99.000 -99.000 -99.000    35.0    33.9 -9999.0 -9999.0 -9999.0
22016 20130726  2.423 -103.21   29.35    36.8    21.5    29.2    27.6     5.1    19.49 C    64.6    21.9    32.9    73.2    22.8    45.9   0.079   0.095 -99.000 -99.000 -99.000    32.7    33.1 -9999.0 -9999.0 -9999.0
22016 20130727  2.423 -103.21   29.35    33.0    22.1    27.6    26.5     0.0    20.95 C    53.5    20.7    31.4    76.6    31.3    55.4   0.079   0.094 -99.000 -99.000 -99.000    30.6    30.8 -9999.0 -9999.0 -9999.0
22016 20130728  2.423 -103.21   29.35    33.5    20.4    26.9    26.5     0.2    20.05 C    55.9    21.3    32.8    79.5    30.0    55.2   0.080   0.096 -99.000 -99.000 -99.000    31.9    31.5 -9999.0 -9999.0 -9999.0
22016 20130729  2.423 -103.21   29.35    32.6    22.7    27.6    26.5     2.1    12.68 C    55.2    22.1    29.5    84.8    36.0    58.8   0.076   0.095 -99.000 -99.000 -99.000    29.8    30.5 -9999.0 -9999.0 -9999.0
22016 20130730  2.423 -103.21   29.35    34.7    21.6    28.2    27.3     0.0    16.78 C    56.2    21.1    31.2    81.1    31.7    55.5   0.076   0.095 -99.000 -99.000 -99.000    30.5    30.2 -9999.0 -9999.0 -9999.0
22016 20130731  2.423 -103.21   29.35    36.9    20.8    28.8    28.5     0.0    22.82 C    59.1    20.7    34.7    77.4    23.1    46.8   0.074   0.098 -99.000 -99.000 -99.000    33.1    32.1 -9999.0 -9999.0 -9999.0
22016 20130801  2.423 -103.21   29.35    36.4    21.6    29.0    30.1     0.0    28.26 C    60.5    20.8    36.6    48.6    10.8    25.6   0.069   0.100 -99.000 -99.000 -99.000    34.9    33.6 -9999.0 -9999.0 -9999.0
22016 20130802  2.423 -103.21   29.35    37.3    20.4    28.8    30.7     0.0    28.14 C    59.5    20.6    37.2    50.5    11.1    26.1   0.061   0.101 -99.000 -99.000 -99.000    35.6    34.4 -9999.0 -9999.0 -9999.0
22016 20130803  2.423 -103.21   29.35    38.0    21.7    29.8    30.9     0.0    26.20 C    62.9    21.9    38.2    51.1    13.5    28.8   0.060   0.102 -99.000 -99.000 -99.000    36.7    35.3 -9999.0 -9999.0 -9999.0
22016 20130804  2.423 -103.21   29.35    36.8    24.1    30.5    30.8     0.0    28.07 C    61.5    23.0    38.1    44.5    13.5    29.5   0.056   0.101 -99.000 -99.000 -99.000    36.9    35.5 -9999.0 -9999.0 -9999.0
22016 20130805  2.423 -103.21   29.35    37.0    24.8    30.9    30.8     0.0    21.38 C    62.5    23.6    36.7    46.1    20.0    32.0   0.054   0.100 -99.000 -99.000 -99.000    36.1    35.3 -9999.0 -9999.0 -9999.0
22016 20130806  2.423 -103.21   29.35    37.4    21.5    29.5    28.5     6.3    21.39 C    63.0    21.4    33.9    83.0    18.7    43.1   0.053   0.097 -99.000 -99.000 -99.000    34.0    34.2 -9999.0 -9999.0 -9999.0
22016 20130807  2.423 -103.21   29.35    34.3    20.1    27.2    27.7     0.9    20.90 C    55.6    19.2    30.3    74.9    25.0    43.8   0.073   0.093 -99.000 -99.000 -99.000    30.6    31.1 -9999.0 -9999.0 -9999.0
22016 20130808  2.423 -103.21   29.35    36.3    22.3    29.3    28.7     0.0    21.03 C    61.4    20.6    33.3    55.0    20.6    37.2   0.080   0.094 -99.000 -99.000 -99.000    32.6    32.1 -9999.0 -9999.0 -9999.0
22016 20130809  2.423 -103.21   29.35    36.9    21.3    29.1    26.7     7.6    21.27 C    61.1    21.9    32.4    73.3    19.5    48.9   0.080   0.098 -99.000 -99.000 -99.000    31.7    32.1 -9999.0 -9999.0 -9999.0
22016 20130810  2.423 -103.21   29.35    34.9    20.8    27.8    28.0     0.0    25.41 C    53.5    18.0    31.5    77.9    16.6    39.2   0.091   0.108 -99.000 -99.000 -99.000    31.2    30.9 -9999.0 -9999.0 -9999.0
22016 20130811  2.423 -103.21   29.35    32.7    20.9    26.8    27.0     0.0    16.91 C    53.2    20.7    31.6    75.4    29.9    48.7   0.090   0.107 -99.000 -99.000 -99.000    31.4    31.4 -9999.0 -9999.0 -9999.0
22016 20130812  2.423 -103.21   29.35    33.9    22.2    28.0    28.0     0.0    24.03 C    59.4    21.4    34.8    64.2    27.0    43.5   0.089   0.106 -99.000 -99.000 -99.000    33.4    32.6 -9999.0 -9999.0 -9999.0
22016 20130813  2.423 -103.21   29.35    35.6    21.2    28.4    29.2     0.0    26.36 C    62.4    21.2    36.6    64.4    19.7    40.3   0.083   0.106 -99.000 -99.000 -99.000    35.0    33.9 -9999.0 -9999.0 -9999.0
22016 20130814  2.423 -103.21   29.35    35.8    23.0    29.4    29.8     0.0    23.00 C    58.1    23.6    36.3    60.5    22.8    37.2   0.073   0.106 -99.000 -99.000 -99.000    35.3    34.6 -9999.0 -9999.0 -9999.0
22016 20130815  2.423 -103.21   29.35    35.9    21.6    28.8    29.2     0.0    25.25 C    62.0    21.8    36.2    65.6    16.0    35.0   0.067   0.104 -99.000 -99.000 -99.000    35.3    34.5 -9999.0 -9999.0 -9999.0
22016 20130816  2.423 -103.21   29.35    37.2    21.3    29.2    30.6     0.0    26.82 C    60.8    21.0    36.7    40.1    12.0    22.4   0.062   0.103 -99.000 -99.000 -99.000    35.9    34.9 -9999.0 -9999.0 -9999.0
22016 20130817  2.423 -103.21   29.35    36.8    21.4    29.1    29.9     0.0    25.60 C    61.1    21.5    36.6    50.4    16.5    29.5   0.058   0.101 -99.000 -99.000 -99.000    35.9    35.0 -9999.0 -9999.0 -9999.0
22016 20130818  2.423 -103.21   29.35    36.2    21.6    28.9    28.2     0.0    21.86 C    61.2    21.6    34.7    57.4    16.2    37.5   0.055   0.100 -99.000 -99.000 -99.000    34.9    34.6 -9999.0 -9999.0 -9999.0
22016 20130819  2.423 -103.21   29.35    36.0    19.0    27.5    27.7     0.0    25.54 C    59.3    18.8    34.0    61.4     8.3    35.2   0.052   0.097 -99.000 -99.000 -99.000    33.9    33.5 -9999.0 -9999.0 -9999.0
22016 20130820  2.423 -103.21   29.35    35.3    20.2    27.8    27.6     0.0    24.43 C    57.5    19.2    33.8    49.4    15.7    31.3   0.051   0.095 -99.000 -99.000 -99.000    33.9    33.5 -9999.0 -9999.0 -9999.0
22016 20130821  2.423 -103.21   29.35    33.4    18.0    25.7    27.0     0.0    23.57 C    57.9    18.1    33.6    51.5    19.8    34.5   0.050   0.093 -99.000 -99.000 -99.000    33.5    33.2 -9999.0 -9999.0 -9999.0
22016 20130822  2.423 -103.21   29.35    32.0    20.8    26.4    26.6     0.0    19.75 C    57.6    20.9    32.5    67.0    26.0    43.7   0.048   0.091 -99.000 -99.000 -99.000    32.9    32.8 -9999.0 -9999.0 -9999.0
22016 20130823  2.423 -103.21   29.35    29.9    22.0    25.9    25.7     0.0    13.50 C    49.6    21.6    29.1    74.8    34.0    46.6   0.048   0.088 -99.000 -99.000 -99.000    30.2    31.0 -9999.0 -9999.0 -9999.0
22016 20130824  2.423 -103.21   29.35    33.5    20.8    27.2    27.0     0.0    21.64 C    56.2    20.2    32.9    68.1    23.9    45.1   0.049   0.087 -99.000 -99.000 -99.000    32.4    31.8 -9999.0 -9999.0 -9999.0
22016 20130825  2.423 -103.21   29.35    33.2    21.9    27.5    27.2     0.0    18.15 C    57.9    20.8    32.2    64.4    26.9    43.8   0.048   0.087 -99.000 -99.000 -99.000    32.3    32.0 -9999.0 -9999.0 -9999.0
22016 20130826  2.423 -103.21   29.35    32.3    20.9    26.6    26.3     0.0    15.07 C    50.5    20.2    30.3    63.6    32.1    47.3   0.047   0.085 -99.000 -99.000 -99.000    30.9    31.1 -9999.0 -9999.0 -9999.0
22016 20130827  2.423 -103.21   29.35    28.0    19.4    23.7    23.2    19.7    12.83 C    35.0    20.2    25.2    93.9    51.7    69.5   0.102   0.096 -99.000 -99.000 -99.000    27.0    28.7 -9999.0 -9999.0 -9999.0
22016 20130828  2.423 -103.21   29.35    31.4    19.6    25.5    25.2     0.0    23.04 C    49.1    18.9    29.2    88.2    34.2    56.1   0.124   0.107 -99.000 -99.000 -99.000    29.2    28.9 -9999.0 -9999.0 -9999.0
22016 20130829  2.423 -103.21   29.35    33.3    22.3    27.8    27.3     0.0    26.87 C    52.2    19.9    32.4    58.0    21.2    39.6   0.117   0.107 -99.000 -99.000 -99.000    31.9    31.2 -9999.0 -9999.0 -9999.0
22016 20130830  2.423 -103.21   29.35    33.7    19.0    26.3    27.2     0.0    26.01 C    55.1    19.7    33.5    76.4    21.5    42.3   0.111   0.107 -99.000 -99.000 -99.000    33.0    32.4 -9999.0 -9999.0 -9999.0
22016 20130831  2.423 -103.21   29.35    34.7    19.9    27.3    28.1     0.0    26.03 C    56.7    20.0    34.2    61.0    18.3    35.3   0.103   0.107 -99.000 -99.000 -99.000    33.7    33.1 -9999.0 -9999.0 -9999.0
22016 20130901  2.423 -103.21   29.35    35.9    20.9    28.4    29.2     0.0    25.61 C    58.0    20.8    35.1    52.7    14.4    31.4   0.093   0.107 -99.000 -99.000 -99.000    34.3    33.7 -9999.0 -9999.0 -9999.0
22016 20130902  2.423 -103.21   29.35    34.1    19.7    26.9    26.8     0.0    17.88 C    53.4    20.5    31.2    61.6    21.8    39.9   0.082   0.105 -99.000 -99.000 -99.000    31.9    32.3 -9999.0 -9999.0 -9999.0
22016 20130903  2.423 -103.21   29.35    33.5    17.7    25.6    26.4     0.0    23.67 C    55.3    18.2    32.1    68.0    21.4    39.3   0.077   0.104 -99.000 -99.000 -99.000    31.9    31.8 -9999.0 -9999.0 -9999.0
22016 20130904  2.423 -103.21   29.35    34.2    19.7    26.9    27.4     0.0    25.01 C    58.4    19.7    34.2    65.9    19.7    40.1   0.073   0.104 -99.000 -99.000 -99.000    33.3    32.6 -9999.0 -9999.0 -9999.0
22016 20130905  2.423 -103.21   29.35    33.3    21.0    27.2    26.9     0.0    20.21 C    57.1    21.2    32.7    63.0    26.0    43.4   0.067   0.103 -99.000 -99.000 -99.000    32.7    32.5 -9999.0 -9999.0 -9999.0
22016 20130906  2.423 -103.21   29.35    32.8    18.9    25.9    26.4     0.0    19.74 C    54.3    19.3    32.1    74.4    26.5    46.5   0.065   0.101 -99.000 -99.000 -99.000    32.0    31.9 -9999.0 -9999.0 -9999.0
22016 20130907  2.423 -103.21   29.35    32.9    19.2    26.1    26.3     0.0    20.86 C    59.5    19.4    32.4    73.4    26.9    47.1   0.062   0.100 -99.000 -99.000 -99.000    32.1    31.9 -9999.0 -9999.0 -9999.0
22016 20130908  2.423 -103.21   29.35    32.6    18.5    25.6    25.2     1.7    19.69 C    59.8    19.4    29.5    74.9    29.4    52.7   0.060   0.098 -99.000 -99.000 -99.000    30.3    30.9 -9999.0 -9999.0 -9999.0
22016 20130909  2.423 -103.21   29.35    31.2    18.6    24.9    25.2     0.0    19.29 C    51.2    19.2    30.2    92.8    31.5    53.3   0.063   0.096 -99.000 -99.000 -99.000    30.0    30.0 -9999.0 -9999.0 -9999.0
22016 20130910  2.423 -103.21   29.35    30.1    20.9    25.5    25.4     0.0    15.79 C    45.9    20.3    29.8    72.3    37.7    54.2   0.062   0.095 -99.000 -99.000 -99.000    29.9    30.1 -9999.0 -9999.0 -9999.0
22016 20130911  2.423 -103.21   29.35    29.9    20.0    24.9    24.7     3.1    15.60 C    52.2    20.5    29.1    90.7    40.7    63.3   0.060   0.094 -99.000 -99.000 -99.000    29.2    29.7 -9999.0 -9999.0 -9999.0
22016 20130912  2.423 -103.21   29.35    30.4    20.9    25.6    25.5     0.0    17.52 C    47.6    19.9    28.6    80.6    35.6    52.4   0.067   0.093 -99.000 -99.000 -99.000    28.6    28.7 -9999.0 -9999.0 -9999.0
22016 20130913  2.423 -103.21   29.35    31.4    20.6    26.0    25.5     0.0    20.47 C    50.7    18.8    29.4    63.2    24.2    42.1   0.072   0.093 -99.000 -99.000 -99.000    29.6    29.5 -9999.0 -9999.0 -9999.0
22016 20130914  2.423 -103.21   29.35    32.5    21.3    26.9    26.2     0.0    23.96 C    52.7    19.1    31.4    60.3    18.5    40.0   0.068   0.094 -99.000 -99.000 -99.000    30.8    30.2 -9999.0 -9999.0 -9999.0
22016 20130915  2.423 -103.21   29.35    30.8    20.6    25.7    24.9     0.5    15.31 C    50.5    20.7    28.9    78.9    31.7    51.5   0.062   0.093 -99.000 -99.000 -99.000    29.4    29.9 -9999.0 -9999.0 -9999.0
22016 20130916  2.423 -103.21   29.35    28.4    20.7    24.5    23.8     0.0     8.18 C    40.5    21.7    26.7    74.9    41.2    59.2   0.060   0.091 -99.000 -99.000 -99.000    27.1    28.0 -9999.0 -9999.0 -9999.0
22016 20130917  2.423 -103.21   29.35    26.4    19.0    22.7    21.7     0.7    11.00 C    41.8    20.3    25.2    92.9    47.2    76.4   0.060   0.090 -99.000 -99.000 -99.000    26.0    27.0 -9999.0 -9999.0 -9999.0
22016 20130918  2.423 -103.21   29.35    27.2    18.6    22.9    22.0     2.8    11.25 C    45.1    19.5    26.0    95.3    49.6    78.0   0.063   0.089 -99.000 -99.000 -99.000    25.9    26.6 -9999.0 -9999.0 -9999.0
22016 20130919  2.423 -103.21   29.35    22.1    19.0    20.6    20.2    22.4     5.10 C    26.8    20.3    22.6    96.0    83.4    92.8   0.116   0.095 -99.000 -99.000 -99.000    23.2    24.8 -9999.0 -9999.0 -9999.0
22016 20130920  2.423 -103.21   29.35    24.5    17.7    21.1    19.7    10.6    10.23 C    30.9    19.0    22.3    95.3    65.9    86.5   0.204   0.222 -99.000 -99.000 -99.000    22.4    23.4 -9999.0 -9999.0 -9999.0
22016 20130921  2.423 -103.21   29.35    24.9    16.6    20.7    19.7     0.0    18.76 C    34.9    15.3    21.9    93.4    43.9    71.6   0.177   0.212 -99.000 -99.000 -99.000    22.5    23.2 -9999.0 -9999.0 -9999.0
22016 20130922  2.423 -103.21   29.35    27.2    13.4    20.3    20.8     0.0    22.51 C    37.9    12.6    22.4    89.6    27.7    56.1   0.158   0.197 -99.000 -99.000 -99.000    23.1    23.4 -9999.0 -9999.0 -9999.0
22016 20130923  2.423 -103.21   29.35    32.2    14.2    23.2    23.4     0.0    23.29 C    46.4    13.9    26.7    86.5    29.2    53.0   0.147   0.186 -99.000 -99.000 -99.000    26.1    25.4 -9999.0 -9999.0 -9999.0
22016 20130924  2.423 -103.21   29.35    31.2    17.7    24.4    24.8     0.0    24.24 C    47.6    15.2    27.6    71.5    12.1    32.7   0.138   0.177 -99.000 -99.000 -99.000    27.5    27.2 -9999.0 -9999.0 -9999.0
22016 20130925  2.423 -103.21   29.35    31.9    16.5    24.2    25.2     0.0    23.57 C    47.7    15.8    28.3    71.3    16.3    37.2   0.130   0.167 -99.000 -99.000 -99.000    28.0    27.6 -9999.0 -9999.0 -9999.0
22016 20130926  2.423 -103.21   29.35    33.8    17.0    25.4    26.4     0.0    23.22 C    51.4    16.8    30.0    68.2    15.2    38.6   0.124   0.159 -99.000 -99.000 -99.000    29.3    28.8 -9999.0 -9999.0 -9999.0
22016 20130927  2.423 -103.21   29.35    33.6    18.8    26.2    27.1     0.0    21.60 C    48.0    18.7    30.5    71.6    23.1    44.3   0.118   0.150 -99.000 -99.000 -99.000    29.7    29.3 -9999.0 -9999.0 -9999.0
22016 20130928  2.423 -103.21   29.35    27.0    15.0    21.0    21.0    21.2    11.35 C    31.6    16.9    23.1    94.1    43.6    65.8   0.150   0.179 -99.000 -99.000 -99.000    24.8    26.4 -9999.0 -9999.0 -9999.0
22016 20130929  2.423 -103.21   29.35    27.4    15.3    21.4    20.8     0.0    22.88 C    39.8    13.9    23.9    81.3    25.9    51.8   0.155   0.191 -99.000 -99.000 -99.000    24.4    24.8 -9999.0 -9999.0 -9999.0
22016 20130930  2.423 -103.21   29.35    31.7    13.5    22.6    22.4     0.0    23.51 C    43.7    12.5    24.8    80.7    13.0    43.7   0.140   0.179 -99.000 -99.000 -99.000    25.2    25.2 -9999.0 -9999.0 -9999.0
22016 20131001  2.423 -103.21   29.35    32.9    14.9    23.9    24.3     0.0    23.04 C    47.5    13.6    26.8    60.4    12.0    30.2   0.131   0.167 -99.000 -99.000 -99.000    26.6    26.3 -9999.0 -9999.0 -9999.0
22016 20131002  2.423 -103.21   29.35    32.6    15.7    24.1    25.6     0.0    22.38 C    47.9    14.8    28.3    57.7    16.0    30.6   0.123   0.155 -99.000 -99.000 -99.000    27.6    27.2 -9999.0 -9999.0 -9999.0
22016 20131003  2.423 -103.21   29.35    33.2    16.8    25.0    26.4     0.0    22.04 C    49.6    16.8    29.6    66.0    16.0    37.1   0.115   0.147 -99.000 -99.000 -99.000    28.9    28.4 -9999.0 -9999.0 -9999.0
22016 20131004  2.423 -103.21   29.35    33.5    17.7    25.6    26.7     0.0    21.75 C    50.7    17.7    30.5    70.2    18.4    36.1   0.107   0.140 -99.000 -99.000 -99.000    29.7    29.1 -9999.0 -9999.0 -9999.0
22016 20131005  2.423 -103.21   29.35    26.5    16.2    21.4    21.5     0.0    21.70 C    44.2    15.6    26.5    87.7    20.6    47.9   0.098   0.134 -99.000 -99.000 -99.000    27.6    28.2 -9999.0 -9999.0 -9999.0
22016 20131006  2.423 -103.21   29.35    23.9    10.5    17.2    17.1     0.0    22.46 C    42.1    11.1    22.8    54.0    15.6    32.5   0.090   0.128 -99.000 -99.000 -99.000    24.7    25.8 -9999.0 -9999.0 -9999.0
22016 20131007  2.423 -103.21   29.35    26.5     6.3    16.4    16.4     0.0    23.01 C    44.3     6.6    21.4    55.9     5.3    30.4   0.084   0.124 -99.000 -99.000 -99.000    23.0    24.1 -9999.0 -9999.0 -9999.0
22016 20131008  2.423 -103.21   29.35    28.4     8.9    18.7    19.8     0.0    21.40 C    46.7     8.7    23.1    52.2    14.5    28.0   0.080   0.121 -99.000 -99.000 -99.000    23.6    24.1 -9999.0 -9999.0 -9999.0
22016 20131009  2.423 -103.21   29.35    31.1    12.3    21.7    22.7     0.0    21.18 C    45.7    12.2    26.0    53.3    17.1    31.3   0.078   0.120 -99.000 -99.000 -99.000    25.6    25.3 -9999.0 -9999.0 -9999.0
22016 20131010  2.423 -103.21   29.35    32.0    15.2    23.6    24.3     0.0    20.51 C    47.7    14.8    27.8    62.8    20.6    38.9   0.075   0.119 -99.000 -99.000 -99.000    27.1    26.6 -9999.0 -9999.0 -9999.0
22016 20131011  2.423 -103.21   29.35    30.3    14.4    22.4    23.2     0.0    21.39 C    47.3    14.0    26.7    77.1    10.8    36.8   0.071   0.117 -99.000 -99.000 -99.000    27.0    26.9 -9999.0 -9999.0 -9999.0
22016 20131012  2.423 -103.21   29.35    31.0    13.6    22.3    22.5     0.0    20.62 C    46.7    13.6    27.4    83.9    23.2    54.8   0.068   0.115 -99.000 -99.000 -99.000    26.9    26.6 -9999.0 -9999.0 -9999.0
22016 20131013  2.423 -103.21   29.35    28.3    19.3    23.8    23.8     0.9    10.13 C    41.6    21.4    27.1    93.8    39.6    60.0   0.067   0.114 -99.000 -99.000 -99.000    26.9    27.0 -9999.0 -9999.0 -9999.0
22016 20131014  2.423 -103.21   29.35    29.0    17.6    23.3    20.7    10.5    10.96 C    44.0    18.9    25.1    96.6    47.5    82.2   0.081   0.113 -99.000 -99.000 -99.000    25.2    25.8 -9999.0 -9999.0 -9999.0
22016 20131015  2.423 -103.21   29.35    23.0    15.0    19.0    19.2     2.4    10.13 C    29.2    16.8    21.9    93.8    56.3    78.8   0.127   0.132 -99.000 -99.000 -99.000    22.4    23.5 -9999.0 -9999.0 -9999.0
22016 20131016  2.423 -103.21   29.35    18.6    12.3    15.5    14.8     0.0     9.05 C    25.7    12.0    17.9    95.7    65.9    83.2   0.120   0.129 -99.000 -99.000 -99.000    19.2    20.9 -9999.0 -9999.0 -9999.0
22016 20131017  2.423 -103.21   29.35    24.1    10.1    17.1    15.8     0.0    16.44 C    35.3    10.5    19.8    94.7    52.2    80.1   0.112   0.124 -99.000 -99.000 -99.000    20.1    20.6 -9999.0 -9999.0 -9999.0
22016 20131018  2.423 -103.21   29.35    27.3    14.2    20.8    18.9     0.0    16.58 C    41.1    15.7    23.5    96.2    24.3    73.5   0.109   0.121 -99.000 -99.000 -99.000    22.9    22.7 -9999.0 -9999.0 -9999.0
22016 20131019  2.423 -103.21   29.35    20.4     9.7    15.0    14.2     0.0    18.99 C    35.9    12.2    20.6    83.7    44.8    65.8   0.100   0.118 -99.000 -99.000 -99.000    21.3    22.1 -9999.0 -9999.0 -9999.0
22016 20131020  2.423 -103.21   29.35    24.7     8.5    16.6    16.4     0.0    14.65 C    40.9     9.4    19.5    92.9    31.4    64.2   0.095   0.114 -99.000 -99.000 -99.000    20.3    21.1 -9999.0 -9999.0 -9999.0
22016 20131021  2.423 -103.21   29.35    25.1     9.1    17.1    17.1     0.0    19.93 C    38.7     8.9    20.5    88.3    19.9    53.8   0.092   0.113 -99.000 -99.000 -99.000    21.1    21.5 -9999.0 -9999.0 -9999.0
22016 20131022  2.423 -103.21   29.35    22.5     8.7    15.6    14.8     0.0    19.87 C    37.4     8.3    19.2    90.0    27.0    55.7   0.086   0.110 -99.000 -99.000 -99.000    20.4    21.1 -9999.0 -9999.0 -9999.0
22016 20131023  2.423 -103.21   29.35    25.1     7.1    16.1    16.2     0.0    19.97 C    36.4     7.1    19.0    76.2    17.0    43.8   0.081   0.109 -99.000 -99.000 -99.000    19.8    20.5 -9999.0 -9999.0 -9999.0
22016 20131024  2.423 -103.21   29.35    26.4     8.1    17.3    17.6     0.0    19.45 C    38.6     8.4    20.7    71.0    18.5    40.7   0.079   0.108 -99.000 -99.000 -99.000    21.2    21.3 -9999.0 -9999.0 -9999.0
22016 20131025  2.423 -103.21   29.35    24.5     7.6    16.1    17.2     0.0    19.25 C    37.9     8.0    20.1    75.7    25.5    48.4   0.074   0.107 -99.000 -99.000 -99.000    20.8    21.2 -9999.0 -9999.0 -9999.0
22016 20131026  2.423 -103.21   29.35    26.6     9.7    18.1    18.7     0.0    18.70 C    40.1    10.1    22.2    87.1    27.7    55.8   0.072   0.106 -99.000 -99.000 -99.000    22.2    22.0 -9999.0 -9999.0 -9999.0
22016 20131027  2.423 -103.21   29.35    26.1    11.1    18.6    18.4     0.0    18.56 C    39.9    11.1    22.4    93.0    32.4    62.8   0.069   0.106 -99.000 -99.000 -99.000    22.6    22.5 -9999.0 -9999.0 -9999.0
22016 20131028  2.423 -103.21   29.35    31.1    12.5    21.8    21.0     0.0    15.56 C    40.8    12.3    23.3    91.3    11.1    59.7   0.068   0.106 -99.000 -99.000 -99.000    23.0    22.8 -9999.0 -9999.0 -9999.0
22016 20131029  2.423 -103.21   29.35    29.0    15.5    22.3    21.9     0.0    11.39 C    38.6    15.9    23.8    90.0    35.5    64.1   0.067   0.105 -99.000 -99.000 -99.000    23.7    23.5 -9999.0 -9999.0 -9999.0
22016 20131030  2.423 -103.21   29.35    24.6    15.4    20.0    20.0     0.4     1.56 C    22.8    14.7    18.4    89.0    28.1    55.7   0.063   0.103 -99.000 -99.000 -99.000    20.0    21.6 -9999.0 -9999.0 -9999.0
22016 20131031  2.423 -103.21   29.35    25.3    13.4    19.3    18.9     0.0    18.81 C    35.8    11.4    20.1    74.2    14.4    42.0   0.065   0.101 -99.000 -99.000 -99.000    20.9    21.0 -9999.0 -9999.0 -9999.0
22016 20131101  2.423 -103.21   29.35    26.3    10.6    18.5    18.0     0.0    18.97 C    36.2     8.3    18.8    48.1     8.3    25.1   0.065   0.100 -99.000 -99.000 -99.000    20.4    20.8 -9999.0 -9999.0 -9999.0
22016 20131102  2.423 -103.21   29.35    22.2     4.7    13.4    14.0     0.0    18.94 C    34.3     4.4    16.6    62.4    13.3    33.5   0.061   0.098 -99.000 -99.000 -99.000    18.4    19.5 -9999.0 -9999.0 -9999.0
22016 20131103  2.423 -103.21   29.35    16.2     9.7    13.0    11.8    12.9     1.86 C    15.0     9.6    12.7    95.4    29.5    70.4   0.092   0.095 -99.000 -99.000 -99.000    14.6    17.0 -9999.0 -9999.0 -9999.0
22016 20131104  2.423 -103.21   29.35    18.6    11.5    15.0    15.2     2.5     7.63 C    24.3    12.2    16.4    94.6    65.9    81.6   0.159   0.134 -99.000 -99.000 -99.000    16.3    16.9 -9999.0 -9999.0 -9999.0
22016 20131105  2.423 -103.21   29.35    25.2     9.4    17.3    16.4     0.0    17.19 C    27.8     9.3    16.6    95.7    25.3    65.3   0.141   0.142 -99.000 -99.000 -99.000    17.4    17.7 -9999.0 -9999.0 -9999.0
22016 20131106  2.423 -103.21   29.35    19.3    11.6    15.4    15.1     0.0    17.41 C    28.3     8.6    16.1    65.5    32.6    46.0   0.125   0.137 -99.000 -99.000 -99.000    17.1    17.6 -9999.0 -9999.0 -9999.0
22016 20131107  2.423 -103.21   29.35    13.6     8.4    11.0    11.3     0.0     5.53 C    19.8     8.4    13.3    61.5    37.2    46.9   0.112   0.130 -99.000 -99.000 -99.000    14.3    15.6 -9999.0 -9999.0 -9999.0
22016 20131108  2.423 -103.21   29.35    10.1     6.0     8.0     7.8    11.6     1.98 C    11.5     6.9    10.1    95.9    45.0    85.5   0.151   0.148 -99.000 -99.000 -99.000    11.3    13.3 -9999.0 -9999.0 -9999.0
22016 20131109  2.423 -103.21   29.35    20.4     5.8    13.1    12.2     0.0    17.32 C    25.1     5.6    13.3    95.3    55.9    79.4   0.160   0.179 -99.000 -99.000 -99.000    13.8    13.9 -9999.0 -9999.0 -9999.0
22016 20131110  2.423 -103.21   29.35    22.8     7.6    15.2    14.7     0.0    17.19 C    27.3     6.6    15.0    90.9    40.9    69.7   0.145   0.173 -99.000 -99.000 -99.000    15.6    15.5 -9999.0 -9999.0 -9999.0
22016 20131111  2.423 -103.21   29.35    21.8     9.0    15.4    14.7     0.0    12.26 C    28.2     9.1    16.3   100.0    53.9    83.8   0.134   0.167 -99.000 -99.000 -99.000    16.5    16.4 -9999.0 -9999.0 -9999.0
22016 20131112  2.423 -103.21   29.35    14.5     4.5     9.5     9.9     1.1     0.93 C    15.7     7.1    12.1    96.5    84.5    92.2   0.125   0.160 -99.000 -99.000 -99.000    13.2    14.9 -9999.0 -9999.0 -9999.0
22016 20131113  2.423 -103.21   29.35    11.2     2.9     7.1     6.0     0.0    11.01 C    20.5     3.7     9.2    86.3    43.4    62.3   0.120   0.154 -99.000 -99.000 -99.000    10.5    11.9 -9999.0 -9999.0 -9999.0
22016 20131114  2.423 -103.21   29.35    18.0     2.4    10.2     9.3     0.4     9.30 C    23.0     2.5    10.3    92.9    51.2    78.1   0.116   0.152 -99.000 -99.000 -99.000    11.0    11.7 -9999.0 -9999.0 -9999.0
22016 20131115  2.423 -103.21   29.35    23.6     7.7    15.7    16.8     0.0    14.92 C    29.6     6.3    16.1    93.5    39.6    63.7   0.118   0.151 -99.000 -99.000 -99.000    15.4    14.6 -9999.0 -9999.0 -9999.0
22016 20131116  2.423 -103.21   29.35    27.0    13.2    20.1    21.3     0.0    14.83 C    33.9    11.6    20.4    75.9    29.5    48.0   0.117   0.150 -99.000 -99.000 -99.000    19.5    18.3 -9999.0 -9999.0 -9999.0
22016 20131117  2.423 -103.21   29.35    25.9    12.3    19.1    19.9     0.0    16.75 C    31.7    10.8    19.4    69.5    16.3    35.6   0.112   0.146 -99.000 -99.000 -99.000    19.9    19.3 -9999.0 -9999.0 -9999.0
22016 20131118  2.423 -103.21   29.35    23.5    10.2    16.8    17.6     0.0     9.43 C    30.6    10.2    18.2    69.9    25.1    38.4   0.106   0.140 -99.000 -99.000 -99.000    18.6    18.7 -9999.0 -9999.0 -9999.0
22016 20131119  2.423 -103.21   29.35    25.0     7.1    16.0    15.8     0.0    15.97 C    31.6     7.3    17.4    84.3    35.2    59.6   0.102   0.135 -99.000 -99.000 -99.000    18.0    17.9 -9999.0 -9999.0 -9999.0
22016 20131120  2.423 -103.21   29.35    25.9    10.4    18.2    18.5     0.0    15.09 C    35.7    10.4    19.8    93.4    39.9    68.6   0.101   0.133 -99.000 -99.000 -99.000    19.8    19.2 -9999.0 -9999.0 -9999.0
22016 20131121  2.423 -103.21   29.35    25.4    12.1    18.7    17.2     0.0    12.71 C    35.1    11.8    19.9    96.8    39.5    78.6   0.097   0.131 -99.000 -99.000 -99.000    20.1    19.9 -9999.0 -9999.0 -9999.0
22016 20131122  2.423 -103.21   29.35    16.6    -0.4     8.1     6.0     0.0     2.18 C    17.3     3.4    10.1    94.8    74.1    83.7   0.086   0.125 -99.000 -99.000 -99.000    13.4    16.1 -9999.0 -9999.0 -9999.0
22016 20131123  2.423 -103.21   29.35     1.6    -0.5     0.5     0.4     8.4     2.64 C     7.8     1.7     4.3    95.5    74.4    83.9   0.082   0.119 -99.000 -99.000 -99.000     7.1    10.4 -9999.0 -9999.0 -9999.0
22016 20131124  2.423 -103.21   29.35     0.4    -1.8    -0.7    -0.6     1.0     3.12 C     6.4     1.1     3.0    96.4    92.8    94.7   0.121   0.133 -99.000 -99.000 -99.000     4.5     7.3 -9999.0 -9999.0 -9999.0
22016 20131125  2.423 -103.21   29.35    10.3    -0.7     4.8     3.8     0.3     9.25 C    15.3     1.7     5.8    96.8    62.7    83.9   0.139   0.139 -99.000 -99.000 -99.000     6.6     7.8 -9999.0 -9999.0 -9999.0
22016 20131126  2.423 -103.21   29.35    11.3     0.7     6.0     5.3     0.0    16.10 C    16.0    -1.2     5.5    76.4    23.3    52.7   0.128   0.143 -99.000 -99.000 -99.000     7.4     8.4 -9999.0 -9999.0 -9999.0
22016 20131127  2.423 -103.21   29.35    10.6    -2.2     4.2     4.4     0.0    13.87 C    18.5    -2.6     5.6    83.4    32.0    58.6   0.118   0.142 -99.000 -99.000 -99.000     7.1     8.0 -9999.0 -9999.0 -9999.0
22016 20131128  2.423 -103.21   29.35    13.9    -1.7     6.1     5.5     0.0    13.35 C    20.1    -1.6     6.9    89.4    37.1    66.7   0.114   0.141 -99.000 -99.000 -99.000     8.3     8.9 -9999.0 -9999.0 -9999.0
22016 20131129  2.423 -103.21   29.35    16.6    -0.8     7.9     7.2     0.0    15.38 C    22.4    -1.1     8.2    92.2    36.8    67.9   0.111   0.140 -99.000 -99.000 -99.000     9.3     9.5 -9999.0 -9999.0 -9999.0
22016 20131130  2.423 -103.21   29.35    20.1     2.1    11.1     9.9     0.0    14.88 C    24.6     1.1    10.5    91.1    33.5    67.2   0.110   0.139 -99.000 -99.000 -99.000    11.0    10.9 -9999.0 -9999.0 -9999.0
22016 20131201  2.423 -103.21   29.35    21.7     5.7    13.7    13.4     0.0     9.12 C    23.4     4.6    12.6    83.6    36.8    60.9   0.107   0.138 -99.000 -99.000 -99.000    12.3    12.0 -9999.0 -9999.0 -9999.0
22016 20131202  2.423 -103.21   29.35    24.7    11.1    17.9    17.2     0.0    13.87 C    27.7    10.2    15.9    73.8    20.8    43.7   0.108   0.139 -99.000 -99.000 -99.000    15.5    14.7 -9999.0 -9999.0 -9999.0
22016 20131203  2.423 -103.21   29.35    24.4    11.0    17.7    17.5     0.0    11.38 C    29.0     7.1    15.0    55.5    21.4    35.3   0.104   0.136 -99.000 -99.000 -99.000    15.4    15.0 -9999.0 -9999.0 -9999.0
22016 20131204  2.423 -103.21   29.35    26.4    11.6    19.0    20.4     0.0    10.82 C    30.7     9.7    17.9    69.5    23.4    39.0   0.103   0.134 -99.000 -99.000 -99.000    17.0    16.1 -9999.0 -9999.0 -9999.0
22016 20131205  2.423 -103.21   29.35    23.3     0.2    11.8    11.9     3.4     6.30 C    27.6     4.5    14.2    95.1    27.2    64.1   0.098   0.132 -99.000 -99.000 -99.000    15.3    16.2 -9999.0 -9999.0 -9999.0
22016 20131206  2.423 -103.21   29.35     2.8    -1.5     0.6     0.7     0.4     4.37 C     9.9     1.6     5.1    96.1    82.2    90.1   0.102   0.124 -99.000 -99.000 -99.000     7.0     9.8 -9999.0 -9999.0 -9999.0
22016 20131207  2.423 -103.21   29.35    -1.5    -5.1    -3.3    -3.2     0.0     2.58 C     3.2    -3.5     0.3    95.9    76.6    88.0   0.097   0.121 -99.000 -99.000 -99.000     2.9     6.0 -9999.0 -9999.0 -9999.0
22016 20131208  2.423 -103.21   29.35    19.3    -5.0     7.2     5.4     0.0    15.41 C    18.8    -4.2     5.4    96.1    25.2    65.2   0.089   0.122 -99.000 -99.000 -99.000     6.1     6.6 -9999.0 -9999.0 -9999.0
22016 20131209  2.423 -103.21   29.35    17.7     1.2     9.5     8.3     0.0    15.04 C    22.7    -0.7     8.3    87.6    28.8    59.0   0.102   0.124 -99.000 -99.000 -99.000     9.1     9.1 -9999.0 -9999.0 -9999.0
22016 20131210  2.423 -103.21   29.35    13.6    -2.0     5.8     4.7     0.0    14.30 C    20.0    -2.3     6.3    89.6    33.4    58.6   0.098   0.123 -99.000 -99.000 -99.000     8.1     8.9 -9999.0 -9999.0 -9999.0
22016 20131211  2.423 -103.21   29.35    16.1     0.2     8.1     7.4     0.0    12.00 C    22.0    -0.7     8.4    83.8    28.7    51.9   0.097   0.123 -99.000 -99.000 -99.000     8.9     9.2 -9999.0 -9999.0 -9999.0
22016 20131212  2.423 -103.21   29.35     9.9    -0.3     4.8     5.8     0.0     8.28 C    16.9     0.4     8.6    67.5    36.8    47.8   0.095   0.123 -99.000 -99.000 -99.000     9.1     9.7 -9999.0 -9999.0 -9999.0
22016 20131213  2.423 -103.21   29.35    20.9     1.1    11.0    10.0     0.0    12.64 C    23.5     1.6    10.3    85.3    22.5    50.8   0.095   0.123 -99.000 -99.000 -99.000    10.6    10.5 -9999.0 -9999.0 -9999.0
22016 20131214  2.423 -103.21   29.35    14.5     2.7     8.6     9.2     0.0    14.89 C    22.2     1.2     8.8    54.0    19.2    35.2   0.092   0.122 -99.000 -99.000 -99.000    10.6    10.9 -9999.0 -9999.0 -9999.0
22016 20131215  2.423 -103.21   29.35    14.6    -1.1     6.8     6.3     0.0    15.25 C    21.0    -2.1     6.8    63.5    20.8    40.3   0.088   0.119 -99.000 -99.000 -99.000     8.8     9.6 -9999.0 -9999.0 -9999.0
22016 20131216  2.423 -103.21   29.35    19.5     0.8    10.1     9.6     0.0    15.26 C    23.6    -1.2     8.6    59.3    14.4    34.7   0.087   0.119 -99.000 -99.000 -99.000     9.7     9.9 -9999.0 -9999.0 -9999.0
22016 20131217  2.423 -103.21   29.35    19.7     3.8    11.7    10.5     0.0    14.08 C    24.9     1.5     9.7    53.1    17.0    35.3   0.087   0.119 -99.000 -99.000 -99.000    10.7    10.8 -9999.0 -9999.0 -9999.0
22016 20131218  2.423 -103.21   29.35    21.4     1.8    11.6    11.2     0.0    14.36 C    25.8     0.3    10.8    63.8    17.3    37.7   0.085   0.119 -99.000 -99.000 -99.000    11.4    11.2 -9999.0 -9999.0 -9999.0
22016 20131219  2.423 -103.21   29.35    27.2     6.0    16.6    17.5     0.0    12.61 C    30.0     3.4    15.2    53.7    18.3    31.2   0.087   0.120 -99.000 -99.000 -99.000    14.2    13.2 -9999.0 -9999.0 -9999.0
22016 20131220  2.423 -103.21   29.35    22.2    11.2    16.7    17.0     5.8     4.32 C    20.9    12.4    15.6    94.4    23.5    59.3   0.087   0.121 -99.000 -99.000 -99.000    15.1    14.8 -9999.0 -9999.0 -9999.0
22016 20131221  2.423 -103.21   29.35    14.7     5.0     9.8    11.1     2.3    14.21 C    16.2     3.0     9.2    94.5    25.2    47.7   0.123   0.123 -99.000 -99.000 -99.000    11.4    12.4 -9999.0 -9999.0 -9999.0
22016 20131222  2.423 -103.21   29.35    14.9     1.1     8.0     9.3     0.0    14.34 C    23.4     1.8     8.5    85.7    30.9    47.1   0.114   0.125 -99.000 -99.000 -99.000    10.3    10.8 -9999.0 -9999.0 -9999.0
22016 20131223  2.423 -103.21   29.35    13.9    -2.0     6.0     5.8     0.0    15.09 C    19.3    -2.0     6.4    91.1    31.3    60.2   0.106   0.123 -99.000 -99.000 -99.000     8.8     9.7 -9999.0 -9999.0 -9999.0
22016 20131224  2.423 -103.21   29.35    17.7    -1.4     8.1     6.7     0.0    14.95 C    19.8    -2.2     6.9    85.3    21.3    56.0   0.103   0.123 -99.000 -99.000 -99.000     8.7     9.3 -9999.0 -9999.0 -9999.0
22016 20131225  2.423 -103.21   29.35    13.5     2.1     7.8     6.9     0.0    11.54 C    18.6     1.0     6.4    76.8    36.0    58.2   0.099   0.121 -99.000 -99.000 -99.000     8.2     9.1 -9999.0 -9999.0 -9999.0
22016 20131226  2.423 -103.21   29.35    11.3     1.8     6.6     5.6     0.0    12.48 C    19.2     0.8     7.5    84.4    36.6    62.3   0.097   0.120 -99.000 -99.000 -99.000     8.5     9.0 -9999.0 -9999.0 -9999.0
22016 20131227  2.423 -103.21   29.35    11.1     1.5     6.3     5.8     0.0     8.45 C    19.1     1.7     8.1    95.7    47.1    67.5   0.095   0.120 -99.000 -99.000 -99.000     8.7     9.3 -9999.0 -9999.0 -9999.0
22016 20131228  2.423 -103.21   29.35    14.9     2.3     8.6     8.2     0.0    13.57 C    21.4     5.0    10.2    97.6    42.6    72.9   0.095   0.121 -99.000 -99.000 -99.000    10.4    10.3 -9999.0 -9999.0 -9999.0
22016 20131229  2.423 -103.21   29.35    12.0     1.2     6.6     7.5     0.0     8.69 C    17.8     1.8     8.3    80.1    37.1    59.7   0.092   0.119 -99.000 -99.000 -99.000     9.4    10.1 -9999.0 -9999.0 -9999.0
22016 20131230  2.423 -103.21   29.35    14.0    -2.8     5.6     4.9     0.0    14.60 C    20.5    -2.8     6.6    81.0    29.6    55.3   0.089   0.119 -99.000 -99.000 -99.000     8.4     9.1 -9999.0 -9999.0 -9999.0
22016 20131231  2.423 -103.21   29.35    15.7    -0.4     7.6     7.3     0.0    15.06 C    21.7    -1.8     7.6    74.0    27.6    51.3   0.089   0.117 -99.000 -99.000 -99.000     9.0     9.3 -9999.0 -9999.0 -9999.0
