04126 20130101  2.413 -113.56   43.46   -12.5   -19.1   -15.8   -15.6     0.0     8.37 C   -12.5   -26.3   -20.3    87.7    81.1    85.0 -99.000 -99.000 -99.000 -99.000 -99.000    -1.4    -1.1 -9999.0 -9999.0 -9999.0
04126 20130102  2.413 -113.56   43.46   -13.1   -19.6   -16.3   -15.5     0.0     8.08 C   -13.3   -27.6   -22.2    87.1    78.1    84.3 -99.000 -99.000 -99.000 -99.000 -99.000    -1.6    -1.2 -9999.0 -9999.0 -9999.0
04126 20130103  2.413 -113.56   43.46    -9.4   -16.9   -13.1   -12.6     0.0     8.94 C   -10.7   -27.0   -20.2    88.5    57.9    72.6 -99.000 -99.000 -99.000 -99.000 -99.000    -1.8    -1.4 -9999.0 -9999.0 -9999.0
04126 20130104  2.413 -113.56   43.46    -7.5   -15.3   -11.4   -11.4     0.0     9.00 C    -9.6   -27.3   -21.2    76.3    46.9    62.9 -99.000 -99.000 -99.000 -99.000 -99.000    -1.9    -1.6 -9999.0 -9999.0 -9999.0
04126 20130105  2.413 -113.56   43.46    -8.4   -17.1   -12.7   -11.9     0.0     8.75 C    -9.7   -25.6   -18.6    84.9    56.8    68.9 -99.000 -99.000 -99.000 -99.000 -99.000    -2.1    -1.7 -9999.0 -9999.0 -9999.0
04126 20130106  2.413 -113.56   43.46    -3.3   -11.7    -7.5    -7.6     0.0     5.15 C    -4.3   -20.7   -12.1    89.1    53.7    67.9 -99.000 -99.000 -99.000 -99.000 -99.000    -2.1    -1.8 -9999.0 -9999.0 -9999.0
04126 20130107  2.413 -113.56   43.46    -8.8   -13.6   -11.2   -11.0     0.0     4.90 C    -8.2   -21.5   -13.6    92.5    74.4    87.0 -99.000 -99.000 -99.000 -99.000 -99.000    -2.1    -1.8 -9999.0 -9999.0 -9999.0
04126 20130108  2.413 -113.56   43.46    -6.6   -15.3   -10.9   -10.1     0.0     4.09 C    -5.6   -19.6   -10.3    92.5    84.9    89.9 -99.000 -99.000 -99.000 -99.000 -99.000    -2.0    -1.9 -9999.0 -9999.0 -9999.0
04126 20130109  2.413 -113.56   43.46    -1.7    -7.4    -4.6    -4.2     0.0     6.03 C    -2.9    -8.0    -5.6    96.5    79.2    92.5 -99.000 -99.000 -99.000 -99.000 -99.000    -1.8    -1.7 -9999.0 -9999.0 -9999.0
04126 20130110  2.413 -113.56   43.46    -1.9   -10.6    -6.2    -5.9    15.0     5.15 C    -2.0   -10.4    -6.0    97.0    84.8    92.8 -99.000 -99.000 -99.000 -99.000 -99.000    -1.5    -1.4 -9999.0 -9999.0 -9999.0
04126 20130111  2.413 -113.56   43.46    -9.5   -19.5   -14.5   -12.3     4.9     1.95 C    -9.6   -30.3   -14.7    90.9    81.0    87.3 -99.000 -99.000 -99.000 -99.000 -99.000    -1.6    -1.5 -9999.0 -9999.0 -9999.0
04126 20130112  2.413 -113.56   43.46   -14.4   -21.8   -18.1   -18.1     0.0     4.79 C   -16.8   -33.9   -25.4    89.4    66.0    80.0 -99.000 -99.000 -99.000 -99.000 -99.000    -1.9    -1.7 -9999.0 -9999.0 -9999.0
04126 20130113  2.413 -113.56   43.46   -16.5   -24.0   -20.3   -19.7     0.0     6.07 C   -17.6   -35.7   -28.3    86.7    77.3    82.1 -99.000 -99.000 -99.000 -99.000 -99.000    -2.3    -2.1 -9999.0 -9999.0 -9999.0
04126 20130114  2.413 -113.56   43.46   -16.6   -25.4   -21.0   -20.6     0.0     3.33 C   -15.5   -34.7   -22.3    84.9    76.1    81.4 -99.000 -99.000 -99.000 -99.000 -99.000    -2.8    -2.5 -9999.0 -9999.0 -9999.0
04126 20130115  2.413 -113.56   43.46   -15.6   -22.2   -18.9   -18.6     0.0     3.84 C   -12.9   -28.4   -20.5    85.3    79.5    82.5 -99.000 -99.000 -99.000 -99.000 -99.000    -3.0    -2.7 -9999.0 -9999.0 -9999.0
04126 20130116  2.413 -113.56   43.46   -14.5   -19.8   -17.1   -16.8     0.0     4.12 C   -12.3   -27.1   -18.1    86.0    80.6    83.9 -99.000 -99.000 -99.000 -99.000 -99.000    -3.1    -2.8 -9999.0 -9999.0 -9999.0
04126 20130117  2.413 -113.56   43.46   -11.1   -16.3   -13.7   -13.8     0.0    10.25 C   -11.2   -24.1   -19.3    89.2    83.7    86.4 -99.000 -99.000 -99.000 -99.000 -99.000    -3.2    -2.9 -9999.0 -9999.0 -9999.0
04126 20130118  2.413 -113.56   43.46    -9.7   -15.8   -12.8   -11.9     0.0    13.59 C    -8.9   -24.5   -18.6    92.3    82.4    87.7 -99.000 -99.000 -99.000 -99.000 -99.000    -3.3    -3.1 -9999.0 -9999.0 -9999.0
04126 20130119  2.413 -113.56   43.46    -8.4   -14.7   -11.6   -11.3     0.0    13.59 C    -8.4   -24.6   -16.8    89.2    69.1    81.2 -99.000 -99.000 -99.000 -99.000 -99.000    -3.4    -3.2 -9999.0 -9999.0 -9999.0
04126 20130120  2.413 -113.56   43.46    -5.9   -13.0    -9.5    -9.2     0.0    10.42 C    -6.2   -25.0   -16.9    84.0    61.6    72.7 -99.000 -99.000 -99.000 -99.000 -99.000    -3.5    -3.3 -9999.0 -9999.0 -9999.0
04126 20130121  2.413 -113.56   43.46    -8.2   -13.9   -11.0    -9.9     0.0    10.82 C    -7.8   -25.0   -18.8    81.3    67.7    73.9 -99.000 -99.000 -99.000 -99.000 -99.000    -3.5    -3.3 -9999.0 -9999.0 -9999.0
04126 20130122  2.413 -113.56   43.46    -4.8   -12.7    -8.7    -8.8     0.0    10.94 C    -5.9   -26.3   -18.6    82.7    54.9    68.7 -99.000 -99.000 -99.000 -99.000 -99.000    -3.6    -3.4 -9999.0 -9999.0 -9999.0
04126 20130123  2.413 -113.56   43.46    -1.1    -9.2    -5.1    -4.3     0.0     7.28 C    -3.4   -19.1   -11.4    68.4    37.1    50.9 -99.000 -99.000 -99.000 -99.000 -99.000    -3.6    -3.4 -9999.0 -9999.0 -9999.0
04126 20130124  2.413 -113.56   43.46     1.5    -4.7    -1.6    -1.0     1.2     7.80 C     0.6   -11.0    -1.9    98.1    46.7    87.9 -99.000 -99.000 -99.000 -99.000 -99.000    -3.1    -3.1 -9999.0 -9999.0 -9999.0
04126 20130125  2.413 -113.56   43.46     0.0    -4.4    -2.2    -1.8     1.1     5.03 C     0.1    -3.8    -1.5    98.2    93.8    96.1 -99.000 -99.000 -99.000 -99.000 -99.000    -2.3    -2.3 -9999.0 -9999.0 -9999.0
04126 20130126  2.413 -113.56   43.46     1.4    -1.0     0.2     0.2     3.4     4.79 C     0.2    -2.8    -0.5   100.0    89.0    98.2 -99.000 -99.000 -99.000 -99.000 -99.000    -1.7    -1.8 -9999.0 -9999.0 -9999.0
04126 20130127  2.413 -113.56   43.46     0.2    -7.0    -3.4    -3.9     6.6     4.51 C    -0.4    -7.4    -3.6    97.7    92.6    95.5 -99.000 -99.000 -99.000 -99.000 -99.000    -1.2    -1.4 -9999.0 -9999.0 -9999.0
04126 20130128  2.413 -113.56   43.46    -6.3   -13.6    -9.9    -8.6     1.7     3.82 C    -6.4   -23.1   -12.2    93.9    68.1    86.1 -99.000 -99.000 -99.000 -99.000 -99.000    -1.2    -1.2 -9999.0 -9999.0 -9999.0
04126 20130129  2.413 -113.56   43.46    -2.7   -12.8    -7.8    -7.2     0.0     9.75 C    -4.3   -21.4   -13.2    93.5    47.4    73.7 -99.000 -99.000 -99.000 -99.000 -99.000    -1.3    -1.3 -9999.0 -9999.0 -9999.0
04126 20130130  2.413 -113.56   43.46     2.3   -10.9    -4.3    -3.8     0.0    11.86 C    -1.6   -19.1    -9.4    88.6    40.5    73.0 -99.000 -99.000 -99.000 -99.000 -99.000    -1.4    -1.4 -9999.0 -9999.0 -9999.0
04126 20130131  2.413 -113.56   43.46     0.3    -7.9    -3.8    -3.4     0.0     8.67 C    -0.1   -16.3    -8.3    87.3    58.7    72.7 -99.000 -99.000 -99.000 -99.000 -99.000    -1.5    -1.5 -9999.0 -9999.0 -9999.0
04126 20130201  2.413 -113.56   43.46     0.7    -8.6    -3.9    -3.0     0.0    11.32 C    -1.8   -16.9    -7.5    97.2    57.2    80.7 -99.000 -99.000 -99.000 -99.000 -99.000    -1.5    -1.5 -9999.0 -9999.0 -9999.0
04126 20130202  2.413 -113.56   43.46    -4.8   -12.1    -8.4    -7.8     0.0    10.48 C    -3.8   -17.5   -11.3    94.7    83.2    91.4 -99.000 -99.000 -99.000 -99.000 -99.000    -1.5    -1.5 -9999.0 -9999.0 -9999.0
04126 20130203  2.413 -113.56   43.46    -3.5   -11.2    -7.4    -6.7     0.0    11.76 C    -3.0   -16.3    -7.8    95.5    88.0    92.1 -99.000 -99.000 -99.000 -99.000 -99.000    -1.7    -1.6 -9999.0 -9999.0 -9999.0
04126 20130204  2.413 -113.56   43.46    -3.2    -6.6    -4.9    -5.3     0.0     6.91 C    -0.7    -6.2    -4.5    95.2    92.2    93.5 -99.000 -99.000 -99.000 -99.000 -99.000    -1.6    -1.6 -9999.0 -9999.0 -9999.0
04126 20130205  2.413 -113.56   43.46    -3.1    -5.8    -4.5    -4.4     0.0     8.32 C    -0.7   -13.1    -5.9    95.6    86.1    93.6 -99.000 -99.000 -99.000 -99.000 -99.000    -1.5    -1.5 -9999.0 -9999.0 -9999.0
04126 20130206  2.413 -113.56   43.46    -0.9   -11.5    -6.2    -4.6     0.0    12.81 C    -2.6   -16.8    -9.2    95.1    52.1    80.5 -99.000 -99.000 -99.000 -99.000 -99.000    -1.5    -1.5 -9999.0 -9999.0 -9999.0
04126 20130207  2.413 -113.56   43.46    -3.7    -6.9    -5.3    -5.3     0.0     7.81 C    -4.3    -9.8    -6.7    94.0    69.5    84.7 -99.000 -99.000 -99.000 -99.000 -99.000    -1.6    -1.5 -9999.0 -9999.0 -9999.0
04126 20130208  2.413 -113.56   43.46     0.1    -6.3    -3.1    -2.9     0.0     8.51 C    -0.6   -10.8    -5.0    89.0    54.7    74.1 -99.000 -99.000 -99.000 -99.000 -99.000    -1.5    -1.5 -9999.0 -9999.0 -9999.0
04126 20130209  2.413 -113.56   43.46    -2.0    -7.0    -4.5    -5.2     0.0    12.79 C    -4.2   -15.4    -8.4    94.7    48.6    74.5 -99.000 -99.000 -99.000 -99.000 -99.000    -1.4    -1.4 -9999.0 -9999.0 -9999.0
04126 20130210  2.413 -113.56   43.46    -3.0   -10.9    -6.9    -6.1     0.0    12.56 C    -5.0   -24.2   -12.4    76.5    36.0    50.0 -99.000 -99.000 -99.000 -99.000 -99.000    -1.5    -1.5 -9999.0 -9999.0 -9999.0
04126 20130211  2.413 -113.56   43.46    -5.2   -15.0   -10.1    -9.1     0.0    13.37 C    -5.5   -26.3   -17.2    86.6    49.6    66.2 -99.000 -99.000 -99.000 -99.000 -99.000    -1.9    -1.8 -9999.0 -9999.0 -9999.0
04126 20130212  2.413 -113.56   43.46    -3.3   -13.2    -8.3    -8.3     0.0    10.65 C    -2.4   -22.7   -12.6    91.2    65.4    77.3 -99.000 -99.000 -99.000 -99.000 -99.000    -2.4    -2.2 -9999.0 -9999.0 -9999.0
04126 20130213  2.413 -113.56   43.46     2.8    -9.3    -3.3    -4.8     0.0    12.70 C    -0.3   -15.2    -8.0    94.6    62.2    85.9 -99.000 -99.000 -99.000 -99.000 -99.000    -2.4    -2.3 -9999.0 -9999.0 -9999.0
04126 20130214  2.413 -113.56   43.46     0.3    -8.1    -3.9    -3.3     0.0    14.47 C    -1.4   -18.2   -10.6    92.4    43.1    64.7 -99.000 -99.000 -99.000 -99.000 -99.000    -2.3    -2.3 -9999.0 -9999.0 -9999.0
04126 20130215  2.413 -113.56   43.46     0.4    -8.4    -4.0    -3.7     0.0    14.41 C    -1.0   -18.0   -10.5    93.0    52.6    67.7 -99.000 -99.000 -99.000 -99.000 -99.000    -2.3    -2.3 -9999.0 -9999.0 -9999.0
04126 20130216  2.413 -113.56   43.46    -1.2    -9.0    -5.1    -4.7     0.0    13.31 C    -0.7   -18.3    -8.9    94.6    70.7    86.9 -99.000 -99.000 -99.000 -99.000 -99.000    -2.3    -2.3 -9999.0 -9999.0 -9999.0
04126 20130217  2.413 -113.56   43.46     0.0    -8.0    -4.0    -3.7     0.0    15.28 C    -2.9   -18.7   -10.0    93.5    30.7    57.6 -99.000 -99.000 -99.000 -99.000 -99.000    -2.2    -2.2 -9999.0 -9999.0 -9999.0
04126 20130218  2.413 -113.56   43.46    -3.3   -12.0    -7.6    -7.0     0.0    13.66 C    -2.5   -21.6   -13.3    84.7    46.4    65.5 -99.000 -99.000 -99.000 -99.000 -99.000    -2.4    -2.2 -9999.0 -9999.0 -9999.0
04126 20130219  2.413 -113.56   43.46    -2.3    -9.8    -6.0    -6.3     2.8    12.19 C    -2.6   -15.2    -8.6    92.2    71.2    82.7 -99.000 -99.000 -99.000 -99.000 -99.000    -2.6    -2.5 -9999.0 -9999.0 -9999.0
04126 20130220  2.413 -113.56   43.46    -2.4    -7.4    -4.9    -4.9     5.9     8.54 C    -1.4   -13.3    -5.4    96.0    78.3    93.2 -99.000 -99.000 -99.000 -99.000 -99.000    -2.4    -2.4 -9999.0 -9999.0 -9999.0
04126 20130221  2.413 -113.56   43.46    -4.5   -12.9    -8.7    -7.2     0.0    13.79 C    -4.0   -23.8   -10.5    93.3    68.1    82.7 -99.000 -99.000 -99.000 -99.000 -99.000    -2.1    -2.1 -9999.0 -9999.0 -9999.0
04126 20130222  2.413 -113.56   43.46    -2.0   -11.7    -6.9    -5.7     0.0    14.17 C    -3.8   -23.9   -10.9    92.9    52.3    72.8 -99.000 -99.000 -99.000 -99.000 -99.000    -2.0    -2.0 -9999.0 -9999.0 -9999.0
04126 20130223  2.413 -113.56   43.46    -3.3    -7.4    -5.3    -4.7     7.0    12.45 C    -3.6   -15.0    -7.6    96.1    35.7    68.4 -99.000 -99.000 -99.000 -99.000 -99.000    -1.9    -1.9 -9999.0 -9999.0 -9999.0
04126 20130224  2.413 -113.56   43.46    -5.3   -11.1    -8.2    -7.3     0.0    16.96 C    -7.2   -22.6   -14.3    71.8    41.0    54.0 -99.000 -99.000 -99.000 -99.000 -99.000    -1.8    -1.8 -9999.0 -9999.0 -9999.0
04126 20130225  2.413 -113.56   43.46    -5.8   -16.0   -10.9    -9.7     1.0    11.91 C    -5.0   -22.6   -12.8    93.2    58.2    87.7 -99.000 -99.000 -99.000 -99.000 -99.000    -1.9    -1.9 -9999.0 -9999.0 -9999.0
04126 20130226  2.413 -113.56   43.46    -4.3   -12.8    -8.6    -7.7     0.0    17.40 C    -5.5   -21.1   -13.8    90.5    40.3    69.2 -99.000 -99.000 -99.000 -99.000 -99.000    -2.0    -1.9 -9999.0 -9999.0 -9999.0
04126 20130227  2.413 -113.56   43.46    -3.8   -13.4    -8.6    -9.1     0.0    17.43 C    -4.2   -25.0   -14.8    91.0    63.6    80.8 -99.000 -99.000 -99.000 -99.000 -99.000    -2.1    -2.1 -9999.0 -9999.0 -9999.0
04126 20130228  2.413 -113.56   43.46    -3.9   -12.3    -8.1    -7.6     0.0    16.36 C    -2.6   -21.6   -10.8    91.5    66.7    81.3 -99.000 -99.000 -99.000 -99.000 -99.000    -2.2    -2.2 -9999.0 -9999.0 -9999.0
04126 20130301  2.413 -113.56   43.46     1.2    -9.7    -4.2    -4.1     0.0    16.12 C     0.3   -17.5    -5.7    98.1    76.8    89.3 -99.000 -99.000 -99.000 -99.000 -99.000    -2.2    -2.2 -9999.0 -9999.0 -9999.0
04126 20130302  2.413 -113.56   43.46     2.1    -5.7    -1.8    -1.9     0.0    14.20 C     0.4    -5.4    -2.3    97.0    78.0    91.1 -99.000 -99.000 -99.000 -99.000 -99.000    -1.9    -2.0 -9999.0 -9999.0 -9999.0
04126 20130303  2.413 -113.56   43.46     3.7    -7.0    -1.6     0.6     0.0    16.65 C     0.0   -13.0    -2.6    91.8    38.9    68.9 -99.000 -99.000 -99.000 -99.000 -99.000    -1.5    -1.6 -9999.0 -9999.0 -9999.0
04126 20130304  2.413 -113.56   43.46    -2.4   -10.2    -6.3    -5.9     0.0    17.81 C    -1.5   -17.3    -9.5    73.9    38.0    52.7 -99.000 -99.000 -99.000 -99.000 -99.000    -1.0    -1.2 -9999.0 -9999.0 -9999.0
04126 20130305  2.413 -113.56   43.46    -2.3   -12.6    -7.4    -6.9     0.0    15.13 C    -1.8   -19.9   -11.3    78.2    50.9    65.5 -99.000 -99.000 -99.000 -99.000 -99.000    -1.1    -1.1 -9999.0 -9999.0 -9999.0
04126 20130306  2.413 -113.56   43.46     1.4    -5.9    -2.3    -1.4     4.6     8.44 C     0.2    -9.9    -3.8    96.1    49.6    74.3 -99.000 -99.000 -99.000 -99.000 -99.000    -1.2    -1.2 -9999.0 -9999.0 -9999.0
04126 20130307  2.413 -113.56   43.46    -0.5    -7.5    -4.0    -3.5     0.0    14.87 C    -1.5   -17.3    -7.2    94.2    56.2    71.8 -99.000 -99.000 -99.000 -99.000 -99.000    -1.0    -1.1 -9999.0 -9999.0 -9999.0
04126 20130308  2.413 -113.56   43.46     1.1    -5.0    -2.0    -2.5     3.6    14.23 C     0.0   -12.3    -4.8    95.2    63.3    81.8 -99.000 -99.000 -99.000 -99.000 -99.000    -1.0    -1.1 -9999.0 -9999.0 -9999.0
04126 20130309  2.413 -113.56   43.46     2.7    -6.3    -1.8    -1.2     0.0    19.40 C    -0.5   -16.3    -8.0    76.8    42.7    61.6 -99.000 -99.000 -99.000 -99.000 -99.000    -1.0    -1.1 -9999.0 -9999.0 -9999.0
04126 20130310  2.413 -113.56   43.46     3.5    -7.3    -1.9    -0.5     0.0    17.27 C    -0.1   -14.6    -6.1    81.2    47.7    64.8 -99.000 -99.000 -99.000 -99.000 -99.000    -1.1    -1.1 -9999.0 -9999.0 -9999.0
04126 20130311  2.413 -113.56   43.46     6.6    -2.8     1.9     2.1     0.0    15.50 C     0.1    -7.2    -2.7    82.1    51.7    64.5 -99.000 -99.000 -99.000 -99.000 -99.000    -0.8    -0.9 -9999.0 -9999.0 -9999.0
04126 20130312  2.413 -113.56   43.46     6.7    -4.1     1.3     1.8     0.0    14.51 C     0.3    -9.9    -3.4    83.0    45.7    61.5 -99.000 -99.000 -99.000 -99.000 -99.000    -0.4    -0.6 -9999.0 -9999.0 -9999.0
04126 20130313  2.413 -113.56   43.46    10.9    -2.2     4.4     3.6     0.0    16.18 C     1.0    -6.7    -2.1    88.3    41.2    69.1 -99.000 -99.000 -99.000 -99.000 -99.000    -0.3    -0.4 -9999.0 -9999.0 -9999.0
04126 20130314  2.413 -113.56   43.46    11.8     0.7     6.2     6.0     0.0    16.29 C     3.1    -5.3    -1.3    84.8    34.1    60.7 -99.000 -99.000 -99.000 -99.000 -99.000    -0.3    -0.4 -9999.0 -9999.0 -9999.0
04126 20130315  2.413 -113.56   43.46    11.3     2.1     6.7     6.6     0.0    17.25 C     7.0    -4.7    -0.1    70.7    27.9    44.9 -99.000 -99.000 -99.000 -99.000 -99.000    -0.3    -0.4 -9999.0 -9999.0 -9999.0
04126 20130316  2.413 -113.56   43.46     8.5    -2.9     2.8     3.5     0.0    17.34 C    12.4    -5.5     0.9    71.8    24.4    48.5 -99.000 -99.000 -99.000 -99.000 -99.000    -0.3    -0.3 -9999.0 -9999.0 -9999.0
04126 20130317  2.413 -113.56   43.46     2.0    -6.7    -2.4    -1.5     0.0    21.61 C    14.0    -6.3     0.4    73.3    22.1    42.6 -99.000 -99.000 -99.000 -99.000 -99.000    -0.3    -0.3 -9999.0 -9999.0 -9999.0
04126 20130318  2.413 -113.56   43.46     2.7    -9.6    -3.5    -2.6     0.0    21.58 C     9.9    -9.2    -1.5    69.7    29.6    45.9 -99.000 -99.000 -99.000 -99.000 -99.000    -0.3    -0.3 -9999.0 -9999.0 -9999.0
04126 20130319  2.413 -113.56   43.46     5.6    -8.6    -1.5    -0.3     0.0    19.76 C    22.0   -10.7     1.1    54.7    14.2    29.8 -99.000 -99.000 -99.000 -99.000 -99.000    -0.6    -0.4 -9999.0 -9999.0 -9999.0
04126 20130320  2.413 -113.56   43.46     5.8    -3.6     1.1     0.5     7.3     9.35 C    10.1    -2.4     0.4    95.6    36.6    80.0 -99.000 -99.000 -99.000 -99.000 -99.000    -0.3    -0.4 -9999.0 -9999.0 -9999.0
04126 20130321  2.413 -113.56   43.46     2.4    -6.6    -2.1    -1.8     0.0    21.60 C     9.2    -8.1    -0.6    85.1    35.7    51.2 -99.000 -99.000 -99.000 -99.000 -99.000    -0.3    -0.4 -9999.0 -9999.0 -9999.0
04126 20130322  2.413 -113.56   43.46    -3.8    -8.3    -6.0    -6.4     2.1     9.87 C    12.0   -10.0    -3.8    91.7    39.9    68.0 -99.000 -99.000 -99.000 -99.000 -99.000    -0.3    -0.4 -9999.0 -9999.0 -9999.0
04126 20130323  2.413 -113.56   43.46    -3.4   -11.7    -7.6    -7.4     3.7    14.75 C     6.6   -16.5    -8.6    91.1    44.3    70.7 -99.000 -99.000 -99.000 -99.000 -99.000    -0.3    -0.4 -9999.0 -9999.0 -9999.0
04126 20130324  2.413 -113.56   43.46    -0.6   -11.7    -6.2    -6.2     0.0    21.70 C    12.4   -19.7    -6.4    89.4    36.3    65.0 -99.000 -99.000 -99.000 -99.000 -99.000    -0.3    -0.4 -9999.0 -9999.0 -9999.0
04126 20130325  2.413 -113.56   43.46     2.1   -11.2    -4.6    -3.7     0.0    20.65 C    18.0   -10.1    -0.2    76.2    29.7    50.1 -99.000 -99.000 -99.000 -99.000 -99.000    -0.6    -0.4 -9999.0 -9999.0 -9999.0
04126 20130326  2.413 -113.56   43.46     4.0    -4.0     0.0    -0.9     1.8    11.96 C    12.6    -4.2     0.6    91.0    46.5    78.1 -99.000 -99.000 -99.000 -99.000 -99.000    -0.3    -0.4 -9999.0 -9999.0 -9999.0
04126 20130327  2.413 -113.56   43.46     9.1    -2.6     3.3     3.2     0.0    16.80 C    26.5    -4.4     4.6    97.4    42.1    69.3 -99.000 -99.000 -99.000 -99.000 -99.000    -0.3    -0.4 -9999.0 -9999.0 -9999.0
04126 20130328  2.413 -113.56   43.46    13.1     0.5     6.8     6.3     0.0    20.72 C    28.9    -2.8     6.8    83.3    26.8    55.1 -99.000 -99.000 -99.000 -99.000 -99.000     0.2    -0.4 -9999.0 -9999.0 -9999.0
04126 20130329  2.413 -113.56   43.46    13.1     2.7     7.9     7.5     0.0    18.78 C    22.9    -2.7     6.4    72.9    34.5    53.4 -99.000 -99.000 -99.000 -99.000 -99.000     0.9    -0.4 -9999.0 -9999.0 -9999.0
04126 20130330  2.413 -113.56   43.46    14.5     0.4     7.5     7.6     0.0    23.55 C    30.1    -3.8     7.9    67.8    22.9    44.4 -99.000 -99.000 -99.000 -99.000 -99.000     2.1    -0.3 -9999.0 -9999.0 -9999.0
04126 20130331  2.413 -113.56   43.46    16.8     0.7     8.8     8.8     0.0    23.99 C    33.0    -4.3     8.4    68.0    12.9    37.9 -99.000 -99.000 -99.000 -99.000 -99.000     3.0     0.1 -9999.0 -9999.0 -9999.0
04126 20130401  2.413 -113.56   43.46    14.3     0.8     7.6     7.9     0.0    19.59 C    32.9    -4.1     7.8    89.7    29.1    51.0 -99.000 -99.000 -99.000 -99.000 -99.000     2.9     0.5 -9999.0 -9999.0 -9999.0
04126 20130402  2.413 -113.56   43.46    15.8     1.8     8.8     9.0     0.0    22.30 C    32.0    -3.5     9.1    87.9    32.6    51.4 -99.000 -99.000 -99.000 -99.000 -99.000     3.9     1.2 -9999.0 -9999.0 -9999.0
04126 20130403  2.413 -113.56   43.46    15.1     1.6     8.3     8.9     0.0    17.76 C    31.5    -3.6     7.1    74.3    28.0    47.5   0.227 -99.000 -99.000 -99.000 -99.000     3.5     1.4 -9999.0 -9999.0 -9999.0
04126 20130404  2.413 -113.56   43.46    16.9     3.0     9.9     9.8     0.0    13.98 C    26.9    -2.9     8.5    63.8    27.8    46.8   0.219   0.233 -99.000 -99.000 -99.000     3.7     1.7 -9999.0 -9999.0 -9999.0
04126 20130405  2.413 -113.56   43.46    11.9     4.4     8.1     7.3     0.0    18.04 C    25.1    -1.9     7.3    79.0    32.6    53.4   0.195   0.225 -99.000 -99.000 -99.000     4.0     2.2 -9999.0 -9999.0 -9999.0
04126 20130406  2.413 -113.56   43.46    10.3     0.3     5.3     5.2     0.0    17.64 C    22.9    -2.6     5.8    97.0    34.4    61.4   0.190   0.220 -99.000 -99.000 -99.000     3.3     1.9 -9999.0 -9999.0 -9999.0
04126 20130407  2.413 -113.56   43.46     7.6    -0.9     3.3     2.4     3.0    11.25 C    15.3    -1.8     2.4    98.4    51.2    82.8   0.189   0.219 -99.000 -99.000 -99.000     2.2     1.5 -9999.0 -9999.0 -9999.0
04126 20130408  2.413 -113.56   43.46     6.7    -2.3     2.2     1.8     0.0    10.96 C    18.0    -4.5     3.1    98.6    32.1    60.7   0.205   0.218 -99.000 -99.000 -99.000     2.2     1.3 -9999.0 -9999.0 -9999.0
04126 20130409  2.413 -113.56   43.46     9.4    -3.4     3.0     1.7     0.0    16.84 C    26.7    -6.2     3.4    59.3    14.5    38.8   0.201   0.213 -99.000 -99.000 -99.000     2.2     1.4 -9999.0 -9999.0 -9999.0
04126 20130410  2.413 -113.56   43.46    12.1    -4.2     3.9     4.6     0.0    20.10 C    26.8    -6.9     5.4    71.8    31.5    49.5   0.184   0.208 -99.000 -99.000 -99.000     2.9     2.0 -9999.0 -9999.0 -9999.0
04126 20130411  2.413 -113.56   43.46    10.6     1.2     5.9     5.9     0.0    24.45 C    27.4    -4.3     6.9    67.2    29.9    44.6   0.176   0.204 -99.000 -99.000 -99.000     4.3     3.1 -9999.0 -9999.0 -9999.0
04126 20130412  2.413 -113.56   43.46    10.9    -3.7     3.6     4.7     0.0    26.26 C    26.2    -7.4     6.4    68.1    19.3    37.3   0.172   0.200 -99.000 -99.000 -99.000     4.4     3.5 -9999.0 -9999.0 -9999.0
04126 20130413  2.413 -113.56   43.46     9.8    -4.4     2.7     3.9     0.7    24.89 C    23.6    -8.9     5.7    86.7    14.1    37.7   0.170   0.197 -99.000 -99.000 -99.000     5.0     4.2 -9999.0 -9999.0 -9999.0
04126 20130414  2.413 -113.56   43.46     3.6    -7.8    -2.1    -1.4     0.0    20.14 C    30.2   -11.3     1.6    57.4    18.5    34.0   0.166   0.192 -99.000 -99.000 -99.000     2.8     2.9 -9999.0 -9999.0 -9999.0
04126 20130415  2.413 -113.56   43.46     0.8    -5.7    -2.5    -3.0     2.1    11.89 C    16.2    -6.3     0.2    94.3    53.1    76.2   0.166   0.192 -99.000 -99.000 -99.000     2.1     2.1 -9999.0 -9999.0 -9999.0
04126 20130416  2.413 -113.56   43.46     1.9    -8.3    -3.2    -3.4     0.0    13.39 C    18.5    -8.5     0.0    90.6    37.6    58.6   0.160   0.191 -99.000 -99.000 -99.000     1.7     1.6 -9999.0 -9999.0 -9999.0
04126 20130417  2.413 -113.56   43.46     2.4    -8.4    -3.0    -3.3     0.0    19.05 C    22.0    -9.9     0.1    85.3    22.4    53.6   0.151   0.188 -99.000 -99.000 -99.000     1.5     1.4 -9999.0 -9999.0 -9999.0
04126 20130418  2.413 -113.56   43.46     8.4    -8.7    -0.1     0.9     0.0    27.25 C    29.9   -11.2     4.4    63.5    25.5    41.6 -99.000   0.185 -99.000 -99.000 -99.000     2.5     1.9 -9999.0 -9999.0 -9999.0
04126 20130419  2.413 -113.56   43.46     9.3    -0.9     4.2     3.6     0.0    12.76 C    19.8    -3.0     4.4    92.0    48.9    64.1   0.160   0.185 -99.000 -99.000 -99.000     3.2     2.7 -9999.0 -9999.0 -9999.0
04126 20130420  2.413 -113.56   43.46    13.6     0.0     6.8     6.3     0.7    19.78 C    26.4    -4.3     7.0    92.9    18.5    54.6   0.159   0.183 -99.000 -99.000 -99.000     4.9     3.8 -9999.0 -9999.0 -9999.0
04126 20130421  2.413 -113.56   43.46    12.9    -1.0     6.0     6.0     0.0    23.51 C    27.9    -5.3     7.0    60.6    23.4    38.3   0.156   0.179 -99.000 -99.000 -99.000     5.2     4.6 -9999.0 -9999.0 -9999.0
04126 20130422  2.413 -113.56   43.46     4.6    -4.3     0.1     0.2     3.4    13.90 C    16.9    -8.5     1.1    94.2    28.8    60.0   0.157   0.180 -99.000 -99.000 -99.000     3.9     4.0 -9999.0 -9999.0 -9999.0
04126 20130423  2.413 -113.56   43.46     6.3    -8.1    -0.9     0.0     0.0    22.48 C    25.7   -11.3     2.3    67.0    25.2    42.3   0.156   0.180 -99.000 -99.000 -99.000     3.1     3.1 -9999.0 -9999.0 -9999.0
04126 20130424  2.413 -113.56   43.46    11.3    -4.7     3.3     4.1     0.0    28.10 C    32.5    -9.3     7.4    58.3    22.0    36.1   0.154   0.177 -99.000 -99.000 -99.000     4.8     3.9 -9999.0 -9999.0 -9999.0
04126 20130425  2.413 -113.56   43.46    15.5     0.9     8.2     8.4     0.0    26.77 C    33.9    -5.6     9.5    48.5    14.6    29.3   0.150   0.173 -99.000 -99.000 -99.000     6.5     5.5 -9999.0 -9999.0 -9999.0
04126 20130426  2.413 -113.56   43.46    18.0     2.0    10.0    11.2     0.0    28.15 C    36.2    -5.5    12.3    42.7    17.1    27.8   0.146   0.168 -99.000 -99.000 -99.000     8.0     6.8 -9999.0 -9999.0 -9999.0
04126 20130427  2.413 -113.56   43.46    20.7     5.2    12.9    13.6     0.0    26.60 C    37.0    -3.1    13.9    47.1    15.6    25.9   0.140   0.163 -99.000 -99.000 -99.000     9.3     8.2 -9999.0 -9999.0 -9999.0
04126 20130428  2.413 -113.56   43.46    18.0     5.9    12.0    12.0     0.0    24.78 C    35.8     0.6    13.3    38.4    11.9    25.7   0.136   0.157 -99.000 -99.000 -99.000     9.8     8.9 -9999.0 -9999.0 -9999.0
04126 20130429  2.413 -113.56   43.46    14.3     3.4     8.8     8.9     0.0    24.43 C    27.5    -2.3    10.0    49.7    23.0    32.3   0.131   0.152 -99.000 -99.000 -99.000     8.7     8.4 -9999.0 -9999.0 -9999.0
04126 20130430  2.413 -113.56   43.46     7.0    -3.3     1.8     1.9     0.4    17.28 C    34.4    -7.3     5.6    85.6    19.2    42.5   0.128   0.148 -99.000 -99.000 -99.000     7.2     7.3 -9999.0 -9999.0 -9999.0
04126 20130501  2.413 -113.56   43.46     9.3    -5.6     1.8     2.3     0.0    27.41 C    38.4    -9.9     8.3    47.9     8.7    26.0   0.126   0.146 -99.000 -99.000 -99.000     7.9     7.2 -9999.0 -9999.0 -9999.0
04126 20130502  2.413 -113.56   43.46    14.1    -2.9     5.6     6.6     0.0    28.63 C    40.5    -9.4    11.0    37.3    12.5    20.8   0.123   0.142 -99.000 -99.000 -99.000     8.7     7.9 -9999.0 -9999.0 -9999.0
04126 20130503  2.413 -113.56   43.46    17.1     1.4     9.2     9.4     0.0    21.66 C    47.6    -4.6    13.6    63.6    11.0    28.2   0.118   0.138 -99.000 -99.000 -99.000    10.4     9.3 -9999.0 -9999.0 -9999.0
04126 20130504  2.413 -113.56   43.46    16.1     2.3     9.2     7.9     0.0    19.97 C    42.0     0.5    12.4    68.7    25.4    52.4   0.115   0.135 -99.000 -99.000 -99.000    11.1    10.1 -9999.0 -9999.0 -9999.0
04126 20130505  2.413 -113.56   43.46    17.5     0.1     8.8    10.4     0.0    24.07 C    43.5    -2.7    14.8    81.8    22.5    44.9   0.111   0.131 -99.000 -99.000 -99.000    11.6    10.4 -9999.0 -9999.0 -9999.0
04126 20130506  2.413 -113.56   43.46    20.2     2.2    11.2    10.9     4.0    20.96 C    50.0    -1.9    14.1    74.1    19.0    47.5   0.109   0.129 -99.000 -99.000 -99.000    12.4    11.4 -9999.0 -9999.0 -9999.0
04126 20130507  2.413 -113.56   43.46    16.8     5.3    11.1    10.3     4.5    22.23 C    39.0     3.8    14.2    92.1    44.0    63.6   0.112   0.132 -99.000 -99.000 -99.000    13.1    12.0 -9999.0 -9999.0 -9999.0
04126 20130508  2.413 -113.56   43.46    20.7     4.7    12.7    12.3     0.0    26.14 C    40.3     1.1    15.6    86.3    19.2    53.8   0.114   0.135 -99.000 -99.000 -99.000    14.1    12.7 -9999.0 -9999.0 -9999.0
04126 20130509  2.413 -113.56   43.46    21.2     5.9    13.6    13.5     0.9    21.92 C    49.1    -0.1    15.2    67.3    19.7    42.4   0.109   0.130 -99.000 -99.000 -99.000    14.4    13.4 -9999.0 -9999.0 -9999.0
04126 20130510  2.413 -113.56   43.46    23.1     7.1    15.1    15.3     0.0    25.97 C    48.8     0.5    18.5    57.9    15.4    35.1   0.103   0.126 -99.000 -99.000 -99.000    15.8    14.3 -9999.0 -9999.0 -9999.0
04126 20130511  2.413 -113.56   43.46    23.7     9.8    16.8    17.2     0.3    24.14 C    53.0     1.9    18.4    45.4    17.3    28.6   0.095   0.120 -99.000 -99.000 -99.000    16.3    15.1 -9999.0 -9999.0 -9999.0
04126 20130512  2.413 -113.56   43.46    26.5    10.6    18.6    19.7     0.0    26.43 C    47.1     3.4    20.8    42.9    15.8    25.4   0.082   0.115 -99.000 -99.000 -99.000    17.1    15.7 -9999.0 -9999.0 -9999.0
04126 20130513  2.413 -113.56   43.46    27.1    10.7    18.9    20.6     0.0    29.94 C    45.2     3.6    22.1    49.1    11.7    23.5   0.068   0.109 -99.000 -99.000 -99.000    17.7    16.3 -9999.0 -9999.0 -9999.0
04126 20130514  2.413 -113.56   43.46    23.2    10.0    16.6    17.5     0.0    30.66 C    41.7     6.0    20.6    57.8     9.9    27.0   0.060   0.102 -99.000 -99.000 -99.000    18.0    16.9 -9999.0 -9999.0 -9999.0
04126 20130515  2.413 -113.56   43.46    22.7     8.6    15.6    16.2     0.0    27.22 C    48.0     1.2    20.0    38.1    17.2    27.5   0.052   0.096 -99.000 -99.000 -99.000    17.9    16.8 -9999.0 -9999.0 -9999.0
04126 20130516  2.413 -113.56   43.46    17.3     9.1    13.2    12.6     0.0    17.74 C    37.1     4.8    15.6    67.9    31.3    48.2   0.048   0.091 -99.000 -99.000 -99.000    16.7    16.3 -9999.0 -9999.0 -9999.0
04126 20130517  2.413 -113.56   43.46    15.1     6.2    10.6     9.6     3.5    19.42 C    28.0     3.9    12.3    96.1    41.1    70.9   0.048   0.089 -99.000 -99.000 -99.000    15.2    14.9 -9999.0 -9999.0 -9999.0
04126 20130518  2.413 -113.56   43.46    15.2     4.1     9.7     8.0     0.2    15.74 C    40.0     1.2    11.5    85.8    31.6    68.1   0.046   0.087 -99.000 -99.000 -99.000    13.9    13.7 -9999.0 -9999.0 -9999.0
04126 20130519  2.413 -113.56   43.46    12.5     3.6     8.1     7.7     2.9    14.04 C    25.2     0.9     9.4    86.1    53.2    69.4   0.046   0.087 -99.000 -99.000 -99.000    12.5    12.6 -9999.0 -9999.0 -9999.0
04126 20130520  2.413 -113.56   43.46    17.1     5.7    11.4    10.9     0.0    19.72 C    40.1     1.3    13.2    79.2    34.7    50.8   0.046   0.086 -99.000 -99.000 -99.000    14.1    13.2 -9999.0 -9999.0 -9999.0
04126 20130521  2.413 -113.56   43.46    19.4     5.6    12.5    11.8     0.0    16.18 C    32.5    -2.0    12.3    72.6    23.4    52.4   0.043   0.082 -99.000 -99.000 -99.000    13.3    12.9 -9999.0 -9999.0 -9999.0
04126 20130522  2.413 -113.56   43.46    13.1     4.1     8.6     7.8     0.0    18.58 C    28.5     1.7    10.2    75.3    12.6    42.1   0.038   0.079 -99.000 -99.000 -99.000    12.4    12.4 -9999.0 -9999.0 -9999.0
04126 20130523  2.413 -113.56   43.46    13.2     0.8     7.0     6.2     0.0    20.04 C    42.6    -0.1    11.7    66.6    19.3    39.7   0.034   0.075 -99.000 -99.000 -99.000    12.9    12.4 -9999.0 -9999.0 -9999.0
04126 20130524  2.413 -113.56   43.46    16.8    -0.2     8.3     9.2     0.0    31.55 C    38.7    -7.1    12.9    45.9    13.7    26.7   0.030   0.071 -99.000 -99.000 -99.000    13.3    12.5 -9999.0 -9999.0 -9999.0
04126 20130525  2.413 -113.56   43.46    18.4     4.1    11.2    11.6     0.0    24.11 C    38.7    -3.5    13.5    41.8    14.4    27.2   0.025   0.065 -99.000 -99.000 -99.000    13.8    13.1 -9999.0 -9999.0 -9999.0
04126 20130526  2.413 -113.56   43.46    18.9     7.4    13.2    12.5     0.0    17.69 C    41.5     3.6    14.8    51.2    22.4    34.0   0.022   0.059 -99.000 -99.000 -99.000    14.4    13.6 -9999.0 -9999.0 -9999.0
04126 20130527  2.413 -113.56   43.46    15.9     2.7     9.3     9.2     0.0    27.66 C    39.7     1.2    15.0    88.7    22.9    55.1   0.020   0.054 -99.000 -99.000 -99.000    15.0    14.0 -9999.0 -9999.0 -9999.0
04126 20130528  2.413 -113.56   43.46    12.4     4.6     8.5     7.2     0.6    13.16 C    31.0     0.6     9.5    92.1    57.1    79.0   0.018   0.051 -99.000 -99.000 -99.000    13.5    13.4 -9999.0 -9999.0 -9999.0
04126 20130529  2.413 -113.56   43.46    14.5     2.5     8.5     8.4     0.0    18.82 C    26.2    -2.8     9.6    90.2    32.2    61.8   0.018   0.049 -99.000 -99.000 -99.000    12.2    12.1 -9999.0 -9999.0 -9999.0
04126 20130530  2.413 -113.56   43.46    16.2     0.7     8.5     8.9     0.0    26.51 C    39.6    -4.6    13.3    74.0    24.0    45.8   0.017   0.047 -99.000 -99.000 -99.000    13.3    12.4 -9999.0 -9999.0 -9999.0
04126 20130531  2.413 -113.56   43.46    17.6     2.5    10.0    10.3     0.0    29.48 C    45.9    -4.4    16.0    63.0    22.4    40.9   0.017   0.044 -99.000 -99.000 -99.000    15.6    14.2 -9999.0 -9999.0 -9999.0
04126 20130601  2.413 -113.56   43.46    20.9     4.2    12.5    13.4     0.0    31.70 C    48.9    -3.0    19.8    52.2    17.0    31.7   0.015   0.040 -99.000 -99.000 -99.000    17.8    15.9 -9999.0 -9999.0 -9999.0
04126 20130602  2.413 -113.56   43.46    24.4     8.3    16.4    16.2     0.0    31.24 C    43.3     0.6    19.6    48.7    10.5    26.4   0.012   0.038 -99.000 -99.000 -99.000    18.6    17.1 -9999.0 -9999.0 -9999.0
04126 20130603  2.413 -113.56   43.46    19.0     3.6    11.3    12.1     0.0    32.38 C    43.9    -2.4    17.7    62.6    21.2    37.0   0.012   0.035 -99.000 -99.000 -99.000    18.2    16.9 -9999.0 -9999.0 -9999.0
04126 20130604  2.413 -113.56   43.46    20.9     5.2    13.0    13.6     0.0    28.61 C    49.1    -2.0    19.4    55.7    21.9    35.3   0.011   0.033 -99.000 -99.000 -99.000    19.4    17.8 -9999.0 -9999.0 -9999.0
04126 20130605  2.413 -113.56   43.46    23.2     8.2    15.7    16.4     0.0    31.97 C    49.5     0.0    22.0    51.2    18.8    32.2   0.009   0.031 -99.000 -99.000 -99.000    20.9    19.0 -9999.0 -9999.0 -9999.0
04126 20130606  2.413 -113.56   43.46    26.8    10.0    18.4    18.2     0.0    26.79 C    49.2     4.3    21.6    54.4    17.8    35.7   0.007   0.029 -99.000 -99.000 -99.000    21.5    19.7 -9999.0 -9999.0 -9999.0
04126 20130607  2.413 -113.56   43.46    28.6    11.7    20.1    20.6     0.0    29.94 C    46.9     4.3    23.1    59.4    15.1    30.7   0.007   0.027 -99.000 -99.000 -99.000    21.6    19.8 -9999.0 -9999.0 -9999.0
04126 20130608  2.413 -113.56   43.46    26.2    10.3    18.3    19.7     0.0    32.15 C    47.9     4.6    23.7    49.2    14.9    28.6   0.006   0.024 -99.000 -99.000 -99.000    22.5    20.4 -9999.0 -9999.0 -9999.0
04126 20130609  2.413 -113.56   43.46    29.5    12.2    20.8    21.7     0.0    32.27 C    47.5     5.3    24.5    44.7    14.8    25.2   0.006   0.022 -99.000 -99.000 -99.000    22.8    20.9 -9999.0 -9999.0 -9999.0
04126 20130610  2.413 -113.56   43.46    29.2    16.2    22.7    23.3     0.0    27.82 C    48.3    11.6    25.9    37.7    12.5    23.5   0.006   0.020 -99.000 -99.000 -99.000    24.1    21.9 -9999.0 -9999.0 -9999.0
04126 20130611  2.413 -113.56   43.46    25.2    14.3    19.7    19.2     0.0    27.01 C    41.3     7.5    22.6    45.1    18.3    32.4   0.008   0.018 -99.000 -99.000 -99.000    23.4    21.7 -9999.0 -9999.0 -9999.0
04126 20130612  2.413 -113.56   43.46    21.4    10.0    15.7    15.2     0.9    11.86 C    39.2     6.5    15.3    82.2    30.7    52.3   0.008   0.015 -99.000 -99.000 -99.000    19.7    19.5 -9999.0 -9999.0 -9999.0
04126 20130613  2.413 -113.56   43.46    20.0     7.9    14.0    13.6     1.0    26.92 C    35.9     2.7    16.3    95.5    14.3    47.3   0.007   0.015 -99.000 -99.000 -99.000    19.0    18.5 -9999.0 -9999.0 -9999.0
04126 20130614  2.413 -113.56   43.46    16.6     2.6     9.6    10.1     0.0    32.13 C    37.0     1.5    15.8    80.3    23.4    43.0   0.006   0.014 -99.000 -99.000 -99.000    18.9    18.0 -9999.0 -9999.0 -9999.0
04126 20130615  2.413 -113.56   43.46    23.5     3.4    13.5    14.5     0.0    33.06 C    50.1    -2.7    20.3    55.8     7.5    25.9   0.006   0.013 -99.000 -99.000 -99.000    21.2    19.3 -9999.0 -9999.0 -9999.0
04126 20130616  2.413 -113.56   43.46    28.2     9.3    18.8    19.6     0.0    30.53 C    54.5     1.0    24.2    28.7     7.5    16.5   0.009   0.013 -99.000 -99.000 -99.000    23.2    21.0 -9999.0 -9999.0 -9999.0
04126 20130617  2.413 -113.56   43.46    28.0    12.5    20.3    20.9     0.0    32.54 C    51.1     4.6    24.9    34.7     7.9    19.1   0.009   0.012 -99.000 -99.000 -99.000    24.9    22.3 -9999.0 -9999.0 -9999.0
04126 20130618  2.413 -113.56   43.46    28.9    12.5    20.7    21.5     0.0    32.16 C    52.3     4.7    25.7    32.7     9.0    18.0   0.007   0.012 -99.000 -99.000 -99.000    25.8    23.1 -9999.0 -9999.0 -9999.0
04126 20130619  2.413 -113.56   43.46    17.5     2.7    10.1    11.0     1.2    17.16 C    35.2     1.1    13.3    86.6    20.7    50.3   0.009   0.012 -99.000 -99.000 -99.000    21.7    21.7 -9999.0 -9999.0 -9999.0
04126 20130620  2.413 -113.56   43.46    15.2     0.4     7.8     8.2     0.0    33.20 C    39.0    -1.1    14.1    97.9    18.5    52.6   0.008   0.011 -99.000 -99.000 -99.000    19.0    18.5 -9999.0 -9999.0 -9999.0
04126 20130621  2.413 -113.56   43.46    17.0     6.5    11.8    11.2     0.0    25.45 C    42.0     2.8    16.9    59.5    24.1    39.1   0.009   0.011 -99.000 -99.000 -99.000    20.2    19.1 -9999.0 -9999.0 -9999.0
04126 20130622  2.413 -113.56   43.46    18.7     4.5    11.6    12.2     0.0    32.22 C    43.8     1.9    18.4    62.0    29.6    41.5   0.008   0.010 -99.000 -99.000 -99.000    21.2    19.6 -9999.0 -9999.0 -9999.0
04126 20130623  2.413 -113.56   43.46    24.3     5.0    14.6    16.7     0.0    30.81 C    48.7    -1.5    21.6    60.6    14.8    29.9   0.008   0.010 -99.000 -99.000 -99.000    22.5    20.4 -9999.0 -9999.0 -9999.0
04126 20130624  2.413 -113.56   43.46    20.3    10.6    15.4    14.9     0.6    16.28 C    40.3     8.4    16.8    77.4    25.8    48.5   0.010   0.009 -99.000 -99.000 -99.000    21.6    20.7 -9999.0 -9999.0 -9999.0
04126 20130625  2.413 -113.56   43.46    19.8     8.4    14.1    13.4     1.2    22.24 C    39.4     6.8    16.2    93.6    37.1    67.9   0.009   0.009 -99.000 -99.000 -99.000    19.8    19.0 -9999.0 -9999.0 -9999.0
04126 20130626  2.413 -113.56   43.46    24.7     9.7    17.2    17.7     0.0    28.04 C    42.8     6.7    21.4    82.8    27.9    51.4   0.008   0.010 -99.000 -99.000 -99.000    21.3    19.5 -9999.0 -9999.0 -9999.0
04126 20130627  2.413 -113.56   43.46    31.1    13.0    22.0    23.4     0.0    31.93 C    54.0     7.4    27.2    55.8    10.8    30.2   0.008   0.009 -99.000 -99.000 -99.000    24.9    21.9 -9999.0 -9999.0 -9999.0
04126 20130628  2.413 -113.56   43.46    34.2    16.9    25.5    26.4     0.0    32.39 C    59.0     7.9    30.9    29.6     7.6    17.6   0.009   0.010 -99.000 -99.000 -99.000    28.3    24.6 -9999.0 -9999.0 -9999.0
04126 20130629  2.413 -113.56   43.46    35.5    16.8    26.2    25.7     5.8    27.88 C    59.1    12.5    30.1    68.3    10.7    28.5   0.007   0.009 -99.000 -99.000 -99.000    29.7    26.5 -9999.0 -9999.0 -9999.0
04126 20130630  2.413 -113.56   43.46    34.1    14.0    24.1    24.8     0.0    28.59 C    53.1    10.7    26.9    67.7    13.1    35.2   0.008   0.009 -99.000 -99.000 -99.000    28.0    26.4 -9999.0 -9999.0 -9999.0
04126 20130701  2.413 -113.56   43.46    33.3    18.8    26.1    25.5     0.0    19.52 C    59.5    13.2    26.9    50.7    15.5    29.3   0.009   0.009 -99.000 -99.000 -99.000    26.7    25.8 -9999.0 -9999.0 -9999.0
04126 20130702  2.413 -113.56   43.46    35.0    16.8    25.9    24.6     0.2    21.74 C    60.9     9.6    27.1    62.5    15.9    34.2   0.010   0.008 -99.000 -99.000 -99.000    26.4    25.2 -9999.0 -9999.0 -9999.0
04126 20130703  2.413 -113.56   43.46    32.0    16.6    24.3    23.8     0.0    16.68 C    53.3    12.0    25.9    60.8    17.9    36.7   0.009   0.008 -99.000 -99.000 -99.000    25.7    24.8 -9999.0 -9999.0 -9999.0
04126 20130704  2.413 -113.56   43.46    32.0    16.5    24.3    24.4     0.0    28.40 C    55.4    10.7    28.9    59.2    15.5    33.4   0.009   0.009 -99.000 -99.000 -99.000    27.1    25.3 -9999.0 -9999.0 -9999.0
04126 20130705  2.413 -113.56   43.46    29.1    15.3    22.2    21.2     3.8    29.97 C    51.0    13.7    25.2    61.7    18.7    40.2   0.008   0.009 -99.000 -99.000 -99.000    26.9    25.8 -9999.0 -9999.0 -9999.0
04126 20130706  2.413 -113.56   43.46    29.1    10.9    20.0    20.7     0.0    27.98 C    49.4     7.0    24.3    73.9    14.8    42.2   0.009   0.010 -99.000 -99.000 -99.000    24.9    23.9 -9999.0 -9999.0 -9999.0
04126 20130707  2.413 -113.56   43.46    30.7    11.9    21.3    21.5     0.0    30.13 C    51.9     7.1    26.4    69.2    10.5    38.3   0.010   0.010 -99.000 -99.000 -99.000    25.8    24.5 -9999.0 -9999.0 -9999.0
04126 20130708  2.413 -113.56   43.46    30.8    12.4    21.6    22.4     0.0    30.28 C    50.1     8.9    25.9    70.6    10.4    31.6   0.009   0.010 -99.000 -99.000 -99.000    25.9    24.8 -9999.0 -9999.0 -9999.0
04126 20130709  2.413 -113.56   43.46    31.2    14.5    22.9    24.0     0.0    31.83 C    55.3     5.0    27.3    27.3     8.0    14.8   0.010   0.010 -99.000 -99.000 -99.000    26.1    24.6 -9999.0 -9999.0 -9999.0
04126 20130710  2.413 -113.56   43.46    34.5    16.6    25.6    25.8     0.0    28.45 C    58.8     7.2    29.5    26.0     5.8    14.3   0.005   0.012 -99.000 -99.000 -99.000    28.1    26.0 -9999.0 -9999.0 -9999.0
04126 20130711  2.413 -113.56   43.46    24.4    14.6    19.5    20.6     0.0     9.96 C    30.6    12.5    20.7    61.8    10.6    31.2   0.009   0.014 -99.000 -99.000 -99.000    24.7    24.6 -9999.0 -9999.0 -9999.0
04126 20130712  2.413 -113.56   43.46    28.3     9.9    19.1    20.2     0.0    30.58 C    50.4     3.9    25.0    79.4    10.4    38.2   0.010   0.013 -99.000 -99.000 -99.000    25.3    23.5 -9999.0 -9999.0 -9999.0
04126 20130713  2.413 -113.56   43.46    28.1    12.9    20.5    21.0     0.0    31.24 C    49.7     5.6    24.9    47.5    10.1    25.8   0.009   0.013 -99.000 -99.000 -99.000    26.5    24.6 -9999.0 -9999.0 -9999.0
04126 20130714  2.413 -113.56   43.46    30.6    13.3    22.0    22.9     0.0    31.01 C    54.2     6.3    27.9    33.2     7.9    16.4   0.008   0.012 -99.000 -99.000 -99.000    27.8    25.4 -9999.0 -9999.0 -9999.0
04126 20130715  2.413 -113.56   43.46    31.9    14.2    23.1    23.8     0.0    25.77 C    59.5     5.9    28.2    32.0    11.4    20.8   0.008   0.011 -99.000 -99.000 -99.000    28.7    26.2 -9999.0 -9999.0 -9999.0
04126 20130716  2.413 -113.56   43.46    30.3    17.0    23.7    23.3     0.3    18.77 C    57.0    13.6    27.5    62.4    19.8    35.7   0.010   0.011 -99.000 -99.000 -99.000    29.1    26.8 -9999.0 -9999.0 -9999.0
04126 20130717  2.413 -113.56   43.46    31.7    13.8    22.8    23.4     0.0    28.15 C    57.8    12.9    29.7    84.4    10.7    42.3   0.008   0.009 -99.000 -99.000 -99.000    30.2    27.4 -9999.0 -9999.0 -9999.0
04126 20130718  2.413 -113.56   43.46    32.8    16.6    24.7    25.4     0.0    31.11 C    56.1     7.9    29.2    40.5     4.7    18.2   0.007   0.010 -99.000 -99.000 -99.000    30.0    27.5 -9999.0 -9999.0 -9999.0
04126 20130719  2.413 -113.56   43.46    34.2    15.3    24.8    26.1     0.0    30.98 C    58.0     8.4    30.4    29.8     6.2    14.5   0.008   0.008 -99.000 -99.000 -99.000    30.8    28.1 -9999.0 -9999.0 -9999.0
04126 20130720  2.413 -113.56   43.46    33.6    17.1    25.4    26.0     0.0    30.33 C    55.3     8.5    28.6    23.9     6.9    12.9   0.007   0.008 -99.000 -99.000 -99.000    30.5    28.2 -9999.0 -9999.0 -9999.0
04126 20130721  2.413 -113.56   43.46    32.9    14.4    23.6    25.0     0.0    31.01 C    55.9     6.3    27.7    23.0     3.7    10.8   0.007   0.007 -99.000 -99.000 -99.000    29.7    27.5 -9999.0 -9999.0 -9999.0
04126 20130722  2.413 -113.56   43.46    33.4    14.3    23.8    25.5     0.0    31.42 C    54.7     4.5    26.3    15.8     3.2     7.2   0.005   0.006 -99.000 -99.000 -99.000    28.7    27.0 -9999.0 -9999.0 -9999.0
04126 20130723  2.413 -113.56   43.46    31.7    13.4    22.5    23.9     0.0    27.60 C    57.4     2.0    26.6    18.8     4.9     9.3 -99.000   0.007 -99.000 -99.000 -99.000    28.3    26.5 -9999.0 -9999.0 -9999.0
04126 20130724  2.413 -113.56   43.46    31.9    15.9    23.9    24.6     0.0    17.95 C    54.8    10.8    26.4    22.1     6.1    12.2   0.004   0.006 -99.000 -99.000 -99.000    28.3    26.7 -9999.0 -9999.0 -9999.0
04126 20130725  2.413 -113.56   43.46    32.3    15.7    24.0    24.7     0.0    26.34 C    56.4     9.7    29.3    27.6     7.8    15.1   0.004   0.009 -99.000 -99.000 -99.000    29.7    27.1 -9999.0 -9999.0 -9999.0
04126 20130726  2.413 -113.56   43.46    33.3    17.1    25.2    25.3     0.0    22.08 C    57.7     8.6    28.2    29.0     9.7    18.1   0.004   0.008 -99.000 -99.000 -99.000    29.8    27.6 -9999.0 -9999.0 -9999.0
04126 20130727  2.413 -113.56   43.46    28.5    13.1    20.8    21.1     0.0    23.23 C    53.2    11.8    25.5    73.0    18.1    38.6   0.004   0.009 -99.000 -99.000 -99.000    29.5    27.8 -9999.0 -9999.0 -9999.0
04126 20130728  2.413 -113.56   43.46    27.3    12.4    19.8    20.0     0.0    25.77 C    50.3     7.1    23.9    75.3    14.8    39.3   0.005   0.010 -99.000 -99.000 -99.000    27.8    26.6 -9999.0 -9999.0 -9999.0
04126 20130729  2.413 -113.56   43.46    28.5    12.8    20.7    20.7     0.0    27.96 C    53.7     6.3    26.0    58.0    13.3    32.5   0.004   0.009 -99.000 -99.000 -99.000    28.3    26.5 -9999.0 -9999.0 -9999.0
04126 20130730  2.413 -113.56   43.46    29.5    13.6    21.5    21.8     0.0    28.00 C    49.5     6.9    25.2    53.0     6.3    25.6   0.004   0.010 -99.000 -99.000 -99.000    28.3    26.8 -9999.0 -9999.0 -9999.0
04126 20130731  2.413 -113.56   43.46    31.4    12.4    21.9    22.5     0.0    22.37 C    56.7     7.3    26.0    48.9    12.4    24.2   0.004   0.010 -99.000 -99.000 -99.000    27.9    26.3 -9999.0 -9999.0 -9999.0
04126 20130801  2.413 -113.56   43.46    29.3    15.5    22.4    22.4     0.0    28.97 C    46.9    11.7    26.8    56.7    10.2    27.5   0.004   0.010 -99.000 -99.000 -99.000    29.0    27.2 -9999.0 -9999.0 -9999.0
04126 20130802  2.413 -113.56   43.46    24.4    10.5    17.4    18.3     0.0    28.30 C    44.6     7.4    22.6    53.5     9.7    24.4   0.004   0.010 -99.000 -99.000 -99.000    27.0    26.2 -9999.0 -9999.0 -9999.0
04126 20130803  2.413 -113.56   43.46    27.2    12.8    20.0    20.8     0.0    28.94 C    50.4     5.3    24.3    27.2     8.5    15.4   0.005   0.010 -99.000 -99.000 -99.000    27.2    25.7 -9999.0 -9999.0 -9999.0
04126 20130804  2.413 -113.56   43.46    30.2    13.0    21.6    22.4     0.0    28.94 C    52.1     4.2    25.4    27.4     7.9    15.1 -99.000   0.010 -99.000 -99.000 -99.000    27.7    26.0 -9999.0 -9999.0 -9999.0
04126 20130805  2.413 -113.56   43.46    31.6    13.6    22.6    23.9     0.0    28.96 C    52.7     6.6    26.5    24.7     6.4    13.1 -99.000   0.010 -99.000 -99.000 -99.000    28.3    26.5 -9999.0 -9999.0 -9999.0
04126 20130806  2.413 -113.56   43.46    31.0    14.7    22.9    23.5     0.0    28.77 C    52.9     6.1    25.8    26.2     7.9    14.5 -99.000   0.010 -99.000 -99.000 -99.000    28.2    26.6 -9999.0 -9999.0 -9999.0
04126 20130807  2.413 -113.56   43.46    31.2    13.7    22.4    23.4     0.0    27.47 C    58.1     4.0    27.1    29.3     6.8    14.8 -99.000   0.010 -99.000 -99.000 -99.000    28.9    26.9 -9999.0 -9999.0 -9999.0
04126 20130808  2.413 -113.56   43.46    29.8    15.8    22.8    22.1     0.0    21.22 C    56.8     8.5    26.3    46.8    12.0    22.0 -99.000   0.010 -99.000 -99.000 -99.000    28.9    27.2 -9999.0 -9999.0 -9999.0
04126 20130809  2.413 -113.56   43.46    29.6    13.9    21.8    22.1     0.0    26.55 C    56.8     8.1    27.1    51.2     8.9    25.8 -99.000   0.010 -99.000 -99.000 -99.000    29.5    27.7 -9999.0 -9999.0 -9999.0
04126 20130810  2.413 -113.56   43.46    30.1    15.4    22.8    22.6     0.0    26.41 C    52.6    11.0    27.1    42.4     8.2    20.5 -99.000   0.010 -99.000 -99.000 -99.000    29.5    27.7 -9999.0 -9999.0 -9999.0
04126 20130811  2.413 -113.56   43.46    29.6    15.0    22.3    22.6     0.0    25.88 C    52.1     8.4    25.9    29.3     7.5    16.3 -99.000   0.011 -99.000 -99.000 -99.000    28.6    27.0 -9999.0 -9999.0 -9999.0
04126 20130812  2.413 -113.56   43.46    30.7    13.3    22.0    22.5     0.0    25.29 C    55.3     8.1    26.6    30.0     4.9    17.7 -99.000   0.010 -99.000 -99.000 -99.000    28.8    27.1 -9999.0 -9999.0 -9999.0
04126 20130813  2.413 -113.56   43.46    30.0    15.5    22.8    21.8     0.0    25.13 C    55.1     6.5    26.6    37.7     8.9    24.1 -99.000   0.010 -99.000 -99.000 -99.000    29.1    27.3 -9999.0 -9999.0 -9999.0
04126 20130814  2.413 -113.56   43.46    31.5    12.4    22.0    22.4     0.0    26.18 C    56.4     7.3    26.9    45.5     5.7    21.2 -99.000   0.010 -99.000 -99.000 -99.000    29.3    27.6 -9999.0 -9999.0 -9999.0
04126 20130815  2.423 -113.56   43.46 -9999.0 -9999.0 -9999.0 -9999.0 -9999.0 -9999.00 U -9999.0 -9999.0 -9999.0 -9999.0 -9999.0 -9999.0 -99.000 -99.000 -99.000 -99.000 -99.000 -9999.0 -9999.0 -9999.0 -9999.0 -9999.0
04126 20130816  2.423 -113.56   43.46    32.6    15.7    24.2    25.2     0.0    26.92 C    53.3     6.0    26.7    15.5     5.0     9.9 -99.000   0.010 -99.000 -99.000 -99.000    29.0    27.3 -9999.0 -9999.0 -9999.0
04126 20130817  2.423 -113.56   43.46    32.2    17.2    24.7    24.8     0.0    24.09 C    53.0     8.4    25.7    20.4     6.3    13.2 -99.000   0.009 -99.000 -99.000 -99.000    28.4    27.0 -9999.0 -9999.0 -9999.0
04126 20130818  2.423 -113.56   43.46    31.4    16.9    24.2    24.7     0.0    24.48 C    50.3     7.3    26.1    23.6    10.6    16.8 -99.000   0.009 -99.000 -99.000 -99.000    28.1    26.6 -9999.0 -9999.0 -9999.0
04126 20130819  2.423 -113.56   43.46    31.3    16.9    24.1    24.5     0.0    22.18 C    48.8     7.9    25.4    30.8    13.0    18.7 -99.000   0.009 -99.000 -99.000 -99.000    27.7    26.5 -9999.0 -9999.0 -9999.0
04126 20130820  2.423 -113.56   43.46    31.8    16.5    24.1    24.7     0.0    24.44 C    51.2     6.9    26.4    36.3    12.0    20.7 -99.000   0.009 -99.000 -99.000 -99.000    28.2    26.7 -9999.0 -9999.0 -9999.0
04126 20130821  2.423 -113.56   43.46    28.3    15.1    21.7    22.0     0.0    19.97 C    50.1     8.8    25.3    45.7    20.3    32.7 -99.000   0.010 -99.000 -99.000 -99.000    28.4    27.1 -9999.0 -9999.0 -9999.0
04126 20130822  2.423 -113.56   43.46    30.5    14.4    22.5    21.5     0.5    23.67 C    53.1     8.4    25.2    58.9    15.2    38.1 -99.000   0.009 -99.000 -99.000 -99.000    28.1    26.6 -9999.0 -9999.0 -9999.0
04126 20130823  2.423 -113.56   43.46    28.1    15.1    21.6    20.7     0.0    20.55 C    47.7     7.5    22.9    54.1    21.9    38.5 -99.000   0.009 -99.000 -99.000 -99.000    26.4    25.8 -9999.0 -9999.0 -9999.0
04126 20130824  2.423 -113.56   43.46    27.3    10.3    18.8    17.3     0.0    15.39 C    46.0     7.0    20.2    86.2    17.4    54.4   0.003   0.009 -99.000 -99.000 -99.000    25.0    24.7 -9999.0 -9999.0 -9999.0
04126 20130825  2.423 -113.56   43.46    28.4    10.0    19.2    19.1     0.0    22.78 C    52.0     5.1    23.7    84.1    12.9    42.7 -99.000   0.009 -99.000 -99.000 -99.000    25.1    24.1 -9999.0 -9999.0 -9999.0
04126 20130826  2.423 -113.56   43.46    25.7    12.9    19.3    19.6     0.2    20.78 C    47.1     6.2    22.5    59.1    19.9    41.7   0.003   0.009 -99.000 -99.000 -99.000    25.6    24.7 -9999.0 -9999.0 -9999.0
04126 20130827  2.423 -113.56   43.46    28.3    13.6    20.9    20.7     0.0    20.90 C    55.1     6.5    24.4    63.3    19.6    43.2   0.003   0.009 -99.000 -99.000 -99.000    26.1    24.8 -9999.0 -9999.0 -9999.0
04126 20130828  2.423 -113.56   43.46    26.9    14.0    20.4    20.5     0.0    21.10 C    49.1     9.3    24.4    73.9    27.3    47.1   0.003   0.010 -99.000 -99.000 -99.000    26.6    25.3 -9999.0 -9999.0 -9999.0
04126 20130829  2.423 -113.56   43.46    30.0    14.8    22.4    21.8     0.0    22.26 C    51.7     8.7    25.1    65.5    17.8    39.5   0.003   0.010 -99.000 -99.000 -99.000    27.0    25.5 -9999.0 -9999.0 -9999.0
04126 20130830  2.423 -113.56   43.46    29.9    15.2    22.6    23.1     0.0    22.99 C    46.7     7.3    24.0    39.1     8.1    20.2   0.003   0.009 -99.000 -99.000 -99.000    26.0    25.1 -9999.0 -9999.0 -9999.0
04126 20130831  2.423 -113.56   43.46    30.1    12.2    21.1    22.3     0.0    23.77 C    51.5     3.7    23.8    22.6     8.8    14.1 -99.000   0.009 -99.000 -99.000 -99.000    25.8    24.7 -9999.0 -9999.0 -9999.0
04126 20130901  2.423 -113.56   43.46    31.3    13.3    22.3    23.4     0.0    20.93 C    54.8     5.0    25.6    29.5     9.0    16.1 -99.000   0.008 -99.000 -99.000 -99.000    26.4    25.0 -9999.0 -9999.0 -9999.0
04126 20130902  2.423 -113.56   43.46    24.2    15.6    19.9    19.7     2.1    12.40 C    41.7    13.3    21.8    87.5    15.9    54.0 -99.000   0.008 -99.000 -99.000 -99.000    25.7    24.9 -9999.0 -9999.0 -9999.0
04126 20130903  2.423 -113.56   43.46    26.2    13.0    19.6    18.2     0.0    14.53 C    43.8     7.6    19.9    90.4    35.7    66.5   0.005   0.009 -99.000 -99.000 -99.000    23.8    23.6 -9999.0 -9999.0 -9999.0
04126 20130904  2.423 -113.56   43.46    27.7    13.3    20.5    20.1     0.0    18.36 C    54.7     8.6    24.3    87.3    26.9    55.1   0.006   0.009 -99.000 -99.000 -99.000    24.8    23.7 -9999.0 -9999.0 -9999.0
04126 20130905  2.423 -113.56   43.46    27.4    13.9    20.7    19.5     4.2    16.39 C    51.5    10.4    21.5    85.9    31.5    56.9   0.005   0.010 -99.000 -99.000 -99.000    24.5    23.9 -9999.0 -9999.0 -9999.0
04126 20130906  2.423 -113.56   43.46    26.4    13.9    20.2    19.6     0.0    20.53 C    39.6     8.8    19.9    81.6    23.2    48.8   0.006   0.009 -99.000 -99.000 -99.000    22.4    22.4 -9999.0 -9999.0 -9999.0
04126 20130907  2.423 -113.56   43.46    24.5    11.4    18.0    18.0     0.3    15.97 C    43.4     4.8    20.0    60.3    31.5    43.1   0.007   0.010 -99.000 -99.000 -99.000    21.3    21.5 -9999.0 -9999.0 -9999.0
04126 20130908  2.423 -113.56   43.46    25.3    11.0    18.1    18.2     0.0    19.62 C    44.2     8.1    21.2    67.2    21.8    41.7   0.009   0.010 -99.000 -99.000 -99.000    21.3    21.3 -9999.0 -9999.0 -9999.0
04126 20130909  2.423 -113.56   43.46    23.1     8.4    15.7    16.3     0.0    19.76 C    50.7     1.7    19.4    78.5    23.3    45.2   0.007   0.011 -99.000 -99.000 -99.000    21.2    21.0 -9999.0 -9999.0 -9999.0
04126 20130910  2.423 -113.56   43.46    25.1     9.5    17.3    18.0     0.0    22.62 C    50.5     1.3    20.2    54.6    14.8    30.9   0.006   0.011 -99.000 -99.000 -99.000    21.9    21.3 -9999.0 -9999.0 -9999.0
04126 20130911  2.423 -113.56   43.46    27.6    10.4    19.0    19.5     0.0    20.70 C    50.3     5.9    22.3    54.2    14.3    34.6   0.006   0.013 -99.000 -99.000 -99.000    22.6    21.7 -9999.0 -9999.0 -9999.0
04126 20130912  2.423 -113.56   43.46    23.0    12.3    17.7    16.6    11.2    12.78 C    41.1    11.5    18.4    92.1    37.4    66.2   0.007   0.013 -99.000 -99.000 -99.000    22.0    21.9 -9999.0 -9999.0 -9999.0
04126 20130913  2.423 -113.56   43.46    22.6    10.9    16.8    15.1     7.6    12.68 C    39.8     8.5    16.8    91.9    38.7    73.1   0.043   0.023 -99.000 -99.000 -99.000    19.0    19.5 -9999.0 -9999.0 -9999.0
04126 20130914  2.423 -113.56   43.46    22.2    11.1    16.7    15.4     0.2    12.48 C    35.3    10.3    16.7    92.4    34.5    65.9   0.082   0.053 -99.000 -99.000 -99.000    18.1    18.4 -9999.0 -9999.0 -9999.0
04126 20130915  2.423 -113.56   43.46    22.9    11.4    17.2    16.3     0.0    11.37 C    43.1     8.1    17.3    72.2    39.1    58.8   0.072   0.056 -99.000 -99.000 -99.000    18.0    18.0 -9999.0 -9999.0 -9999.0
04126 20130916  2.423 -113.56   43.46    25.4    10.0    17.7    17.8     0.0    19.99 C    42.0     6.2    19.1    88.0    21.9    52.4   0.066   0.053 -99.000 -99.000 -99.000    19.2    18.7 -9999.0 -9999.0 -9999.0
04126 20130917  2.423 -113.56   43.46    23.6    12.9    18.2    17.7     0.0    13.30 C    36.4     6.0    17.3    59.4    19.9    36.3   0.061   0.050 -99.000 -99.000 -99.000    18.2    18.4 -9999.0 -9999.0 -9999.0
04126 20130918  2.423 -113.56   43.46    14.9     4.6     9.7     9.7     0.0    19.38 C    30.5    -1.0    11.6    82.0    28.7    52.5   0.054   0.049 -99.000 -99.000 -99.000    16.0    16.7 -9999.0 -9999.0 -9999.0
04126 20130919  2.423 -113.56   43.46    17.1     1.7     9.4     9.1     0.0    20.92 C    40.7    -4.9    11.8    83.3    23.1    48.6   0.050   0.046 -99.000 -99.000 -99.000    14.5    14.8 -9999.0 -9999.0 -9999.0
04126 20130920  2.423 -113.56   43.46    21.8     3.1    12.4    12.8     0.0    20.85 C    43.2    -3.4    14.3    61.0    12.1    31.9   0.045   0.044 -99.000 -99.000 -99.000    15.4    15.3 -9999.0 -9999.0 -9999.0
04126 20130921  2.423 -113.56   43.46    22.7     7.9    15.3    15.7     0.0    16.92 C    40.0    -0.7    15.0    65.4    14.8    27.3   0.040   0.042 -99.000 -99.000 -99.000    15.7    15.7 -9999.0 -9999.0 -9999.0
04126 20130922  2.423 -113.56   43.46    16.3     3.1     9.7     9.5     0.0    19.32 C    32.2     0.8    12.3    90.1    36.2    58.6   0.035   0.040 -99.000 -99.000 -99.000    15.3    15.5 -9999.0 -9999.0 -9999.0
04126 20130923  2.423 -113.56   43.46    16.5     4.7    10.6    10.9     0.0    20.02 C    30.9     1.4    12.1    69.8    23.5    42.2   0.030   0.039 -99.000 -99.000 -99.000    14.2    14.5 -9999.0 -9999.0 -9999.0
04126 20130924  2.423 -113.56   43.46    14.0     5.1     9.5     9.6     0.5     6.27 C    25.0    -1.1     7.6    78.6    32.9    49.8   0.025   0.036 -99.000 -99.000 -99.000    11.6    12.7 -9999.0 -9999.0 -9999.0
04126 20130925  2.423 -113.56   43.46     7.1     1.2     4.1     3.8     4.0     6.79 C    10.6    -1.0     3.9    98.1    47.0    81.0   0.024   0.034 -99.000 -99.000 -99.000     9.1    10.5 -9999.0 -9999.0 -9999.0
04126 20130926  2.423 -113.56   43.46     5.8    -0.2     2.8     1.7     5.7     7.76 C    19.0    -2.7     3.0    98.3    62.2    88.3   0.042   0.040 -99.000 -99.000 -99.000     7.1     8.5 -9999.0 -9999.0 -9999.0
04126 20130927  2.423 -113.56   43.46    10.3    -1.1     4.6     4.4     0.0    17.27 C    22.5    -4.7     4.9    82.2    31.9    60.3   0.065   0.045 -99.000 -99.000 -99.000     7.1     7.7 -9999.0 -9999.0 -9999.0
04126 20130928  2.423 -113.56   43.46    13.7     2.3     8.0     8.1     0.0    15.40 C    26.4     0.2     9.0    77.3    31.9    50.9   0.064   0.044 -99.000 -99.000 -99.000     9.2     9.3 -9999.0 -9999.0 -9999.0
04126 20130929  2.423 -113.56   43.46    10.9     5.6     8.3     8.4    13.0     6.87 C    11.5     1.7     7.0    89.7    42.2    70.7   0.085   0.066 -99.000 -99.000 -99.000     9.1     9.7 -9999.0 -9999.0 -9999.0
04126 20130930  2.423 -113.56   43.46    13.4     2.2     7.8     8.2     9.3    10.41 C    18.4    -1.9     7.0    91.2    43.2    71.3   0.113   0.137 -99.000 -99.000 -99.000     9.0     9.4 -9999.0 -9999.0 -9999.0
04126 20131001  2.423 -113.56   43.46    13.9     0.4     7.1     7.5     0.0    16.97 C    24.1    -2.8     7.3    93.4    30.2    55.0   0.101   0.129 -99.000 -99.000 -99.000     8.4     8.6 -9999.0 -9999.0 -9999.0
04126 20131002  2.423 -113.56   43.46    10.9     0.1     5.5     5.1     0.0    10.87 C    19.2    -4.2     5.5    88.3    31.7    53.1   0.095   0.124 -99.000 -99.000 -99.000     8.0     8.5 -9999.0 -9999.0 -9999.0
04126 20131003  2.423 -113.56   43.46     2.8    -1.7     0.6     0.2     5.5     5.72 C     7.4    -3.5    -0.2    97.9    56.2    83.7   0.097   0.124 -99.000 -99.000 -99.000     5.0     6.6 -9999.0 -9999.0 -9999.0
04126 20131004  2.423 -113.56   43.46     9.6    -1.1     4.3     3.1     0.0    16.36 C    24.1    -4.6     4.6    73.8    35.2    53.2   0.103   0.132 -99.000 -99.000 -99.000     6.1     6.2 -9999.0 -9999.0 -9999.0
04126 20131005  2.423 -113.56   43.46    11.8    -3.2     4.3     4.5     0.0    17.18 C    24.7    -7.5     4.1    80.2    28.4    53.4   0.099   0.129 -99.000 -99.000 -99.000     6.2     6.5 -9999.0 -9999.0 -9999.0
04126 20131006  2.423 -113.56   43.46    16.4    -0.1     8.2     7.5     0.0    17.44 C    30.8    -6.1     6.3    67.8    18.1    42.6   0.096   0.125 -99.000 -99.000 -99.000     7.3     7.1 -9999.0 -9999.0 -9999.0
04126 20131007  2.423 -113.56   43.46    17.0     3.7    10.3    10.5     0.0    13.62 C    27.0    -4.8     7.5    54.0    15.2    31.8   0.094   0.122 -99.000 -99.000 -99.000     7.4     7.4 -9999.0 -9999.0 -9999.0
04126 20131008  2.423 -113.56   43.46    10.7     1.4     6.1     6.7     0.0    15.55 C    20.1    -3.8     7.0    70.3    26.0    44.7   0.091   0.119 -99.000 -99.000 -99.000     8.1     8.2 -9999.0 -9999.0 -9999.0
04126 20131009  2.423 -113.56   43.46    14.8    -2.1     6.3     6.4     0.0    13.18 C    29.7    -5.3     7.4    79.4    23.4    50.9   0.088   0.116 -99.000 -99.000 -99.000     7.7     7.7 -9999.0 -9999.0 -9999.0
04126 20131010  2.423 -113.56   43.46    12.5     2.1     7.3     6.3     2.4    10.46 C    25.9    -3.8     5.2    78.9    43.0    63.2   0.087   0.115 -99.000 -99.000 -99.000     7.2     7.6 -9999.0 -9999.0 -9999.0
04126 20131011  2.423 -113.56   43.46     9.9    -0.1     4.9     4.5     0.0    15.65 C    21.9    -3.9     4.6    76.6    36.0    53.8   0.087   0.115 -99.000 -99.000 -99.000     6.8     7.1 -9999.0 -9999.0 -9999.0
04126 20131012  2.423 -113.56   43.46    11.5    -1.1     5.2     5.3     0.0    12.53 C    26.3    -1.8     7.1    73.1    29.1    51.3   0.086   0.113 -99.000 -99.000 -99.000     7.3     7.2 -9999.0 -9999.0 -9999.0
04126 20131013  2.423 -113.56   43.46     6.5     1.8     4.2     3.8     4.1     4.88 C    16.7    -1.5     4.2    95.5    60.8    85.3   0.089   0.114 -99.000 -99.000 -99.000     6.9     7.4 -9999.0 -9999.0 -9999.0
04126 20131014  2.423 -113.56   43.46     5.0     0.2     2.6     2.6     0.3    10.03 C    15.4    -3.2     2.8    94.7    59.6    80.2   0.093   0.120 -99.000 -99.000 -99.000     5.6     6.1 -9999.0 -9999.0 -9999.0
04126 20131015  2.423 -113.56   43.46     8.9    -2.5     3.2     2.8     0.0    15.26 C    22.2    -7.7     2.7    78.9    39.5    59.9   0.091   0.119 -99.000 -99.000 -99.000     5.0     5.4 -9999.0 -9999.0 -9999.0
04126 20131016  2.423 -113.56   43.46     8.7    -3.1     2.8     2.7     0.0    10.89 C    14.7    -7.2     1.3    79.1    36.2    57.8   0.090   0.117 -99.000 -99.000 -99.000     4.0     4.7 -9999.0 -9999.0 -9999.0
04126 20131017  2.423 -113.56   43.46    10.6    -1.5     4.5     4.4     0.0    14.40 C    25.3    -7.2     2.8    71.6    32.9    50.7   0.088   0.115 -99.000 -99.000 -99.000     4.5     4.7 -9999.0 -9999.0 -9999.0
04126 20131018  2.423 -113.56   43.46     9.7    -2.8     3.4     3.6     0.0    14.71 C    21.1    -8.3     2.5    73.9    33.9    51.5   0.087   0.114 -99.000 -99.000 -99.000     4.1     4.5 -9999.0 -9999.0 -9999.0
04126 20131019  2.423 -113.56   43.46    12.5    -1.9     5.3     5.7     0.0    13.52 C    23.9    -6.6     4.3    72.0    30.7    48.8   0.086   0.113 -99.000 -99.000 -99.000     4.6     4.7 -9999.0 -9999.0 -9999.0
04126 20131020  2.423 -113.56   43.46    13.3     1.1     7.2     7.5     0.0    13.75 C    27.3    -4.6     5.7    58.9    26.6    39.7   0.084   0.111 -99.000 -99.000 -99.000     5.7     5.5 -9999.0 -9999.0 -9999.0
04126 20131021  2.423 -113.56   43.46    14.6     0.0     7.3     7.7     0.0    13.99 C    27.2    -6.4     5.3    63.1    27.4    42.1   0.082   0.110 -99.000 -99.000 -99.000     5.7     5.6 -9999.0 -9999.0 -9999.0
04126 20131022  2.423 -113.56   43.46    16.6     1.4     9.0     8.9     0.0    13.91 C    28.4    -6.5     5.9    65.2    21.6    41.8   0.080   0.108 -99.000 -99.000 -99.000     6.1     5.9 -9999.0 -9999.0 -9999.0
04126 20131023  2.423 -113.56   43.46    17.8     2.6    10.2     9.7     0.0    13.89 C    31.4    -5.8     6.2    60.3    18.5    38.9   0.079   0.107 -99.000 -99.000 -99.000     6.5     6.3 -9999.0 -9999.0 -9999.0
04126 20131024  2.423 -113.56   43.46    18.4     1.8    10.1    10.2     0.0    13.66 C    31.7    -6.5     6.6    60.6    16.1    34.9   0.077   0.105 -99.000 -99.000 -99.000     6.6     6.4 -9999.0 -9999.0 -9999.0
04126 20131025  2.423 -113.56   43.46    17.3     1.9     9.6    10.2     0.0    13.39 C    29.9    -6.7     6.5    54.6    19.9    32.9   0.075   0.103 -99.000 -99.000 -99.000     6.6     6.5 -9999.0 -9999.0 -9999.0
04126 20131026  2.423 -113.56   43.46    16.6     2.0     9.3     9.8     0.0    13.24 C    26.4    -6.0     6.4    54.6    19.1    34.2   0.073   0.103 -99.000 -99.000 -99.000     6.4     6.4 -9999.0 -9999.0 -9999.0
04126 20131027  2.423 -113.56   43.46    14.4     2.6     8.5     8.2     0.0    12.08 C    26.0    -7.7     6.4    67.0    16.7    38.2   0.069   0.101 -99.000 -99.000 -99.000     6.4     6.4 -9999.0 -9999.0 -9999.0
04126 20131028  2.423 -113.56   43.46     8.4    -0.4     4.0     4.4     2.0     2.04 C     9.3     0.0     4.2    96.2    44.0    74.3   0.069   0.100 -99.000 -99.000 -99.000     6.1     6.5 -9999.0 -9999.0 -9999.0
04126 20131029  2.423 -113.56   43.46     5.7    -1.6     2.1     1.9     0.4     6.52 C    14.7    -3.0     2.4    98.3    56.2    81.3   0.070   0.100 -99.000 -99.000 -99.000     4.7     5.2 -9999.0 -9999.0 -9999.0
04126 20131030  2.423 -113.56   43.46     4.9    -1.8     1.5     0.3     0.0    10.25 C    18.7    -3.0     1.7    98.7    62.6    88.7   0.070   0.100 -99.000 -99.000 -99.000     4.4     4.8 -9999.0 -9999.0 -9999.0
04126 20131031  2.423 -113.56   43.46     9.4    -4.1     2.6     1.6     0.0    11.55 C    17.8    -4.7     2.2    98.1    47.4    79.9   0.069   0.099 -99.000 -99.000 -99.000     3.7     4.1 -9999.0 -9999.0 -9999.0
04126 20131101  2.423 -113.56   43.46     8.3    -3.2     2.5     3.2     0.0    12.12 C    20.8    -8.4     1.4    82.2    46.0    62.2   0.068   0.098 -99.000 -99.000 -99.000     3.3     3.7 -9999.0 -9999.0 -9999.0
04126 20131102  2.423 -113.56   43.46    11.3    -2.7     4.3     3.9     0.0    11.09 C    17.4    -8.3     2.3    91.5    34.5    68.0   0.066   0.097 -99.000 -99.000 -99.000     2.9     3.3 -9999.0 -9999.0 -9999.0
04126 20131103  2.423 -113.56   43.46     2.4    -6.5    -2.0    -1.8     0.5     9.55 C    14.7   -12.3    -3.2    72.2    28.4    52.4   0.066   0.097 -99.000 -99.000 -99.000     2.0     2.9 -9999.0 -9999.0 -9999.0
04126 20131104  2.423 -113.56   43.46    -0.2    -9.6    -4.9    -5.4     0.3    10.02 C    11.3   -15.6    -7.4    85.8    43.4    63.9 -99.000   0.094 -99.000 -99.000 -99.000     0.0     1.2 -9999.0 -9999.0 -9999.0
04126 20131105  2.423 -113.56   43.46     0.2   -10.3    -5.0    -4.3     0.0    10.73 C     8.6   -17.1    -5.7    96.1    39.6    63.3 -99.000   0.100 -99.000 -99.000 -99.000    -0.8     0.4 -9999.0 -9999.0 -9999.0
04126 20131106  2.423 -113.56   43.46     6.2    -5.1     0.6     0.1     0.0     7.99 C    18.3    -8.5     0.1    96.1    57.4    80.0 -99.000   0.102 -99.000 -99.000 -99.000    -0.3     0.2 -9999.0 -9999.0 -9999.0
04126 20131107  2.423 -113.56   43.46     7.1    -1.2     3.0     2.0     2.8     3.38 C     8.9    -3.0     1.5    98.1    56.3    85.7 -99.000   0.099 -99.000 -99.000 -99.000     0.2     0.4 -9999.0 -9999.0 -9999.0
04126 20131108  2.423 -113.56   43.46     6.5    -0.9     2.8     2.9     0.0     7.90 C    13.1    -2.6     1.9    75.2    24.3    55.5   0.081   0.097 -99.000 -99.000 -99.000     1.1     1.1 -9999.0 -9999.0 -9999.0
04126 20131109  2.423 -113.56   43.46     8.9    -3.1     2.9     2.5     0.0    10.82 C    14.9    -7.5    -0.1    82.5    29.9    55.6 -99.000   0.097 -99.000 -99.000 -99.000     1.3     1.4 -9999.0 -9999.0 -9999.0
04126 20131110  2.423 -113.56   43.46    13.4    -0.7     6.4     5.3     0.0    10.40 C    20.3    -7.4     1.3    66.1    30.3    48.8 -99.000   0.096 -99.000 -99.000 -99.000     1.3     1.4 -9999.0 -9999.0 -9999.0
04126 20131111  2.423 -113.56   43.46    13.7     0.8     7.3     6.5     0.0    10.01 C    22.4    -7.2     2.0    64.5    28.1    47.8   0.067   0.096 -99.000 -99.000 -99.000     1.8     1.8 -9999.0 -9999.0 -9999.0
04126 20131112  2.423 -113.56   43.46    12.7    -0.3     6.2     6.6     0.0     8.90 C    21.9    -6.4     3.0    69.4    28.1    45.2   0.063   0.096 -99.000 -99.000 -99.000     2.0     2.0 -9999.0 -9999.0 -9999.0
04126 20131113  2.423 -113.56   43.46    11.7    -0.3     5.7     6.5     0.0     5.96 C    19.9    -7.7     3.9    75.7    33.5    54.6   0.066   0.097 -99.000 -99.000 -99.000     3.5     3.1 -9999.0 -9999.0 -9999.0
04126 20131114  2.423 -113.56   43.46     3.8    -4.3    -0.2    -0.8     0.0     6.11 C    14.2    -8.6    -2.5    94.7    47.7    74.1   0.058   0.095 -99.000 -99.000 -99.000     1.0     1.9 -9999.0 -9999.0 -9999.0
04126 20131115  2.423 -113.56   43.46     0.6    -7.0    -3.2    -2.4     0.0     8.19 C     7.6   -10.9    -2.3    96.0    44.7    77.4 -99.000   0.095 -99.000 -99.000 -99.000     0.2     1.0 -9999.0 -9999.0 -9999.0
04126 20131116  2.423 -113.56   43.46     0.1    -5.8    -2.8    -2.8     1.4     4.12 C    -1.0   -13.2    -5.2    93.4    41.7    72.9 -99.000   0.095 -99.000 -99.000 -99.000     0.2     0.7 -9999.0 -9999.0 -9999.0
04126 20131117  2.423 -113.56   43.46     2.7    -7.7    -2.5    -2.2     0.0     8.73 C     3.4   -14.7    -5.3    89.2    38.0    63.2 -99.000   0.104 -99.000 -99.000 -99.000    -0.2     0.4 -9999.0 -9999.0 -9999.0
04126 20131118  2.423 -113.56   43.46     7.6    -5.9     0.8     0.5     0.0     7.42 C    12.6   -11.3    -2.5    72.1    37.0    58.1 -99.000   0.102 -99.000 -99.000 -99.000    -0.5     0.1 -9999.0 -9999.0 -9999.0
04126 20131119  2.423 -113.56   43.46     4.1    -0.9     1.6     2.1     0.0     3.17 C     5.0    -4.3     0.3    97.2    56.8    79.7 -99.000   0.102 -99.000 -99.000 -99.000    -0.3     0.1 -9999.0 -9999.0 -9999.0
04126 20131120  2.423 -113.56   43.46     4.5    -3.5     0.5     1.1     3.1     4.97 C    10.4    -2.8     1.8    98.8    78.0    94.7 -99.000   0.099 -99.000 -99.000 -99.000     0.3     0.4 -9999.0 -9999.0 -9999.0
04126 20131121  2.423 -113.56   43.46     0.8   -10.1    -4.6    -5.3     0.0     8.17 C     0.3   -14.7    -7.1    85.2    19.6    51.4 -99.000   0.102 -99.000 -99.000 -99.000     0.0     0.4 -9999.0 -9999.0 -9999.0
04126 20131122  2.423 -113.56   43.46     1.8   -12.0    -5.1    -5.2     0.0     9.46 C     6.7   -16.8    -7.6    51.1    22.7    37.0 -99.000 -99.000 -99.000 -99.000 -99.000    -1.8    -0.2 -9999.0 -9999.0 -9999.0
04126 20131123  2.423 -113.56   43.46     5.8    -8.2    -1.2    -1.7     0.0     9.46 C    10.0   -13.3    -5.3    58.6    24.4    40.7 -99.000 -99.000 -99.000 -99.000 -99.000    -2.3    -0.8 -9999.0 -9999.0 -9999.0
04126 20131124  2.423 -113.56   43.46     4.6    -7.2    -1.3    -1.2     0.0     9.09 C     9.7   -14.0    -5.0    62.8    27.8    45.2 -99.000 -99.000 -99.000 -99.000 -99.000    -2.7    -1.3 -9999.0 -9999.0 -9999.0
04126 20131125  2.423 -113.56   43.46     7.6    -6.3     0.6     0.2     0.0     9.21 C    13.6   -12.1    -3.4    71.4    30.5    52.6 -99.000 -99.000 -99.000 -99.000 -99.000    -2.3    -1.4 -9999.0 -9999.0 -9999.0
04126 20131126  2.423 -113.56   43.46     4.7    -4.1     0.3    -0.2     0.0     8.44 C    11.4   -11.3    -3.8    67.4    40.0    55.3 -99.000 -99.000 -99.000 -99.000 -99.000    -2.1    -1.3 -9999.0 -9999.0 -9999.0
04126 20131127  2.423 -113.56   43.46     6.0    -2.6     1.7     0.9     0.0     7.68 C    12.1   -10.8    -3.0    63.4    37.6    52.9 -99.000 -99.000 -99.000 -99.000 -99.000    -2.2    -1.5 -9999.0 -9999.0 -9999.0
04126 20131128  2.423 -113.56   43.46     8.0    -2.9     2.6     1.7     0.0     7.68 C    14.4    -9.2    -2.1    67.6    33.4    51.9 -99.000 -99.000 -99.000 -99.000 -99.000    -1.6    -1.2 -9999.0 -9999.0 -9999.0
04126 20131129  2.423 -113.56   43.46     6.6    -5.0     0.8     0.9     0.0     8.43 C    11.6   -11.4    -3.2    73.4    41.9    58.2 -99.000 -99.000 -99.000 -99.000 -99.000    -2.1    -1.5 -9999.0 -9999.0 -9999.0
04126 20131130  2.423 -113.56   43.46     5.0    -3.0     1.0     0.1     0.0     6.90 C    15.5    -7.1    -0.5    96.6    49.2    71.4 -99.000 -99.000 -99.000 -99.000 -99.000    -1.3    -1.2 -9999.0 -9999.0 -9999.0
04126 20131201  2.423 -113.56   43.46     5.2    -3.4     0.9     1.1     0.0     2.44 C     2.7    -3.9    -0.1    97.7    65.3    87.5 -99.000 -99.000 -99.000 -99.000 -99.000    -0.8    -0.8 -9999.0 -9999.0 -9999.0
04126 20131202  2.423 -113.56   43.46     5.5    -6.1    -0.3     2.1     5.3     1.88 C     4.0    -5.8     0.7    94.9    57.2    75.7 -99.000 -99.000 -99.000 -99.000 -99.000    -0.4    -0.6 -9999.0 -9999.0 -9999.0
04126 20131203  2.423 -113.56   43.46    -6.1   -17.3   -11.7   -10.9     0.0     4.43 C    -2.3   -20.8   -11.5    89.3    40.6    64.5 -99.000 -99.000 -99.000 -99.000 -99.000    -2.3    -1.0 -9999.0 -9999.0 -9999.0
04126 20131204  2.423 -113.56   43.46   -11.0   -19.3   -15.1   -15.8     0.0     7.15 C    -3.2   -21.6   -14.8    83.4    52.6    70.2 -99.000 -99.000 -99.000 -99.000 -99.000    -7.8    -4.7 -9999.0 -9999.0 -9999.0
04126 20131205  2.423 -113.56   43.46   -12.9   -21.6   -17.3   -17.4     0.0     6.38 C    -6.3   -23.7   -17.1    84.0    64.1    75.8 -99.000 -99.000 -99.000 -99.000 -99.000   -10.2    -7.6 -9999.0 -9999.0 -9999.0
04126 20131206  2.423 -113.56   43.46   -14.0   -20.6   -17.3   -17.4     0.2     4.70 C    -7.3   -23.5   -16.8    85.0    69.0    80.5 -99.000 -99.000 -99.000 -99.000 -99.000   -11.1    -9.2 -9999.0 -9999.0 -9999.0
04126 20131207  2.423 -113.56   43.46   -11.2   -18.1   -14.6   -14.1     4.3     4.74 C   -10.5   -24.4   -15.2    88.0    77.5    84.4 -99.000 -99.000 -99.000 -99.000 -99.000    -9.4    -8.5 -9999.0 -9999.0 -9999.0
04126 20131208  2.423 -113.56   43.46   -16.8   -23.4   -20.1   -19.1     0.0     5.60 C   -15.1   -32.0   -21.0    83.7    78.1    81.8 -99.000 -99.000 -99.000 -99.000 -99.000    -8.6    -7.7 -9999.0 -9999.0 -9999.0
04126 20131209  2.423 -113.56   43.46   -16.2   -23.2   -19.7   -20.1     0.0     6.94 C   -13.7   -31.5   -23.9    83.9    77.7    80.7 -99.000 -99.000 -99.000 -99.000 -99.000    -9.5    -8.4 -9999.0 -9999.0 -9999.0
04126 20131210  2.423 -113.56   43.46   -13.0   -21.2   -17.1   -16.8     0.0     6.78 C   -12.4   -28.8   -20.7    86.4    72.1    81.0 -99.000 -99.000 -99.000 -99.000 -99.000    -9.8    -8.8 -9999.0 -9999.0 -9999.0
04126 20131211  2.423 -113.56   43.46    -9.9   -18.0   -14.0   -14.1     0.0     7.48 C    -9.7   -27.7   -19.8    84.1    69.0    77.1 -99.000 -99.000 -99.000 -99.000 -99.000   -10.3    -9.3 -9999.0 -9999.0 -9999.0
04126 20131212  2.423 -113.56   43.46    -5.3   -14.1    -9.7    -9.3     0.0     8.07 C    -6.4   -22.8   -16.3    81.7    63.3    75.0 -99.000 -99.000 -99.000 -99.000 -99.000    -9.8    -9.1 -9999.0 -9999.0 -9999.0
04126 20131213  2.423 -113.56   43.46    -2.7   -12.1    -7.4    -7.7     0.0     7.87 C    -3.7   -18.3   -12.2    90.7    59.9    77.4 -99.000 -99.000 -99.000 -99.000 -99.000    -8.9    -8.5 -9999.0 -9999.0 -9999.0
04126 20131214  2.423 -113.56   43.46    -7.2   -16.7   -11.9   -10.5     0.0     4.76 C    -6.2   -20.4   -13.1    92.4    84.1    88.7 -99.000 -99.000 -99.000 -99.000 -99.000    -8.6    -8.1 -9999.0 -9999.0 -9999.0
04126 20131215  2.423 -113.56   43.46    -5.4   -11.6    -8.5    -7.8     0.0     3.66 C    -2.3   -16.7    -7.6    93.2    87.6    91.4 -99.000 -99.000 -99.000 -99.000 -99.000    -7.0    -6.9 -9999.0 -9999.0 -9999.0
04126 20131216  2.423 -113.56   43.46    -3.8   -11.8    -7.8    -7.3     0.0     7.21 C    -3.1   -18.3   -12.9    94.5    87.0    91.6 -99.000 -99.000 -99.000 -99.000 -99.000    -7.2    -6.7 -9999.0 -9999.0 -9999.0
04126 20131217  2.423 -113.56   43.46    -1.0    -8.9    -5.0    -5.0     0.0     7.36 C    -1.1   -17.0   -11.7    91.9    60.4    80.5 -99.000 -99.000 -99.000 -99.000 -99.000    -7.7    -7.1 -9999.0 -9999.0 -9999.0
04126 20131218  2.423 -113.56   43.46    -0.2    -8.7    -4.4    -4.2     0.0     6.56 C    -1.6   -18.1   -11.4    80.9    59.1    70.7 -99.000 -99.000 -99.000 -99.000 -99.000    -7.7    -7.2 -9999.0 -9999.0 -9999.0
04126 20131219  2.423 -113.56   43.46    -2.6    -9.5    -6.0    -6.1     0.0     3.97 C    -2.8   -17.4    -8.8    92.6    67.1    83.7 -99.000 -99.000 -99.000 -99.000 -99.000    -7.1    -6.7 -9999.0 -9999.0 -9999.0
04126 20131220  2.423 -113.56   43.46    -7.8   -10.9    -9.3    -9.3     0.6     2.62 C    -7.2   -16.2    -9.6    92.1    82.3    90.0 -99.000 -99.000 -99.000 -99.000 -99.000    -6.6    -6.2 -9999.0 -9999.0 -9999.0
04126 20131221  2.423 -113.56   43.46    -3.9   -12.1    -8.0    -8.5     0.0     7.70 C    -4.2   -17.8   -10.3    93.7    87.3    90.2 -99.000 -99.000 -99.000 -99.000 -99.000    -6.3    -6.0 -9999.0 -9999.0 -9999.0
04126 20131222  2.423 -113.56   43.46    -2.0   -12.1    -7.1    -6.6     0.0     6.67 C    -2.4   -18.2   -10.1    94.8    70.0    83.1 -99.000 -99.000 -99.000 -99.000 -99.000    -7.0    -6.5 -9999.0 -9999.0 -9999.0
04126 20131223  2.423 -113.56   43.46     2.5    -6.3    -1.9    -1.4     0.0     4.66 C     0.2   -12.9    -4.2    91.2    66.2    80.7 -99.000 -99.000 -99.000 -99.000 -99.000    -5.5    -5.6 -9999.0 -9999.0 -9999.0
04126 20131224  2.423 -113.56   43.46     1.6    -8.0    -3.2    -2.4     0.0     7.97 C    -0.6   -16.4    -7.9    93.0    28.1    61.0 -99.000 -99.000 -99.000 -99.000 -99.000    -4.5    -4.5 -9999.0 -9999.0 -9999.0
04126 20131225  2.423 -113.56   43.46    -4.0   -11.1    -7.6    -8.0     0.0     7.87 C    -3.8   -20.0   -13.3    92.5    54.6    82.9 -99.000 -99.000 -99.000 -99.000 -99.000    -6.3    -5.5 -9999.0 -9999.0 -9999.0
04126 20131226  2.423 -113.56   43.46    -2.6   -12.1    -7.3    -7.0     0.0     7.63 C    -3.0   -17.7   -12.5    90.2    59.6    76.7 -99.000 -99.000 -99.000 -99.000 -99.000    -7.3    -6.6 -9999.0 -9999.0 -9999.0
04126 20131227  2.423 -113.56   43.46    -0.4    -9.2    -4.8    -4.6     0.0     7.53 C    -2.1   -17.5   -11.2    81.5    45.9    61.3 -99.000 -99.000 -99.000 -99.000 -99.000    -7.6    -7.0 -9999.0 -9999.0 -9999.0
04126 20131228  2.423 -113.56   43.46     1.1    -8.6    -3.7    -4.6     0.0     7.68 C    -1.3   -19.1   -10.1    79.4    41.8    64.3 -99.000 -99.000 -99.000 -99.000 -99.000    -6.9    -6.6 -9999.0 -9999.0 -9999.0
04126 20131229  2.423 -113.56   43.46    -3.8   -10.3    -7.0    -7.9     0.0     7.65 C    -4.1   -20.0   -12.3    92.5    59.7    77.8 -99.000 -99.000 -99.000 -99.000 -99.000    -7.9    -7.2 -9999.0 -9999.0 -9999.0
04126 20131230  2.423 -113.56   43.46    -4.9   -13.2    -9.1    -9.5     0.0     3.31 C    -5.5   -15.8    -9.9    93.7    86.9    89.8 -99.000 -99.000 -99.000 -99.000 -99.000    -7.2    -6.8 -9999.0 -9999.0 -9999.0
04126 20131231  2.423 -113.56   43.46     2.2   -10.5    -4.2    -4.9     0.0     7.05 C     0.8   -16.2    -9.4    91.6    64.8    82.8 -99.000 -99.000 -99.000 -99.000 -99.000    -6.8    -6.5 -9999.0 -9999.0 -9999.0
