04127 20130101  2.412 -116.75   43.20    -7.0   -19.9   -13.4   -13.4     0.0     7.65 C    -5.2   -21.2   -14.1    91.7    70.8    83.7 -99.000 -99.000   0.223 -99.000   0.299    -0.7     0.2     1.2     3.1     6.2
04127 20130102  2.412 -116.75   43.20    -7.9   -18.6   -13.2   -12.9     0.0     7.60 C    -6.7   -20.7   -12.8    90.1    65.9    83.7 -99.000 -99.000   0.223 -99.000   0.298    -0.7     0.1     1.2     3.0     6.2
04127 20130103  2.412 -116.75   43.20    -6.2   -20.5   -13.3   -14.9     0.0     9.11 C    -4.6   -22.1   -16.1    88.0    55.4    78.0 -99.000 -99.000   0.222 -99.000   0.298    -0.9     0.0     1.1     2.9     6.1
04127 20130104  2.412 -116.75   43.20    -7.4   -19.9   -13.6   -14.5     0.0     8.77 C    -5.7   -21.0   -15.6    88.3    58.3    78.1 -99.000 -99.000   0.233 -99.000   0.298    -1.2    -0.2     0.9     2.8     6.0
04127 20130105  2.412 -116.75   43.20    -3.7   -19.5   -11.6   -11.3     0.0     7.77 C    -3.4   -20.4   -12.4    88.3    49.3    72.4 -99.000 -99.000   0.245 -99.000   0.296    -1.4    -0.5     0.7     2.7     5.9
04127 20130106  2.412 -116.75   43.20    -3.5   -13.5    -8.5    -7.8     0.0     7.64 C    -1.7   -14.6    -8.0    88.2    53.8    73.3 -99.000 -99.000   0.242 -99.000   0.297    -1.2    -0.5     0.6     2.5     5.8
04127 20130107  2.412 -116.75   43.20     5.4   -15.2    -4.9    -4.8     2.9     1.25 C     2.2   -16.5    -5.5    93.1    68.2    84.4 -99.000 -99.000   0.242 -99.000   0.294    -1.3    -0.5     0.5     2.4     5.7
04127 20130108  2.412 -116.75   43.20     8.6    -2.7     3.0     3.8     0.0     5.16 C     5.3    -3.6     1.7    93.2    54.3    71.8 -99.000 -99.000   0.239 -99.000   0.297    -0.8    -0.4     0.5     2.3     5.6
04127 20130109  2.412 -116.75   43.20     5.3    -3.9     0.7     1.0     0.0     4.48 C     3.5    -4.7    -0.1    96.0    59.3    79.9 -99.000 -99.000   0.238 -99.000   0.297    -0.5    -0.3     0.6     2.3     5.5
04127 20130110  2.412 -116.75   43.20     0.3    -5.2    -2.5    -3.0     0.0     6.74 C     0.6    -5.1    -2.7    90.0    55.8    68.2 -99.000 -99.000   0.237 -99.000   0.298    -0.5    -0.1     0.7     2.2     5.4
04127 20130111  2.412 -116.75   43.20    -4.7    -9.2    -6.9    -6.3     0.2     5.36 C    -3.7   -10.3    -6.2    78.9    54.0    69.0 -99.000 -99.000   0.225 -99.000   0.295    -0.6    -0.1     0.8     2.2     5.3
04127 20130112  2.412 -116.75   43.20    -4.7   -14.9    -9.8    -9.4     0.0     9.48 C    -3.2   -15.5   -10.1    82.8    44.0    64.2 -99.000 -99.000   0.233 -99.000   0.295    -1.5    -0.2     0.7     2.2     5.2
04127 20130113  2.412 -116.75   43.20    -6.6   -15.2   -10.9   -11.1     0.0     7.36 C    -4.6   -15.8   -10.9    84.2    54.5    72.9 -99.000 -99.000 -99.000 -99.000   0.295    -2.6    -1.0     0.4     2.2     5.2
04127 20130114  2.412 -116.75   43.20    -4.4   -12.1    -8.2    -8.6     0.0     5.89 C    -3.1   -12.5    -7.8    86.8    50.2    71.8 -99.000 -99.000 -99.000 -99.000   0.293    -2.9    -1.6     0.0     2.0     5.1
04127 20130115  2.412 -116.75   43.20    -5.1   -14.6    -9.9   -10.6     0.0     8.56 C    -2.4   -14.8   -10.3    92.2    64.3    82.2 -99.000 -99.000 -99.000 -99.000   0.295    -3.3    -1.9    -0.4     1.8     5.0
04127 20130116  2.412 -116.75   43.20    -5.8   -16.7   -11.3   -12.3     0.0     9.00 C    -3.3   -16.9   -12.6    92.4    67.7    83.3 -99.000 -99.000 -99.000 -99.000   0.295    -4.6    -2.9    -0.9     1.6     4.9
04127 20130117  2.412 -116.75   43.20    -6.2   -17.3   -11.7   -13.3     0.0     8.93 C    -4.1   -17.9   -13.4    90.1    65.5    82.6 -99.000 -99.000 -99.000 -99.000   0.294    -5.7    -4.0    -1.7     1.3     4.8
04127 20130118  2.412 -116.75   43.20    -6.4   -18.2   -12.3   -13.4     0.0     9.21 C    -4.0   -18.3   -13.3    88.3    65.2    81.9 -99.000 -99.000 -99.000 -99.000   0.292    -6.4    -4.7    -2.4     0.9     4.7
04127 20130119  2.412 -116.75   43.20    -5.4   -18.1   -11.7   -12.9     0.0    10.10 C    -3.6   -18.3   -13.2    88.2    59.7    80.0 -99.000 -99.000 -99.000 -99.000   0.294    -6.8    -5.2    -3.0     0.5     4.6
04127 20130120  2.412 -116.75   43.20    -5.7   -18.9   -12.3   -13.1     0.0     9.66 C    -3.7   -18.9   -13.3    87.6    60.5    79.6 -99.000 -99.000 -99.000 -99.000   0.294    -7.3    -5.7    -3.5     0.2     4.4
04127 20130121  2.412 -116.75   43.20    -4.0   -17.5   -10.8   -12.1     0.0    10.10 C    -2.8   -18.0   -12.7    88.7    56.2    78.4 -99.000 -99.000 -99.000 -99.000   0.292    -7.3    -5.9    -3.8    -0.1     4.2
04127 20130122  2.412 -116.75   43.20    -0.1   -18.3    -9.2   -10.7     0.0     9.80 C    -0.4   -18.5   -11.6    88.8    46.1    75.9 -99.000 -99.000 -99.000 -99.000   0.292    -7.5    -6.1    -4.0    -0.3     4.1
04127 20130123  2.412 -116.75   43.20     8.2   -13.3    -2.6    -5.6     0.0     4.49 C     3.2   -14.9    -6.6    86.6    46.3    71.3 -99.000 -99.000 -99.000 -99.000   0.291    -6.4    -5.6    -3.9    -0.6     3.9
04127 20130124  2.412 -116.75   43.20     6.5    -1.1     2.7     2.4     0.3     4.57 C     4.7    -0.7     1.5    96.1    64.2    84.8 -99.000 -99.000 -99.000 -99.000   0.292    -2.8    -3.2    -2.8    -0.7     3.7
04127 20130125  2.412 -116.75   43.20     6.8    -0.8     3.0     2.8     0.3     4.78 C     5.7    -1.0     1.9    96.9    71.3    87.3 -99.000 -99.000 -99.000 -99.000   0.289    -1.0    -1.4    -1.7    -0.7     3.6
04127 20130126  2.412 -116.75   43.20     9.1    -0.2     4.4     2.3     0.8     2.98 C     8.2    -0.4     1.6    98.0    62.4    90.4 -99.000 -99.000 -99.000 -99.000   0.291    -0.5    -0.8    -0.9    -0.6     3.4
04127 20130127  2.412 -116.75   43.20     1.6    -3.2    -0.8    -0.8     0.0     7.61 C     3.0    -2.9    -0.5    89.2    56.2    71.5 -99.000 -99.000 -99.000 -99.000   0.289    -0.5    -0.6    -0.7    -0.4     3.3
04127 20130128  2.412 -116.75   43.20     1.1    -4.4    -1.6    -1.5     1.6     5.51 C     2.2    -4.4    -1.2    85.9    63.3    74.2 -99.000 -99.000 -99.000 -99.000   0.288    -0.6    -0.6    -0.6    -0.3     3.2
04127 20130129  2.412 -116.75   43.20     3.8    -0.4     1.7     1.6     1.0     5.32 C     2.7    -0.9     0.8    87.7    60.6    72.8 -99.000 -99.000 -99.000 -99.000   0.290    -0.6    -0.6    -0.6    -0.2     3.1
04127 20130130  2.412 -116.75   43.20     8.1     3.3     5.7     4.9     0.0     7.88 C     8.0     1.7     3.4    77.0    58.2    67.4 -99.000 -99.000 -99.000 -99.000   0.291    -0.5    -0.5    -0.5     0.0     3.1
04127 20130131  2.412 -116.75   43.20     8.4    -2.0     3.2     3.9     0.0     4.58 C     7.6    -1.7     2.7    94.4    53.2    75.0 -99.000 -99.000 -99.000 -99.000   0.288    -0.5    -0.5    -0.4     0.1     3.0
04127 20130201  2.412 -116.75   43.20     8.3    -3.6     2.3     2.5     0.0    11.62 C     9.7    -3.3     1.7    93.5    52.3    72.7 -99.000 -99.000 -99.000 -99.000   0.288    -0.5    -0.4    -0.3     0.3     3.0
04127 20130202  2.412 -116.75   43.20     6.0    -6.2    -0.1    -1.0     0.0    11.94 C     7.1    -5.6    -0.5    94.9    57.5    80.0 -99.000 -99.000 -99.000 -99.000   0.288    -0.6    -0.4    -0.3     0.4     3.0
04127 20130203  2.412 -116.75   43.20    -0.5    -3.5    -2.0    -2.0     0.0     2.86 C     1.4    -2.7    -0.8    99.8    86.4    94.6 -99.000 -99.000 -99.000 -99.000   0.289    -0.5    -0.4    -0.2     0.5     3.0
04127 20130204  2.412 -116.75   43.20     3.0    -3.9    -0.4    -1.9     0.0     7.37 C     5.3    -2.3    -0.3    99.3    84.7    95.6 -99.000 -99.000 -99.000 -99.000   0.290    -0.5    -0.4    -0.2     0.6     3.1
04127 20130205  2.412 -116.75   43.20     5.9    -4.3     0.8    -0.2     0.0     7.69 C     7.1    -3.1     0.5    99.9    67.0    88.7 -99.000 -99.000 -99.000 -99.000   0.289    -0.5    -0.4    -0.1     0.7     3.1
04127 20130206  2.412 -116.75   43.20     6.5    -3.3     1.6     1.7     0.0    12.57 C     7.2    -2.8     1.1    86.1    42.0    64.2 -99.000 -99.000 -99.000 -99.000   0.290    -0.4    -0.4    -0.1     0.8     3.1
04127 20130207  2.412 -116.75   43.20     6.0    -2.4     1.8     0.9     0.0     7.21 C     6.5    -2.2     0.8    88.9    47.8    70.7 -99.000 -99.000 -99.000 -99.000   0.290    -0.5    -0.4     0.0     0.8     3.1
04127 20130208  2.412 -116.75   43.20     2.6    -2.0     0.3    -0.4     2.4     9.76 C     3.1    -3.1    -0.6    95.1    57.4    74.9 -99.000 -99.000 -99.000 -99.000   0.288    -0.4    -0.3     0.1     0.9     3.1
04127 20130209  2.412 -116.75   43.20     2.9    -3.4    -0.2    -0.1     0.0    11.27 C     3.6    -4.3    -0.7    70.9    51.1    60.9 -99.000 -99.000 -99.000 -99.000   0.287    -0.5    -0.3     0.2     0.9     3.1
04127 20130210  2.412 -116.75   43.20     4.1    -5.2    -0.5     0.0     0.0    13.71 C     5.0    -5.1    -0.4    81.4    35.7    60.8 -99.000 -99.000 -99.000 -99.000   0.287    -0.5    -0.3     0.2     1.0     3.1
04127 20130211  2.412 -116.75   43.20     4.8    -7.8    -1.5    -0.2     0.0    13.53 C     6.8    -7.7    -0.5    81.0    38.3    57.8 -99.000 -99.000 -99.000 -99.000   0.289    -0.8    -0.3     0.2     1.1     3.1
04127 20130212  2.412 -116.75   43.20     6.3    -2.2     2.0     2.5     0.0     9.06 C     9.2    -3.1     1.7    78.3    45.9    62.8 -99.000 -99.000 -99.000 -99.000   0.288    -0.6    -0.3     0.2     1.1     3.2
04127 20130213  2.412 -116.75   43.20     8.8     2.2     5.5     5.2     0.0    10.56 C    10.6     0.4     4.0    67.1    45.5    55.7 -99.000 -99.000 -99.000 -99.000   0.288    -0.3    -0.3     0.3     1.1     3.2
04127 20130214  2.412 -116.75   43.20     7.9    -2.9     2.5     2.9     0.0    14.13 C    10.2    -2.4     2.5    81.1    39.5    60.4 -99.000 -99.000 -99.000 -99.000   0.286    -0.2    -0.2     0.4     1.2     3.2
04127 20130215  2.412 -116.75   43.20    10.2    -3.6     3.3     3.0     0.0    14.30 C    13.1    -2.9     3.0    89.9    46.6    69.5 -99.000 -99.000   0.284 -99.000   0.288     0.0     0.1     0.6     1.2     3.2
04127 20130216  2.412 -116.75   43.20    13.9    -5.4     4.2     3.4     0.0    13.70 C    13.8    -4.5     2.9    93.6    33.6    68.2 -99.000 -99.000   0.250 -99.000   0.288     0.4     0.6     0.9     1.3     3.2
04127 20130217  2.412 -116.75   43.20     5.1    -6.8    -0.9     0.2     0.0    13.37 C     8.1    -6.1     0.5    79.3    35.3    57.5   0.316   0.336   0.239 -99.000   0.290     0.5     0.9     1.2     1.5     3.3
04127 20130218  2.412 -116.75   43.20     5.3    -7.5    -1.1    -0.7     0.0     9.90 C     7.1    -6.9    -0.7    87.0    34.8    58.5 -99.000   0.319   0.239 -99.000   0.286    -0.1     0.5     1.1     1.6     3.3
04127 20130219  2.412 -116.75   43.20     2.8    -3.3    -0.3    -0.5     1.1     6.35 C     5.2    -4.0     0.1    94.8    52.3    80.1 -99.000   0.309   0.240 -99.000   0.289    -0.1     0.3     0.9     1.6     3.3
04127 20130220  2.412 -116.75   43.20     3.5    -4.2    -0.3    -0.9     0.0    10.91 C     6.2    -5.1    -1.1    78.4    38.3    57.9 -99.000   0.307   0.261 -99.000   0.288    -0.2     0.3     0.8     1.5     3.4
04127 20130221  2.412 -116.75   43.20     3.5    -7.1    -1.8    -1.1     0.0     8.59 C     7.4    -7.2    -1.0    78.5    47.4    62.5 -99.000 -99.000   0.269 -99.000   0.288    -0.4     0.2     0.8     1.5     3.4
04127 20130222  2.412 -116.75   43.20     6.6    -1.8     2.4     2.0     0.9     7.66 C    10.6    -1.9     1.9    80.9    43.8    65.3 -99.000 -99.000   0.267 -99.000   0.288    -0.3     0.2     0.7     1.5     3.4
04127 20130223  2.412 -116.75   43.20     4.8    -4.2     0.3    -0.7     2.5    11.77 C     4.0    -5.5    -1.0    94.1    52.5    67.6   0.312   0.305   0.273 -99.000   0.286     0.1     0.4     0.8     1.5     3.4
04127 20130224  2.412 -116.75   43.20     3.5    -5.4    -1.0    -1.2     0.0    16.51 C     5.8    -5.9    -1.0    77.5    38.3    59.5 -99.000   0.310   0.275 -99.000   0.288     0.0     0.4     0.9     1.5     3.4
04127 20130225  2.412 -116.75   43.20     4.8    -7.4    -1.3    -2.0     2.5     6.22 C     5.4    -7.2    -2.1    96.4    43.2    77.4 -99.000 -99.000   0.268 -99.000   0.288    -0.3     0.3     0.8     1.5     3.4
04127 20130226  2.412 -116.75   43.20     3.0    -7.8    -2.4    -2.5     0.0    17.08 C     4.9    -9.4    -2.7    87.0    43.5    63.8 -99.000 -99.000   0.271 -99.000   0.284    -0.1     0.2     0.8     1.5     3.4
04127 20130227  2.412 -116.75   43.20     6.7    -7.6    -0.4    -0.9     0.0    14.75 C     9.9    -7.7    -0.3    84.7    33.5    63.3 -99.000 -99.000   0.271 -99.000   0.287    -0.1     0.3     0.8     1.5     3.4
04127 20130228  2.412 -116.75   43.20    11.0    -2.8     4.1     4.1     0.0     8.58 C    11.8    -2.4     3.7    84.9    54.5    69.5 -99.000   0.310   0.253 -99.000   0.288     0.8     0.8     1.0     1.5     3.4
04127 20130301  2.412 -116.75   43.20    12.7     0.0     6.4     6.5     0.0    13.80 C    17.7    -0.7     5.9    92.9    53.2    73.6   0.265   0.313   0.242 -99.000   0.289     2.6     2.1     1.8     1.6     3.4
04127 20130302  2.412 -116.75   43.20    13.0    -2.5     5.2     5.2     0.0    11.63 C    16.1    -2.5     5.2    97.1    49.3    76.1   0.259   0.309   0.250 -99.000   0.287     3.2     2.8     2.5     2.0     3.4
04127 20130303  2.412 -116.75   43.20     7.9    -5.0     1.5     3.4     0.5    13.04 C    12.1    -4.4     3.4    90.0    19.7    60.6   0.247   0.311   0.260 -99.000   0.287     3.9     3.7     3.3     2.3     3.4
04127 20130304  2.412 -116.75   43.20     5.5    -7.6    -1.0    -0.6     0.0    18.05 C     9.7    -6.5     0.4    73.5    26.5    47.0   0.252   0.301   0.257 -99.000   0.289     1.5     2.3     2.8     2.6     3.5
04127 20130305  2.412 -116.75   43.20     7.4    -3.4     2.0     3.0     0.0    10.24 C     8.1    -3.3     2.2    62.9    37.7    45.1   0.264   0.298   0.254 -99.000   0.288     1.1     1.6     2.2     2.5     3.6
04127 20130306  2.412 -116.75   43.20    11.4    -0.9     5.3     4.0     1.6    10.66 C    13.9    -1.7     3.5    88.6    23.8    60.6   0.240   0.300   0.253 -99.000   0.287     2.1     2.1     2.2     2.4     3.6
04127 20130307  2.412 -116.75   43.20     6.8    -6.7     0.1     0.8     0.0    14.59 C    12.7    -6.0     1.8    78.9    33.2    55.3   0.254   0.296   0.253 -99.000   0.288     1.8     2.1     2.3     2.4     3.7
04127 20130308  2.412 -116.75   43.20     8.3    -6.1     1.1     1.4     0.0    18.45 C    13.1    -5.3     2.1    86.7    26.9    56.1   0.249   0.293   0.251 -99.000   0.288     2.3     2.4     2.5     2.5     3.7
04127 20130309  2.412 -116.75   43.20     9.8    -4.2     2.8     3.2     0.0    19.25 C    12.4    -4.4     2.6    70.2    26.9    44.8   0.241   0.290   0.250 -99.000   0.287     2.2     2.5     2.7     2.6     3.7
04127 20130310  2.412 -116.75   43.20    13.2    -3.4     4.9     6.3     0.0    17.38 C    17.2    -4.1     5.3    59.4    15.5    31.1   0.244   0.286   0.247 -99.000   0.288     2.7     2.7     2.8     2.7     3.8
04127 20130311  2.412 -116.75   43.20    13.4     0.0     6.7     7.7     0.0    15.49 C    20.8    -0.7     8.1    88.9    34.6    57.3   0.225   0.288   0.249 -99.000   0.286     5.4     4.5     3.7     2.8     3.8
04127 20130312  2.412 -116.75   43.20    17.9    -2.9     7.5     7.0     0.0    17.21 C    23.6    -2.6     7.8    96.0    30.5    64.7   0.223   0.286   0.249 -99.000   0.286     5.7     5.1     4.5     3.2     3.9
04127 20130313  2.412 -116.75   43.20    19.7     2.6    11.1     9.6     0.0    14.26 C    23.8     1.0     9.4    72.7    22.1    50.8   0.221   0.285   0.248 -99.000   0.289     7.1     6.3     5.4     3.7     3.9
04127 20130314  2.412 -116.75   43.20    22.3     0.1    11.2    10.1     0.0    12.20 C    27.3    -0.4     9.5    76.3    13.0    44.2   0.219   0.282   0.247 -99.000   0.290     7.0     6.5     5.8     4.1     4.0
04127 20130315  2.412 -116.75   43.20    16.2     0.6     8.4     9.5     0.0    17.67 C    23.2    -0.9     9.4    73.3    27.5    43.3   0.214   0.281   0.246 -99.000   0.291     7.7     7.1     6.3     4.4     4.1
04127 20130316  2.412 -116.75   43.20    13.9    -1.3     6.3     7.0     0.0    12.45 C    18.9    -2.1     7.2    79.8    24.4    50.1   0.207   0.276   0.244 -99.000   0.290     6.2     6.3     6.2     4.8     4.2
04127 20130317  2.412 -116.75   43.20     7.5    -5.4     1.1     2.3     0.4    20.71 C    14.8    -4.6     3.8    67.4    22.0    42.9   0.202   0.272   0.242 -99.000   0.292     5.6     5.9     5.9     4.9     4.4
04127 20130318  2.412 -116.75   43.20    10.4    -8.0     1.2     1.1     0.0    19.36 C    18.1    -7.8     2.3    77.4    18.5    47.7   0.199   0.267   0.241 -99.000   0.292     4.1     4.8     5.2     4.9     4.6
04127 20130319  2.412 -116.75   43.20    13.4    -7.5     3.0     4.4     0.0    17.23 C    19.1    -8.7     4.8    69.0    14.9    32.5   0.203   0.263   0.238 -99.000   0.291     3.7     4.2     4.7     4.8     4.7
04127 20130320  2.412 -116.75   43.20    16.6     2.7     9.7     9.6     3.3    17.55 C    22.4     1.3    10.0    84.9    25.6    58.8   0.193   0.264   0.238 -99.000   0.292     6.9     6.0     5.4     4.7     4.8
04127 20130321  2.412 -116.75   43.20     6.5    -2.3     2.1     1.5     0.0    19.86 C    14.2    -2.4     3.0    81.4    26.1    45.5   0.187   0.262   0.237 -99.000   0.292     4.8     5.4     5.6     4.9     4.9
04127 20130322  2.412 -116.75   43.20     3.2    -7.1    -1.9    -1.9     0.3    14.65 C    10.5    -7.3    -0.7    91.4    27.5    58.3   0.182   0.257   0.235 -99.000   0.292     3.4     4.3     4.9     4.9     5.0
04127 20130323  2.412 -116.75   43.20     3.6    -8.9    -2.6    -2.7     0.0    14.82 C    11.1    -9.1    -0.9    77.9    28.7    52.9   0.209   0.252   0.233 -99.000   0.291     2.0     3.1     4.0     4.7     5.1
04127 20130324  2.412 -116.75   43.20     6.3   -10.5    -2.1    -1.1     0.0    19.16 C    15.5   -11.2     0.7    77.5    25.1    45.6   0.213   0.250   0.230 -99.000   0.291     1.9     2.6     3.5     4.4     5.1
04127 20130325  2.412 -116.75   43.20    10.9    -2.8     4.0     4.8     0.0    16.94 C    18.5    -3.0     6.0    52.1    26.0    35.1   0.186   0.252   0.231 -99.000   0.292     4.0     3.7     3.8     4.2     5.1
04127 20130326  2.412 -116.75   43.20    11.4     1.1     6.2     6.5     0.0    13.33 C    23.4    -0.5     7.9    76.6    37.1    48.7   0.178   0.253   0.232 -99.000   0.293     6.1     5.4     4.9     4.3     5.1
04127 20130327  2.412 -116.75   43.20    13.7    -1.3     6.2     6.3     0.3    14.31 C    21.7    -2.5     7.1    87.0    46.2    68.4   0.176   0.252   0.234 -99.000   0.293     6.1     5.7     5.4     4.6     5.1
04127 20130328  2.412 -116.75   43.20    16.5     0.1     8.3     8.8     0.0    15.29 C    26.9    -1.3     9.9    83.1    32.6    58.4   0.176   0.251   0.233 -99.000   0.291     7.3     6.5     5.9     4.8     5.1
04127 20130329  2.412 -116.75   43.20    19.0     2.9    10.9    10.6     0.0    21.91 C    29.4     0.9    12.8    82.2    26.7    53.5   0.175   0.251   0.234 -99.000   0.291     9.5     8.2     7.0     5.2     5.2
04127 20130330  2.412 -116.75   43.20    18.3    -0.3     9.0     9.0     0.0    23.17 C    28.5    -1.7    10.8    89.2    26.7    55.2   0.171   0.250   0.234 -99.000   0.292     9.7     8.9     7.9     5.7     5.3
04127 20130331  2.412 -116.75   43.20    20.3    -1.7     9.3    10.4     0.0    22.69 C    28.8    -3.9    11.7    68.7    20.1    42.2   0.167   0.247   0.234 -99.000   0.291     9.4     8.7     8.1     6.2     5.4
04127 20130401  2.412 -116.75   43.20    16.4     6.4    11.4    11.4     0.0    11.94 C    22.1     5.6    12.5    82.9    44.2    60.3   0.166   0.247   0.236 -99.000   0.292    10.2     9.5     8.7     6.5     5.5
04127 20130402  2.412 -116.75   43.20    20.1     6.5    13.3    13.2     0.0    23.64 C    30.0     5.0    14.7    68.0    21.2    46.4   0.163   0.244   0.234 -99.000   0.292    11.1    10.0     9.0     6.8     5.7
04127 20130403  2.412 -116.75   43.20    20.0     2.2    11.1    11.3     0.0    14.10 C    28.5     1.1    12.3    80.3    31.6    54.0   0.160   0.241   0.234 -99.000   0.293    10.8    10.1     9.4     7.2     5.8
04127 20130404  2.412 -116.75   43.20    21.5     4.5    13.0    12.6     0.0     9.99 C    26.0     3.2    12.9    77.7    20.1    50.3   0.157   0.237   0.233 -99.000   0.295    10.5    10.0     9.4     7.5     6.0
04127 20130405  2.412 -116.75   43.20    16.3     4.6    10.4    10.2     3.0    19.23 C    24.0     4.7    11.7    88.6    29.2    55.2   0.156   0.234   0.232 -99.000   0.293    10.7    10.2     9.6     7.6     6.2
04127 20130406  2.412 -116.75   43.20    12.4     5.2     8.8     8.6     3.8    12.10 C    18.8     5.4     9.4    90.1    50.1    66.5   0.154   0.231   0.232 -99.000   0.293     9.7     9.6     9.4     7.8     6.3
04127 20130407  2.412 -116.75   43.20    11.0     2.5     6.8     7.0     4.3    12.59 C    14.8     2.2     7.2    87.7    48.2    69.1   0.158   0.229   0.229 -99.000   0.295     8.3     8.8     9.0     7.8     6.5
04127 20130408  2.412 -116.75   43.20     9.2     0.1     4.7     4.2     0.0    21.91 C    15.5    -0.5     5.5    79.1    36.8    52.8   0.160   0.228   0.227 -99.000   0.295     7.2     7.7     8.1     7.7     6.7
04127 20130409  2.412 -116.75   43.20    12.7    -0.1     6.3     6.1     0.0    25.82 C    20.3    -1.7     7.4    65.9    21.0    44.5   0.158   0.228   0.226 -99.000   0.298     7.5     7.5     7.7     7.5     6.8
04127 20130410  2.412 -116.75   43.20    19.3     0.1     9.7     9.6     0.0    14.22 C    25.4    -2.3     9.9    78.9    32.3    51.9   0.158   0.228   0.227 -99.000   0.292     8.1     7.9     7.9     7.4     6.9
04127 20130411  2.412 -116.75   43.20    14.5    -0.2     7.1     7.0     0.0    23.61 C    25.2    -2.4     8.9    70.2    19.4    43.6   0.157   0.227   0.225 -99.000   0.295     9.0     8.6     8.3     7.4     7.0
04127 20130412  2.412 -116.75   43.20    17.6    -4.5     6.5     7.9     0.0    24.28 C    28.0    -5.2    11.0    78.8    15.8    42.0   0.155   0.226   0.225 -99.000   0.297     9.6     9.0     8.6     7.6     7.0
04127 20130413  2.412 -116.75   43.20    14.0    -4.2     4.9     7.5     0.2    20.16 C    22.9    -4.0     9.5    72.0    14.7    36.1   0.154   0.226   0.225 -99.000   0.295    10.7    10.3     9.6     7.8     7.1
04127 20130414  2.412 -116.75   43.20     6.4    -4.1     1.1     1.2     0.0    15.62 C    20.9    -6.0     4.1    74.2    26.9    46.2   0.148   0.220   0.224 -99.000   0.298     7.6     8.3     8.8     8.0     7.2
04127 20130415  2.412 -116.75   43.20     9.2    -4.3     2.5     2.4     0.0    15.30 C    20.6    -6.4     4.6    73.6    21.2    48.0   0.145   0.216   0.221 -99.000   0.297     7.1     7.6     8.1     7.9     7.2
04127 20130416  2.412 -116.75   43.20     8.6    -1.7     3.4     2.2     0.3    16.08 C    16.4    -2.6     4.1    88.6    24.6    52.8   0.144   0.214   0.219 -99.000   0.296     6.9     7.3     7.7     7.7     7.3
04127 20130417  2.412 -116.75   43.20     8.9    -5.5     1.7     2.4     0.0    27.57 C    20.7    -8.0     5.0    61.6    17.1    36.1   0.142   0.211   0.217 -99.000   0.295     7.0     7.1     7.4     7.5     7.3
04127 20130418  2.412 -116.75   43.20    13.9    -5.6     4.2     5.1     0.0    26.17 C    25.9    -7.0     8.3    63.7    23.1    38.2   0.143   0.212   0.217 -99.000   0.296     8.3     7.9     7.7     7.4     7.4
04127 20130419  2.412 -116.75   43.20    11.2     1.8     6.5     7.2     7.1     9.27 C    16.6     1.9     7.8    86.4    52.1    71.9   0.146   0.212   0.219 -99.000   0.298     8.5     8.6     8.5     7.5     7.4
04127 20130420  2.412 -116.75   43.20    15.5     1.9     8.7     8.6     0.0    26.56 C    24.4     0.1    10.7    75.5    27.0    53.4   0.155   0.212   0.218 -99.000   0.296     9.8     9.0     8.5     7.6     7.4
04127 20130421  2.412 -116.75   43.20    18.0    -0.9     8.6     8.7     0.0    21.51 C    28.0    -1.8    10.5    87.4    21.9    52.2   0.151   0.214   0.218 -99.000   0.295     9.8     9.4     9.0     7.8     7.4
04127 20130422  2.412 -116.75   43.20    10.3     0.5     5.4     5.8     0.0    27.52 C    21.8    -2.3     8.7    57.8    19.0    37.6   0.150   0.214   0.218 -99.000   0.296    10.6    10.1     9.5     8.0     7.4
04127 20130423  2.412 -116.75   43.20    11.5    -5.3     3.1     3.8     0.0    23.07 C    24.6    -6.7     7.2    66.1    20.2    37.7   0.147   0.212   0.217 -99.000   0.297     9.4     9.4     9.3     8.2     7.5
04127 20130424  2.412 -116.75   43.20    15.5    -3.4     6.1     6.5     0.0    28.00 C    28.4    -6.0    10.1    62.0    15.6    36.1   0.147   0.211   0.215 -99.000   0.297    10.3     9.8     9.4     8.2     7.5
04127 20130425  2.412 -116.75   43.20    20.6    -3.1     8.7    10.0     0.0    26.59 C    34.0    -4.0    12.7    64.6    10.1    34.3   0.146   0.211   0.214 -99.000   0.296    11.7    10.7     9.9     8.4     7.6
04127 20130426  2.412 -116.75   43.20    23.5     4.5    14.0    14.1     0.0    27.65 C    36.3     2.6    17.0    60.1    12.9    34.6   0.147   0.211   0.215 -99.000   0.300    13.8    12.3    11.0     8.7     7.7
04127 20130427  2.412 -116.75   43.20    25.8     3.3    14.5    15.3     0.0    25.73 C    37.1     1.8    17.9    69.9    10.5    33.3   0.145   0.211   0.214 -99.000   0.297    14.7    13.3    11.9     9.1     7.8
04127 20130428  2.412 -116.75   43.20    21.5     5.3    13.4    13.0     0.0    24.51 C    34.8     4.5    16.2    65.4    17.7    38.3   0.143   0.210   0.213 -99.000   0.298    15.0    13.8    12.6     9.6     7.9
04127 20130429  2.412 -116.75   43.20    19.4     0.6    10.0    11.8     0.0    20.95 C    29.8    -1.2    13.3    55.9    15.9    34.9   0.138   0.206   0.211 -99.000   0.298    13.4    13.1    12.5    10.0     8.0
04127 20130430  2.412 -116.75   43.20    10.8    -2.4     4.2     3.9     0.0    25.40 C    26.7    -4.0     7.6    66.5    17.9    38.2   0.134   0.201   0.208 -99.000   0.300    11.5    11.7    11.7    10.1     8.2
04127 20130501  2.412 -116.75   43.20    12.3    -6.5     2.9     4.3     0.0    29.59 C    28.3    -7.7     8.7    75.1    10.9    34.0   0.133   0.200   0.205 -99.000   0.301    11.6    11.3    11.1    10.0     8.4
04127 20130502  2.412 -116.75   43.20    19.7    -3.4     8.2     9.3     0.0    29.50 C    31.5    -5.2    12.2    52.9    11.8    27.3   0.131   0.199   0.203 -99.000   0.300    12.2    11.6    11.3     9.9     8.5
04127 20130503  2.412 -116.75   43.20    21.1     0.2    10.6    12.4     0.0    27.02 C    35.5    -1.2    15.7    56.6    12.5    29.6   0.132   0.200   0.203 -99.000   0.302    13.8    12.6    11.8    10.0     8.6
04127 20130504  2.412 -116.75   43.20    18.0     3.7    10.9    12.2     0.0    18.97 C    32.5     3.0    15.0    70.7    27.7    43.5   0.129   0.199   0.204 -99.000   0.303    14.2    13.3    12.5    10.2     8.7
04127 20130505  2.412 -116.75   43.20    22.3     2.5    12.4    13.6     0.0    27.56 C    35.2     1.0    16.8    73.2    18.4    42.4   0.128   0.199   0.203 -99.000   0.301    14.7    13.5    12.6    10.5     8.8
04127 20130506  2.412 -116.75   43.20    24.6     3.4    14.0    14.8     0.0    24.82 C    38.4     2.7    18.5    71.2    18.0    41.9   0.126   0.200   0.203 -99.000   0.303    16.0    14.5    13.3    10.7     8.9
04127 20130507  2.412 -116.75   43.20    22.7     7.7    15.2    15.1     0.0    21.72 C    35.7     6.4    18.5    74.5    25.0    47.0   0.124   0.200   0.204 -99.000   0.304    16.6    15.3    13.9    11.1     9.1
04127 20130508  2.412 -116.75   43.20    24.7     6.0    15.4    15.1     0.0    23.91 C    40.2     5.2    19.2    83.7    22.0    48.8   0.122   0.199   0.203 -99.000   0.304    17.1    15.6    14.3    11.4     9.2
04127 20130509  2.412 -116.75   43.20    26.7     7.1    16.9    17.5     0.0    28.89 C    42.3     4.8    21.8    70.0    13.2    37.9   0.121   0.200   0.202 -99.000   0.305    18.4    16.4    14.8    11.7     9.4
04127 20130510  2.412 -116.75   43.20    27.8     8.7    18.2    18.9     0.0    30.24 C    42.9     5.6    23.0    63.5     8.5    30.9   0.119   0.201   0.203 -99.000   0.307    19.7    17.6    15.7    12.2     9.5
04127 20130511  2.412 -116.75   43.20    30.4     9.0    19.7    20.2     0.0    23.89 C    44.9     6.3    23.1    48.8    10.4    26.9   0.116   0.200   0.203 -99.000   0.306    19.6    17.9    16.3    12.7     9.7
04127 20130512  2.412 -116.75   43.20    32.7    10.8    21.8    23.6     0.0    26.83 C    45.2     9.1    26.0    45.7    10.1    23.4   0.113   0.200   0.202 -99.000   0.311    20.4    18.4    16.7    13.1     9.9
04127 20130513  2.412 -116.75   43.20    31.7    10.3    21.0    23.1     0.0    26.75 C    44.9     9.9    25.8    71.2     5.7    22.8   0.109   0.199   0.202 -99.000   0.308    20.8    18.9    17.2    13.4    10.1
04127 20130514  2.412 -116.75   43.20    22.7     5.6    14.2    14.8     0.0    28.89 C    38.1     5.4    20.0    80.3    28.0    47.2   0.106   0.198   0.202 -99.000   0.312    20.5    18.8    17.3    13.8    10.4
04127 20130515  2.412 -116.75   43.20    23.0     5.6    14.3    15.2     0.0    20.70 C    38.3     4.7    19.0    63.9    22.4    40.2   0.102   0.196   0.201 -99.000   0.313    19.5    18.4    17.3    14.1    10.6
04127 20130516  2.412 -116.75   43.20    17.6     9.7    13.7    13.2     0.0    14.57 C    31.9     8.1    16.4    85.3    35.6    54.2   0.099   0.194   0.200 -99.000   0.314    18.3    17.6    16.9    14.2    10.8
04127 20130517  2.412 -116.75   43.20    17.8     4.6    11.2    11.2     3.0    12.91 C    25.1     4.3    13.0    92.6    41.0    71.9   0.096   0.191   0.196 -99.000   0.315    16.3    16.2    16.1    14.1    11.1
04127 20130518  2.412 -116.75   43.20    18.7     3.3    11.0    11.3     1.1    21.41 C    27.5     3.2    13.7    93.5    26.1    62.2   0.096   0.190   0.195 -99.000   0.312    15.5    15.2    15.2    13.9    11.2
04127 20130519  2.412 -116.75   43.20    17.8     4.4    11.1    11.3     0.0    21.92 C    29.3     2.4    13.6    71.2    26.3    48.5   0.098   0.189   0.194 -99.000   0.314    15.2    15.1    14.9    13.7    11.4
04127 20130520  2.412 -116.75   43.20    22.0     3.7    12.9    13.3     0.0    31.14 C    38.0     2.0    18.0    75.4    21.6    44.9   0.103   0.190   0.193 -99.000   0.313    17.1    15.6    14.9    13.5    11.5
04127 20130521  2.412 -116.75   43.20    27.2     5.3    16.3    15.9     0.0    25.40 C    38.8     4.0    18.7    69.4     9.6    32.7   0.105   0.190   0.194 -99.000   0.315    17.5    16.5    15.7    13.6    11.5
04127 20130522  2.412 -116.75   43.20    13.2    -0.8     6.2     6.5     0.0    30.13 C    30.3    -2.3    12.0    64.9    12.8    36.4   0.101   0.190   0.193 -99.000   0.320    16.1    15.9    15.5    13.7    11.6
04127 20130523  2.412 -116.75   43.20    17.2    -4.8     6.2     7.4     0.0    30.57 C    31.3    -5.7    12.6    64.1    13.3    32.7   0.099   0.187   0.193 -99.000   0.316    15.8    15.2    15.0    13.7    11.7
04127 20130524  2.412 -116.75   43.20    17.8    -0.9     8.5    10.2     0.0    21.74 C    34.3    -2.1    13.4    62.6    22.2    37.8   0.097   0.187   0.192 -99.000   0.317    15.8    15.3    15.0    13.6    11.7
04127 20130525  2.412 -116.75   43.20    19.7     5.7    12.7    13.3     0.0    26.02 C    37.2     5.6    17.9    61.8    24.4    38.9   0.098   0.189   0.194 -99.000   0.316    17.8    16.2    15.3    13.6    11.8
04127 20130526  2.412 -116.75   43.20    18.4     4.6    11.5    11.2     1.2    15.84 C    32.6     3.7    13.0    81.6    36.9    55.9   0.094   0.188   0.194 -99.000   0.316    16.0    15.9    15.6    13.7    11.8
04127 20130527  2.412 -116.75   43.20    19.0     2.2    10.6    10.7     7.1    14.76 C    28.7     1.1    12.9    93.1    28.4    62.5   0.092   0.185   0.192 -99.000   0.320    14.2    14.4    14.6    13.7    11.9
04127 20130528  2.412 -116.75   43.20    17.7     4.4    11.1    10.4     1.0    16.53 C    25.1     3.9    11.9    88.4    39.7    67.2   0.104   0.184   0.190 -99.000   0.318    14.1    14.0    14.2    13.4    12.0
04127 20130529  2.412 -116.75   43.20    18.5     3.0    10.7    10.0     1.8    17.38 C    25.4     2.3    10.9    90.0    29.4    65.7   0.107   0.183   0.190 -99.000   0.318    12.8    13.3    13.7    13.3    12.0
04127 20130530  2.412 -116.75   43.20    18.1     4.1    11.1    11.1     0.0    25.07 C    30.3     3.1    14.1    87.9    21.5    53.9   0.113   0.183   0.190 -99.000   0.318    14.7    13.9    13.6    13.1    12.0
04127 20130531  2.412 -116.75   43.20    19.6     2.8    11.2    11.8     0.0    32.21 C    34.8     1.1    16.0    69.1    22.1    40.4   0.118   0.186   0.191 -99.000   0.318    16.6    15.2    14.4    13.0    12.0
04127 20130601  2.412 -116.75   43.20    24.9     3.8    14.3    15.6     0.0    31.61 C    38.5     2.6    20.1    69.7    17.3    36.7   0.123   0.189   0.194 -99.000   0.322    18.4    16.7    15.4    13.3    12.0
04127 20130602  2.412 -116.75   43.20    25.3     6.2    15.8    16.2     0.0    28.62 C    39.4     5.3    20.1    71.4    15.0    39.1   0.126   0.191   0.196 -99.000   0.322    19.5    18.0    16.5    13.6    12.0
04127 20130603  2.412 -116.75   43.20    21.9     4.7    13.3    14.3     0.0    32.25 C    38.0     4.5    19.8    74.4    23.8    42.7   0.126   0.192   0.196 -99.000   0.321    19.8    18.3    16.9    14.1    12.0
04127 20130604  2.412 -116.75   43.20    23.8     6.5    15.2    16.6     0.0    32.17 C    39.1     5.9    21.1    68.2    16.8    33.8   0.125   0.193   0.198 -99.000   0.319    20.4    18.9    17.4    14.4    12.1
04127 20130605  2.412 -116.75   43.20    28.5     7.8    18.2    18.8     0.0    31.75 C    44.4     5.3    23.5    59.3    16.4    34.3   0.123   0.194   0.198 -99.000   0.320    21.5    19.6    17.9    14.7    12.2
04127 20130606  2.412 -116.75   43.20    30.1     9.0    19.6    21.3     0.0    29.03 C    43.9     7.6    25.1    63.8    19.7    34.8   0.119   0.196   0.200 -99.000   0.320    22.5    20.5    18.7    15.1    12.4
04127 20130607  2.412 -116.75   43.20    32.5    13.4    22.9    23.6     0.0    30.62 C    45.1    12.2    27.8    61.9    13.8    32.8   0.116   0.197   0.201 -99.000   0.323    23.8    21.5    19.4    15.6    12.5
04127 20130608  2.412 -116.75   43.20    30.1    12.6    21.3    21.8     0.0    32.12 C    44.9    11.3    26.7    51.2    10.4    27.5   0.111   0.198   0.203 -99.000   0.321    24.5    22.2    20.1    16.0    12.7
04127 20130609  2.412 -116.75   43.20    31.1    11.3    21.2    21.9     0.0    31.66 C    46.0     8.4    27.0    56.8    18.6    32.7   0.106   0.198   0.203 -99.000   0.321    24.7    22.4    20.4    16.5    12.8
04127 20130610  2.412 -116.75   43.20    28.9    12.3    20.6    21.4     0.3    24.23 C    45.1    11.2    25.3    61.8    12.5    31.9   0.102   0.199   0.203 -99.000   0.325    24.3    22.6    20.9    16.9    13.1
04127 20130611  2.412 -116.75   43.20    28.3    11.4    19.8    21.2     0.0    26.69 C    42.4    10.7    25.1    53.1    11.5    33.0   0.099   0.197   0.203 -99.000   0.327    23.6    22.0    20.6    17.1    13.3
04127 20130612  2.412 -116.75   43.20    23.0     5.8    14.4    15.2     0.5    27.92 C    38.2     5.3    20.3    81.2    23.8    45.7   0.096   0.196   0.202 -99.000   0.329    22.7    21.4    20.3    17.3    13.5
04127 20130613  2.412 -116.75   43.20    20.5     6.2    13.3    12.1     2.7    24.16 C    37.8     4.6    15.1    85.7    24.4    52.4   0.092   0.193   0.201 -99.000   0.326    19.9    20.1    19.8    17.3    13.7
04127 20130614  2.412 -116.75   43.20    18.9     3.0    10.9    11.6     0.0    32.61 C    35.1     1.3    16.7    76.2    29.2    46.5   0.093   0.191   0.198 -99.000   0.328    19.3    18.6    18.5    17.1    13.9
04127 20130615  2.412 -116.75   43.20    26.1     1.9    14.0    15.6     0.0    32.86 C    40.3    -0.2    20.2    56.4    12.1    28.3   0.095   0.191   0.199 -99.000   0.330    20.5    19.3    18.6    16.9    14.0
04127 20130616  2.412 -116.75   43.20    30.2     5.8    18.0    19.8     0.0    28.72 C    45.7     4.2    23.6    48.8    11.1    25.1   0.095   0.193   0.199 -99.000   0.331    22.1    20.3    19.1    16.8    14.1
04127 20130617  2.412 -116.75   43.20    32.4    11.4    21.9    22.6     0.0    31.25 C    45.9     8.8    26.7    49.4     7.3    22.9   0.094   0.195   0.201 -99.000   0.330    23.9    21.6    19.9    17.0    14.2
04127 20130618  2.412 -116.75   43.20    27.5    13.9    20.7    21.4     0.0    28.10 C    43.6    11.9    26.1    39.0    15.4    23.8   0.092   0.195   0.202 -99.000   0.335    24.3    22.2    20.6    17.3    14.3
04127 20130619  2.412 -116.75   43.20    17.3     5.7    11.5    10.8     7.2    20.18 C    29.4     6.2    14.6    92.3    35.9    62.2   0.087   0.191   0.201 -99.000   0.338    20.6    20.8    20.3    17.6    14.4
04127 20130620  2.412 -116.75   43.20    18.5     3.7    11.1    11.1     0.0    22.96 C    29.5     3.7    14.1    87.8    34.3    59.8   0.095   0.186   0.198 -99.000   0.331    17.6    18.0    18.5    17.5    14.5
04127 20130621  2.412 -116.75   43.20    19.0     6.7    12.9    11.8     0.0    17.90 C    31.3     5.9    14.6    77.1    25.7    56.5   0.099   0.186   0.197 -99.000   0.333    17.5    17.7    17.9    17.1    14.6
04127 20130622  2.412 -116.75   43.20    20.8     2.9    11.8    13.2     0.0    31.42 C    37.4     2.5    18.3    91.1    33.0    55.3   0.105   0.186   0.196 -99.000   0.333    19.2    18.0    17.6    16.7    14.7
04127 20130623  2.412 -116.75   43.20    28.0     5.5    16.7    17.9     0.0    23.14 C    41.3     4.9    21.1    77.6    16.2    41.4   0.109   0.187   0.198 -99.000   0.336    19.9    19.1    18.4    16.7    14.7
04127 20130624  2.412 -116.75   43.20    20.6    10.5    15.5    16.4     0.0    13.41 C    26.3    10.4    18.5    78.5    31.4    54.0   0.107   0.187   0.200 -99.000   0.331    19.2    19.1    18.6    16.8    14.8
04127 20130625  2.412 -116.75   43.20    22.6     9.7    16.1    15.6     1.2    12.63 C    28.9     8.5    16.7    90.9    47.0    69.3   0.105   0.185   0.197 -99.000   0.330    17.7    17.8    17.8    16.7    14.7
04127 20130626  2.412 -116.75   43.20    30.7    10.5    20.6    20.1     0.0    26.67 C    40.5    10.4    23.3    94.2    21.8    58.6   0.108   0.187   0.196 -99.000   0.337    20.1    18.6    17.8    16.6    14.8
04127 20130627  2.412 -116.75   43.20    31.5     9.3    20.4    22.3     0.0    31.57 C    46.2     9.1    26.9    85.9    26.7    49.8   0.112   0.191   0.201 -99.000   0.334    23.3    20.8    19.0    16.7    14.7
04127 20130628  2.412 -116.75   43.20    35.0    12.8    23.9    26.0     0.0    31.60 C    48.6    11.1    29.8    59.5    13.7    31.4   0.112   0.194   0.203 -99.000   0.335    25.2    22.5    20.5    17.1    14.8
04127 20130629  2.412 -116.75   43.20    36.4    18.2    27.3    28.7     0.0    26.00 C    50.8    18.1    31.9    50.0    17.7    30.6   0.109   0.196   0.206 -99.000   0.333    26.9    24.1    21.7    17.7    14.8
04127 20130630  2.412 -116.75   43.20    36.2    18.0    27.1    27.7     0.0    28.11 C    49.2    17.6    32.1    70.0    18.4    38.3   0.104   0.198   0.207 -99.000   0.334    27.8    25.0    22.6    18.3    14.9
04127 20130701  2.412 -116.75   43.20    40.2    16.7    28.4    30.7     0.2    25.33 C    51.6    16.3    33.4    60.2     8.8    26.6   0.100   0.198   0.207 -99.000   0.334    27.9    25.3    23.2    18.8    15.0
04127 20130702  2.412 -116.75   43.20    38.0    19.6    28.8    31.2     0.0    27.79 C    51.5    19.0    34.9    46.8    14.7    23.8   0.099   0.199   0.209 -99.000   0.336    29.4    26.2    23.8    19.3    15.3
04127 20130703  2.412 -116.75   43.20    33.1    17.2    25.2    26.7    32.2    18.25 C    36.3    16.8    26.3    85.7    24.9    43.5   0.279   0.283   0.210 -99.000   0.339    24.7    24.6    23.6    19.8    15.5
04127 20130704  2.412 -116.75   43.20    31.2    14.2    22.7    23.6     1.0    24.12 C    37.9    14.3    24.4    78.6    19.8    43.8   0.254   0.278   0.210 -99.000   0.341    23.3    23.2    22.5    19.9    15.7
04127 20130705  2.412 -116.75   43.20    29.2    13.1    21.1    21.8     0.0    29.97 C    38.5    11.8    24.0    71.9    21.1    38.6   0.233   0.266   0.208 -99.000   0.342    22.8    22.4    21.8    19.7    15.9
04127 20130706  2.412 -116.75   43.20    29.8    10.6    20.2    21.1     0.0    31.38 C    40.3    10.2    24.5    62.3    15.9    33.2   0.217   0.256   0.210 -99.000   0.336    23.8    23.1    22.0    19.6    16.1
04127 20130707  2.412 -116.75   43.20    32.6    12.0    22.3    23.2     0.0    31.50 C    43.1    12.5    26.7    55.7    16.5    31.1   0.206   0.249   0.211 -99.000   0.338    24.9    23.9    22.6    19.7    16.3
04127 20130708  2.412 -116.75   43.20    33.7    14.2    24.0    25.1     0.0    30.68 C    45.0    13.6    28.0    55.4    12.9    26.9   0.197   0.244   0.212 -99.000   0.341    25.7    24.7    23.2    19.9    16.4
04127 20130709  2.412 -116.75   43.20    33.3    14.1    23.7    24.8     0.0    31.26 C    44.6    12.5    28.2    44.7    11.1    23.1   0.189   0.239   0.214 -99.000   0.338    26.2    25.1    23.6    20.2    16.4
04127 20130710  2.412 -116.75   43.20    36.4    13.3    24.8    26.3     0.0    30.42 C    48.6    12.4    29.5    47.2     9.0    21.6   0.181   0.234   0.215 -99.000   0.343    26.5    25.4    23.9    20.5    16.6
04127 20130711  2.412 -116.75   43.20    31.5    14.0    22.8    24.9     0.0    13.78 C    38.3    14.2    25.7    65.8    10.6    24.2   0.172   0.227   0.214 -99.000   0.343    24.6    24.5    23.8    20.7    16.8
04127 20130712  2.412 -116.75   43.20    33.3     9.6    21.5    22.7     0.0    31.48 C    45.3     9.6    26.6    80.6     5.7    34.9   0.166   0.222   0.212 -99.000   0.346    24.6    23.9    22.9    20.7    16.9
04127 20130713  2.412 -116.75   43.20    27.2     8.9    18.0    19.9     0.0    31.40 C    39.5     8.3    24.0    52.4    17.6    27.5   0.161   0.220   0.212 -99.000   0.344    24.9    24.1    23.1    20.6    17.1
04127 20130714  2.412 -116.75   43.20    31.8     8.9    20.3    22.3     0.0    31.20 C    44.7     8.1    26.1    52.6    13.5    25.7   0.155   0.217   0.212 -99.000   0.347    25.2    24.2    23.1    20.6    17.2
04127 20130715  2.412 -116.75   43.20    34.2    12.3    23.2    24.8     0.0    30.68 C    49.1    10.5    28.3    44.5    12.0    23.5   0.148   0.216   0.213 -99.000   0.344    26.1    24.8    23.4    20.7    17.3
04127 20130716  2.412 -116.75   43.20    34.2    13.8    24.0    24.2     1.9    19.41 C    45.4    13.2    25.0    67.5    16.0    35.8   0.138   0.215   0.214 -99.000   0.342    24.8    24.5    23.6    20.8    17.4
04127 20130717  2.412 -116.75   43.20    34.7    17.5    26.1    26.1     0.0    30.84 C    45.4    13.7    28.4    58.2     5.0    21.4   0.135   0.213   0.211 -99.000   0.348    25.3    24.0    23.0    20.8    17.4
04127 20130718  2.412 -116.75   43.20    33.3    13.1    23.2    24.4     0.0    31.04 C    45.7    10.8    27.7    49.6    10.4    24.0   0.133   0.213   0.212 -99.000   0.352    26.0    24.7    23.5    20.9    17.5
04127 20130719  2.412 -116.75   43.20    35.6    12.9    24.2    25.6     0.0    30.87 C    47.5    10.3    28.7    37.9     7.2    19.5   0.128   0.213   0.212 -99.000   0.349    26.6    25.2    23.8    21.0    17.6
04127 20130720  2.412 -116.75   43.20    34.5    17.1    25.8    27.2     0.0    30.48 C    46.1    16.6    30.1    36.2     7.1    18.8   0.123   0.213   0.213 -99.000   0.353    27.5    25.8    24.3    21.2    17.7
04127 20130721  2.412 -116.75   43.20    34.0    14.6    24.3    25.7     0.0    31.27 C    48.3    14.0    29.0    34.9     8.3    16.9   0.118   0.212   0.214 -99.000   0.347    27.5    25.9    24.5    21.4    17.8
04127 20130722  2.412 -116.75   43.20    35.8    13.5    24.6    24.9     0.0    31.16 C    47.7    10.1    27.7    32.0     6.0    16.1   0.113   0.210   0.213 -99.000   0.349    26.9    25.6    24.4    21.5    17.9
04127 20130723  2.412 -116.75   43.20    34.4    12.5    23.4    25.5     0.0    27.40 C    47.8    10.9    28.6    32.7     5.5    15.7   0.110   0.209   0.214 -99.000   0.349    26.9    25.5    24.4    21.6    18.0
04127 20130724  2.412 -116.75   43.20    34.6    16.9    25.7    25.7     0.0    12.91 C    45.7    16.5    26.1    36.3    11.0    21.2   0.105   0.208   0.212 -99.000   0.345    25.4    24.8    24.2    21.7    18.1
04127 20130725  2.412 -116.75   43.20    35.2    17.4    26.3    27.2     0.0    29.47 C    46.7    16.3    29.9    42.1     9.0    21.5   0.106   0.207   0.212 -99.000   0.352    27.2    25.1    23.9    21.6    18.2
04127 20130726  2.412 -116.75   43.20    34.0    14.8    24.4    26.0     0.0    20.45 C    44.9    13.3    27.9    41.1     9.5    22.0   0.103   0.206   0.213 -99.000   0.353    26.5    25.2    24.2    21.7    18.3
04127 20130727  2.412 -116.75   43.20    32.3    15.6    23.9    26.2     0.0    21.34 C    45.8    15.5    28.5    40.5    14.2    23.7   0.101   0.207   0.214 -99.000   0.354    27.3    25.6    24.4    21.8    18.4
04127 20130728  2.412 -116.75   43.20    29.9    13.1    21.5    22.3     0.0    23.95 C    41.7    12.0    25.2    36.0    12.5    20.3   0.098   0.204   0.212 -99.000   0.350    25.9    24.8    24.1    21.8    18.5
04127 20130729  2.412 -116.75   43.20    29.6    12.6    21.1    22.3     0.0    27.44 C    43.4    11.4    25.7    38.4    10.7    20.2   0.097   0.202   0.211 -99.000   0.357    25.7    24.5    23.8    21.8    18.6
04127 20130730  2.412 -116.75   43.20    31.2    10.5    20.8    23.0     0.0    26.97 C    43.5     9.4    26.0    45.2    13.7    22.9   0.096   0.201   0.211 -99.000   0.349    25.8    24.6    23.7    21.8    18.7
04127 20130731  2.412 -116.75   43.20    32.5    12.0    22.2    23.1     0.0    21.47 C    45.6    10.2    25.1    43.4    12.0    23.6   0.093   0.200   0.212 -99.000   0.352    25.3    24.4    23.7    21.7    18.7
04127 20130801  2.412 -116.75   43.20    30.6    11.9    21.2    21.9     0.0    21.13 C    42.9    11.4    24.5    59.2     8.5    30.7   0.093   0.200   0.211 -99.000   0.356    25.2    24.3    23.6    21.7    18.7
04127 20130802  2.412 -116.75   43.20    24.9     8.7    16.8    18.0     0.0    28.13 C    39.2     8.3    22.1    69.6    26.5    42.4   0.092   0.197   0.211 -99.000   0.354    24.5    23.6    23.1    21.6    18.8
04127 20130803  2.412 -116.75   43.20    27.7     7.1    17.4    19.2     0.0    28.67 C    39.9     6.7    22.9    67.3    17.3    34.1   0.091   0.196   0.210 -99.000   0.359    24.6    23.6    23.0    21.4    18.8
04127 20130804  2.412 -116.75   43.20    30.9    11.5    21.2    22.1     0.0    28.59 C    42.7     8.3    24.8    40.3    10.4    23.2   0.091   0.196   0.210 -99.000   0.361    25.1    23.8    23.1    21.4    18.8
04127 20130805  2.412 -116.75   43.20    32.9    10.7    21.8    23.5     0.0    28.01 C    43.9     9.1    26.0    43.6    14.7    24.5   0.090   0.195   0.211 -99.000   0.355    25.7    24.2    23.3    21.4    18.8
04127 20130806  2.412 -116.75   43.20    31.7    17.4    24.6    24.9     0.0    28.10 C    43.7    15.5    27.9    39.3    13.6    24.3   0.090   0.195   0.213 -99.000   0.354    26.7    24.8    23.7    21.5    18.8
04127 20130807  2.412 -116.75   43.20    32.5    13.1    22.8    24.2     0.0    20.89 C    44.1    10.7    26.1    40.7    11.3    22.9   0.088   0.194   0.212 -99.000   0.359    25.7    24.6    23.8    21.6    18.8
04127 20130808  2.412 -116.75   43.20    32.7    17.4    25.0    25.6     0.0    24.78 C    44.7    17.8    28.7    36.5    11.8    21.3   0.089   0.194   0.212 -99.000   0.363    27.1    25.1    23.9    21.7    18.9
04127 20130809  2.412 -116.75   43.20    34.1    14.7    24.4    24.2     0.0    27.63 C    42.5    14.1    27.1    52.7     5.4    29.0   0.088   0.192   0.214 -99.000   0.358    26.6    25.1    24.1    21.8    19.0
04127 20130810  2.412 -116.75   43.20    31.1    13.4    22.3    23.3     0.0    23.94 C    42.9    11.4    25.9    54.7    17.4    30.5   0.087   0.191   0.213 -99.000   0.358    25.9    24.7    24.0    21.9    19.0
04127 20130811  2.412 -116.75   43.20    28.8    14.0    21.4    21.8     7.3    14.78 C    41.7    12.2    22.7    79.0    21.7    38.7   0.085   0.189   0.214 -99.000   0.357    24.4    24.2    23.7    21.9    19.0
04127 20130812  2.412 -116.75   43.20    29.5    12.1    20.8    20.5     0.4    15.82 C    36.0    11.4    20.1    75.7    21.8    45.5   0.088   0.184   0.209 -99.000   0.357    20.8    21.8    22.3    21.7    19.0
04127 20130813  2.412 -116.75   43.20    31.3    12.9    22.1    22.6     0.0    26.04 C    39.7    11.7    24.2    61.9    16.3    34.4   0.099   0.184   0.208 -99.000   0.358    22.7    21.9    21.7    21.3    19.1
04127 20130814  2.412 -116.75   43.20    35.6    10.8    23.2    24.1     0.0    27.16 C    44.9     9.8    25.6    61.2     5.9    26.8   0.106   0.185   0.210 -99.000   0.357    23.8    23.0    22.3    21.1    19.1
04127 20130815  2.413 -116.75   43.20 -9999.0 -9999.0 -9999.0 -9999.0     0.0 -9999.00 U -9999.0 -9999.0 -9999.0 -9999.0 -9999.0 -9999.0 -99.000 -99.000 -99.000 -99.000 -99.000 -9999.0 -9999.0 -9999.0 -9999.0 -9999.0
04127 20130816  2.412 -116.75   43.20    32.8    13.6    23.2    24.2     0.0    26.00 C    44.8    11.3    26.0    36.0    12.3    20.9   0.112   0.187   0.211 -99.000   0.348    24.7    23.8    22.9    21.2    19.0
04127 20130817  2.412 -116.75   43.20    31.7    11.6    21.7    22.8     0.0    23.05 C    42.2     9.9    24.6    48.8    14.5    26.3   0.110   0.187   0.211 -99.000   0.352    24.1    23.5    22.9    21.2    19.0
04127 20130818  2.412 -116.75   43.20    32.0    14.0    23.0    23.5     0.0    25.56 C    43.7    12.5    26.3    60.6    21.7    37.3   0.109   0.188   0.211 -99.000   0.350    25.2    24.0    23.0    21.2    19.0
04127 20130819  2.412 -116.75   43.20    32.2    15.2    23.7    24.3     0.0    23.46 C    43.8    12.9    26.6    56.0    16.3    29.8   0.106   0.189   0.212 -99.000   0.354    25.4    24.3    23.3    21.3    19.0
04127 20130820  2.412 -116.75   43.20    32.1    14.0    23.0    23.4     0.0    24.41 C    43.1    12.1    25.8    51.0    14.8    29.3   0.102   0.189   0.212 -99.000   0.354    25.2    24.2    23.4    21.4    19.0
04127 20130821  2.412 -116.75   43.20    30.6    12.9    21.8    22.3     0.0    14.86 C    44.2    12.0    23.8    51.7    17.9    33.3   0.098   0.188   0.212 -99.000   0.353    24.0    23.6    23.2    21.5    19.0
04127 20130822  2.412 -116.75   43.20    31.4    14.6    23.0    22.6     1.0    15.11 C    43.4    13.9    23.4    76.8    22.6    45.8   0.096   0.188   0.211 -99.000   0.357    23.6    23.2    22.8    21.4    19.0
04127 20130823  2.412 -116.75   43.20    27.7    11.6    19.6    20.7     0.2    23.90 C    39.5    10.9    23.1    82.4    27.5    48.9   0.096   0.187   0.210 -99.000   0.356    23.3    22.6    22.3    21.3    19.1
04127 20130824  2.412 -116.75   43.20    30.6     9.9    20.2    21.0     0.0    18.97 C    41.1     8.8    22.4    67.9    18.3    37.0   0.095   0.186   0.210 -99.000   0.353    22.6    22.3    22.2    21.2    19.1
04127 20130825  2.412 -116.75   43.20    30.2    11.5    20.8    21.9     0.0    18.35 C    41.3    10.2    23.9    55.2    17.5    32.1   0.095   0.186   0.209 -99.000   0.354    22.9    22.3    22.0    21.0    19.1
04127 20130826  2.412 -116.75   43.20    29.2    11.3    20.3    20.4     0.0    21.79 C    41.0     9.9    22.7    54.0    17.3    31.4   0.094   0.186   0.209 -99.000   0.364    22.9    22.3    22.0    20.9    19.1
04127 20130827  2.412 -116.75   43.20    31.9    11.4    21.7    22.1     0.0    20.23 C    41.7    10.2    23.8    53.8    18.2    33.7   0.092   0.186   0.209 -99.000   0.360    22.9    22.2    21.9    20.8    19.0
04127 20130828  2.412 -116.75   43.20    33.1    17.9    25.5    25.8     0.0    19.80 C    44.7    16.8    28.0    53.8    16.9    29.3   0.094   0.187   0.211 -99.000   0.357    24.8    23.3    22.4    20.8    19.0
04127 20130829  2.412 -116.75   43.20    34.1    15.8    25.0    25.7     0.0    22.30 C    45.0    13.9    27.0    55.1     7.6    25.6   0.093   0.187   0.211 -99.000   0.356    24.8    23.6    22.7    21.0    19.0
04127 20130830  2.412 -116.75   43.20    29.3    15.4    22.3    23.0     0.0    23.80 C    41.4    12.5    24.8    48.5    13.7    26.5   0.091   0.186   0.211 -99.000   0.355    24.3    23.3    22.7    21.1    19.0
04127 20130831  2.412 -116.75   43.20    32.1     9.9    21.0    21.9     0.0    23.47 C    43.3     8.3    23.8    59.8    14.0    33.1   0.090   0.185   0.211 -99.000   0.356    23.7    23.0    22.5    21.1    19.0
04127 20130901  2.412 -116.75   43.20    32.1    12.1    22.1    23.8     0.0    20.74 C    44.1    10.9    25.0    45.2    10.4    21.3   0.089   0.185   0.211 -99.000   0.353    23.9    23.0    22.5    21.1    19.0
04127 20130902  2.412 -116.75   43.20    30.0    14.9    22.4    22.5     0.4    13.89 C    43.4    14.9    24.2    90.4    22.4    44.0   0.088   0.184   0.212 -99.000   0.352    24.3    23.3    22.6    21.1    19.0
04127 20130903  2.412 -116.75   43.20    26.9    14.7    20.8    20.3     5.7    14.72 C    29.7    14.7    20.7    96.0    48.5    73.0   0.088   0.182   0.211 -99.000   0.356    22.4    22.4    22.3    21.1    19.1
04127 20130904  2.412 -116.75   43.20    30.5    13.5    22.0    20.1    14.4    18.14 C    37.9    13.0    21.5    92.9    32.3    71.3   0.111   0.181   0.211 -99.000   0.348    21.7    21.8    21.7    21.0    19.1
04127 20130905  2.412 -116.75   43.20    25.4    14.4    19.9    18.3    37.6    14.45 C    28.3    10.6    18.6    94.3    48.5    78.7   0.209   0.205   0.224 -99.000   0.353    19.6    20.5    21.0    20.7    19.1
04127 20130906  2.412 -116.75   43.20    21.5     9.7    15.6    16.6     0.0    23.53 C    26.0     9.6    17.1    82.5    37.4    58.3   0.281   0.232   0.256 -99.000   0.352    18.4    19.1    19.8    20.4    19.0
04127 20130907  2.412 -116.75   43.20    25.0     7.4    16.2    16.2     0.0    23.01 C    29.0     7.1    17.0    87.1    33.0    60.4   0.256   0.230   0.247 -99.000   0.352    17.6    18.3    19.1    19.8    19.0
04127 20130908  2.412 -116.75   43.20    25.5     8.7    17.1    17.5     0.0    22.62 C    28.8     8.1    17.5    79.6    32.2    53.3   0.240   0.232   0.243 -99.000   0.348    18.0    18.5    18.9    19.4    19.0
04127 20130909  2.412 -116.75   43.20    25.2    10.4    17.8    18.7     0.0    22.80 C    29.2     9.4    18.3    76.3    25.7    45.9   0.227   0.232   0.241 -99.000   0.351    18.3    18.7    18.9    19.2    18.8
04127 20130910  2.412 -116.75   43.20    26.9     9.6    18.3    18.7     0.0    22.61 C    32.6     8.6    19.2    76.0    24.6    46.7   0.216   0.231   0.240 -99.000   0.350    19.1    19.1    19.1    19.0    18.7
04127 20130911  2.412 -116.75   43.20    30.1    11.2    20.6    20.7     0.0    22.13 C    35.2     9.0    20.6    71.2    18.1    39.8   0.207   0.229   0.239 -99.000   0.345    19.5    19.5    19.3    19.0    18.6
04127 20130912  2.412 -116.75   43.20    27.5    13.9    20.7    20.9     8.8    17.30 C    34.4    14.2    21.7    92.8    33.5    56.8   0.202   0.229   0.238 -99.000   0.349    20.7    20.4    19.9    19.0    18.5
04127 20130913  2.412 -116.75   43.20    24.3    11.7    18.0    17.7     1.5    17.61 C    28.7    11.6    18.8    94.4    42.4    74.0   0.220   0.235   0.238 -99.000   0.349    19.6    19.8    19.8    19.1    18.4
04127 20130914  2.412 -116.75   43.20    25.0    13.6    19.3    19.0     0.0    14.29 C    30.1    13.0    19.2    89.6    38.5    65.6   0.223   0.235   0.238 -99.000   0.350    19.4    19.6    19.7    19.1    18.4
04127 20130915  2.412 -116.75   43.20    28.2    15.0    21.6    22.7     0.0    20.17 C    29.9    13.7    21.5    71.9    31.2    42.7   0.214   0.232   0.237 -99.000   0.345    19.0    19.1    19.3    19.0    18.3
04127 20130916  2.412 -116.75   43.20    28.1    13.6    20.8    20.3     0.0    21.46 C    33.0    10.9    19.9    60.9    15.2    33.2   0.203   0.230   0.236 -99.000   0.344    19.3    19.5    19.4    18.9    18.2
04127 20130917  2.412 -116.75   43.20    24.2    10.1    17.2    15.4     0.0    15.75 C    30.2     9.2    16.2    76.1    22.7    51.1   0.192   0.225   0.234 -99.000   0.343    17.7    18.5    19.0    18.9    18.2
04127 20130918  2.412 -116.75   43.20    17.4     4.1    10.8    11.3     0.0    18.04 C    25.7     3.5    12.9    72.1    26.5    52.1   0.182   0.220   0.232 -99.000   0.341    16.1    17.3    18.1    18.6    18.2
04127 20130919  2.412 -116.75   43.20    19.8     2.0    10.9    11.2     0.0    21.39 C    26.1     0.5    11.9    77.8    26.6    48.0   0.173   0.216   0.228 -99.000   0.342    14.4    15.7    16.9    18.2    18.1
04127 20130920  2.412 -116.75   43.20    25.8     5.2    15.5    17.0     0.0    21.00 C    30.1     4.5    16.2    56.8    15.1    27.1   0.170   0.214   0.227 -99.000   0.342    15.4    15.9    16.7    17.7    18.0
04127 20130921  2.412 -116.75   43.20    20.7     8.8    14.8    15.0     0.0     8.50 C    23.5     8.9    15.0    69.6    15.3    39.0   0.165   0.213   0.227 -99.000   0.343    15.5    16.3    16.9    17.5    17.8
04127 20130922  2.412 -116.75   43.20    18.1     9.6    13.8    13.1     0.2    15.72 C    25.0     9.4    14.5    75.4    34.8    54.1   0.162   0.211   0.226 -99.000   0.340    15.4    15.9    16.5    17.3    17.7
04127 20130923  2.412 -116.75   43.20    21.6     6.1    13.8    13.8     0.0    17.02 C    28.1     5.2    14.6    81.9    26.3    51.6   0.159   0.209   0.225 -99.000   0.339    15.2    15.7    16.4    17.1    17.6
04127 20130924  2.412 -116.75   43.20    14.2     6.1    10.2     9.5    10.3     5.93 C    15.0     5.5     9.4    87.2    49.8    71.2   0.166   0.207   0.222 -99.000   0.345    12.9    14.6    15.9    16.9    17.4
04127 20130925  2.412 -116.75   43.20     8.4     4.4     6.4     6.2     2.6     5.43 C    11.4     4.7     7.1    94.9    66.0    80.1   0.187   0.211   0.221 -99.000   0.342    10.4    12.3    14.4    16.5    17.3
04127 20130926  2.412 -116.75   43.20    11.5     4.0     7.8     7.0     1.4     4.78 C    12.2     4.4     7.2    91.1    53.8    73.8   0.199   0.214   0.216 -99.000   0.341     9.5    11.2    13.2    15.8    17.1
04127 20130927  2.412 -116.75   43.20    13.8     2.1     7.9     8.8     0.0    15.02 C    18.8     1.4     9.0    82.3    40.3    55.9   0.200   0.214   0.215 -99.000   0.339     9.3    10.6    12.4    15.1    17.0
04127 20130928  2.412 -116.75   43.20    20.2     8.0    14.1    15.2     0.0    13.51 C    23.4     6.8    14.3    57.9    29.2    37.6   0.196   0.215   0.217 -99.000   0.335    11.8    12.0    12.8    14.6    16.7
04127 20130929  2.412 -116.75   43.20    18.8     7.7    13.2    13.2     5.4     4.98 C    16.7     8.8    12.7    97.3    28.5    60.9   0.191   0.215   0.220 -99.000   0.336    12.4    12.9    13.6    14.5    16.4
04127 20130930  2.412 -116.75   43.20    15.9     3.8     9.8    11.4     5.3    11.73 C    18.8     3.7    11.4    90.6    49.1    70.0   0.224   0.222   0.220 -99.000   0.331    12.4    12.9    13.5    14.5    16.2
04127 20131001  2.412 -116.75   43.20    13.3     1.9     7.6     7.6     0.0    11.50 C    17.6     1.8     8.2    95.5    41.9    71.7   0.235   0.226   0.219 -99.000   0.332    10.4    11.6    13.0    14.4    16.0
04127 20131002  2.412 -116.75   43.20    10.7    -0.7     5.0     4.7     0.0    14.82 C    15.9    -0.6     5.9    87.0    45.4    67.2   0.225   0.229   0.217 -99.000   0.332     8.8    10.4    12.1    14.1    15.9
04127 20131003  2.412 -116.75   43.20     9.6     2.6     6.1     5.6     0.0     5.14 C     9.9     0.8     4.9    74.7    46.5    58.8   0.216   0.228   0.216 -99.000   0.329     7.0     9.1    11.2    13.6    15.7
04127 20131004  2.412 -116.75   43.20    11.9    -1.1     5.4     5.9     0.0    18.43 C    16.5    -1.6     6.1    74.5    31.2    54.5   0.211   0.227   0.214 -99.000   0.332     7.4     8.5    10.3    13.1    15.5
04127 20131005  2.412 -116.75   43.20    15.7    -2.2     6.8     6.0     0.0    18.08 C    19.6    -3.3     6.1    72.7    28.8    51.7   0.204   0.225   0.215 -99.000   0.327     7.5     8.6    10.2    12.6    15.3
04127 20131006  2.412 -116.75   43.20    20.4    -1.4     9.5     9.4     0.0    18.10 C    22.6    -2.5     8.6    73.4    23.6    46.6   0.199   0.225   0.215 -99.000   0.330     8.4     9.1    10.3    12.3    15.0
04127 20131007  2.412 -116.75   43.20    20.9     4.4    12.6    11.8     0.0    13.93 C    25.3     1.9    10.7    67.6    16.0    39.6   0.195   0.224   0.217 -99.000   0.328     9.8    10.1    10.8    12.3    14.8
04127 20131008  2.412 -116.75   43.20    12.9     2.3     7.6     6.8     0.0    11.97 C    20.4     1.4     7.8    83.8    39.6    58.6   0.189   0.223   0.217 -99.000   0.325     9.3    10.2    11.1    12.3    14.6
04127 20131009  2.412 -116.75   43.20    12.6    -1.2     5.7     5.6     0.0    16.12 C    18.3    -0.8     6.5    92.7    36.7    65.3   0.183   0.220   0.217 -99.000   0.324     8.9     9.8    10.8    12.2    14.4
04127 20131010  2.412 -116.75   43.20    14.1    -1.2     6.5     6.2     0.0    13.53 C    17.2    -1.9     5.9    83.6    25.9    55.1   0.176   0.216   0.216 -99.000   0.326     7.9     9.1    10.4    12.0    14.2
04127 20131011  2.412 -116.75   43.20    13.0     0.8     6.9     6.9     0.0    14.75 C    17.8    -1.1     7.2    73.4    32.8    52.7   0.171   0.214   0.215 -99.000   0.324     7.8     8.8    10.0    11.8    14.0
04127 20131012  2.412 -116.75   43.20    13.4    -0.7     6.3     6.6     0.0    11.03 C    18.9    -1.5     7.1    82.2    34.6    57.8   0.168   0.213   0.215 -99.000   0.323     8.2     9.0    10.0    11.6    13.9
04127 20131013  2.412 -116.75   43.20    13.2    -0.9     6.1     6.6     0.0    15.04 C    17.7    -1.5     6.8    88.4    36.9    61.0   0.165   0.212   0.215 -99.000   0.322     8.2     9.1    10.1    11.5    13.7
04127 20131014  2.412 -116.75   43.20    12.9    -1.2     5.8     5.8     0.0    15.90 C    17.7    -1.7     5.9    75.1    28.2    54.5   0.161   0.208   0.214 -99.000   0.321     7.6     8.7     9.8    11.3    13.6
04127 20131015  2.412 -116.75   43.20    12.6    -3.7     4.4     4.2     0.0    15.68 C    18.4    -4.2     4.7    84.8    36.4    60.1   0.157   0.206   0.214 -99.000   0.321     6.9     8.1     9.4    11.2    13.5
04127 20131016  2.412 -116.75   43.20    15.1    -4.0     5.5     5.0     0.0    12.91 C    19.3    -4.5     4.6    79.0    26.8    54.5   0.154   0.203   0.213 -99.000   0.321     6.4     7.6     9.1    10.9    13.3
04127 20131017  2.412 -116.75   43.20    14.8    -2.5     6.1     6.5     0.0    15.41 C    18.7    -3.6     5.6    78.5    27.2    51.9   0.153   0.202   0.212 -99.000   0.321     6.6     7.6     8.9    10.7    13.2
04127 20131018  2.412 -116.75   43.20    14.1    -2.8     5.6     5.6     0.0    15.11 C    19.5    -3.3     5.6    84.1    36.8    61.1   0.151   0.202   0.212 -99.000   0.319     6.7     7.7     8.9    10.5    13.0
04127 20131019  2.412 -116.75   43.20    18.9    -3.0     8.0     7.8     0.0    14.91 C    21.0    -4.6     6.7    82.2    18.9    48.2   0.150   0.200   0.211 -99.000   0.315     6.7     7.6     8.7    10.4    12.8
04127 20131020  2.412 -116.75   43.20    18.5     2.9    10.7    10.3     0.0    14.56 C    22.0     0.9     9.2    69.8    24.1    43.1   0.150   0.201   0.212 -99.000   0.318     8.0     8.4     9.1    10.3    12.7
04127 20131021  2.412 -116.75   43.20    17.1     2.4     9.7     8.8     0.0    14.42 C    21.9     0.1     8.5    77.8    35.4    58.3   0.149   0.200   0.212 -99.000   0.316     8.3     8.8     9.4    10.3    12.6
04127 20131022  2.412 -116.75   43.20    18.1    -0.2     8.9     8.2     0.0    14.20 C    22.1    -2.0     7.4    86.5    30.6    59.4   0.147   0.199   0.212 -99.000   0.314     7.8     8.5     9.4    10.3    12.4
04127 20131023  2.412 -116.75   43.20    18.6    -0.4     9.1     8.1     0.0    13.96 C    22.5    -2.0     7.4    81.5    30.4    56.8   0.145   0.197   0.212 -99.000   0.319     7.6     8.4     9.2    10.3    12.3
04127 20131024  2.412 -116.75   43.20    18.4     0.4     9.4     8.5     0.0    13.66 C    22.2    -1.8     7.4    71.7    26.5    49.9   0.144   0.197   0.211 -99.000   0.315     7.4     8.2     9.1    10.2    12.2
04127 20131025  2.412 -116.75   43.20    18.3    -0.5     8.9     8.7     0.0    13.50 C    21.9    -2.0     7.4    71.9    30.1    49.6   0.143   0.195   0.210 -99.000   0.313     7.4     8.1     9.0    10.1    12.1
04127 20131026  2.412 -116.75   43.20    18.9     1.6    10.2     9.2     0.0    13.55 C    22.7    -1.7     7.3    64.1    25.5    45.6   0.142   0.194   0.211 -99.000   0.311     7.1     8.0     8.9    10.0    12.0
04127 20131027  2.412 -116.75   43.20    21.8    -2.0     9.9     9.0     2.0    11.44 C    26.9    -3.5     8.1    91.9    12.5    43.8   0.141   0.194   0.210 -99.000   0.312     7.1     7.8     8.7     9.9    11.9
04127 20131028  2.412 -116.75   43.20     6.6     2.6     4.6     4.8    22.1     0.84 C     7.8     3.3     5.3    95.4    82.6    91.2   0.193   0.205   0.211 -99.000   0.313     7.2     8.1     9.0     9.9    11.8
04127 20131029  2.412 -116.75   43.20     7.3    -0.3     3.5     3.6     0.0     5.53 C    11.1    -0.8     4.1    96.4    66.3    83.8   0.279   0.282   0.209 -99.000   0.311     6.1     7.0     8.3     9.8    11.7
04127 20131030  2.412 -116.75   43.20     9.6    -0.9     4.4     5.0     0.0    12.11 C    10.5    -1.0     4.3    86.6    47.6    63.2   0.261   0.283   0.209 -99.000   0.311     4.5     5.8     7.5     9.5    11.6
04127 20131031  2.412 -116.75   43.20    13.0     3.1     8.0     7.6     0.3     8.58 C    14.0     1.2     6.4    89.3    41.3    64.2   0.256   0.280   0.209 -99.000   0.313     5.3     5.9     7.1     9.1    11.6
04127 20131101  2.412 -116.75   43.20    12.5     0.0     6.3     6.3     0.0    10.13 C    16.3     0.0     6.3    96.8    57.5    81.3   0.251   0.278   0.213 -99.000   0.313     6.2     6.8     7.6     8.9    11.5
04127 20131102  2.412 -116.75   43.20    16.4    -1.2     7.6     5.1     1.8     7.81 C    17.2    -1.2     4.4    97.4    36.3    72.9   0.246   0.275   0.218 -99.000   0.310     4.8     5.9     7.3     8.9    11.3
04127 20131103  2.412 -116.75   43.20     5.6    -2.6     1.5     0.9     0.6     9.86 C     8.6    -2.8     0.7    86.1    42.5    59.8   0.242   0.273   0.219 -99.000   0.309     3.2     4.8     6.5     8.7    11.2
04127 20131104  2.412 -116.75   43.20     4.9    -5.6    -0.3     0.1     0.5     8.33 C     7.8    -5.7     0.3    91.0    51.7    69.7   0.236   0.269   0.221 -99.000   0.310     2.4     3.9     5.6     8.3    11.1
04127 20131105  2.412 -116.75   43.20     7.5    -7.2     0.2    -0.1     0.4     5.43 C     8.0    -7.0     0.3    95.5    52.8    79.7   0.236   0.267   0.222 -99.000   0.310     2.4     3.5     5.2     7.9    10.9
04127 20131106  2.412 -116.75   43.20    12.6     2.5     7.5     6.3     0.0     6.59 C    15.0     2.0     6.2    95.2    57.9    82.1   0.247   0.274   0.226 -99.000   0.309     5.1     5.1     5.7     7.6    10.7
04127 20131107  2.412 -116.75   43.20    17.6     3.0    10.3     8.8     0.4     5.73 C    17.3     3.1     8.0    97.3    31.6    70.0   0.247   0.276   0.231 -99.000   0.309     6.2     6.3     6.7     7.6    10.6
04127 20131108  2.412 -116.75   43.20    10.3    -2.0     4.2     4.8     0.0     7.15 C    12.9    -1.7     4.7    85.9    32.6    59.5   0.241   0.275   0.234 -99.000   0.307     5.6     6.3     7.0     7.8    10.4
04127 20131109  2.412 -116.75   43.20    10.6    -5.0     2.8     2.3     0.0    11.25 C    12.1    -4.2     2.3    86.1    45.2    70.5   0.232   0.268   0.234 -99.000   0.308     3.6     4.9     6.2     7.9    10.3
04127 20131110  2.412 -116.75   43.20    14.2    -1.8     6.2     5.1     0.0    10.91 C    16.0    -2.3     4.4    90.6    42.9    72.1   0.230   0.266   0.234 -99.000   0.308     4.0     4.7     5.8     7.6    10.2
04127 20131111  2.412 -116.75   43.20    12.7    -2.4     5.2     4.5     0.0     8.80 C    14.7    -2.5     3.8    87.4    47.3    72.9   0.227   0.265   0.235 -99.000   0.307     4.1     4.9     5.9     7.5    10.1
04127 20131112  2.412 -116.75   43.20    14.6     1.6     8.1     7.6     0.0     5.55 C    17.0    -0.4     6.0    78.0    33.1    57.8   0.226   0.264   0.235 -99.000   0.305     4.5     5.0     5.8     7.4    10.0
04127 20131113  2.412 -116.75   43.20    13.8    -1.7     6.1     5.9     0.0     9.81 C    14.7    -1.8     5.2    89.3    38.5    72.2   0.226   0.263   0.236 -99.000   0.307     5.3     5.7     6.3     7.4     9.9
04127 20131114  2.412 -116.75   43.20    13.3    -2.6     5.4     3.4     0.0     8.04 C    13.7    -2.3     2.9    87.8    29.0    67.4   0.219   0.258   0.236 -99.000   0.304     3.7     4.7     5.9     7.4     9.8
04127 20131115  2.412 -116.75   43.20     6.3    -1.6     2.4     2.6     0.0     8.72 C     8.2    -2.7     2.2    74.4    41.3    56.5   0.214   0.256   0.234 -99.000   0.303     2.9     4.1     5.5     7.2     9.7
04127 20131116  2.412 -116.75   43.20     8.4     0.2     4.3     3.4     3.0     5.24 C     9.7     0.3     2.6    95.6    39.2    61.7   0.218   0.256   0.232 -99.000   0.306     3.1     4.0     5.2     7.0     9.6
04127 20131117  2.412 -116.75   43.20     8.5    -4.1     2.2     2.4     0.0     8.37 C     9.4    -3.5     1.7    86.9    43.4    62.4   0.218   0.254   0.231 -99.000   0.304     2.5     3.6     4.9     6.8     9.5
04127 20131118  2.412 -116.75   43.20     8.3    -4.4     2.0     2.3     0.0     5.15 C     8.8    -4.2     1.9    90.2    48.2    72.1   0.214   0.252   0.232 -99.000   0.302     2.1     3.1     4.5     6.6     9.4
04127 20131119  2.412 -116.75   43.20    11.4     4.7     8.1     7.7     1.4     6.45 C    14.1     3.5     6.8    85.3    51.6    68.8   0.220   0.255   0.232 -99.000   0.304     4.5     4.4     4.9     6.4     9.3
04127 20131120  2.412 -116.75   43.20     8.7    -3.2     2.7     2.7     4.0     4.76 C     6.6    -2.8     2.7    89.5    35.8    65.1   0.240   0.261   0.235 -99.000   0.303     4.4     5.1     5.7     6.5     9.2
04127 20131121  2.412 -116.75   43.20     2.0    -8.2    -3.1    -2.8     0.0     9.01 C     4.0    -7.9    -2.6    75.5    28.9    45.0   0.227   0.260   0.234 -99.000   0.301     1.4     3.0     4.7     6.5     9.0
04127 20131122  2.412 -116.75   43.20     3.7   -10.3    -3.3    -4.6     0.0    10.00 C     4.9    -9.7    -4.3    81.4    30.3    65.0   0.257   0.253   0.232 -99.000   0.301     0.1     1.8     3.6     6.2     9.0
04127 20131123  2.412 -116.75   43.20     3.0   -10.4    -3.7    -4.2     0.0    10.02 C     5.0   -10.1    -4.5    80.2    43.2    65.3 -99.000   0.243   0.230 -99.000   0.302    -0.7     0.9     2.9     5.7     8.9
04127 20131124  2.412 -116.75   43.20     5.5    -9.5    -2.0    -2.9     0.0     9.78 C     6.9    -9.7    -3.4    83.6    38.9    66.1 -99.000   0.232   0.227 -99.000   0.302    -1.3     0.3     2.3     5.3     8.8
04127 20131125  2.412 -116.75   43.20     7.9    -7.4     0.2    -0.6     0.0     9.66 C    10.0    -7.5    -1.4    82.4    33.7    64.9 -99.000   0.227   0.227 -99.000   0.301    -1.2     0.1     1.9     4.9     8.6
04127 20131126  2.412 -116.75   43.20    10.2    -6.3     2.0     0.9     0.0     9.07 C     9.8    -7.0    -0.5    83.4    28.2    62.4 -99.000   0.227   0.226 -99.000   0.301    -1.1     0.0     1.7     4.6     8.4
04127 20131127  2.412 -116.75   43.20     7.3    -3.8     1.7     0.9     0.0     6.71 C     8.9    -4.1    -0.1    85.6    44.8    69.0 -99.000   0.226   0.226 -99.000   0.302    -0.8     0.1     1.6     4.3     8.2
04127 20131128  2.412 -116.75   43.20     9.6    -4.7     2.4     0.5     0.0     7.72 C     9.1    -5.4    -0.7    88.4    37.2    73.4 -99.000   0.224   0.226 -99.000   0.298    -0.7     0.2     1.6     4.2     8.0
04127 20131129  2.412 -116.75   43.20     9.0    -6.4     1.3    -0.1     0.0     8.96 C     9.8    -6.8    -1.0    90.6    46.0    75.9 -99.000   0.225   0.225 -99.000   0.299    -1.0     0.1     1.5     4.0     7.8
04127 20131130  2.412 -116.75   43.20     8.4    -1.8     3.3     3.8     0.0     2.75 C     8.3    -1.9     2.7    88.0    53.1    73.0 -99.000   0.224   0.224 -99.000   0.298    -0.5     0.2     1.5     3.9     7.6
04127 20131201  2.412 -116.75   43.20    12.5     5.5     9.0     9.4     2.1     1.64 C     9.4     2.8     6.5    73.2    33.0    56.0   0.231   0.229   0.224 -99.000   0.297     0.7     0.8     1.7     3.8     7.5
04127 20131202  2.412 -116.75   43.20    12.5    -8.8     1.9     6.1     4.3     3.62 C    13.1   -10.1     4.2    95.1    28.4    55.0   0.229   0.246   0.224 -99.000   0.298     2.5     2.3     2.6     3.8     7.3
04127 20131203  2.412 -116.75   43.20    -1.9    -8.4    -5.1    -5.1     0.0     7.07 C     0.1   -10.2    -5.3    82.9    57.4    69.3   0.224   0.256   0.226 -99.000   0.296     0.9     1.8     2.8     4.0     7.2
04127 20131204  2.412 -116.75   43.20    -7.4    -9.7    -8.6    -8.6     0.0     3.22 C    -5.0    -9.4    -7.4    80.1    59.9    70.2   0.255   0.252   0.226 -99.000   0.299     0.3     1.2     2.4     4.0     7.1
04127 20131205  2.412 -116.75   43.20    -7.0   -15.1   -11.1   -10.4     0.0     3.99 C    -4.2   -14.7    -9.2    83.6    44.6    67.3 -99.000   0.245   0.225 -99.000   0.298    -0.4     0.8     2.1     3.9     7.0
04127 20131206  2.412 -116.75   43.20    -7.3   -15.5   -11.4   -10.7     0.0     7.46 C    -4.3   -15.2    -9.8    83.9    65.6    73.8 -99.000 -99.000   0.225 -99.000   0.296    -1.7     0.1     1.6     3.7     6.9
04127 20131207  2.412 -116.75   43.20    -7.2   -13.3   -10.3    -9.7     2.5     2.55 C    -5.0   -15.7    -9.7    90.1    59.4    74.5 -99.000 -99.000   0.226 -99.000   0.295    -1.7    -0.4     1.1     3.5     6.8
04127 20131208  2.412 -116.75   43.20    -7.6   -17.7   -12.7   -12.7     0.0     7.45 C    -6.2   -20.0   -14.0    66.8    26.3    45.4 -99.000 -99.000   0.227 -99.000   0.296    -2.1    -0.7     0.9     3.2     6.8
04127 20131209  2.412 -116.75   43.20    -7.3   -18.4   -12.8   -13.5     0.0     8.34 C    -6.0   -19.7   -14.1    77.6    45.6    62.1 -99.000 -99.000 -99.000 -99.000   0.297    -2.8    -1.1     0.5     3.0     6.6
04127 20131210  2.412 -116.75   43.20    -6.0   -18.0   -12.0   -12.5     0.0     7.24 C    -4.3   -18.6   -12.9    86.6    48.6    71.5 -99.000 -99.000 -99.000 -99.000   0.294    -3.2    -1.7     0.1     2.8     6.4
04127 20131211  2.412 -116.75   43.20    -4.0   -16.9   -10.5   -11.0     0.0     8.32 C    -2.6   -17.8   -11.6    89.8    62.6    80.5 -99.000 -99.000 -99.000 -99.000   0.294    -3.5    -2.0    -0.3     2.5     6.3
04127 20131212  2.412 -116.75   43.20    -1.4   -15.7    -8.6   -10.2     0.0     8.22 C    -1.1   -17.2   -11.4    89.8    50.4    79.2 -99.000 -99.000 -99.000 -99.000   0.295    -3.8    -2.4    -0.6     2.2     6.2
04127 20131213  2.412 -116.75   43.20     5.4   -11.7    -3.1    -2.0     0.0     7.43 C     3.2   -12.1    -2.8    91.8    54.8    74.3 -99.000 -99.000 -99.000 -99.000   0.292    -3.0    -2.2    -0.8     2.0     6.0
04127 20131214  2.412 -116.75   43.20     4.3    -7.2    -1.5    -1.8     0.0     7.32 C     4.0    -8.2    -2.7    94.3    61.3    82.3 -99.000 -99.000 -99.000 -99.000   0.294    -2.0    -1.5    -0.6     1.8     5.9
04127 20131215  2.412 -116.75   43.20     3.9    -6.7    -1.4    -2.6     0.0     5.73 C     4.3    -7.7    -3.1    94.2    60.1    84.0 -99.000 -99.000 -99.000 -99.000   0.294    -2.2    -1.5    -0.4     1.8     5.7
04127 20131216  2.412 -116.75   43.20     4.2    -9.9    -2.9    -3.8     0.0     8.07 C     4.1   -10.3    -4.8    93.5    54.2    80.6 -99.000 -99.000 -99.000 -99.000   0.291    -2.8    -1.7    -0.5     1.7     5.6
04127 20131217  2.412 -116.75   43.20     3.4    -9.4    -3.0    -4.1     0.0     7.03 C     3.7   -10.5    -5.1    92.8    52.9    79.1 -99.000 -99.000 -99.000 -99.000   0.291    -3.4    -2.2    -0.7     1.6     5.5
04127 20131218  2.412 -116.75   43.20     3.9   -10.3    -3.2    -4.6     0.0     7.72 C     4.9   -11.0    -4.7    92.9    55.3    83.6 -99.000 -99.000 -99.000 -99.000   0.295    -3.4    -2.4    -1.0     1.5     5.4
04127 20131219  2.412 -116.75   43.20     0.0    -8.3    -4.1    -2.9     0.0     8.19 C     0.4   -10.3    -4.0    92.6    39.1    57.6 -99.000 -99.000 -99.000 -99.000   0.292    -2.5    -1.7    -0.8     1.4     5.2
04127 20131220  2.412 -116.75   43.20     4.4   -10.3    -3.0    -3.4     2.6     3.47 C     2.1   -11.5    -4.7    93.7    14.8    56.7 -99.000 -99.000 -99.000 -99.000   0.291    -4.2    -2.8    -1.2     1.3     5.1
04127 20131221  2.412 -116.75   43.20     6.0     1.1     3.6     3.6     0.0     5.44 C     4.8     0.4     2.1    83.5    55.5    73.7 -99.000 -99.000 -99.000 -99.000   0.292    -1.4    -1.5    -1.0     1.1     5.0
04127 20131222  2.412 -116.75   43.20     8.2     2.2     5.2     4.9     0.0     5.94 C     8.7     0.7     3.3    77.9    56.1    69.5 -99.000 -99.000 -99.000 -99.000   0.291    -0.7    -0.8    -0.5     1.1     4.9
04127 20131223  2.412 -116.75   43.20    10.7     3.0     6.9     8.0     0.6     2.41 C     9.3     1.1     5.0    82.2    36.7    53.0 -99.000 -99.000 -99.000 -99.000   0.289    -0.5    -0.5    -0.2     1.2     4.8
04127 20131224  2.412 -116.75   43.20     6.0    -6.7    -0.4    -0.2     0.0     8.42 C     5.0    -6.2    -0.3    88.0    44.7    69.8 -99.000 -99.000 -99.000 -99.000   0.290    -0.4    -0.4     0.0     1.3     4.6
04127 20131225  2.412 -116.75   43.20     3.2    -8.9    -2.8    -3.9     0.0     8.53 C     4.1    -8.5    -3.8    91.1    50.2    78.1 -99.000 -99.000 -99.000 -99.000   0.290    -0.7    -0.4     0.2     1.4     4.6
04127 20131226  2.412 -116.75   43.20     3.5    -8.5    -2.5    -3.9     0.0     8.13 C     4.2    -8.5    -3.8    91.9    57.1    82.9 -99.000 -99.000 -99.000 -99.000   0.289    -1.7    -0.6     0.2     1.5     4.5
04127 20131227  2.412 -116.75   43.20     3.9    -9.0    -2.6    -3.3     0.0     6.82 C     4.0    -9.5    -3.6    92.9    52.5    79.3 -99.000 -99.000 -99.000 -99.000   0.289    -2.4    -1.2     0.0     1.5     4.5
04127 20131228  2.412 -116.75   43.20     5.8    -7.8    -1.0    -0.4     0.0     8.38 C     5.5    -7.7    -1.9    91.3    43.8    66.3 -99.000 -99.000 -99.000 -99.000   0.290    -2.3    -1.4    -0.3     1.4     4.4
04127 20131229  2.412 -116.75   43.20     5.8    -7.7    -0.9    -1.3     0.0     7.58 C     4.7    -8.8    -2.7    84.8    31.0    63.9 -99.000 -99.000 -99.000 -99.000   0.288    -2.9    -1.9    -0.6     1.3     4.4
04127 20131230  2.412 -116.75   43.20     3.8    -5.0    -0.6    -1.2     0.0     4.84 C     5.4    -5.5    -1.4    88.9    46.5    70.7 -99.000 -99.000 -99.000 -99.000   0.288    -2.3    -1.7    -0.7     1.2     4.4
04127 20131231  2.412 -116.75   43.20    10.9    -2.7     4.1     2.6     0.0     5.05 C     9.0    -2.5     1.4    89.3    35.1    65.4 -99.000 -99.000 -99.000 -99.000   0.288    -1.3    -1.1    -0.5     1.1     4.3
