54903 20130101  2.412  -90.17   44.06    -9.3   -22.3   -15.8   -15.0     0.0     8.62 C    -9.2   -25.8   -16.4    84.4    50.9    69.2 -99.000 -99.000 -99.000   0.053   0.052    -1.1    -0.9     0.0     1.1     2.7
54903 20130102  2.412  -90.17   44.06    -4.7   -11.6    -8.1    -8.0     0.0     5.95 C    -3.9   -15.0    -8.8    82.7    48.7    67.9 -99.000 -99.000 -99.000   0.051   0.051    -0.9    -0.8    -0.1     1.0     2.6
54903 20130103  2.412  -90.17   44.06    -4.9   -13.2    -9.1    -8.0     0.0     2.84 C    -4.1   -14.8    -8.4    85.4    72.3    78.2 -99.000 -99.000 -99.000   0.051   0.051    -1.0    -0.8    -0.1     1.0     2.6
54903 20130104  2.412  -90.17   44.06    -1.2   -13.8    -7.5    -7.2     0.0     8.47 C    -2.3   -16.4    -9.6    91.1    53.7    72.0 -99.000 -99.000 -99.000   0.048   0.051    -1.2    -1.0    -0.2     0.9     2.5
54903 20130105  2.412  -90.17   44.06     1.0   -15.8    -7.4    -6.1     0.0     7.20 C     0.0   -17.4    -7.5    90.7    59.2    78.7 -99.000 -99.000 -99.000   0.048   0.051    -1.1    -1.0    -0.3     0.9     2.5
54903 20130106  2.412  -90.17   44.06    -2.6   -14.0    -8.3    -6.4     0.0     5.96 C    -1.7   -16.9    -7.9    91.0    63.0    77.1 -99.000 -99.000 -99.000   0.049   0.051    -1.0    -0.8    -0.2     0.8     2.4
54903 20130107  2.412  -90.17   44.06     3.3   -12.8    -4.7    -2.9     0.0     7.58 C     1.8   -15.3    -5.5    88.9    50.7    68.3 -99.000 -99.000 -99.000   0.047   0.051    -1.1    -1.0    -0.4     0.8     2.4
54903 20130108  2.412  -90.17   44.06     3.9   -13.0    -4.5    -2.7     0.0     6.24 C     2.9   -13.5    -4.1    94.8    56.6    77.9 -99.000 -99.000 -99.000   0.049   0.051    -1.0    -0.9    -0.3     0.7     2.3
54903 20130109  2.412  -90.17   44.06     3.6    -7.5    -2.0     0.0     0.0     8.90 C     3.8    -7.4    -1.2    87.8    46.6    67.3 -99.000 -99.000 -99.000   0.048   0.050    -0.4    -0.5    -0.1     0.8     2.3
54903 20130110  2.412  -90.17   44.06     3.0    -9.7    -3.4    -1.9     3.9     4.24 C     3.1    -9.4    -2.4    95.6    47.2    78.6 -99.000 -99.000 -99.000   0.046   0.049    -0.7    -0.7    -0.1     0.8     2.2
54903 20130111  2.412  -90.17   44.06     7.0     0.8     3.9     3.2     1.6     2.36 C     5.5     0.9     2.8    98.6    92.6    97.2 -99.000 -99.000 -99.000   0.047   0.048    -0.2    -0.3    -0.1     0.8     2.2
54903 20130112  2.412  -90.17   44.06     8.5    -9.0    -0.3    -1.8     0.0     4.58 C     5.4    -7.1    -1.2    92.1    59.8    70.5 -99.000 -99.000 -99.000   0.046   0.049    -0.1    -0.3     0.0     0.8     2.2
54903 20130113  2.412  -90.17   44.06    -9.0   -13.4   -11.2   -11.7     0.0     4.26 C    -3.4   -13.1    -9.3    77.5    61.8    69.3 -99.000 -99.000 -99.000   0.046   0.048    -0.7    -0.5     0.0     0.8     2.2
54903 20130114  2.412  -90.17   44.06    -6.7   -16.9   -11.8   -11.9     0.0     7.26 C    -1.8   -16.7   -11.0    90.5    56.2    75.2 -99.000 -99.000 -99.000   0.045   0.048    -2.4    -1.9    -0.4     0.7     2.2
54903 20130115  2.412  -90.17   44.06    -0.8   -17.0    -8.9    -7.9     0.0     8.60 C     4.0   -16.9    -7.9    87.0    43.3    66.9 -99.000 -99.000 -99.000   0.050   0.046    -3.0    -2.6    -1.4     0.5     2.1
54903 20130116  2.412  -90.17   44.06     0.5    -7.1    -3.3    -3.1     0.0     2.20 C     2.7    -9.8    -3.7    89.0    54.0    69.7 -99.000 -99.000 -99.000   0.055   0.046    -2.2    -2.1    -1.4     0.3     2.0
54903 20130117  2.412  -90.17   44.06    -5.8   -13.8    -9.8    -9.6     0.0     7.13 C    -0.3   -14.6    -9.1    85.9    42.9    60.6 -99.000 -99.000 -99.000 -99.000   0.047    -3.4    -3.1    -1.9     0.2     1.9
54903 20130118  2.412  -90.17   44.06     7.0   -13.8    -3.4    -1.7     1.2     7.63 C     7.1   -13.9    -2.6    86.1    52.4    71.0 -99.000 -99.000 -99.000 -99.000   0.048    -2.5    -2.6    -2.1    -0.1     1.7
54903 20130119  2.412  -90.17   44.06     7.5   -14.0    -3.2     0.1     0.0     6.52 C    10.0   -13.0    -0.1    91.1    32.2    67.8 -99.000 -99.000 -99.000 -99.000   0.047    -0.8    -0.9    -0.7    -0.1     1.6
54903 20130120  2.412  -90.17   44.06   -11.2   -16.5   -13.9   -14.2     0.0     8.55 C    -4.9   -15.5   -12.2    80.4    41.8    59.7 -99.000 -99.000 -99.000 -99.000   0.047    -4.6    -4.2    -2.7    -0.1     1.6
54903 20130121  2.412  -90.17   44.06   -15.4   -22.9   -19.1   -19.6     0.0     9.20 C   -13.2   -22.8   -18.1    82.0    49.5    65.9 -99.000 -99.000 -99.000 -99.000   0.047    -7.7    -7.2    -5.5    -0.8     1.4
54903 20130122  2.412  -90.17   44.06   -15.7   -24.2   -19.9   -19.9     0.0     9.18 C    -8.3   -23.8   -18.2    79.1    49.2    66.3 -99.000 -99.000 -99.000 -99.000   0.047    -9.7    -9.3    -7.8    -2.3     1.2
54903 20130123  2.412  -90.17   44.06    -8.9   -19.1   -14.0   -13.6     0.4     3.85 C    -6.3   -20.7   -13.2    82.5    59.8    71.7 -99.000 -99.000 -99.000 -99.000   0.046    -8.3    -8.2    -7.3    -3.2     1.0
54903 20130124  2.412  -90.17   44.06   -11.5   -21.6   -16.6   -16.5     0.0     4.93 C    -9.2   -22.5   -15.6    76.5    50.2    63.5 -99.000 -99.000 -99.000 -99.000   0.048    -7.9    -7.8    -6.9    -3.3     0.7
54903 20130125  2.412  -90.17   44.06    -6.2   -12.6    -9.4    -9.1     1.4     3.07 C    -5.3   -14.7    -9.5    86.6    60.8    72.7 -99.000 -99.000 -99.000 -99.000   0.049    -6.3    -6.3    -5.7    -3.2     0.5
54903 20130126  2.412  -90.17   44.06    -4.7   -17.0   -10.9   -10.0     0.0     9.29 C     0.8   -19.5    -9.7    83.8    46.1    64.2 -99.000 -99.000 -99.000 -99.000   0.047    -5.7    -5.8    -5.2    -3.0     0.4
54903 20130127  2.412  -90.17   44.06    -1.0    -5.5    -3.2    -2.8     6.3     1.29 C    -0.3    -6.2    -2.7    95.6    57.3    75.6 -99.000 -99.000 -99.000 -99.000   0.046    -4.1    -4.2    -3.9    -2.6     0.3
54903 20130128  2.412  -90.17   44.06     0.7    -1.0    -0.1    -0.1     0.2     3.49 C     1.1    -2.0     0.0    97.5    89.3    93.4 -99.000 -99.000 -99.000 -99.000   0.047    -2.4    -2.6    -2.5    -1.9     0.3
54903 20130129  2.412  -90.17   44.06     6.9     0.3     3.6     2.3     3.7     0.79 C     3.7     0.3     1.4    98.3    90.1    95.2 -99.000 -99.000 -99.000 -99.000   0.048    -0.5    -0.9    -0.9    -1.1     0.3
54903 20130130  2.412  -90.17   44.06     0.5   -11.0    -5.3    -4.8     9.0     3.40 C     0.6   -10.9    -4.5    93.0    71.1    84.6 -99.000 -99.000 -99.000 -99.000   0.046    -0.3    -0.5    -0.3    -0.5     0.3
54903 20130131  2.412  -90.17   44.06   -10.9   -18.7   -14.8   -14.4     0.0     8.17 C   -10.1   -20.2   -14.1    83.0    62.4    70.7 -99.000 -99.000 -99.000 -99.000   0.045    -1.3    -1.2    -0.7    -0.5     0.4
54903 20130201  2.412  -90.17   44.06   -16.2   -24.1   -20.1   -19.0     2.0    11.44 C   -13.2   -26.0   -18.2    82.8    50.5    68.0 -99.000 -99.000 -99.000 -99.000   0.047    -3.3    -3.1    -2.2    -0.8     0.4
54903 20130202  2.412  -90.17   44.06   -11.2   -18.0   -14.6   -14.9     0.2     9.63 C    -8.8   -20.8   -14.9    87.8    49.0    72.2 -99.000 -99.000 -99.000 -99.000   0.047    -2.9    -2.9    -2.5    -1.2     0.5
54903 20130203  2.412  -90.17   44.06    -8.9   -16.8   -12.8   -11.9     0.3    10.90 C    -7.1   -19.2   -11.7    86.8    53.5    71.4 -99.000 -99.000 -99.000 -99.000   0.046    -3.1    -3.2    -2.6    -1.4     0.5
54903 20130204  2.412  -90.17   44.06    -8.2   -17.8   -13.0   -11.8     1.0    11.99 C    -7.8   -21.2   -12.9    90.0    37.1    65.4 -99.000 -99.000 -99.000 -99.000   0.046    -2.7    -2.8    -2.4    -1.5     0.4
54903 20130205  2.412  -90.17   44.06    -2.9   -18.3   -10.6    -8.1     1.1     3.10 C    -2.8   -21.2    -9.3    93.3    68.5    79.3 -99.000 -99.000 -99.000 -99.000   0.046    -2.7    -2.7    -2.3    -1.3     0.4
54903 20130206  2.412  -90.17   44.06    -3.2   -22.1   -12.7   -10.4     0.8     6.14 C    -3.0   -24.3   -11.1    90.6    66.6    82.4 -99.000 -99.000 -99.000 -99.000   0.045    -2.8    -2.8    -2.4    -1.4     0.4
54903 20130207  2.412  -90.17   44.06    -1.3    -4.2    -2.8    -2.6     4.0     1.75 C    -0.7    -4.6    -2.4    94.9    80.5    90.5 -99.000 -99.000 -99.000 -99.000   0.045    -2.0    -2.1    -1.9    -1.2     0.4
54903 20130208  2.412  -90.17   44.06    -3.2   -15.0    -9.1    -7.9     0.0    13.02 C    -2.6   -19.2   -10.4    90.8    47.7    73.1 -99.000 -99.000 -99.000 -99.000   0.045    -1.8    -1.9    -1.6    -1.0     0.4
54903 20130209  2.412  -90.17   44.06    -2.8   -15.2    -9.0    -7.2     0.0     5.00 C    -2.8   -19.4    -8.0    91.1    77.7    85.1 -99.000 -99.000 -99.000 -99.000   0.044    -2.1    -2.1    -1.8    -1.0     0.4
54903 20130210  2.412  -90.17   44.06     4.4    -3.7     0.4     0.0     8.3     1.65 C     2.2    -4.4    -0.7    97.8    83.7    91.9 -99.000 -99.000 -99.000 -99.000   0.045    -1.2    -1.5    -1.3    -0.9     0.4
54903 20130211  2.412  -90.17   44.06     2.1    -4.8    -1.4    -1.5     1.4     2.08 C     1.0    -4.7    -1.6    93.9    69.0    81.6 -99.000 -99.000 -99.000 -99.000   0.045    -0.4    -0.7    -0.6    -0.6     0.4
54903 20130212  2.412  -90.17   44.06    -0.4    -8.1    -4.2    -4.8     0.0     9.80 C    -0.9   -10.4    -5.4    93.8    58.2    72.6 -99.000 -99.000 -99.000 -99.000   0.045    -1.0    -1.1    -0.8    -0.5     0.4
54903 20130213  2.412  -90.17   44.06     3.0   -10.0    -3.5    -2.4     1.8     8.84 C     2.8   -11.7    -3.1    93.8    57.3    77.8 -99.000 -99.000 -99.000 -99.000   0.045    -1.3    -1.4    -1.1    -0.6     0.5
54903 20130214  2.412  -90.17   44.06     1.0    -9.6    -4.3    -1.3     2.3     7.44 C     0.6   -12.2    -1.8    96.3    57.3    78.2 -99.000 -99.000 -99.000 -99.000   0.045    -0.5    -0.7    -0.6    -0.5     0.5
54903 20130215  2.412  -90.17   44.06    -6.9   -14.0   -10.5   -10.5     0.0    13.01 C    -5.3   -16.6   -11.7    70.6    48.7    61.1 -99.000 -99.000 -99.000 -99.000   0.046    -1.6    -1.6    -1.0    -0.5     0.5
54903 20130216  2.412  -90.17   44.06    -9.3   -21.6   -15.4   -13.5     0.0    12.10 C    -4.8   -23.7   -14.2    87.6    44.7    65.7 -99.000 -99.000 -99.000 -99.000   0.046    -2.8    -2.7    -1.9    -0.8     0.5
54903 20130217  2.412  -90.17   44.06    -3.9   -25.4   -14.6   -12.6     0.0    13.80 C    -3.6   -26.1   -13.3    85.4    41.9    64.0 -99.000 -99.000 -99.000 -99.000   0.045    -3.9    -3.8    -3.1    -1.3     0.5
54903 20130218  2.412  -90.17   44.06     4.6    -6.9    -1.2    -1.3     0.0     8.76 C     3.2    -8.6    -2.5    90.9    59.9    75.4 -99.000 -99.000 -99.000 -99.000   0.044    -2.3    -2.5    -2.3    -1.4     0.5
54903 20130219  2.412  -90.17   44.06    -6.9   -15.5   -11.2   -12.4     0.0    11.09 C    -5.9   -16.5   -11.9    86.8    52.9    66.1 -99.000 -99.000 -99.000 -99.000   0.044    -4.0    -3.7    -2.7    -1.2     0.5
54903 20130220  2.412  -90.17   44.06    -5.3   -18.0   -11.7   -11.8     0.0    14.77 C    -1.3   -18.7   -11.7    83.8    48.1    63.1 -99.000 -99.000 -99.000 -99.000   0.044    -6.1    -6.0    -5.1    -2.3     0.4
54903 20130221  2.412  -90.17   44.06    -4.9   -18.1   -11.5   -10.2     0.0     9.54 C    -4.8   -18.3    -9.8    89.1    67.8    79.1 -99.000 -99.000 -99.000 -99.000   0.045    -6.2    -6.1    -5.4    -2.9     0.3
54903 20130222  2.412  -90.17   44.06    -2.2    -5.9    -4.0    -4.2     7.2     5.18 C    -1.3    -6.2    -4.3    90.4    79.9    85.6 -99.000 -99.000 -99.000 -99.000   0.047    -4.3    -4.4    -4.0    -2.7     0.2
54903 20130223  2.412  -90.17   44.06    -2.1    -5.9    -4.0    -3.9     0.2     7.70 C    -0.4    -8.1    -4.5    87.1    65.1    77.9 -99.000 -99.000 -99.000 -99.000 -99.000    -3.1    -3.2    -3.0    -2.2     0.1
54903 20130224  2.412  -90.17   44.06     2.4   -11.1    -4.4    -4.3     0.0    14.96 C     2.6   -16.8    -7.5    94.5    47.2    75.7 -99.000 -99.000 -99.000 -99.000 -99.000    -2.6    -2.7    -2.4    -1.8     0.1
54903 20130225  2.412  -90.17   44.06     2.6    -9.1    -3.2    -3.0     0.0     8.04 C     1.6   -12.1    -4.6    94.6    55.3    76.2 -99.000 -99.000 -99.000 -99.000 -99.000    -2.3    -2.4    -2.1    -1.6     0.1
54903 20130226  2.412  -90.17   44.06     2.4    -8.6    -3.1    -1.9     0.0     8.57 C     0.9   -11.1    -3.6    93.9    60.8    77.5 -99.000 -99.000 -99.000 -99.000 -99.000    -2.2    -2.3    -2.0    -1.4     0.1
54903 20130227  2.412  -90.17   44.06     0.3    -1.9    -0.8    -0.6     3.7     4.35 C     0.2    -2.1    -1.1    92.2    70.5    81.8 -99.000 -99.000 -99.000 -99.000 -99.000    -1.5    -1.6    -1.4    -1.2     0.1
54903 20130228  2.412  -90.17   44.06    -0.4    -4.3    -2.4    -1.3     0.0     4.82 C    -1.1    -5.5    -2.3    82.3    56.7    68.8 -99.000 -99.000 -99.000 -99.000 -99.000    -1.1    -1.3    -1.1    -0.9     0.2
54903 20130301  2.412  -90.17   44.06    -2.2   -11.1    -6.7    -5.4     0.0    11.73 C    -1.3   -15.7    -7.0    79.3    50.0    65.2 -99.000 -99.000 -99.000 -99.000 -99.000    -1.2    -1.3    -1.0    -0.8     0.2
54903 20130302  2.412  -90.17   44.06    -3.0   -14.9    -8.9    -8.8     0.0    17.81 C    -2.1   -19.2   -11.6    84.1    35.2    62.1 -99.000 -99.000 -99.000 -99.000   0.048    -1.9    -1.9    -1.5    -0.9     0.2
54903 20130303  2.412  -90.17   44.06    -0.6   -19.3    -9.9    -9.3     0.0    17.94 C     0.2   -22.6   -11.6    89.5    27.0    60.3 -99.000 -99.000 -99.000 -99.000   0.047    -2.4    -2.4    -2.0    -1.1     0.3
54903 20130304  2.412  -90.17   44.06    -1.5   -11.4    -6.5    -5.4     0.0     7.50 C    -2.3   -14.5    -6.3    76.5    50.4    63.6 -99.000 -99.000 -99.000 -99.000   0.047    -2.6    -2.6    -2.2    -1.3     0.3
54903 20130305  2.412  -90.17   44.06    -2.4    -6.1    -4.3    -3.9     8.5     4.64 C    -1.9    -8.8    -4.2    92.1    70.3    84.6 -99.000 -99.000 -99.000 -99.000   0.048    -2.1    -2.2    -1.9    -1.3     0.2
54903 20130306  2.412  -90.17   44.06    -0.8    -9.6    -5.2    -4.1     0.0    10.99 C    -0.1   -15.6    -5.7    83.6    58.8    74.8 -99.000 -99.000 -99.000 -99.000   0.047    -1.7    -1.8    -1.6    -1.1     0.3
54903 20130307  2.412  -90.17   44.06     1.7   -18.8    -8.6    -6.7     0.0    18.31 C     1.1   -21.5    -9.5    92.1    41.3    69.0 -99.000 -99.000 -99.000 -99.000   0.047    -1.8    -1.9    -1.5    -1.0     0.3
54903 20130308  2.412  -90.17   44.06     4.3    -8.9    -2.3    -2.1     0.0    17.78 C     1.4   -12.8    -4.5    93.1    47.2    70.9 -99.000 -99.000 -99.000 -99.000   0.047    -1.7    -1.8    -1.5    -1.0     0.3
54903 20130309  2.412  -90.17   44.06     4.3    -1.7     1.3     1.4     9.4     2.63 C     1.4    -3.3     0.1    97.8    68.2    81.9 -99.000 -99.000 -99.000 -99.000   0.047    -0.9    -1.1    -1.0    -0.9     0.3
54903 20130310  2.412  -90.17   44.06     2.8    -0.3     1.2     1.6    16.4     1.71 C     1.6    -0.1     0.9    98.8    88.5    95.4 -99.000 -99.000 -99.000 -99.000   0.047    -0.3    -0.5    -0.5    -0.6     0.3
54903 20130311  2.412  -90.17   44.06    -0.2    -3.4    -1.8    -1.5     0.7     4.51 C     0.2    -3.9    -1.3    94.7    82.9    89.6 -99.000 -99.000 -99.000 -99.000   0.048    -0.3    -0.4    -0.4    -0.5     0.3
54903 20130312  2.412  -90.17   44.06    -2.5    -6.9    -4.7    -4.2     0.0    11.10 C    -2.0    -8.6    -4.3    90.4    66.3    79.7 -99.000 -99.000 -99.000 -99.000   0.046    -0.3    -0.4    -0.3    -0.4     0.3
54903 20130313  2.412  -90.17   44.06    -1.4    -9.4    -5.4    -5.7     0.0    19.97 C    -1.8   -11.8    -7.4    82.6    42.1    62.0 -99.000 -99.000 -99.000 -99.000   0.044    -0.6    -0.8    -0.4    -0.4     0.4
54903 20130314  2.412  -90.17   44.06     1.9   -12.1    -5.1    -4.3     0.6     9.78 C     1.7   -14.0    -5.5    94.4    66.4    79.2 -99.000 -99.000 -99.000 -99.000   0.044    -1.1    -1.1    -0.7    -0.5     0.4
54903 20130315  2.412  -90.17   44.06     1.3    -5.4    -2.1    -1.4     6.4     5.25 C     1.2    -7.1    -1.4    95.4    85.5    91.1 -99.000 -99.000 -99.000 -99.000   0.043    -0.9    -1.0    -0.8    -0.5     0.4
54903 20130316  2.412  -90.17   44.06    -3.0    -9.0    -6.0    -5.7     0.9    12.18 C     0.5   -11.9    -6.0    91.6    56.7    71.0 -99.000 -99.000 -99.000 -99.000   0.043    -0.6    -0.7    -0.5    -0.4     0.4
54903 20130317  2.412  -90.17   44.06    -2.3   -14.9    -8.6    -7.8     0.0    20.72 C    -2.0   -19.1    -9.7    82.1    47.0    63.3 -99.000 -99.000 -99.000 -99.000   0.043    -1.1    -1.1    -0.8    -0.4     0.5
54903 20130318  2.412  -90.17   44.06    -0.8   -11.4    -6.1    -6.2     8.4     5.81 C    -0.2   -14.3    -6.7    92.2    73.6    84.2 -99.000 -99.000 -99.000 -99.000   0.043    -1.4    -1.4    -1.0    -0.5     0.5
54903 20130319  2.412  -90.17   44.06    -3.8   -12.2    -8.0    -8.2     0.0    20.75 C    -3.6   -12.8    -8.8    76.0    40.2    57.9 -99.000 -99.000 -99.000 -99.000   0.043    -2.0    -1.9    -1.4    -0.6     0.5
54903 20130320  2.412  -90.17   44.06    -8.2   -16.2   -12.2   -11.8     0.0    19.89 C    -5.8   -17.8   -12.2    73.8    48.1    56.2 -99.000 -99.000 -99.000 -99.000   0.043    -3.9    -3.6    -2.7    -1.0     0.5
54903 20130321  2.412  -90.17   44.06    -3.0   -17.9   -10.5    -9.9     0.0    21.91 C     0.2   -19.1   -10.5    82.4    41.5    61.3 -99.000 -99.000 -99.000 -99.000   0.042    -4.3    -4.1    -3.4    -1.6     0.4
54903 20130322  2.412  -90.17   44.06     1.7   -17.5    -7.9    -7.1     0.0    22.01 C     2.7   -16.9    -7.0    86.8    33.3    61.9 -99.000 -99.000 -99.000 -99.000   0.042    -3.5    -3.5    -3.1    -1.7     0.4
54903 20130323  2.412  -90.17   44.06     3.6   -11.7    -4.0    -3.2     0.0    19.42 C     5.0   -11.1    -2.9    87.4    36.4    62.2 -99.000 -99.000 -99.000 -99.000   0.044    -2.1    -2.3    -2.1    -1.4     0.3
54903 20130324  2.412  -90.17   44.06     0.4    -3.2    -1.4    -1.3     0.3     8.53 C     1.0    -2.8    -1.2    82.2    58.5    68.9 -99.000 -99.000 -99.000 -99.000   0.045    -0.9    -1.1    -1.0    -0.9     0.3
54903 20130325  2.412  -90.17   44.06     1.8    -8.2    -3.2    -1.9     0.0    10.99 C     1.5    -8.3    -2.0    86.1    54.3    66.8 -99.000 -99.000 -99.000 -99.000   0.045    -1.2    -1.2    -1.0    -0.7     0.3
54903 20130326  2.412  -90.17   44.06     2.8    -3.5    -0.3    -0.1     0.0    11.99 C     5.0    -3.2     0.0    80.0    45.4    60.8 -99.000 -99.000 -99.000 -99.000   0.045    -0.8    -0.9    -0.8    -0.6     0.3
54903 20130327  2.412  -90.17   44.06     4.9    -3.3     0.8     1.0     0.0    16.66 C     8.0    -5.0     0.8    72.6    36.0    54.1 -99.000 -99.000 -99.000 -99.000   0.043    -0.4    -0.5    -0.4    -0.5     0.4
54903 20130328  2.412  -90.17   44.06     7.0    -9.3    -1.2     0.0     0.0    22.86 C    13.8    -8.1     1.4    92.1    31.3    57.0 -99.000 -99.000 -99.000 -99.000   0.042    -0.6    -0.6    -0.5    -0.4     0.4
54903 20130329  2.412  -90.17   44.06     9.5    -7.8     0.9     2.0     0.0    22.33 C    18.9    -6.9     3.8    90.4    27.5    54.8 -99.000 -99.000 -99.000 -99.000   0.043    -0.4    -0.5    -0.4    -0.4     0.4
54903 20130330  2.412  -90.17   44.06     9.4     1.9     5.6     5.1     6.1     5.31 C    12.3    -0.3     4.4    96.9    49.2    69.8 -99.000 -99.000 -99.000 -99.000   0.043    -0.1    -0.3    -0.3    -0.3     0.4
54903 20130331  2.412  -90.17   44.06     3.6    -1.9     0.9     1.6     0.0    10.21 C     9.1    -2.9     2.1    96.7    36.0    73.0 -99.000 -99.000 -99.000 -99.000   0.042     0.0    -0.3    -0.2    -0.3     0.4
54903 20130401  2.412  -90.17   44.06    -0.1    -6.6    -3.4    -3.0     0.0    23.63 C    10.1    -6.7    -0.4    64.9    37.4    50.8 -99.000 -99.000 -99.000 -99.000   0.042    -0.1    -0.3    -0.2    -0.2     0.5
54903 20130402  2.412  -90.17   44.06     2.4    -7.1    -2.4    -2.2     0.0    23.46 C    15.3    -7.7     0.7    69.8    30.2    50.3 -99.000 -99.000 -99.000 -99.000   0.042    -0.1    -0.3    -0.2    -0.2     0.5
54903 20130403  2.412  -90.17   44.06     6.7    -9.4    -1.3     0.1     0.0    24.19 C    21.1    -9.9     3.5    88.0    18.6    46.9 -99.000 -99.000 -99.000 -99.000   0.042     0.1    -0.2    -0.2    -0.2     0.5
54903 20130404  2.412  -90.17   44.06    10.5    -0.3     5.1     5.1     0.0    18.26 C    21.6    -3.4     5.8    76.0    39.0    48.7 -99.000 -99.000 -99.000 -99.000   0.042     0.4    -0.1    -0.2    -0.2     0.5
54903 20130405  2.412  -90.17   44.06     8.4    -4.2     2.1     2.3     1.2    20.88 C    24.1    -7.0     6.0    95.3    27.0    57.3 -99.000 -99.000 -99.000 -99.000   0.042     0.8     0.1    -0.1    -0.2     0.6
54903 20130406  2.412  -90.17   44.06    13.4    -0.7     6.4     5.7     0.7     7.71 C    20.2    -0.9     5.9    92.4    43.1    70.7 -99.000 -99.000 -99.000 -99.000   0.042     1.3     0.5     0.0    -0.1     0.6
54903 20130407  2.412  -90.17   44.06     9.4     1.5     5.4     4.2     0.0    12.23 C    21.4     0.9     6.2    85.2    50.7    72.7   0.152 -99.000 -99.000 -99.000   0.042     2.1     1.3     0.4    -0.1     0.6
54903 20130408  2.412  -90.17   44.06     7.2     2.2     4.7     3.7     0.0     5.47 C    17.5     1.6     5.3    93.2    75.0    82.3   0.145   0.121   0.108   0.052   0.042     2.2     1.6     1.1     0.3     0.8
54903 20130409  2.412  -90.17   44.06     4.5    -0.3     2.1     2.5    33.0     1.67 C     5.6     0.4     3.0    96.3    76.6    90.4   0.170   0.139   0.120   0.080   0.042     2.0     1.7     1.5     0.9     1.0
54903 20130410  2.412  -90.17   44.06     1.5    -0.9     0.3     0.4     9.9     4.05 C     3.8    -0.4     1.0    93.8    68.4    87.7   0.170   0.142   0.122   0.099   0.045     1.1     1.0     1.1     1.0     1.3
54903 20130411  2.412  -90.17   44.06     1.2    -0.9     0.2     0.4     8.2     3.64 C     3.2    -0.6     0.9    95.4    65.7    87.6   0.153   0.128   0.112   0.083   0.050     1.0     0.9     1.0     0.9     1.4
54903 20130412  2.412  -90.17   44.06     1.7    -1.2     0.3     0.0     3.7     7.58 C     6.1    -0.9     0.9    96.0    80.7    88.8   0.147   0.123   0.108   0.077   0.057     1.1     1.0     1.1     1.0     1.5
54903 20130413  2.412  -90.17   44.06     2.3    -2.1     0.1     0.1     0.6     8.12 C     7.9    -3.8     0.9    92.8    60.8    75.8   0.133   0.113   0.102   0.071   0.057     1.2     1.1     1.2     1.2     1.5
54903 20130414  2.412  -90.17   44.06     3.9    -2.3     0.8     0.5    17.4     2.38 C     1.9    -4.0     0.2    97.6    68.1    86.3   0.120   0.114   0.102   0.064   0.056     0.3     0.4     0.9     1.2     1.6
54903 20130415  2.412  -90.17   44.06    10.0     1.1     5.6     5.0     2.4    21.56 C    18.4    -0.8     6.7    98.5    38.1    69.8   0.148   0.130   0.121   0.083   0.053     3.5     2.8     2.2     1.4     1.6
54903 20130416  2.412  -90.17   44.06     9.2     0.3     4.7     3.6     0.0    17.73 C    24.7    -1.8     6.3    91.1    40.1    65.8   0.133   0.113   0.105   0.074   0.054     4.5     4.0     3.6     2.5     1.9
54903 20130417  2.412  -90.17   44.06     4.7     0.2     2.4     2.5    13.5     3.54 C     6.4    -1.7     2.8    95.5    61.5    83.2   0.143   0.118   0.103   0.066   0.054     3.1     3.1     3.4     3.0     2.4
54903 20130418  2.412  -90.17   44.06     5.0     1.0     3.0     3.7     6.8     3.42 C     7.4     1.4     4.5    98.0    90.2    95.0   0.160   0.134   0.116   0.076   0.054     3.9     3.6     3.5     3.0     2.6
54903 20130419  2.412  -90.17   44.06     2.1    -2.2    -0.1     0.1     0.4    12.34 C     7.1    -3.0     1.1    93.6    49.9    73.2   0.143   0.121   0.109   0.075   0.054     2.6     2.7     3.1     3.0     2.8
54903 20130420  2.412  -90.17   44.06     6.6    -5.5     0.6     0.8     0.0    27.23 C    23.1    -6.1     5.0    82.5    19.9    47.8   0.128   0.109   0.101   0.067   0.053     3.7     3.3     3.0     2.7     2.8
54903 20130421  2.412  -90.17   44.06    10.1    -0.4     4.8     4.1     5.5     7.90 C    10.4    -2.0     3.6    94.7    48.3    68.7   0.136   0.111   0.099   0.062   0.054     3.2     3.1     3.3     3.2     2.9
54903 20130422  2.412  -90.17   44.06     9.4     7.3     8.4     8.2     4.0     3.92 C    11.4     6.3     8.1    96.5    62.3    85.9   0.139   0.116   0.103   0.063   0.052     5.6     5.1     4.6     3.5     3.1
54903 20130423  2.412  -90.17   44.06     9.1    -1.3     3.9     3.2     0.2     6.22 C     8.4    -3.0     3.8    93.4    55.2    75.6   0.133   0.111   0.101   0.063   0.051     4.7     4.7     4.8     4.2     3.4
54903 20130424  2.412  -90.17   44.06    10.8    -2.3     4.2     4.4     0.3    24.48 C    26.0    -3.4     7.9    86.5    33.1    56.6   0.124   0.104   0.096   0.061   0.051     5.4     4.8     4.5     3.9     3.6
54903 20130425  2.412  -90.17   44.06     8.8     1.9     5.4     4.8     0.8    17.61 C    21.9    -0.5     7.0    90.9    41.6    65.6   0.120   0.099   0.091   0.059   0.051     6.4     6.1     5.8     4.7     3.8
54903 20130426  2.412  -90.17   44.06    21.4     2.8    12.1    13.6     0.0    21.71 C    31.3     1.6    15.0    61.8    28.5    44.7   0.115   0.096   0.089   0.057   0.050     8.8     7.9     7.0     5.3     4.2
54903 20130427  2.412  -90.17   44.06    21.4     8.5    15.0    14.7     0.0    24.16 C    36.9     5.6    17.3    88.4    37.2    59.9   0.111   0.093   0.087   0.056   0.049    11.9    10.9     9.7     6.9     4.7
54903 20130428  2.412  -90.17   44.06    22.9     6.2    14.5    15.6     0.0    24.48 C    37.6     3.9    18.5    95.5    28.2    53.7   0.106   0.089   0.084   0.054   0.049    13.0    12.1    11.0     8.2     5.5
54903 20130429  2.412  -90.17   44.06    22.5    13.4    17.9    17.3     0.2    18.68 C    38.0    11.6    19.7    83.4    46.2    62.8   0.103   0.087   0.081   0.054   0.049    14.6    13.7    12.5     9.5     6.4
54903 20130430  2.412  -90.17   44.06    28.7    12.9    20.8    21.6     1.0    24.20 C    37.9    12.3    23.1    85.8    33.7    55.2   0.098   0.084   0.080   0.052   0.048    16.4    15.3    13.9    10.6     7.2
54903 20130501  2.412  -90.17   44.06    18.3     5.1    11.7    12.3     0.0    25.85 C    34.7     5.5    17.3    89.7    39.5    65.1   0.091   0.081   0.077   0.052   0.048    15.8    15.2    14.4    11.6     8.1
54903 20130502  2.412  -90.17   44.06     5.3     0.5     2.9     2.9     3.2     2.84 C     8.8     1.5     4.5    90.8    71.8    82.0   0.095   0.079   0.075   0.052   0.047    10.0    10.6    11.5    11.2     8.7
54903 20130503  2.412  -90.17   44.06     5.3     0.0     2.7     2.6    15.7     3.31 C     6.6     1.2     4.1    96.5    86.9    93.4   0.142   0.116   0.094   0.049   0.047     6.8     7.2     8.0     9.0     8.5
54903 20130504  2.412  -90.17   44.06    21.5     5.3    13.4    12.8     0.0    19.11 C    32.3     5.8    15.7    96.5    41.6    74.6   0.141   0.123   0.115   0.061   0.045    11.1    10.3     9.4     8.4     8.0
54903 20130505  2.412  -90.17   44.06    23.4     6.9    15.1    14.7     0.0    20.29 C    39.5     5.4    17.2    95.4    25.6    63.4   0.129   0.112   0.107   0.071   0.045    13.4    12.7    11.8     9.7     8.0
54903 20130506  2.412  -90.17   44.06    24.8     7.9    16.3    16.6     0.0    25.90 C    42.0     5.6    20.0    95.3    21.7    54.8   0.122   0.106   0.102   0.071   0.046    15.0    14.2    13.1    10.8     8.5
54903 20130507  2.412  -90.17   44.06    26.4     8.5    17.4    18.5     0.0    25.60 C    45.0     6.7    21.7    90.3    14.1    43.4   0.114   0.099   0.096   0.068   0.045    16.6    15.8    14.7    12.0     9.1
54903 20130508  2.412  -90.17   44.06    26.7     9.4    18.1    19.8     0.0    18.50 C    41.9     7.0    21.7    81.0    20.3    41.7   0.108   0.094   0.091   0.066   0.045    16.7    16.0    15.2    12.9     9.8
54903 20130509  2.412  -90.17   44.06    17.6     7.4    12.5    13.6    20.9     2.34 C    16.0     8.4    13.9    94.5    60.3    84.4   0.134   0.113   0.098   0.064   0.045    14.7    14.7    14.6    13.2    10.4
54903 20130510  2.412  -90.17   44.06    16.1     4.9    10.5     9.5     0.5    15.20 C    26.9     6.2    12.8    92.1    46.0    75.8   0.145   0.126   0.119   0.085   0.046    13.1    12.9    12.9    12.3    10.6
54903 20130511  2.412  -90.17   44.06    10.3     4.5     7.4     8.0     1.0    18.85 C    21.7     3.4    10.0    94.4    37.8    62.6   0.130   0.112   0.105   0.079   0.047    11.5    11.6    12.1    11.8    10.6
54903 20130512  2.412  -90.17   44.06    11.7     1.4     6.5     6.4     0.0    29.88 C    27.1     0.0    10.4    70.7    25.3    47.1   0.120   0.103   0.098   0.072   0.051    10.8    10.7    10.9    10.9    10.3
54903 20130513  2.412  -90.17   44.06    17.5     0.0     8.8    10.7     0.0    23.62 C    36.4    -2.4    14.5    85.6    20.0    41.4   0.113   0.097   0.092   0.067   0.056    12.2    11.7    11.5    10.8    10.1
54903 20130514  2.412  -90.17   44.06    31.7    11.1    21.4    22.9     0.0    22.50 C    44.9     8.2    24.5    73.4    18.9    39.6   0.105   0.092   0.088   0.063   0.056    15.9    14.9    13.7    11.6    10.1
54903 20130515  2.412  -90.17   44.06    23.3    13.9    18.6    19.6     0.0    22.59 C    36.7    11.3    21.6    67.7    25.1    41.2   0.095   0.086   0.083   0.060   0.057    17.0    16.4    15.5    13.1    10.6
54903 20130516  2.412  -90.17   44.06    28.2    10.4    19.3    20.1     0.0    22.64 C    47.9     8.5    23.5    84.5    21.6    45.5   0.085   0.081   0.079   0.058   0.057    17.8    16.9    16.0    13.7    11.1
54903 20130517  2.412  -90.17   44.06    15.1     9.3    12.2    12.2    12.9     6.39 C    19.2     9.9    13.0    93.4    39.8    75.8   0.124   0.106   0.087   0.054   0.056    15.0    15.1    15.2    14.1    11.6
54903 20130518  2.412  -90.17   44.06    26.1    10.2    18.2    18.4     0.0    21.18 C    40.7    10.1    21.3    91.6    52.0    72.0   0.126   0.110   0.097   0.055   0.055    16.9    16.1    15.2    13.6    11.8
54903 20130519  2.412  -90.17   44.06    29.7    16.0    22.8    22.8     2.0    19.19 C    39.7    15.2    24.1    91.9    38.2    64.8   0.115   0.100   0.091   0.057   0.055    19.0    18.2    17.2    14.6    12.0
54903 20130520  2.412  -90.17   44.06    27.1    16.2    21.6    21.3    12.0    26.04 C    37.4    16.1    23.9    95.4    40.7    68.9   0.141   0.123   0.105   0.059   0.054    20.3    19.4    18.4    15.7    12.6
54903 20130521  2.412  -90.17   44.06    22.3    13.7    18.0    18.2     4.0    13.99 C    31.4    12.8    19.6    96.3    55.4    78.1   0.145   0.126   0.114   0.067   0.053    19.2    18.8    18.3    16.3    13.2
54903 20130522  2.412  -90.17   44.06    15.8    10.8    13.3    14.2    34.5     1.23 C    16.4    11.5    14.8    96.7    88.0    92.8   0.163   0.139   0.123   0.084   0.053    16.2    16.4    16.6    15.9    13.6
54903 20130523  2.412  -90.17   44.06    16.9     6.7    11.8    11.4     1.6    28.47 C    30.4     5.7    15.9    92.7    29.2    61.6   0.145   0.126   0.118   0.089   0.058    15.9    15.6    15.5    15.0    13.6
54903 20130524  2.412  -90.17   44.06    18.6     3.1    10.8    11.7     0.0    29.36 C    34.9     2.5    17.1    90.6    24.3    51.0   0.121   0.105   0.098   0.068   0.060    16.2    15.8    15.6    14.8    13.5
54903 20130525  2.412  -90.17   44.06    16.8     8.9    12.8    12.5     0.0    10.60 C    27.7     7.1    14.6    79.0    33.8    57.1   0.112   0.096   0.090   0.061   0.058    15.5    15.5    15.7    15.0    13.5
54903 20130526  2.412  -90.17   44.06    17.7     7.4    12.5    13.1     0.0    14.67 C    27.1     6.4    15.4    76.9    32.8    56.6   0.104   0.091   0.086   0.057   0.055    15.0    14.9    15.0    14.5    13.4
54903 20130527  2.412  -90.17   44.06    13.7    10.2    12.0    12.2    18.9     2.55 C    15.9    10.8    13.0    95.6    52.7    78.1   0.129   0.106   0.089   0.054   0.053    14.1    14.2    14.5    14.3    13.3
54903 20130528  2.412  -90.17   44.06    16.4    10.2    13.3    13.3     0.9     5.87 C    19.3    10.9    14.8    97.4    87.2    92.8   0.151   0.132   0.120   0.065   0.051    14.3    14.0    14.0    13.7    13.1
54903 20130529  2.412  -90.17   44.06    28.8    13.5    21.2    20.1    26.7    22.25 C    40.3    12.9    23.2    97.7    43.8    79.3   0.153   0.129   0.117   0.075   0.049    18.7    17.7    16.5    14.4    13.0
54903 20130530  2.412  -90.17   44.06    26.2    17.0    21.6    20.9    17.1    15.34 C    32.1    16.9    21.8    96.0    62.9    83.2   0.166   0.140   0.127   0.097   0.050    20.0    19.4    18.5    16.3    13.6
54903 20130531  2.412  -90.17   44.06    26.5    16.2    21.3    20.6     0.0    21.11 C    36.3    15.8    22.6    93.6    44.0    70.5   0.134   0.116   0.107   0.079   0.061    20.6    19.9    19.2    17.1    14.4
54903 20130601  2.412  -90.17   44.06    24.0    11.6    17.8    18.1     0.0    22.80 C    37.4    12.9    21.5    87.2    41.4    66.4   0.116   0.101   0.094   0.065   0.060    20.2    19.7    19.2    17.4    14.8
54903 20130602  2.412  -90.17   44.06    15.9     7.8    11.8    11.0     0.0    23.05 C    35.1     7.5    16.2    95.5    45.5    67.9   0.106   0.092   0.087   0.060   0.057    18.2    18.2    18.2    17.3    15.1
54903 20130603  2.412  -90.17   44.06    21.1     6.0    13.6    15.0     0.0    27.33 C    39.5     5.5    19.8    95.7    32.8    60.7   0.094   0.086   0.082   0.056   0.054    18.8    18.3    17.9    16.8    15.1
54903 20130604  2.412  -90.17   44.06    13.6    10.4    12.0    12.4    16.0     2.94 C    15.1    11.4    13.5    94.2    72.9    89.3   0.128   0.106   0.086   0.055   0.053    16.7    17.0    17.4    16.9    15.2
54903 20130605  2.412  -90.17   44.06    14.1    10.4    12.2    11.9    18.0     5.02 C    19.1    11.3    13.2    95.1    82.7    90.7   0.164   0.139   0.121   0.060   0.053    15.1    15.2    15.6    15.8    15.0
54903 20130606  2.412  -90.17   44.06    13.5    10.5    12.0    11.8     0.0     3.41 C    16.0    11.3    13.0    94.6    84.1    90.0   0.149   0.129   0.121   0.089   0.052    14.5    14.6    14.9    15.1    14.6
54903 20130607  2.412  -90.17   44.06    21.2    10.7    16.0    15.1     0.0    22.06 C    33.8    11.3    18.8    92.0    43.7    71.3   0.129   0.112   0.105   0.079   0.052    17.0    16.4    15.8    14.9    14.3
54903 20130608  2.412  -90.17   44.06    18.4    12.2    15.3    15.3     1.5     9.15 C    25.9    12.2    16.1    96.1    59.4    78.5   0.122   0.105   0.096   0.070   0.056    16.8    16.7    16.6    15.6    14.3
54903 20130609  2.412  -90.17   44.06    23.6    12.5    18.1    16.8    25.1     8.44 C    28.5    12.9    17.2    97.2    51.9    80.2   0.149   0.123   0.104   0.067   0.057    16.7    16.4    16.3    15.5    14.4
54903 20130610  2.412  -90.17   44.06    25.2    13.9    19.6    19.5     0.0    25.43 C    35.8    13.6    22.6    97.7    52.5    79.1   0.146   0.128   0.119   0.089   0.057    19.7    18.9    17.9    16.1    14.5
54903 20130611  2.412  -90.17   44.06    25.6    13.5    19.5    20.5     0.0    17.04 C    34.4    13.3    22.4    97.1    59.9    79.4   0.125   0.109   0.102   0.076   0.060    20.3    19.7    19.0    17.1    14.9
54903 20130612  2.412  -90.17   44.06    25.0    15.9    20.4    19.6     1.6    10.83 C    33.3    15.6    20.8    96.0    64.5    84.4   0.121   0.104   0.094   0.067   0.061    20.4    19.9    19.4    17.6    15.4
54903 20130613  2.412  -90.17   44.06    24.5    14.9    19.7    19.6     0.0    29.75 C    37.7    14.0    23.3    93.9    43.4    67.0   0.112   0.097   0.089   0.062   0.058    21.1    20.4    19.7    17.9    15.7
54903 20130614  2.412  -90.17   44.06    24.9    11.7    18.3    19.1     0.0    27.58 C    38.8    11.1    23.2    94.4    42.2    63.6   0.097   0.088   0.083   0.058   0.057    21.4    20.8    20.1    18.3    16.0
54903 20130615  2.412  -90.17   44.06    25.6    15.8    20.7    19.7    36.6    15.10 C    32.9    16.0    21.4    96.7    64.9    83.0   0.164   0.139   0.115   0.061   0.055    21.4    20.9    20.5    18.8    16.3
54903 20130616  2.412  -90.17   44.06    27.4    15.3    21.4    21.6     0.0    28.50 C    37.0    15.3    23.9    97.0    30.0    61.8   0.141   0.124   0.116   0.086   0.055    22.1    21.5    20.8    19.1    16.7
54903 20130617  2.412  -90.17   44.06    27.2    15.2    21.2    21.1     2.3    26.43 C    37.7    15.5    23.7    94.8    34.8    64.2   0.127   0.111   0.101   0.073   0.059    22.6    22.0    21.3    19.5    17.0
54903 20130618  2.412  -90.17   44.06    23.0    12.1    17.5    17.1     0.0    29.99 C    37.7    11.6    22.2    89.6    38.7    59.9   0.110   0.099   0.091   0.065   0.060    22.2    21.8    21.3    19.7    17.3
54903 20130619  2.412  -90.17   44.06    25.6    10.1    17.9    18.7     0.0    28.71 C    40.4     9.9    23.2    89.1    40.7    60.0   0.091   0.088   0.083   0.060   0.058    22.3    21.7    21.2    19.8    17.5
54903 20130620  2.412  -90.17   44.06    29.2    14.6    21.9    23.1     0.0    27.36 C    43.7    14.2    26.3    79.6    35.7    56.4   0.070   0.076   0.075   0.056   0.055    23.4    22.7    22.0    20.1    17.7
54903 20130621  2.412  -90.17   44.06    25.1    17.8    21.5    21.3    28.7    10.40 C    30.8    18.1    22.1    94.1    62.2    79.1   0.143   0.126   0.108   0.058   0.054    22.2    21.9    21.7    20.4    18.0
54903 20130622  2.412  -90.17   44.06    26.5    18.3    22.4    21.2    25.1    11.48 C    34.3    18.9    22.4    95.6    65.8    84.5   0.162   0.142   0.125   0.080   0.053    22.2    21.8    21.5    20.2    18.1
54903 20130623  2.412  -90.17   44.06    27.7    18.2    22.9    23.0     8.4    20.53 C    34.3    18.3    24.3    93.5    55.9    75.1   0.158   0.139   0.124   0.093   0.058    23.0    22.4    21.8    20.4    18.3
54903 20130624  2.412  -90.17   44.06    26.5    19.3    22.9    22.2     0.0    14.01 C    35.8    19.4    23.8    92.3    67.9    80.9   0.127   0.112   0.101   0.071   0.066    23.2    22.7    22.3    20.7    18.5
54903 20130625  2.412  -90.17   44.06    26.0    18.1    22.1    21.9     8.1    16.30 C    33.5    18.6    24.0    96.9    72.3    86.6   0.144   0.124   0.105   0.066   0.062    23.4    22.9    22.3    20.8    18.7
54903 20130626  2.412  -90.17   44.06    28.9    21.5    25.2    24.3     0.0    20.46 C    39.0    21.6    27.0    97.5    54.3    81.9   0.124   0.112   0.097   0.064   0.058    25.0    24.1    23.3    21.3    18.8
54903 20130627  2.412  -90.17   44.06    29.7    18.8    24.2    24.7     0.0    24.86 C    41.1    18.6    27.1    97.1    39.6    66.9   0.107   0.097   0.088   0.060   0.056    25.3    24.7    24.0    21.9    19.2
54903 20130628  2.412  -90.17   44.06    23.7    17.9    20.8    20.0     5.1    17.09 C    29.6    17.5    21.6    94.5    62.0    77.1   0.099   0.089   0.081   0.057   0.053    23.2    23.1    23.0    21.9    19.5
54903 20130629  2.412  -90.17   44.06    21.9    15.7    18.8    18.3     0.9    13.49 C    28.4    15.6    20.1    94.9    59.6    78.7   0.106   0.091   0.080   0.056   0.053    21.7    21.7    21.8    21.2    19.5
54903 20130630  2.412  -90.17   44.06    25.7    12.4    19.1    19.2     0.0    28.67 C    37.9    12.7    22.6    90.1    28.3    58.7   0.092   0.086   0.077   0.053   0.049    22.0    21.7    21.4    20.6    19.2
54903 20130701  2.412  -90.17   44.06    27.1    13.2    20.1    19.9     0.0    27.70 C    40.7    12.4    23.8    95.2    33.8    65.3   0.071   0.075   0.071   0.051   0.047    22.9    22.4    21.9    20.7    19.1
54903 20130702  2.412  -90.17   44.06    25.0    13.4    19.2    18.7     0.0    26.88 C    38.4    11.7    22.4    95.6    40.6    65.2   0.057   0.062   0.063   0.049   0.046    23.0    22.6    22.2    21.0    19.1
54903 20130703  2.412  -90.17   44.06    22.7    10.0    16.3    17.2     0.0    22.32 C    39.1     9.6    21.2    95.7    48.8    74.5   0.048   0.048   0.056   0.048   0.043    22.2    21.9    21.8    20.9    19.2
54903 20130704  2.412  -90.17   44.06    27.8    13.6    20.7    21.1     0.0    21.90 C    41.8    13.6    24.2    95.9    40.2    67.7   0.041   0.037   0.049   0.045   0.041    23.2    22.5    22.0    20.8    19.2
54903 20130705  2.412  -90.17   44.06    29.3    15.5    22.4    23.0     0.0    28.66 C    42.6    15.1    26.8    90.4    38.9    63.0   0.036   0.031   0.041   0.042   0.038    24.5    23.5    22.7    21.1    19.2
54903 20130706  2.412  -90.17   44.06    30.1    18.2    24.2    24.4     0.0    28.60 C    45.1    17.2    28.6    81.2    45.2    63.3   0.031   0.030   0.035   0.038   0.036    25.8    24.6    23.6    21.6    19.4
54903 20130707  2.412  -90.17   44.06    31.5    19.0    25.2    25.1     0.0    21.61 C    46.7    18.2    28.8    88.7    45.8    70.1   0.027   0.029   0.030   0.033   0.034    26.4    25.1    24.1    22.0    19.7
54903 20130708  2.412  -90.17   44.06    31.3    22.3    26.8    26.6     0.0    22.43 C    48.2    21.9    31.0    90.3    53.5    71.1   0.024   0.032   0.028   0.029   0.032    27.8    26.3    25.0    22.4    19.9
54903 20130709  2.412  -90.17   44.06    29.8    21.1    25.4    24.5     2.6    17.65 C    37.1    20.9    26.2    97.1    60.4    80.9   0.030   0.033   0.027   0.026   0.030    26.4    25.6    24.9    22.7    20.2
54903 20130710  2.412  -90.17   44.06    24.7    15.0    19.9    21.2     0.0    26.01 C    39.8    14.4    25.1    94.0    45.3    66.4   0.029   0.026   0.028   0.025   0.030    25.4    24.8    24.2    22.5    20.3
54903 20130711  2.412  -90.17   44.06    28.6    13.4    21.0    21.1     0.0    27.39 C    44.6    13.0    26.1    95.9    35.0    66.5   0.025   0.024   0.025   0.022   0.029    25.3    24.5    23.8    22.2    20.3
54903 20130712  2.412  -90.17   44.06    28.0    13.5    20.7    21.7     0.0    28.53 C    44.8    13.1    26.8    95.1    37.7    63.5   0.021   0.024   0.024   0.020   0.027    26.2    25.1    24.1    22.2    20.3
54903 20130713  2.412  -90.17   44.06    27.4    16.4    21.9    21.6     0.0    22.12 C    41.2    16.0    25.7    84.1    43.6    66.6   0.018   0.027   0.024   0.019   0.027    26.0    25.1    24.4    22.3    20.3
54903 20130714  2.412  -90.17   44.06    30.9    16.4    23.6    23.8     0.0    25.99 C    47.2    15.5    28.6    90.2    40.6    65.3   0.016   0.025   0.026   0.019   0.026    26.9    25.7    24.5    22.3    20.3
54903 20130715  2.412  -90.17   44.06    31.8    17.8    24.8    25.6     0.0    21.89 C    48.4    18.1    30.1    97.1    49.1    72.7   0.015   0.023   0.025   0.018   0.025    27.8    26.6    25.2    22.5    20.3
54903 20130716  2.412  -90.17   44.06    33.4    22.0    27.7    27.6     0.0    22.38 C    48.9    21.8    31.8    94.9    47.9    72.0   0.015   0.023   0.024   0.017   0.027    29.1    27.6    25.9    22.8    20.4
54903 20130717  2.422  -90.17   44.06 -9999.0 -9999.0 -9999.0 -9999.0 -9999.0 -9999.00 U -9999.0 -9999.0 -9999.0 -9999.0 -9999.0 -9999.0 -99.000 -99.000 -99.000 -99.000 -99.000 -9999.0 -9999.0 -9999.0 -9999.0 -9999.0
54903 20130718  2.422  -90.17   44.06    33.9    23.1    28.5    28.7     0.0    26.93 C    57.8    21.7    35.2    85.8    42.8    62.6   0.012   0.023   0.024   0.017   0.024    31.3    29.7    27.7    23.6    20.7
54903 20130719  2.422  -90.17   44.06    32.4    19.2    25.8    27.1     0.0    26.06 C    56.7    16.0    32.2    83.6    30.0    58.3   0.012   0.022   0.024   0.016   0.025    30.8    29.6    27.9    23.9    20.9
54903 20130720  2.422  -90.17   44.06    28.0    17.5    22.7    22.4     0.0    23.05 C    58.6    15.7    30.0    91.7    44.2    65.8   0.012   0.021   0.024   0.016   0.025    29.1    28.2    27.2    23.9    21.1
54903 20130721  2.422  -90.17   44.06    20.1    14.7    17.4    17.3    21.5     9.56 C    28.8    13.6    19.3    98.2    74.0    89.3   0.054   0.035   0.023   0.017   0.026    24.3    24.9    25.5    23.6    21.1
54903 20130722  2.422  -90.17   44.06    29.4    14.0    21.7    21.9     0.0    22.31 C    51.6    14.5    27.4   100.0    56.6    81.4   0.070   0.058   0.022   0.016   0.026    25.1    24.6    23.9    22.5    21.0
54903 20130723  2.422  -90.17   44.06    22.1    12.2    17.1    18.3     0.0    28.79 C    47.5    10.3    25.2    86.5    45.2    64.7   0.063   0.053   0.024   0.016   0.027    25.1    24.9    24.6    22.6    20.8
54903 20130724  2.422  -90.17   44.06    23.4     9.2    16.3    17.0     0.0    27.36 C    54.5     8.3    26.0    97.9    37.5    68.6   0.056   0.048   0.024   0.017   0.028    24.8    24.4    24.1    22.5    20.8
54903 20130725  2.422  -90.17   44.06    25.7    13.0    19.4    18.7     0.5    17.40 C    50.3    12.4    23.5    93.5    55.8    78.8   0.052   0.045   0.024   0.018   0.028    24.4    24.2    24.1    22.5    20.7
54903 20130726  2.422  -90.17   44.06    23.8    11.3    17.6    18.5    13.5    18.27 C    37.8    10.0    21.2    96.2    42.8    77.4   0.063   0.047   0.024   0.017   0.030    23.2    23.2    23.3    22.2    20.7
54903 20130727  2.422  -90.17   44.06    13.7     8.4    11.0    11.5     0.3     9.19 C    22.7     8.4    14.0    93.8    65.0    80.1   0.064   0.050   0.023   0.017   0.029    19.1    19.6    20.7    21.4    20.5
54903 20130728  2.422  -90.17   44.06    18.4     9.0    13.7    14.1     0.0    18.12 C    37.9     8.2    18.2    93.6    59.5    77.7   0.062   0.048   0.023   0.017   0.031    19.2    19.1    19.4    20.1    20.0
54903 20130729  2.422  -90.17   44.06    25.0    10.3    17.6    17.8     0.0    27.84 C    52.6     9.1    25.8    94.8    45.4    68.9   0.059   0.047   0.024   0.018   0.031    22.2    21.5    20.9    19.9    19.5
54903 20130730  2.422  -90.17   44.06    24.9    15.0    20.0    19.1     0.0    17.46 C    50.8    13.6    25.0    95.1    49.7    75.3   0.053   0.045   0.025   0.018   0.032    23.1    22.7    22.2    20.6    19.4
54903 20130731  2.422  -90.17   44.06    25.7    15.5    20.6    19.3     1.8    15.46 C    50.5    13.6    23.5    94.1    54.9    82.8   0.055   0.041   0.026   0.019   0.032    23.3    23.0    22.7    21.0    19.5
54903 20130801  2.422  -90.17   44.06    24.6    14.6    19.6    19.4     0.5    26.61 C    48.2    12.2    24.8    91.2    41.6    67.9   0.054   0.039   0.026   0.019   0.034    23.0    22.6    22.3    21.0    19.6
54903 20130802  2.422  -90.17   44.06    25.2    13.5    19.3    19.7     0.0    23.44 C    48.3    11.3    24.1    97.8    40.7    68.6   0.047   0.037   0.027   0.019   0.034    23.4    23.1    22.7    21.2    19.7
54903 20130803  2.422  -90.17   44.06    24.1    10.7    17.4    17.8     0.0    24.85 C    50.3     8.6    23.0    97.5    40.4    65.9   0.040   0.034   0.026   0.019   0.034    22.9    22.6    22.4    21.2    19.7
54903 20130804  2.422  -90.17   44.06    23.0     9.5    16.2    16.7     0.0    20.26 C    49.5     7.5    22.4    97.0    39.7    71.5   0.035   0.033   0.026   0.019   0.035    22.4    22.2    22.1    21.0    19.7
54903 20130805  2.422  -90.17   44.06    22.0    11.7    16.8    17.6     1.1    10.30 C    44.1    10.4    20.5    94.5    68.8    84.8   0.032   0.030   0.024   0.018   0.035    21.4    21.4    21.6    20.9    19.7
54903 20130806  2.422  -90.17   44.06    28.5    16.0    22.3    21.9     8.6    20.60 C    48.2    14.6    26.9    97.9    42.2    76.0   0.033   0.031   0.026   0.018   0.035    23.4    22.7    22.0    20.6    19.5
54903 20130807  2.422  -90.17   44.06    24.2    13.4    18.8    18.4     0.0    16.60 C    42.6    10.3    21.3    96.4    53.7    80.2   0.053   0.036   0.026   0.016   0.036    22.2    22.2    22.2    21.0    19.5
54903 20130808  2.422  -90.17   44.06    24.9     8.7    16.8    18.1     0.0    24.39 C    51.4     7.7    24.7   100.0    40.1    70.6   0.045   0.037   0.026   0.016   0.036    22.4    22.0    21.7    20.6    19.5
54903 20130809  2.422  -90.17   44.06    25.0    14.9    19.9    20.2     0.0    22.51 C    47.7    12.0    25.9    90.8    38.8    65.0   0.040   0.036   0.027   0.017   0.036    23.9    23.4    22.8    21.0    19.5
54903 20130810  2.422  -90.17   44.06    22.9    11.8    17.3    17.6     0.0    17.75 C    47.2    10.9    23.0    97.4    40.2    70.3   0.035   0.032   0.027   0.017   0.037    23.0    22.9    22.6    21.2    19.6
54903 20130811  2.422  -90.17   44.06    19.9    11.9    15.9    16.3     7.6     5.20 C    25.6    12.7    17.8    98.8    80.1    91.9   0.065   0.043   0.025   0.018   0.037    20.7    20.9    21.4    20.9    19.7
54903 20130812  2.422  -90.17   44.06    25.2    12.1    18.6    18.0     0.0    16.30 C    44.8    11.4    21.4   100.0    44.9    81.1   0.068   0.054   0.025   0.018   0.037    21.1    20.9    20.8    20.3    19.5
54903 20130813  2.422  -90.17   44.06    21.5     8.6    15.1    14.9     0.0    22.45 C    46.5     6.6    19.7    97.8    43.4    70.1   0.060   0.049   0.025   0.018   0.037    20.3    20.3    20.5    20.1    19.3
54903 20130814  2.422  -90.17   44.06    22.8     5.4    14.1    15.3     0.0    20.97 C    48.2     5.6    21.1   100.0    39.9    73.9   0.052   0.045   0.025   0.019   0.036    20.5    20.3    20.3    19.8    19.2
54903 20130815  2.422  -90.17   44.06    25.2    12.6    18.9    18.4     0.0    21.35 C    50.9    11.1    23.4    96.3    35.3    69.1   0.046   0.041   0.026   0.018   0.037    22.0    21.6    21.2    20.0    19.0
54903 20130816  2.422  -90.17   44.06    26.7     9.0    17.8    18.6     0.0    23.21 C    52.3     8.4    24.0   100.0    33.8    69.6   0.039   0.036   0.027   0.019   0.037    22.3    22.0    21.6    20.3    19.1
54903 20130817  2.422  -90.17   44.06    27.7    10.0    18.8    19.3     0.0    23.80 C    53.6     9.2    25.1    98.1    34.1    68.7   0.033   0.032   0.026   0.019   0.036    23.0    22.6    22.1    20.5    19.1
54903 20130818  2.422  -90.17   44.06    27.3    10.0    18.6    19.4     0.0    23.83 C    52.2     9.3    25.2    97.8    39.5    70.4   0.029   0.030   0.027   0.019   0.036    23.5    23.0    22.5    20.8    19.3
54903 20130819  2.422  -90.17   44.06    27.4    12.2    19.8    20.6     0.0    19.80 C    47.6    11.1    24.8    96.8    47.3    72.7   0.025   0.027   0.026   0.020   0.036    23.5    23.1    22.6    21.0    19.4
54903 20130820  2.422  -90.17   44.06    29.9    17.1    23.5    23.8     0.0    22.24 C    51.1    15.2    29.0    88.9    48.6    68.2   0.022   0.026   0.026   0.020   0.035    25.2    24.3    23.3    21.2    19.5
54903 20130821  2.422  -90.17   44.06    31.5    18.2    24.9    25.0     0.7    19.24 C    51.0    17.4    29.5    97.5    52.9    72.4   0.019   0.027   0.026   0.020   0.034    26.3    25.4    24.3    21.7    19.6
54903 20130822  2.422  -90.17   44.06    28.6    15.3    22.0    21.2     0.0    16.29 C    47.5    13.8    24.4    97.8    34.8    74.0   0.018   0.027   0.026   0.019   0.034    24.2    24.0    23.8    21.9    19.9
54903 20130823  2.422  -90.17   44.06    28.3    11.3    19.8    21.0     0.0    23.77 C    53.3    10.4    27.0    95.5    37.4    64.0   0.017   0.024   0.026   0.017   0.033    24.6    23.9    23.2    21.6    20.0
54903 20130824  2.422  -90.17   44.06    28.4    14.7    21.6    22.0     0.0    18.09 C    48.6    12.7    26.4    78.8    48.1    66.1   0.016   0.023   0.024   0.016   0.031    24.5    23.9    23.4    21.6    20.0
54903 20130825  2.422  -90.17   44.06    32.6    22.4    27.5    27.2     0.0    22.00 C    52.5    20.3    31.8    81.5    49.1    64.6   0.015   0.023   0.024   0.015   0.030    27.0    25.7    24.3    21.8    20.0
54903 20130826  2.422  -90.17   44.06    33.0    23.3    28.2    27.5     0.0    18.94 C    53.7    21.1    32.2    81.5    54.4    66.0   0.014   0.022   0.024   0.016   0.029    27.9    26.7    25.2    22.2    20.1
54903 20130827  2.422  -90.17   44.06    33.8    23.8    28.8    28.3     0.0    20.61 C    56.9    22.0    34.1    94.6    48.5    68.3   0.014   0.024   0.023   0.017   0.027    29.2    27.8    26.1    22.7    20.3
54903 20130828  2.422  -90.17   44.06    30.4    21.0    25.7    24.6     0.0    13.97 C    53.2    18.1    29.6    96.7    47.3    77.3   0.013   0.023   0.025   0.017   0.027    28.0    27.3    26.3    23.1    20.5
54903 20130829  2.422  -90.17   44.06    31.5    15.1    23.3    24.4     0.0    19.55 C    56.8    14.7    30.0   100.0    53.6    77.7   0.012   0.022   0.024   0.018   0.027    27.7    26.8    25.7    23.0    20.7
54903 20130830  2.422  -90.17   44.06    30.8    18.5    24.6    25.1     0.0    18.54 C    55.1    15.9    30.2    90.6    49.4    73.7   0.012   0.021   0.024   0.017   0.027    28.1    27.2    26.1    23.1    20.8
54903 20130831  2.422  -90.17   44.06    29.8    13.0    21.4    21.2     0.0    22.36 C    54.3    12.3    28.4    97.8    40.0    74.1   0.012   0.022   0.024   0.016   0.026    27.0    26.3    25.5    23.1    20.9
54903 20130901  2.422  -90.17   44.06    27.7    17.4    22.5    22.2     0.0    17.03 C    48.6    15.3    26.9    95.9    42.5    72.2   0.012   0.023   0.023   0.015   0.024    26.5    26.0    25.3    23.0    20.9
54903 20130902  2.422  -90.17   44.06    21.2     9.7    15.4    15.8     0.0    16.24 C    47.2     6.5    20.0    96.9    47.9    74.2   0.012   0.020   0.022   0.016   0.024    23.7    24.0    24.2    22.7    20.9
54903 20130903  2.422  -90.17   44.06    23.3     4.5    13.9    14.4     0.0    21.49 C    49.0     3.4    20.2   100.0    40.1    76.2   0.009   0.019   0.021   0.016   0.025    22.1    22.2    22.5    22.1    20.8
54903 20130904  2.422  -90.17   44.06    28.9    10.4    19.6    20.0     0.0    17.30 C    49.6     7.8    24.4    95.7    41.5    72.2   0.009   0.019   0.021   0.018   0.024    23.2    22.6    22.4    21.6    20.6
54903 20130905  2.422  -90.17   44.06    25.9    14.7    20.3    19.4     0.0    21.66 C    50.5    12.3    26.2    97.0    40.1    67.6   0.010   0.019   0.021   0.018   0.023    24.8    24.0    23.2    21.5    20.4
54903 20130906  2.422  -90.17   44.06    30.7    12.3    21.5    21.6     0.0    20.27 C    53.9    11.5    27.5    87.0    42.7    62.0   0.010   0.020   0.021   0.018   0.022    25.2    24.3    23.5    21.6    20.3
54903 20130907  2.422  -90.17   44.06    33.3    17.9    25.6    24.9     0.0    18.35 C    56.7    17.7    30.9    90.1    42.4    66.5   0.010   0.020   0.022   0.018   0.021    27.1    25.8    24.5    21.8    20.3
54903 20130908  2.422  -90.17   44.06    22.9    15.7    19.3    19.5     0.0    13.13 C    46.0    14.6    24.4    90.4    57.1    74.1   0.010   0.019   0.022   0.017   0.021    25.5    25.2    24.7    22.2    20.3
54903 20130909  2.422  -90.17   44.06    31.5    15.6    23.5    24.8     0.0    18.06 C    51.4    14.4    29.7    97.8    50.3    71.2   0.010   0.019   0.022   0.016   0.021    26.3    25.2    24.2    22.1    20.3
54903 20130910  2.422  -90.17   44.06    32.0    20.3    26.1    26.4     0.0    18.76 C    53.0    18.8    31.1    73.2    43.3    58.3   0.010   0.020   0.022   0.015   0.020    27.9    26.7    25.2    22.2    20.3
54903 20130911  2.422  -90.17   44.06    27.9    14.5    21.2    22.1     0.0    16.46 C    50.9    12.0    26.0    89.9    41.0    67.3   0.010   0.020   0.023   0.015   0.020    26.5    26.0    25.3    22.5    20.4
54903 20130912  2.422  -90.17   44.06    21.6     7.0    14.3    15.4     0.0    18.06 C    40.1     4.7    18.9    95.2    43.5    70.1   0.008   0.018   0.022   0.015   0.021    23.1    23.5    23.8    22.4    20.5
54903 20130913  2.422  -90.17   44.06    19.4     3.0    11.2    11.0     0.0    22.12 C    44.0     0.9    17.2    98.2    29.5    65.4   0.007   0.016   0.019   0.016   0.021    20.7    21.1    21.9    21.7    20.4
54903 20130914  2.422  -90.17   44.06    22.5     0.7    11.6    13.5     3.6    19.58 C    46.5    -0.7    18.7    97.3    36.0    63.5   0.010   0.016   0.018   0.019   0.021    20.2    20.2    20.8    21.0    20.2
54903 20130915  2.422  -90.17   44.06    19.0    11.1    15.0    13.9    17.2     6.50 C    28.1    11.9    15.9    97.0    60.6    83.4   0.092   0.070   0.021   0.021   0.022    18.7    19.1    20.1    20.4    20.0
54903 20130916  2.422  -90.17   44.06    18.4     2.4    10.4    10.7     0.0    21.77 C    37.9     1.9    15.6    98.1    37.4    66.9   0.073   0.079   0.031   0.018   0.023    17.4    17.6    18.3    19.5    19.7
54903 20130917  2.422  -90.17   44.06    18.9    -0.3     9.3    11.3     6.1    12.44 C    34.9     1.3    14.5   100.0    54.3    83.9   0.070   0.072   0.032   0.018   0.024    16.3    16.5    17.2    18.7    19.3
54903 20130918  2.422  -90.17   44.06    26.1    14.3    20.2    19.7     0.0    13.63 C    39.5    14.2    21.7    95.3    59.6    80.3   0.085   0.097   0.040   0.019   0.025    19.5    19.0    18.7    18.5    18.9
54903 20130919  2.422  -90.17   44.06    26.4    18.3    22.4    22.1    10.5    10.88 C    36.1    16.8    23.0    97.1    66.9    85.2   0.099   0.113   0.062   0.017   0.027    21.5    21.1    20.6    19.2    18.7
54903 20130920  2.422  -90.17   44.06    19.4    11.6    15.5    16.3     1.5     7.42 C    27.1    10.9    17.5    96.1    63.1    83.5   0.092   0.109   0.077   0.019   0.027    19.9    20.1    20.5    19.8    18.8
54903 20130921  2.422  -90.17   44.06    16.6     3.1     9.8    10.7     0.0    11.12 C    31.8     4.1    12.6    99.0    51.6    80.3   0.088   0.101   0.079   0.018   0.028    16.5    17.0    17.8    18.9    18.8
54903 20130922  2.422  -90.17   44.06    17.7     1.5     9.6    10.0     0.0    20.10 C    36.0     1.3    14.3    99.0    43.7    73.3   0.085   0.096   0.079   0.017   0.029    15.6    15.8    16.3    17.7    18.4
54903 20130923  2.422  -90.17   44.06    20.4     5.4    12.9    12.5     0.0    18.72 C    37.6     4.3    15.5    96.5    49.1    75.9   0.083   0.092   0.077   0.017   0.029    16.1    16.1    16.4    17.2    18.0
54903 20130924  2.422  -90.17   44.06    22.4     4.2    13.3    13.5     0.0    19.18 C    39.9     4.1    16.9   100.0    40.7    76.6   0.083   0.089   0.076   0.018   0.031    16.6    16.5    16.7    17.1    17.7
54903 20130925  2.422  -90.17   44.06    20.6     3.6    12.1    12.4     0.0    17.07 C    37.5     4.5    16.1   100.0    46.3    81.0   0.081   0.086   0.075   0.018   0.032    16.7    16.7    17.0    17.2    17.5
54903 20130926  2.422  -90.17   44.06    23.5     3.7    13.6    13.9     0.0    15.53 C    37.9     5.0    16.9   100.0    44.7    77.7   0.080   0.083   0.073   0.019   0.034    16.8    16.8    16.9    17.1    17.3
54903 20130927  2.422  -90.17   44.06    26.6     9.1    17.8    18.5     0.0    17.92 C    41.3     7.2    20.0    93.7    33.9    60.8   0.078   0.080   0.071   0.017   0.036    18.0    17.7    17.7    17.3    17.3
54903 20130928  2.422  -90.17   44.06    25.1     9.8    17.4    16.3     8.5     9.44 C    38.1     8.9    17.0    96.7    50.0    76.5   0.091   0.090   0.073   0.015   0.037    17.7    17.7    17.9    17.7    17.2
54903 20130929  2.422  -90.17   44.06    21.2     4.3    12.7    13.4     0.0    18.38 C    33.4     4.2    15.3    98.3    37.3    70.5   0.102   0.104   0.086   0.015   0.038    16.2    16.3    16.8    17.2    17.2
54903 20130930  2.422  -90.17   44.06    22.0     5.7    13.9    14.6     0.0    16.98 C    34.9     4.7    15.6    93.7    33.5    63.3   0.097   0.098   0.084   0.015   0.040    15.8    15.9    16.3    16.8    17.1
54903 20131001  2.422  -90.17   44.06    25.2     7.9    16.6    18.1     0.0    16.68 C    39.3     5.1    18.9    97.1    37.1    65.8   0.095   0.094   0.082   0.015   0.040    17.2    17.0    17.0    16.7    16.9
54903 20131002  2.422  -90.17   44.06    23.8     2.6    13.2    14.3     0.0    17.39 C    38.8     2.7    16.7    98.9    23.9    59.6   0.091   0.090   0.080   0.014   0.041    16.3    16.3    16.6    16.8    16.8
54903 20131003  2.422  -90.17   44.06    21.2    10.9    16.1    15.8    16.4     7.21 C    33.1    10.9    17.2    95.8    57.3    84.8   0.119   0.106   0.086   0.015   0.042    17.0    16.9    17.0    16.8    16.8
54903 20131004  2.422  -90.17   44.06    15.0    13.3    14.2    14.1     5.0     1.96 C    17.5    13.8    15.0    96.9    91.7    94.6   0.132   0.124   0.108   0.026   0.043    16.4    16.5    16.8    16.9    16.7
54903 20131005  2.422  -90.17   44.06    20.1     9.2    14.7    16.1    32.4     2.50 C    22.0     9.0    16.3    96.9    77.7    92.5   0.148   0.140   0.120   0.041   0.047    16.6    16.5    16.5    16.5    16.6
54903 20131006  2.422  -90.17   44.06    13.7     3.1     8.4     9.3     0.0    11.67 C    29.5     3.7    11.8    97.9    45.5    73.0   0.120   0.117   0.108   0.052   0.053    14.5    14.8    15.6    16.3    16.5
54903 20131007  2.422  -90.17   44.06    17.8     3.7    10.7    10.7     0.8    16.19 C    30.3     3.5    13.0    98.0    42.0    76.3   0.112   0.106   0.098   0.045   0.056    14.2    14.3    14.9    15.6    16.2
54903 20131008  2.422  -90.17   44.06    24.1     1.8    12.9    14.0     0.0    15.91 C    33.5     2.5    14.4    98.3    31.2    61.8   0.105   0.099   0.092   0.042   0.056    14.0    14.0    14.4    15.1    15.9
54903 20131009  2.422  -90.17   44.06    22.4     7.4    14.9    14.9     0.0    14.46 C    33.6     5.1    14.7    92.3    37.1    64.1   0.101   0.094   0.088   0.040   0.055    14.7    14.7    14.9    15.1    15.7
54903 20131010  2.422  -90.17   44.06    22.9     2.5    12.7    13.7     0.0    14.88 C    34.7     2.5    14.2    98.2    34.2    67.6   0.098   0.091   0.085   0.039   0.054    14.4    14.4    14.8    15.1    15.6
54903 20131011  2.422  -90.17   44.06    23.2     7.2    15.2    16.2     0.0    12.60 C    34.6     6.0    16.7    98.0    50.5    72.8   0.094   0.088   0.082   0.038   0.053    15.2    15.0    15.1    15.1    15.5
54903 20131012  2.422  -90.17   44.06    18.0     6.6    12.3    14.5     0.0    13.61 C    29.8     4.4    15.6    81.9    40.7    62.8   0.093   0.086   0.080   0.037   0.052    15.8    15.8    15.9    15.6    15.5
54903 20131013  2.422  -90.17   44.06    15.4     0.2     7.8     8.4     0.0    15.88 C    28.8    -0.1    10.1    97.8    34.5    68.0   0.090   0.083   0.077   0.036   0.051    13.3    13.7    14.5    15.2    15.5
54903 20131014  2.422  -90.17   44.06    15.8    -3.1     6.4     7.2     0.0    11.19 C    24.5    -2.0     9.1   100.0    45.2    73.4   0.087   0.080   0.075   0.036   0.051    12.0    12.3    13.1    14.3    15.3
54903 20131015  2.422  -90.17   44.06    15.0     7.8    11.4    10.4    11.3     2.33 C    18.6     8.1    10.8    95.8    65.5    86.6   0.122   0.109   0.088   0.038   0.050    12.4    12.6    13.1    13.9    14.9
54903 20131016  2.422  -90.17   44.06    10.0     1.9     5.9     8.2     0.0     2.34 C    12.4     0.8     8.7    97.0    74.1    87.2   0.115   0.111   0.097   0.037   0.049    11.7    12.0    12.7    13.6    14.6
54903 20131017  2.422  -90.17   44.06    12.9    -0.9     6.0     6.1     0.0     9.81 C    24.9    -0.2     7.8   100.0    47.0    79.3   0.110   0.106   0.095   0.040   0.049    10.4    10.7    11.5    12.8    14.3
54903 20131018  2.422  -90.17   44.06     8.4     1.2     4.8     5.6     0.0     4.37 C    14.5     0.7     6.0    96.9    66.6    84.5   0.108   0.102   0.093   0.041   0.047     9.8    10.2    11.1    12.4    13.9
54903 20131019  2.422  -90.17   44.06    10.8    -3.2     3.8     3.3     1.1     8.09 C    23.2    -3.6     4.4    98.0    43.5    85.1   0.108   0.101   0.092   0.040   0.047     8.2     8.7     9.7    11.5    13.4
54903 20131020  2.422  -90.17   44.06     8.0    -2.2     2.9     3.4     1.4     3.68 C    10.1    -1.5     4.3    99.3    76.5    92.4   0.110   0.104   0.093   0.040   0.048     7.7     8.1     9.0    10.8    12.9
54903 20131021  2.422  -90.17   44.06     3.8    -0.6     1.6     1.8     0.0     4.85 C     7.7    -2.9     2.2    88.3    48.8    66.1   0.109   0.104   0.094   0.041   0.047     6.8     7.4     8.5    10.3    12.4
54903 20131022  2.422  -90.17   44.06     7.9    -3.0     2.4     1.3     0.0    10.98 C    21.3    -4.8     2.5    87.3    42.8    69.4   0.107   0.101   0.093   0.040   0.046     5.7     6.2     7.3     9.4    11.9
54903 20131023  2.422  -90.17   44.06     4.4    -4.6    -0.1     0.3     0.0     6.13 C    16.7    -6.3     1.1    93.6    55.4    76.5   0.104   0.099   0.090   0.040   0.046     5.3     5.8     6.9     8.9    11.4
54903 20131024  2.422  -90.17   44.06     5.6    -0.8     2.4     2.0     0.0     6.63 C    17.4    -3.8     2.9    80.8    44.7    63.6   0.102   0.096   0.089   0.040   0.045     5.5     5.9     6.8     8.5    10.9
54903 20131025  2.422  -90.17   44.06    10.7    -1.5     4.6     5.7     0.0    10.27 C    21.0    -3.8     6.7    84.6    38.9    55.9   0.101   0.096   0.087   0.039   0.045     6.4     6.5     7.0     8.3    10.5
54903 20131026  2.422  -90.17   44.06    10.5     1.9     6.2     6.9     0.0     7.65 C    19.3    -1.6     6.4    71.6    42.7    56.1   0.099   0.093   0.086   0.038   0.045     7.4     7.5     8.0     8.7    10.4
54903 20131027  2.422  -90.17   44.06    13.1    -3.6     4.7     4.5     0.0    12.84 C    20.6    -5.7     4.3    94.5    31.1    63.3   0.096   0.091   0.085   0.039   0.045     6.5     6.8     7.5     8.7    10.3
54903 20131028  2.422  -90.17   44.06     5.6    -1.3     2.2     2.6     0.0     6.99 C    15.1    -3.7     3.0    89.8    48.6    62.7   0.095   0.089   0.084   0.039   0.046     6.0     6.3     7.1     8.4    10.2
54903 20131029  2.422  -90.17   44.06     9.0     0.3     4.6     3.6     0.0     5.36 C    20.5    -0.7     4.7    97.2    58.1    73.4   0.094   0.089   0.082   0.038   0.046     6.4     6.5     7.1     8.2    10.0
54903 20131030  2.422  -90.17   44.06    11.9     4.1     8.0     9.5     0.0     1.81 C    14.4     4.3     9.6    97.7    81.1    90.4   0.094   0.087   0.081   0.037   0.045     8.1     7.9     8.0     8.4     9.8
54903 20131031  2.422  -90.17   44.06    12.2     4.8     8.5     9.4     6.3     0.97 C    13.7     5.1     9.6   100.0    88.2    95.7   0.113   0.100   0.087   0.038   0.046     9.7     9.5     9.5     9.2     9.9
54903 20131101  2.422  -90.17   44.06     7.7     2.6     5.1     5.3     0.4     1.75 C     9.7     0.7     5.2    93.8    73.3    86.3   0.108   0.101   0.090   0.037   0.045     7.8     8.1     8.7     9.3    10.1
54903 20131102  2.422  -90.17   44.06     6.9    -3.7     1.6     3.2     0.0     4.19 C    11.0    -4.4     3.2    97.9    62.3    81.1   0.107   0.099   0.090   0.039   0.045     6.6     6.9     7.7     8.8    10.0
54903 20131103  2.422  -90.17   44.06    10.3    -5.7     2.3     3.3     0.0    11.25 C    16.5    -6.0     3.4    97.1    41.7    72.3   0.104   0.096   0.089   0.039   0.046     5.2     5.5     6.4     8.0     9.8
54903 20131104  2.422  -90.17   44.06    10.1     5.7     7.9     7.7     0.3     2.08 C    15.8     3.0     6.8    96.4    57.2    73.3   0.103   0.095   0.088   0.040   0.046     6.6     6.6     7.0     7.8     9.4
54903 20131105  2.422  -90.17   44.06     9.6    -2.0     3.8     5.4    21.7     4.15 C    14.4    -1.3     5.9   100.0    60.9    91.1   0.132   0.117   0.096   0.040   0.045     7.1     7.1     7.5     8.1     9.3
54903 20131106  2.422  -90.17   44.06     6.2    -1.4     2.4     3.0     4.4     6.49 C     9.7    -3.1     3.0    96.5    43.6    76.0   0.148   0.141   0.125   0.063   0.045     6.1     6.5     7.2     8.1     9.3
54903 20131107  2.422  -90.17   44.06     2.8    -3.9    -0.5    -0.7     0.0     7.66 C    12.8    -6.0    -0.3    95.2    65.9    81.4   0.120   0.115   0.108   0.055   0.048     3.7     4.2     5.4     7.2     9.0
54903 20131108  2.422  -90.17   44.06     6.3    -7.4    -0.6     1.0     1.5     5.28 C     9.8    -8.1     0.6    95.8    52.0    75.8   0.114   0.107   0.100   0.048   0.054     3.1     3.4     4.4     6.3     8.6
54903 20131109  2.422  -90.17   44.06     8.1     3.6     5.8     6.3     0.2     2.36 C     9.6     1.9     5.1    82.8    51.4    65.4   0.115   0.107   0.098   0.047   0.057     5.1     5.1     5.5     6.4     8.2
54903 20131110  2.422  -90.17   44.06     7.5     2.5     5.0     4.7     0.0     9.84 C    16.2    -0.1     5.5    65.6    44.4    57.1   0.109   0.102   0.094   0.045   0.059     5.1     5.2     5.7     6.5     8.1
54903 20131111  2.422  -90.17   44.06     5.3    -6.7    -0.7    -1.5     1.2     4.04 C     4.1    -8.0    -1.4    94.5    48.3    67.0   0.109   0.100   0.092   0.043   0.058     3.7     4.2     5.3     6.6     8.0
54903 20131112  2.422  -90.17   44.06    -2.8   -10.4    -6.6    -6.7     0.0    10.24 C     5.8   -10.3    -5.3    77.6    44.1    63.4   0.096   0.097   0.090   0.041   0.057     0.7     1.4     2.9     5.4     7.8
54903 20131113  2.422  -90.17   44.06     7.5   -10.1    -1.3    -0.4     0.0    10.10 C    11.9   -10.3    -1.3    84.1    35.0    53.9 -99.000   0.091   0.087   0.041   0.057     0.3     0.8     2.0     4.4     7.2
54903 20131114  2.422  -90.17   44.06     9.7     0.0     4.8     4.6     0.0     8.01 C    17.5    -3.7     3.2    71.2    40.4    49.9   0.098   0.096   0.086   0.039   0.055     2.1     2.1     2.7     4.1     6.7
54903 20131115  2.422  -90.17   44.06    12.4    -4.4     4.0     4.3     0.0     9.67 C    19.9    -6.4     2.9    95.9    41.9    69.4   0.101   0.094   0.087   0.038   0.055     3.0     3.1     3.6     4.5     6.5
54903 20131116  2.422  -90.17   44.06    14.5     3.1     8.8     8.0    14.9     0.44 C    11.1    -1.9     6.5    96.8    71.8    87.6   0.126   0.111   0.094   0.039   0.055     4.8     4.6     4.6     5.0     6.5
54903 20131117  2.422  -90.17   44.06    12.2     2.3     7.3     7.9     2.0     1.74 C    11.5     1.7     6.4    97.9    66.6    86.2   0.141   0.133   0.117   0.050   0.054     6.4     6.3     6.4     6.1     6.7
54903 20131118  2.422  -90.17   44.06     2.3    -4.9    -1.3    -1.1     0.0     2.91 C     3.8    -6.1    -1.0    83.1    61.1    69.2   0.125   0.120   0.110   0.056   0.055     3.2     3.7     4.8     6.0     7.0
54903 20131119  2.422  -90.17   44.06     4.2    -9.4    -2.6    -1.8     0.0     8.96 C     8.7    -8.4    -1.5    94.6    46.1    71.1   0.117   0.112   0.105   0.054   0.054     1.3     1.7     2.9     4.8     6.8
54903 20131120  2.422  -90.17   44.06     3.5     0.4     2.0     2.0     1.7     0.85 C     4.3    -0.1     1.4    96.1    57.1    73.2   0.115   0.109   0.101   0.050   0.055     2.3     2.4     3.0     4.3     6.4
54903 20131121  2.422  -90.17   44.06     3.9    -0.7     1.6     2.1     0.0     1.36 C     7.2    -0.3     2.5    98.2    85.3    93.5   0.120   0.113   0.102   0.051   0.056     3.2     3.2     3.6     4.4     6.1
54903 20131122  2.422  -90.17   44.06     0.2    -5.2    -2.5    -2.7     1.0     9.30 C     3.8    -7.2    -3.1    90.4    41.2    67.1   0.116   0.109   0.100   0.052   0.056     2.2     2.5     3.4     4.5     6.1
54903 20131123  2.422  -90.17   44.06    -5.2   -13.5    -9.3   -10.0     0.0     9.02 C    -0.4   -13.4    -8.5    74.3    42.7    60.9 -99.000   0.098   0.097   0.051   0.056     0.2     0.8     2.0     3.9     5.9
54903 20131124  2.422  -90.17   44.06    -3.7   -16.6   -10.2    -8.9     0.0     8.96 C     3.7   -15.0    -7.5    85.5    30.5    54.6 -99.000 -99.000   0.090   0.051   0.056    -0.7    -0.1     1.0     3.1     5.6
54903 20131125  2.422  -90.17   44.06     2.0    -4.1    -1.1    -1.0     0.0     3.97 C     7.7    -4.3    -0.9    77.9    34.0    60.7 -99.000 -99.000   0.084   0.049   0.055    -0.4    -0.2     0.8     2.6     5.2
54903 20131126  2.422  -90.17   44.06     1.7   -12.0    -5.2    -5.3     0.0     4.53 C     0.1   -13.0    -5.5    85.8    42.8    59.4 -99.000 -99.000   0.085   0.047   0.055    -0.4    -0.1     0.8     2.4     4.8
54903 20131127  2.422  -90.17   44.06    -3.5   -13.0    -8.3    -8.0     0.0     8.82 C     5.6   -13.8    -6.2    83.1    43.8    63.2 -99.000 -99.000   0.081   0.047   0.055    -1.1    -0.6     0.5     2.2     4.6
54903 20131128  2.422  -90.17   44.06    -1.8   -10.2    -6.0    -5.0     0.0     5.83 C     6.3   -13.5    -4.1    89.4    49.2    61.2 -99.000 -99.000   0.074   0.046   0.055    -0.7    -0.5     0.4     2.0     4.3
54903 20131129  2.422  -90.17   44.06     0.0   -14.9    -7.4    -6.6     0.0     5.74 C     9.4   -15.3    -6.2    91.6    45.7    72.0 -99.000 -99.000 -99.000   0.044   0.055    -1.2    -0.8     0.2     1.8     4.2
54903 20131130  2.422  -90.17   44.06     7.2    -3.1     2.0     1.6     0.0     8.30 C    16.0    -5.3     1.2    79.3    47.0    62.3 -99.000 -99.000 -99.000   0.044   0.053    -0.5    -0.5     0.2     1.7     4.0
54903 20131201  2.422  -90.17   44.06     3.3    -5.3    -1.0    -1.6     0.0     7.67 C    13.8    -8.7    -2.0    92.0    53.4    78.0 -99.000 -99.000 -99.000   0.042   0.053    -0.3    -0.3     0.3     1.7     3.8
54903 20131202  2.422  -90.17   44.06     3.4    -7.4    -2.0    -1.2     3.3     4.87 C     8.7    -9.7    -1.5    96.0    67.3    84.5 -99.000 -99.000   0.073   0.042   0.052    -0.5    -0.4     0.3     1.6     3.7
54903 20131203  2.422  -90.17   44.06     0.9     0.0     0.4     0.5     3.7     0.31 C     0.1    -0.1     0.0    97.4    92.5    95.5 -99.000 -99.000   0.074   0.043   0.051    -0.1    -0.3     0.3     1.6     3.6
54903 20131204  2.422  -90.17   44.06     3.6    -0.7     1.5     0.8     1.1     0.41 C     1.5    -1.0     0.2    98.6    77.8    95.4 -99.000 -99.000   0.085   0.043   0.052    -0.1    -0.2     0.4     1.6     3.5
54903 20131205  2.422  -90.17   44.06    -0.7   -14.5    -7.6    -9.2     0.0     8.17 C    -1.0   -13.2    -7.3    76.5    54.1    66.7 -99.000 -99.000   0.112   0.042   0.051    -0.3    -0.1     0.5     1.6     3.5
54903 20131206  2.422  -90.17   44.06   -11.4   -17.8   -14.6   -15.1     0.0     7.86 C     1.2   -16.8   -12.3    82.0    55.8    72.6 -99.000 -99.000 -99.000   0.045   0.049    -2.1    -1.2     0.2     1.5     3.4
54903 20131207  2.422  -90.17   44.06   -12.5   -20.5   -16.5   -17.1     0.0     8.46 C    -2.8   -19.1   -14.3    86.1    45.2    71.3 -99.000 -99.000 -99.000   0.046   0.049    -4.5    -3.5    -1.2     1.1     3.3
54903 20131208  2.422  -90.17   44.06   -10.9   -16.8   -13.9   -13.3     3.6     2.60 C    -7.9   -16.7   -11.8    87.7    65.9    80.1 -99.000 -99.000 -99.000   0.046   0.049    -4.2    -3.8    -2.3     0.6     3.0
54903 20131209  2.422  -90.17   44.06   -11.0   -20.6   -15.8   -14.9     0.0     6.89 C    -9.0   -27.5   -17.5    86.8    54.5    73.7 -99.000 -99.000 -99.000 -99.000   0.048    -3.0    -2.8    -1.8     0.3     2.8
54903 20131210  2.422  -90.17   44.06   -10.4   -23.2   -16.8   -14.2     0.0     6.67 C   -10.0   -28.0   -15.4    81.8    52.3    69.1 -99.000 -99.000 -99.000 -99.000   0.048    -3.4    -3.2    -2.2     0.1     2.5
54903 20131211  2.422  -90.17   44.06   -11.2   -24.0   -17.6   -17.4     0.3     8.39 C   -11.4   -30.9   -20.1    86.0    47.3    67.5 -99.000 -99.000 -99.000 -99.000   0.048    -3.7    -3.4    -2.4     0.0     2.4
54903 20131212  2.422  -90.17   44.06    -7.2   -23.4   -15.3   -12.1     0.0     7.44 C    -7.7   -26.4   -13.0    78.7    56.7    67.1 -99.000 -99.000 -99.000 -99.000   0.047    -3.8    -3.6    -2.7    -0.2     2.2
54903 20131213  2.422  -90.17   44.06    -6.4   -11.1    -8.7    -8.9     0.0     4.11 C    -5.4   -14.5    -9.2    81.5    60.4    69.6 -99.000 -99.000 -99.000 -99.000   0.047    -2.8    -2.8    -2.1    -0.3     2.0
54903 20131214  2.422  -90.17   44.06    -6.3   -11.1    -8.7    -8.9     0.4     3.62 C    -5.9   -12.1    -9.0    84.4    69.4    79.3 -99.000 -99.000 -99.000 -99.000   0.046    -2.7    -2.6    -2.0    -0.3     1.9
54903 20131215  2.422  -90.17   44.06   -10.9   -20.5   -15.7   -15.6     0.0     7.46 C   -11.4   -25.0   -17.1    75.8    44.6    64.1 -99.000 -99.000 -99.000 -99.000   0.046    -3.0    -2.8    -2.0    -0.3     1.8
54903 20131216  2.422  -90.17   44.06    -9.9   -20.9   -15.4   -14.9     3.9     2.25 C    -9.4   -24.8   -14.2    90.2    55.7    76.0 -99.000 -99.000 -99.000 -99.000   0.046    -3.6    -3.5    -2.7    -0.5     1.8
54903 20131217  2.422  -90.17   44.06     0.0   -10.7    -5.3    -4.9     0.6     4.76 C    -0.7   -16.8    -6.9    90.7    56.5    75.4 -99.000 -99.000 -99.000 -99.000   0.046    -2.4    -2.5    -2.0    -0.6     1.7
54903 20131218  2.422  -90.17   44.06     1.9   -18.7    -8.4    -6.7     0.0     5.29 C    -2.5   -22.8   -11.8    86.6    44.5    68.7 -99.000 -99.000 -99.000 -99.000   0.045    -2.3    -2.2    -1.7    -0.5     1.6
54903 20131219  2.422  -90.17   44.06    -2.4    -9.6    -6.0    -5.4     0.0     2.37 C    -4.5   -15.5    -7.8    96.6    73.8    83.6 -99.000 -99.000 -99.000 -99.000   0.046    -2.0    -2.0    -1.5    -0.4     1.6
54903 20131220  2.422  -90.17   44.06    -5.5    -7.9    -6.7    -6.7     3.0     1.69 C    -5.0    -7.8    -6.5    93.5    84.1    89.0 -99.000 -99.000 -99.000 -99.000   0.045    -1.7    -1.7    -1.3    -0.3     1.5
54903 20131221  2.422  -90.17   44.06    -3.3    -6.1    -4.7    -4.7     0.0     1.59 C    -3.5    -6.1    -4.9    94.5    76.8    90.3 -99.000 -99.000 -99.000 -99.000   0.045    -1.3    -1.4    -1.0    -0.3     1.5
54903 20131222  2.422  -90.17   44.06    -4.1    -6.8    -5.5    -5.3     5.1     3.39 C    -4.2    -9.7    -6.0    93.9    73.5    85.8 -99.000 -99.000 -99.000 -99.000   0.044    -1.1    -1.2    -0.8    -0.2     1.5
54903 20131223  2.422  -90.17   44.06    -5.9   -20.7   -13.3   -13.9     1.7     4.05 C    -6.6   -29.7   -15.2    92.0    72.9    80.7 -99.000 -99.000 -99.000 -99.000   0.044    -1.0    -1.1    -0.7    -0.2     1.5
54903 20131224  2.422  -90.17   44.06   -10.0   -28.6   -19.3   -17.4     3.5     8.01 C   -10.7   -34.7   -20.9    85.1    66.8    78.2 -99.000 -99.000 -99.000 -99.000   0.044    -1.2    -1.2    -0.8    -0.1     1.5
54903 20131225  2.422  -90.17   44.06    -6.0   -13.3    -9.7    -9.3     1.7     3.55 C    -5.8   -14.2    -9.9    88.6    70.3    81.2 -99.000 -99.000 -99.000 -99.000   0.043    -1.1    -1.2    -0.8    -0.1     1.5
54903 20131226  2.422  -90.17   44.06    -5.6   -12.3    -8.9    -8.6     0.0     3.44 C    -5.9   -19.8   -10.3    94.1    70.2    81.0 -99.000 -99.000 -99.000 -99.000   0.043    -0.9    -1.0    -0.6     0.0     1.6
54903 20131227  2.422  -90.17   44.06     3.4   -18.4    -7.5    -5.6     0.0     6.66 C     0.0   -22.4    -9.9    95.2    61.5    79.0 -99.000 -99.000 -99.000 -99.000   0.042    -0.9    -1.0    -0.6     0.0     1.6
54903 20131228  2.422  -90.17   44.06     6.9    -7.7    -0.4     1.6     0.0     7.91 C     0.2   -13.2    -4.0    97.3    49.7    73.3 -99.000 -99.000 -99.000 -99.000   0.042    -0.7    -0.8    -0.5     0.0     1.6
54903 20131229  2.422  -90.17   44.06     4.0   -24.3   -10.1   -11.1     0.0     4.41 C     0.0   -29.6   -12.7    91.6    57.8    69.4 -99.000 -99.000 -99.000 -99.000   0.041    -0.8    -0.8    -0.4     0.1     1.6
54903 20131230  2.422  -90.17   44.06   -17.2   -28.8   -23.0   -21.8     0.8     5.49 C   -14.4   -33.1   -23.3    85.1    44.9    69.9 -99.000 -99.000 -99.000 -99.000   0.041    -1.9    -1.7    -0.9     0.1     1.6
54903 20131231  2.422  -90.17   44.06   -15.2   -24.0   -19.6   -18.3     0.0     4.00 C   -14.0   -28.7   -19.4    86.1    57.2    71.8 -99.000 -99.000 -99.000 -99.000   0.042    -2.0    -1.9    -1.2     0.0     1.6
