53155 20130101  2.413 -112.34   35.76    -1.3   -15.4    -8.4    -9.3     0.0    11.81 C     4.5   -13.6    -6.9    87.8    46.9    72.3 -99.000 -99.000 -99.000 -99.000 -99.000    -1.4    -0.6 -9999.0 -9999.0 -9999.0
53155 20130102  2.413 -112.34   35.76     0.6   -12.8    -6.1    -6.3     0.0    12.85 C     3.9   -13.0    -6.2    69.4    33.8    48.6 -99.000 -99.000 -99.000 -99.000 -99.000    -2.1    -1.4 -9999.0 -9999.0 -9999.0
53155 20130103  2.413 -112.34   35.76    -0.5   -10.7    -5.6    -5.7     0.0    13.13 C     3.3   -11.5    -5.7    64.8    29.7    47.2 -99.000 -99.000 -99.000 -99.000 -99.000    -2.6    -2.0 -9999.0 -9999.0 -9999.0
53155 20130104  2.413 -112.34   35.76     2.4   -13.0    -5.3    -5.5     0.0    12.99 C     9.9   -12.6    -4.9    64.7    24.5    43.3 -99.000 -99.000 -99.000 -99.000 -99.000    -3.2    -2.7 -9999.0 -9999.0 -9999.0
53155 20130105  2.413 -112.34   35.76     7.0   -12.1    -2.6    -3.7     0.0    13.11 C    12.8   -11.9    -3.1    63.5    15.9    42.1 -99.000 -99.000 -99.000 -99.000 -99.000    -2.9    -2.7 -9999.0 -9999.0 -9999.0
53155 20130106  2.413 -112.34   35.76     4.7    -6.3    -0.8    -2.4     0.0    11.24 C     9.9    -7.0    -1.8    61.4    33.1    50.3 -99.000 -99.000 -99.000 -99.000 -99.000    -1.9    -1.9 -9999.0 -9999.0 -9999.0
53155 20130107  2.413 -112.34   35.76     6.1    -8.0    -0.9    -2.0     0.0    12.91 C    13.8    -8.3    -0.9    65.2    27.0    50.3 -99.000 -99.000 -99.000 -99.000 -99.000    -1.4    -1.5 -9999.0 -9999.0 -9999.0
53155 20130108  2.413 -112.34   35.76     8.7    -8.7     0.0    -0.7     0.0    12.78 C    14.3    -8.9    -0.4    71.1    27.0    49.9 -99.000 -99.000 -99.000 -99.000 -99.000    -1.5    -1.5 -9999.0 -9999.0 -9999.0
53155 20130109  2.413 -112.34   35.76     7.3    -4.0     1.6     0.9     0.0    12.18 C    12.9    -5.4     0.5    72.7    38.9    56.5 -99.000 -99.000 -99.000 -99.000 -99.000    -0.7    -0.8 -9999.0 -9999.0 -9999.0
53155 20130110  2.413 -112.34   35.76     7.0    -5.5     0.7     1.3     2.1     4.75 C     9.9    -6.3    -0.2    88.0    33.9    51.6 -99.000 -99.000 -99.000 -99.000 -99.000    -0.4    -0.3 -9999.0 -9999.0 -9999.0
53155 20130111  2.413 -112.34   35.76    -4.0   -14.1    -9.1    -8.1     0.0    13.90 C     0.6   -13.8    -7.9    77.7    34.2    57.7 -99.000 -99.000 -99.000 -99.000 -99.000    -0.7    -0.3 -9999.0 -9999.0 -9999.0
53155 20130112  2.413 -112.34   35.76    -4.9   -16.0   -10.5   -10.7     0.0    12.02 C     6.2   -14.8    -8.0    74.7    38.2    58.9 -99.000 -99.000 -99.000 -99.000 -99.000    -2.6    -1.8 -9999.0 -9999.0 -9999.0
53155 20130113  2.413 -112.34   35.76    -5.0   -19.1   -12.0   -12.1     0.0    13.09 C     5.3   -17.6    -8.7    75.2    36.6    59.1 -99.000 -99.000 -99.000 -99.000 -99.000    -4.4    -3.6 -9999.0 -9999.0 -9999.0
53155 20130114  2.413 -112.34   35.76    -6.9   -17.1   -12.0   -11.3     0.0    12.53 C     6.6   -16.1    -8.1    76.4    35.7    56.1 -99.000 -99.000 -99.000 -99.000 -99.000    -4.7    -4.2 -9999.0 -9999.0 -9999.0
53155 20130115  2.413 -112.34   35.76    -2.5   -19.7   -11.1   -10.5     0.0    13.70 C     9.2   -17.6    -7.5    68.5    30.9    49.2 -99.000 -99.000 -99.000 -99.000 -99.000    -5.7    -5.3 -9999.0 -9999.0 -9999.0
53155 20130116  2.413 -112.34   35.76     5.7   -12.6    -3.4    -4.3     0.0    13.71 C    14.7   -12.5    -2.7    67.2    33.4    50.0 -99.000 -99.000 -99.000 -99.000 -99.000    -4.1    -4.3 -9999.0 -9999.0 -9999.0
53155 20130117  2.413 -112.34   35.76     5.2    -8.2    -1.5    -2.1     0.0    13.97 C    12.6    -9.6    -1.6    65.1    30.8    49.6 -99.000 -99.000 -99.000 -99.000 -99.000    -2.8    -3.0 -9999.0 -9999.0 -9999.0
53155 20130118  2.413 -112.34   35.76     7.4    -8.1    -0.3    -1.2     0.0    14.25 C    15.6    -9.9    -0.9    65.9    31.5    50.7 -99.000 -99.000 -99.000 -99.000 -99.000    -2.2    -2.4 -9999.0 -9999.0 -9999.0
53155 20130119  2.413 -112.34   35.76     9.1    -7.1     1.0     0.5     0.0    14.58 C    15.9    -8.3    -0.1    71.0    18.7    45.0 -99.000 -99.000 -99.000 -99.000 -99.000    -1.7    -1.8 -9999.0 -9999.0 -9999.0
53155 20130120  2.413 -112.34   35.76    10.3    -4.3     3.0     1.3     0.0    14.71 C    21.0    -8.1     1.1    55.7    19.1    39.5 -99.000 -99.000 -99.000 -99.000 -99.000    -1.3    -1.4 -9999.0 -9999.0 -9999.0
53155 20130121  2.413 -112.34   35.76    10.9    -7.5     1.7     1.6     0.0    14.85 C    18.0    -9.1     0.7    56.3    12.4    33.3 -99.000 -99.000 -99.000 -99.000 -99.000    -1.0    -1.1 -9999.0 -9999.0 -9999.0
53155 20130122  2.413 -112.34   35.76    14.0    -5.5     4.3     3.5     0.0    14.86 C    21.7    -7.7     2.6    49.0    13.1    32.3 -99.000 -99.000 -99.000 -99.000 -99.000    -0.4    -0.7 -9999.0 -9999.0 -9999.0
53155 20130123  2.413 -112.34   35.76    14.1    -3.4     5.4     4.3     0.0     9.74 C    23.1    -5.4     3.5    55.9    17.6    39.0 -99.000 -99.000 -99.000 -99.000 -99.000     0.2    -0.2 -9999.0 -9999.0 -9999.0
53155 20130124  2.413 -112.34   35.76     9.1     4.2     6.6     5.2     1.0     3.02 C     9.9     1.9     5.1    93.8    42.1    67.7   0.165   0.124 -99.000 -99.000 -99.000     1.9     1.1 -9999.0 -9999.0 -9999.0
53155 20130125  2.413 -112.34   35.76    11.2     3.7     7.4     6.1     5.7     7.03 C    19.3     4.0     7.7    94.2    62.2    84.5   0.159   0.155 -99.000 -99.000 -99.000     5.4     4.4 -9999.0 -9999.0 -9999.0
53155 20130126  2.413 -112.34   35.76     7.4     4.5     5.9     5.5    34.9     1.47 C     8.4     4.7     6.0    93.6    89.7    92.0   0.260   0.248 -99.000 -99.000 -99.000     5.6     5.4 -9999.0 -9999.0 -9999.0
53155 20130127  2.413 -112.34   35.76     9.2     1.4     5.3     5.2     3.1    11.24 C    12.7     0.9     5.9    93.9    52.0    81.3   0.234   0.251 -99.000 -99.000 -99.000     6.0     5.8 -9999.0 -9999.0 -9999.0
53155 20130128  2.413 -112.34   35.76     1.6    -7.2    -2.8    -2.1     2.0     6.84 C     4.7    -5.5    -0.4    92.5    72.8    84.9   0.215   0.237 -99.000 -99.000 -99.000     3.0     3.8 -9999.0 -9999.0 -9999.0
53155 20130129  2.413 -112.34   35.76     0.2    -9.3    -4.6    -4.3     0.0    10.98 C     6.2    -7.9    -2.6    81.8    54.6    67.5   0.229   0.221 -99.000 -99.000 -99.000     0.7     1.6 -9999.0 -9999.0 -9999.0
53155 20130130  2.413 -112.34   35.76     5.3    -7.8    -1.3    -1.6     0.0    15.38 C    10.8    -6.5     0.2    84.5    48.3    67.5   0.224   0.214 -99.000 -99.000 -99.000     1.0     1.2 -9999.0 -9999.0 -9999.0
53155 20130131  2.413 -112.34   35.76     9.1    -6.4     1.4     1.1     0.0    15.90 C    15.8    -5.0     2.5    86.9    39.9    67.5   0.208   0.213 -99.000 -99.000 -99.000     2.0     1.7 -9999.0 -9999.0 -9999.0
53155 20130201  2.413 -112.34   35.76    10.8    -4.5     3.2     2.8     0.0    16.10 C    17.9    -4.7     2.9    78.9    24.9    54.7   0.198   0.212 -99.000 -99.000 -99.000     2.5     2.2 -9999.0 -9999.0 -9999.0
53155 20130202  2.413 -112.34   35.76    12.8    -1.8     5.5     4.2     0.0    14.99 C    17.6    -3.0     3.6    70.2    23.5    48.6   0.191   0.211 -99.000 -99.000 -99.000     3.1     2.7 -9999.0 -9999.0 -9999.0
53155 20130203  2.413 -112.34   35.76     6.3    -0.4     2.9     3.2     0.5     3.91 C    10.5    -1.4     3.0    89.8    48.5    68.1   0.179   0.210 -99.000 -99.000 -99.000     3.3     3.2 -9999.0 -9999.0 -9999.0
53155 20130204  2.413 -112.34   35.76    11.5    -4.6     3.5     3.3     0.0    16.57 C    21.3    -4.3     4.6    92.6    34.1    63.7   0.182   0.209 -99.000 -99.000 -99.000     3.9     3.5 -9999.0 -9999.0 -9999.0
53155 20130205  2.413 -112.34   35.76    13.6    -2.4     5.6     4.9     0.0    16.50 C    25.3    -4.0     5.8    77.9    20.4    46.9   0.181   0.207 -99.000 -99.000 -99.000     4.3     3.9 -9999.0 -9999.0 -9999.0
53155 20130206  2.413 -112.34   35.76    11.5    -0.9     5.3     4.5     0.0    11.67 C    23.6    -2.8     4.8    76.6    25.5    55.4   0.175   0.205 -99.000 -99.000 -99.000     4.5     4.2 -9999.0 -9999.0 -9999.0
53155 20130207  2.413 -112.34   35.76    11.2    -4.3     3.5     3.2     0.0    16.73 C    25.5    -5.0     5.2    81.8    25.3    55.8   0.176   0.204 -99.000 -99.000 -99.000     4.3     4.0 -9999.0 -9999.0 -9999.0
53155 20130208  2.413 -112.34   35.76     6.6    -2.3     2.1     2.2     0.0    13.66 C    16.1    -2.7     2.9    75.6    22.0    51.0   0.171   0.202 -99.000 -99.000 -99.000     3.8     4.0 -9999.0 -9999.0 -9999.0
53155 20130209  2.413 -112.34   35.76    -1.3    -5.1    -3.2    -3.5     9.2    12.83 C    -0.2    -5.2    -3.0    90.2    65.0    81.9   0.166   0.199 -99.000 -99.000 -99.000     2.2     2.8 -9999.0 -9999.0 -9999.0
53155 20130210  2.413 -112.34   35.76    -1.8   -13.4    -7.6    -5.4     0.0    12.58 C    -1.8   -14.1    -6.8    89.7    55.3    77.8   0.167   0.197 -99.000 -99.000 -99.000     1.8     2.3 -9999.0 -9999.0 -9999.0
53155 20130211  2.413 -112.34   35.76    -2.4   -15.8    -9.1    -9.2     0.0    15.89 C     0.4   -16.7    -8.5    89.6    64.4    81.6   0.173   0.198 -99.000 -99.000 -99.000     1.2     1.8 -9999.0 -9999.0 -9999.0
53155 20130212  2.413 -112.34   35.76     0.6   -15.9    -7.6    -7.2     0.0    16.86 C     5.8   -15.4    -5.6    87.1    38.9    66.0   0.213   0.200 -99.000 -99.000 -99.000     0.8     1.4 -9999.0 -9999.0 -9999.0
53155 20130213  2.413 -112.34   35.76     5.5   -10.0    -2.3    -2.1     0.0    18.00 C    15.1    -9.1     0.0    74.8    41.4    57.0   0.230   0.202 -99.000 -99.000 -99.000     1.1     1.3 -9999.0 -9999.0 -9999.0
53155 20130214  2.413 -112.34   35.76     8.4    -7.8     0.3     0.2     0.0    17.69 C    20.3    -6.7     2.9    81.8    36.5    60.8   0.216   0.212 -99.000 -99.000 -99.000     2.2     1.8 -9999.0 -9999.0 -9999.0
53155 20130215  2.413 -112.34   35.76    10.9    -4.2     3.3     2.4     0.0    18.58 C    22.8    -5.9     3.9    75.0    17.9    44.9   0.204   0.216 -99.000 -99.000 -99.000     3.2     2.7 -9999.0 -9999.0 -9999.0
53155 20130216  2.413 -112.34   35.76    14.1    -5.2     4.4     3.8     0.0    18.65 C    24.4    -6.5     4.2    64.9    14.7    36.5   0.195   0.213 -99.000 -99.000 -99.000     3.3     2.9 -9999.0 -9999.0 -9999.0
53155 20130217  2.413 -112.34   35.76    12.1    -2.1     5.0     4.1     0.0    18.81 C    22.0    -5.1     4.4    55.1    14.0    32.7   0.186   0.210 -99.000 -99.000 -99.000     3.6     3.3 -9999.0 -9999.0 -9999.0
53155 20130218  2.413 -112.34   35.76    10.8    -4.9     2.9     2.2     0.0    18.94 C    28.3    -7.3     4.8    64.3    16.2    41.3   0.189   0.206 -99.000 -99.000 -99.000     3.5     3.2 -9999.0 -9999.0 -9999.0
53155 20130219  2.413 -112.34   35.76    10.1    -4.1     3.0     2.7     0.0    15.57 C    20.9    -5.8     3.6    64.8    20.1    40.3   0.184   0.204 -99.000 -99.000 -99.000     3.1     3.1 -9999.0 -9999.0 -9999.0
53155 20130220  2.413 -112.34   35.76     2.1    -5.0    -1.5    -1.4     0.0    10.39 C    16.5    -4.9     2.0    88.6    46.7    71.1   0.172   0.203 -99.000 -99.000 -99.000     3.4     3.5 -9999.0 -9999.0 -9999.0
53155 20130221  2.413 -112.34   35.76     2.5    -6.8    -2.1    -2.2     0.7     9.58 C    14.0    -7.2    -0.1    91.1    53.7    77.9   0.170   0.201 -99.000 -99.000 -99.000     2.7     3.0 -9999.0 -9999.0 -9999.0
53155 20130222  2.413 -112.34   35.76     3.2   -11.8    -4.3    -3.8     0.0    19.08 C    18.4   -11.1    -0.2    84.3    27.3    55.6   0.188   0.197 -99.000 -99.000 -99.000     1.7     1.9 -9999.0 -9999.0 -9999.0
53155 20130223  2.413 -112.34   35.76     9.6    -8.9     0.3    -0.4     0.0    17.39 C    17.2    -8.8     1.6    76.9    23.1    46.9   0.185   0.196 -99.000 -99.000 -99.000     1.8     1.9 -9999.0 -9999.0 -9999.0
53155 20130224  2.413 -112.34   35.76     2.1    -8.3    -3.1    -3.4     0.0    19.94 C    16.6    -9.3    -0.5    59.1    19.6    40.1   0.185   0.196 -99.000 -99.000 -99.000     1.6     1.7 -9999.0 -9999.0 -9999.0
53155 20130225  2.413 -112.34   35.76     8.8   -12.5    -1.8    -2.1     0.0    20.38 C    27.5   -12.5     2.3    78.8    12.3    39.0   0.188   0.189 -99.000 -99.000 -99.000     1.9     1.7 -9999.0 -9999.0 -9999.0
53155 20130226  2.413 -112.34   35.76     4.5    -7.9    -1.7    -1.8     0.0    20.65 C    19.7    -9.8     1.0    51.8    12.8    32.1   0.184   0.193 -99.000 -99.000 -99.000     1.9     1.8 -9999.0 -9999.0 -9999.0
53155 20130227  2.413 -112.34   35.76     6.3    -9.9    -1.8    -2.0     0.0    20.74 C    26.9   -11.9     1.4    53.9     8.5    29.7   0.188   0.188 -99.000 -99.000 -99.000     1.8     1.7 -9999.0 -9999.0 -9999.0
53155 20130228  2.413 -112.34   35.76     9.7    -8.6     0.6     0.7     0.0    20.77 C    29.9   -10.3     4.1    49.5    10.9    27.0   0.184   0.188 -99.000 -99.000 -99.000     2.5     2.1 -9999.0 -9999.0 -9999.0
53155 20130301  2.413 -112.34   35.76    15.5    -6.4     4.5     4.7     0.0    20.65 C    34.6    -7.8     7.9    58.8    19.0    36.1   0.177   0.194 -99.000 -99.000 -99.000     4.3     3.4 -9999.0 -9999.0 -9999.0
53155 20130302  2.413 -112.34   35.76    18.4    -3.2     7.6     8.5     0.0    19.57 C    39.2    -5.7    10.1    69.2    12.0    33.5   0.167   0.197 -99.000 -99.000 -99.000     6.1     5.2 -9999.0 -9999.0 -9999.0
53155 20130303  2.413 -112.34   35.76    15.3     0.4     7.8     8.0     0.0     9.06 C    27.7    -2.6     7.6    55.5    21.8    36.9   0.166   0.196 -99.000 -99.000 -99.000     6.1     5.8 -9999.0 -9999.0 -9999.0
53155 20130304  2.413 -112.34   35.76    12.5     0.7     6.6     6.4     0.0    19.75 C    31.0    -3.4     9.8    54.9    21.1    41.3   0.166   0.197 -99.000 -99.000 -99.000     7.6     6.8 -9999.0 -9999.0 -9999.0
53155 20130305  2.413 -112.34   35.76    15.4    -4.3     5.6     5.4     0.0    18.92 C    32.8    -5.3     7.9    76.8    18.5    43.2   0.164   0.196 -99.000 -99.000 -99.000     6.8     6.5 -9999.0 -9999.0 -9999.0
53155 20130306  2.413 -112.34   35.76    16.2    -2.3     7.0     7.1     0.0    20.95 C    29.9    -4.5     8.5    67.9    12.4    38.4   0.163   0.196 -99.000 -99.000 -99.000     7.2     6.9 -9999.0 -9999.0 -9999.0
53155 20130307  2.413 -112.34   35.76    14.9    -3.0     6.0     6.6     0.0    20.92 C    26.8    -5.5     8.1    70.0    12.5    37.8   0.161   0.195 -99.000 -99.000 -99.000     7.2     7.0 -9999.0 -9999.0 -9999.0
53155 20130308  2.413 -112.34   35.76     7.5    -2.7     2.4     1.2     4.0     7.09 C    15.0    -2.3     2.4    92.0    45.9    79.7   0.157   0.193 -99.000 -99.000 -99.000     5.7     6.3 -9999.0 -9999.0 -9999.0
53155 20130309  2.413 -112.34   35.76     2.2    -2.5    -0.1    -0.6     5.1     9.68 C     2.2    -1.9    -0.4    91.7    75.5    85.6   0.173   0.192 -99.000 -99.000 -99.000     3.2     4.1 -9999.0 -9999.0 -9999.0
53155 20130310  2.413 -112.34   35.76     9.8    -5.3     2.2     1.9     0.0    22.49 C    19.4    -5.5     4.2    82.6    29.2    62.9   0.196   0.207 -99.000 -99.000 -99.000     4.9     4.5 -9999.0 -9999.0 -9999.0
53155 20130311  2.413 -112.34   35.76    14.0    -5.1     4.4     4.3     0.0    22.80 C    27.8    -5.4     6.7    82.9    12.8    47.9   0.188   0.207 -99.000 -99.000 -99.000     6.1     5.5 -9999.0 -9999.0 -9999.0
53155 20130312  2.413 -112.34   35.76    16.5    -1.9     7.3     7.8     0.0    22.78 C    33.0    -3.5    10.0    67.5    22.3    40.8   0.185   0.206 -99.000 -99.000 -99.000     7.5     6.6 -9999.0 -9999.0 -9999.0
53155 20130313  2.413 -112.34   35.76    19.4     0.2     9.8    10.4     0.0    22.89 C    37.3    -2.5    12.5    58.9    17.2    34.9   0.183   0.207 -99.000 -99.000 -99.000     9.1     8.0 -9999.0 -9999.0 -9999.0
53155 20130314  2.413 -112.34   35.76    23.1     2.7    12.9    12.4     0.0    23.34 C    36.8    -1.1    14.0    53.8     8.9    26.4   0.181   0.206 -99.000 -99.000 -99.000    10.2     9.3 -9999.0 -9999.0 -9999.0
53155 20130315  2.413 -112.34   35.76    23.1     2.9    13.0    12.4     0.0    19.82 C    39.8     0.1    13.5    51.9     9.6    28.9   0.178   0.206 -99.000 -99.000 -99.000    10.6    10.1 -9999.0 -9999.0 -9999.0
53155 20130316  2.413 -112.34   35.76    18.8     2.8    10.8    11.0     0.0    15.94 C    39.2     0.4    12.4    51.0    15.1    31.8   0.175   0.204 -99.000 -99.000 -99.000    10.6    10.2 -9999.0 -9999.0 -9999.0
53155 20130317  2.413 -112.34   35.76    18.0     2.4    10.2     9.7     0.0    23.97 C    32.5    -1.3    11.6    55.9     5.1    25.1   0.172   0.201 -99.000 -99.000 -99.000    10.5    10.1 -9999.0 -9999.0 -9999.0
53155 20130318  2.413 -112.34   35.76    17.7    -0.7     8.5     8.6     0.0    23.04 C    36.3    -2.2    11.7    34.7     7.7    17.8   0.169   0.200 -99.000 -99.000 -99.000    10.3     9.9 -9999.0 -9999.0 -9999.0
53155 20130319  2.413 -112.34   35.76    16.9     3.3    10.1     9.1     0.0    21.99 C    42.9     1.3    14.6    44.6    13.9    28.4   0.169   0.199 -99.000 -99.000 -99.000    11.5    10.8 -9999.0 -9999.0 -9999.0
53155 20130320  2.413 -112.34   35.76    16.4     1.9     9.2     9.4     0.0    12.76 C    25.8    -0.4    10.1    50.2    19.2    35.7   0.164   0.197 -99.000 -99.000 -99.000    10.1    10.2 -9999.0 -9999.0 -9999.0
53155 20130321  2.413 -112.34   35.76    17.1     0.1     8.6     9.5     0.0    24.65 C    33.7    -2.1    11.9    60.7     7.8    31.3   0.163   0.196 -99.000 -99.000 -99.000    11.0    10.5 -9999.0 -9999.0 -9999.0
53155 20130322  2.413 -112.34   35.76    16.3    -0.8     7.8     7.1     0.0    24.77 C    32.5    -3.3    10.3    42.7     1.8    19.0   0.160   0.194 -99.000 -99.000 -99.000    10.5    10.4 -9999.0 -9999.0 -9999.0
53155 20130323  2.413 -112.34   35.76     6.6    -5.6     0.5     1.0     0.0    24.89 C    26.5    -7.7     5.5    35.5     6.3    19.1   0.155   0.191 -99.000 -99.000 -99.000     8.7     8.9 -9999.0 -9999.0 -9999.0
53155 20130324  2.413 -112.34   35.76    11.9    -8.1     1.9     2.5     0.0    25.14 C    33.5    -9.3     7.8    42.7     9.1    20.4   0.154   0.189 -99.000 -99.000 -99.000     8.5     8.3 -9999.0 -9999.0 -9999.0
53155 20130325  2.413 -112.34   35.76    16.4    -2.9     6.8     6.8     0.0    24.87 C    40.3    -4.6    12.2    32.4    13.0    21.1   0.154   0.189 -99.000 -99.000 -99.000     9.9     9.2 -9999.0 -9999.0 -9999.0
53155 20130326  2.413 -112.34   35.76    18.0     0.5     9.2     9.0     0.0    15.93 C    30.6    -1.5     9.5    40.2    11.6    24.7   0.151   0.188 -99.000 -99.000 -99.000     9.6     9.6 -9999.0 -9999.0 -9999.0
53155 20130327  2.413 -112.34   35.76    17.7    -1.1     8.3     8.7     0.0    21.47 C    32.3    -3.5    10.9    47.2    12.4    27.1   0.150   0.188 -99.000 -99.000 -99.000     9.9     9.6 -9999.0 -9999.0 -9999.0
53155 20130328  2.413 -112.34   35.76    18.3    -0.7     8.8     9.1     0.0    22.04 C    34.3    -2.7    11.1    49.8    18.3    31.3   0.148   0.186 -99.000 -99.000 -99.000    10.2    10.0 -9999.0 -9999.0 -9999.0
53155 20130329  2.413 -112.34   35.76    19.8     1.5    10.7    10.6     0.0    23.54 C    42.5    -1.9    14.7    54.5    19.1    34.4   0.148   0.186 -99.000 -99.000 -99.000    11.7    10.9 -9999.0 -9999.0 -9999.0
53155 20130330  2.413 -112.34   35.76    19.3     2.6    10.9    10.7     0.0    17.88 C    40.9     0.2    13.6    52.2    17.4    34.9   0.147   0.186 -99.000 -99.000 -99.000    12.1    11.7 -9999.0 -9999.0 -9999.0
53155 20130331  2.413 -112.34   35.76    20.0     1.2    10.6    10.7     0.0    22.35 C    39.9    -0.6    14.0    63.2    16.2    37.0   0.145   0.184 -99.000 -99.000 -99.000    12.2    11.8 -9999.0 -9999.0 -9999.0
53155 20130401  2.413 -112.34   35.76    17.5     1.4     9.4     9.4     0.0    24.36 C    33.7    -1.2    11.9    72.0     9.2    35.4   0.141   0.183 -99.000 -99.000 -99.000    11.9    11.8 -9999.0 -9999.0 -9999.0
53155 20130402  2.413 -112.34   35.76    14.1    -2.0     6.0     6.6     0.0    19.38 C    33.9    -4.1     9.4    55.8    29.3    39.2   0.138   0.181 -99.000 -99.000 -99.000    10.9    10.9 -9999.0 -9999.0 -9999.0
53155 20130403  2.413 -112.34   35.76    18.4    -2.2     8.1     9.1     0.0    26.75 C    41.9    -3.8    14.1    73.8    12.1    35.3   0.136   0.180 -99.000 -99.000 -99.000    11.9    11.2 -9999.0 -9999.0 -9999.0
53155 20130404  2.413 -112.34   35.76    21.1    -0.7    10.2    11.3     0.0    22.15 C    40.5    -2.3    14.8    45.8     9.7    25.2   0.134   0.179 -99.000 -99.000 -99.000    12.4    11.9 -9999.0 -9999.0 -9999.0
53155 20130405  2.413 -112.34   35.76    21.1     5.1    13.1    13.0     0.0    26.04 C    38.5     2.2    16.1    41.4     9.9    25.8   0.132   0.179 -99.000 -99.000 -99.000    13.7    13.0 -9999.0 -9999.0 -9999.0
53155 20130406  2.413 -112.34   35.76    20.6     1.6    11.1    11.7     0.0    23.20 C    41.9    -0.5    15.4    56.9    15.7    33.0   0.129   0.177 -99.000 -99.000 -99.000    13.8    13.3 -9999.0 -9999.0 -9999.0
53155 20130407  2.413 -112.34   35.76    20.8     1.0    10.9    11.2     0.0    24.01 C    38.7    -0.5    14.8    57.8    10.6    31.8   0.126   0.176 -99.000 -99.000 -99.000    13.7    13.3 -9999.0 -9999.0 -9999.0
53155 20130408  2.413 -112.34   35.76    11.9    -0.1     5.9     6.1     2.9    16.28 C    19.8     0.5     7.2    91.9    32.7    58.2   0.121   0.172 -99.000 -99.000 -99.000    11.3    12.0 -9999.0 -9999.0 -9999.0
53155 20130409  2.413 -112.34   35.76     7.8    -0.8     3.5     2.9     0.0    24.44 C    24.1    -1.0     7.3    83.9    27.3    51.9   0.121   0.170 -99.000 -99.000 -99.000    10.1    10.2 -9999.0 -9999.0 -9999.0
53155 20130410  2.413 -112.34   35.76    11.4    -5.7     2.8     3.8     0.0    27.77 C    34.4    -5.7    10.2    70.6    17.6    39.6   0.122   0.169 -99.000 -99.000 -99.000    10.5    10.2 -9999.0 -9999.0 -9999.0
53155 20130411  2.413 -112.34   35.76    16.5    -3.0     6.7     8.0     0.0    17.60 C    31.1    -3.8    10.5    60.2    18.5    34.3   0.122   0.168 -99.000 -99.000 -99.000    10.6    10.5 -9999.0 -9999.0 -9999.0
53155 20130412  2.413 -112.34   35.76    18.2     0.1     9.2    10.2     0.0    27.90 C    41.1    -2.3    15.5    49.7    14.9    29.4   0.122   0.169 -99.000 -99.000 -99.000    12.4    11.7 -9999.0 -9999.0 -9999.0
53155 20130413  2.413 -112.34   35.76    21.5     0.2    10.8    11.9     0.0    25.93 C    36.5    -1.7    14.6    57.0    12.9    29.2   0.120   0.169 -99.000 -99.000 -99.000    13.0    12.5 -9999.0 -9999.0 -9999.0
53155 20130414  2.413 -112.34   35.76    21.4     5.7    13.6    13.5     0.0    27.83 C    38.1     3.5    17.0    45.1    17.2    30.1   0.119   0.168 -99.000 -99.000 -99.000    14.3    13.6 -9999.0 -9999.0 -9999.0
53155 20130415  2.413 -112.34   35.76    18.1     6.4    12.2    11.8     0.0    28.19 C    32.1     4.6    14.8    52.7    18.7    37.2   0.116   0.166 -99.000 -99.000 -99.000    14.0    13.7 -9999.0 -9999.0 -9999.0
53155 20130416  2.413 -112.34   35.76    13.8    -1.1     6.4     7.6     0.0    24.20 C    27.2    -1.2    10.8    78.7    15.4    45.4   0.114   0.163 -99.000 -99.000 -99.000    12.9    13.0 -9999.0 -9999.0 -9999.0
53155 20130417  2.413 -112.34   35.76     7.9    -4.9     1.5     1.5     0.0    24.23 C    27.1    -5.8     6.7    88.6    13.0    48.1   0.112   0.161 -99.000 -99.000 -99.000    11.0    11.3 -9999.0 -9999.0 -9999.0
53155 20130418  2.413 -112.34   35.76    11.0    -5.8     2.6     2.7     0.0    29.35 C    36.9    -7.2     9.2    45.9    12.4    25.5   0.112   0.159 -99.000 -99.000 -99.000    10.7    10.5 -9999.0 -9999.0 -9999.0
53155 20130419  2.413 -112.34   35.76    16.5    -4.7     5.9     6.5     0.0    27.66 C    39.5    -7.3    12.2    32.3    10.2    19.6   0.112   0.159 -99.000 -99.000 -99.000    11.8    11.3 -9999.0 -9999.0 -9999.0
53155 20130420  2.413 -112.34   35.76    17.9    -1.5     8.2     8.9     0.0    29.21 C    40.0    -3.4    13.9    35.6    10.5    22.9   0.111   0.159 -99.000 -99.000 -99.000    12.9    12.3 -9999.0 -9999.0 -9999.0
53155 20130421  2.413 -112.34   35.76    23.0    -1.0    11.0    11.9     0.0    29.10 C    44.3    -2.3    16.6    46.8     8.2    22.4   0.110   0.158 -99.000 -99.000 -99.000    14.1    13.3 -9999.0 -9999.0 -9999.0
53155 20130422  2.413 -112.34   35.76    24.3     7.0    15.7    15.6     0.0    28.98 C    40.2     3.0    18.3    27.5     9.3    16.9   0.108   0.157 -99.000 -99.000 -99.000    15.2    14.4 -9999.0 -9999.0 -9999.0
53155 20130423  2.413 -112.34   35.76    16.2     0.3     8.2     9.7     0.0    28.79 C    39.2    -2.7    14.6    38.1     3.3    16.6   0.106   0.155 -99.000 -99.000 -99.000    14.9    14.5 -9999.0 -9999.0 -9999.0
53155 20130424  2.413 -112.34   35.76    21.3    -0.8    10.2    10.7     0.0    25.36 C    44.9    -3.8    14.9    17.3     5.7    11.2   0.104   0.153 -99.000 -99.000 -99.000    14.2    13.8 -9999.0 -9999.0 -9999.0
53155 20130425  2.413 -112.34   35.76    19.1     2.0    10.5    11.0     0.0    24.56 C    43.3     0.3    15.5    37.0    12.6    20.6   0.102   0.152 -99.000 -99.000 -99.000    14.7    14.2 -9999.0 -9999.0 -9999.0
53155 20130426  2.413 -112.34   35.76    20.1     1.7    10.9    11.6     0.0    25.48 C    44.5    -1.0    16.3    54.5    11.4    28.1   0.102   0.150 -99.000 -99.000 -99.000    15.2    14.6 -9999.0 -9999.0 -9999.0
53155 20130427  2.413 -112.34   35.76    22.1     0.9    11.5    13.2     0.0    30.21 C    46.6    -0.8    17.9    34.3     4.9    15.5   0.101   0.149 -99.000 -99.000 -99.000    15.7    14.9 -9999.0 -9999.0 -9999.0
53155 20130428  2.413 -112.34   35.76    24.8     1.2    13.0    14.8     0.0    30.06 C    49.2     0.0    20.8    27.6     7.5    14.5   0.101   0.148 -99.000 -99.000 -99.000    16.8    15.8 -9999.0 -9999.0 -9999.0
53155 20130429  2.413 -112.34   35.76    27.8     3.1    15.4    16.9     0.0    29.91 C    49.4     2.4    21.6    36.9     6.6    16.9   0.100   0.148 -99.000 -99.000 -99.000    17.9    16.9 -9999.0 -9999.0 -9999.0
53155 20130430  2.413 -112.34   35.76    26.0    10.6    18.3    18.0     0.0    28.09 C    39.7     6.3    19.7    24.7     6.2    13.8   0.098   0.146 -99.000 -99.000 -99.000    17.8    17.2 -9999.0 -9999.0 -9999.0
53155 20130501  2.413 -112.34   35.76    20.1     2.2    11.2    13.1     0.0    30.42 C    41.6     0.4    18.2    26.3     2.0    12.4   0.095   0.144 -99.000 -99.000 -99.000    17.7    17.0 -9999.0 -9999.0 -9999.0
53155 20130502  2.413 -112.34   35.76    16.7    -1.3     7.7     8.2     0.0    31.20 C    33.6    -2.9    12.3    29.8     8.1    16.0   0.092   0.141 -99.000 -99.000 -99.000    15.2    15.2 -9999.0 -9999.0 -9999.0
53155 20130503  2.413 -112.34   35.76    21.8    -0.7    10.5    11.8     0.0    31.30 C    47.2    -2.9    17.3    22.9     4.0    11.4   0.092   0.140 -99.000 -99.000 -99.000    15.9    15.2 -9999.0 -9999.0 -9999.0
53155 20130504  2.413 -112.34   35.76    23.2     1.9    12.5    14.1     0.0    30.60 C    44.8    -1.6    18.7    22.4     5.8    12.3   0.091   0.140 -99.000 -99.000 -99.000    16.8    16.0 -9999.0 -9999.0 -9999.0
53155 20130505  2.413 -112.34   35.76    18.3     5.4    11.8    12.7     0.0    17.27 C    34.5     4.3    15.4    41.2    16.1    23.2   0.089   0.138 -99.000 -99.000 -99.000    16.3    16.1 -9999.0 -9999.0 -9999.0
53155 20130506  2.413 -112.34   35.76    17.6     5.9    11.8    11.4     0.0    20.35 C    34.8     4.7    15.0    57.3    23.1    38.2   0.087   0.137 -99.000 -99.000 -99.000    15.8    15.4 -9999.0 -9999.0 -9999.0
53155 20130507  2.413 -112.34   35.76    17.1     2.9    10.0     9.0     2.6    20.96 C    34.1     2.7    13.1    81.3    22.5    53.6   0.086   0.136 -99.000 -99.000 -99.000    15.1    15.0 -9999.0 -9999.0 -9999.0
53155 20130508  2.413 -112.34   35.76    15.1    -0.6     7.2     7.9     0.0    22.19 C    32.6    -0.3    12.6    88.7    30.8    57.4   0.086   0.134 -99.000 -99.000 -99.000    14.1    13.9 -9999.0 -9999.0 -9999.0
53155 20130509  2.413 -112.34   35.76    18.1     1.2     9.7     9.9     0.0    22.64 C    43.3     0.6    14.8    79.8    23.4    51.4   0.090   0.133 -99.000 -99.000 -99.000    15.2    14.7 -9999.0 -9999.0 -9999.0
53155 20130510  2.413 -112.34   35.76    20.1     2.2    11.1    12.0     1.6    22.30 C    42.7     1.1    14.9    84.4    24.0    48.8   0.091   0.133 -99.000 -99.000 -99.000    15.0    14.6 -9999.0 -9999.0 -9999.0
53155 20130511  2.413 -112.34   35.76    22.2     4.7    13.5    14.6     0.0    30.75 C    40.4     2.6    18.8    69.2    16.8    36.6   0.091   0.133 -99.000 -99.000 -99.000    16.2    15.2 -9999.0 -9999.0 -9999.0
53155 20130512  2.413 -112.34   35.76    26.0     4.8    15.4    16.6     0.0    30.21 C    50.8     3.1    22.5    46.2     8.7    23.5   0.093   0.134 -99.000 -99.000 -99.000    18.2    16.9 -9999.0 -9999.0 -9999.0
53155 20130513  2.413 -112.34   35.76    28.3     7.0    17.6    19.1     0.0    31.29 C    51.7     4.6    24.7    34.2     7.0    17.1   0.091   0.134 -99.000 -99.000 -99.000    19.8    18.4 -9999.0 -9999.0 -9999.0
53155 20130514  2.413 -112.34   35.76    29.1     9.0    19.0    19.2     0.0    24.92 C    54.7     6.4    22.7    33.6    10.2    20.2   0.089   0.133 -99.000 -99.000 -99.000    19.9    19.0 -9999.0 -9999.0 -9999.0
53155 20130515  2.413 -112.34   35.76    26.3     8.0    17.2    18.5     0.0    26.90 C    40.8     6.0    20.8    37.6     5.0    15.9   0.085   0.132 -99.000 -99.000 -99.000    19.4    18.8 -9999.0 -9999.0 -9999.0
53155 20130516  2.413 -112.34   35.76    26.3     7.0    16.6    17.4     0.0    30.61 C    43.7     4.9    21.2    26.3     7.1    16.4   0.083   0.130 -99.000 -99.000 -99.000    19.5    18.7 -9999.0 -9999.0 -9999.0
53155 20130517  2.413 -112.34   35.76    22.9     5.8    14.3    15.2     0.0    21.72 C    38.9     4.3    17.2    37.2    11.3    24.1   0.080   0.129 -99.000 -99.000 -99.000    18.3    18.1 -9999.0 -9999.0 -9999.0
53155 20130518  2.413 -112.34   35.76    21.4     2.8    12.1    13.6     0.0    25.73 C    47.2     2.1    18.5    52.5    20.0    31.8   0.079   0.127 -99.000 -99.000 -99.000    18.0    17.5 -9999.0 -9999.0 -9999.0
53155 20130519  2.413 -112.34   35.76    22.9     4.4    13.6    14.1     0.0    29.57 C    41.9     2.5    18.9    50.8    10.4    28.0   0.078   0.126 -99.000 -99.000 -99.000    18.5    17.8 -9999.0 -9999.0 -9999.0
53155 20130520  2.413 -112.34   35.76    20.0     0.1    10.1    12.2     0.0    31.74 C    42.6    -0.4    18.7    56.8    15.7    31.9   0.077   0.126 -99.000 -99.000 -99.000    18.4    17.7 -9999.0 -9999.0 -9999.0
53155 20130521  2.413 -112.34   35.76    25.5     2.6    14.0    14.9     0.0    29.18 C    49.1     1.3    20.9    53.1     6.6    25.5   0.076   0.125 -99.000 -99.000 -99.000    19.4    18.4 -9999.0 -9999.0 -9999.0
53155 20130522  2.413 -112.34   35.76    26.2     7.8    17.0    18.5     0.0    31.70 C    40.5     6.1    21.5    29.0     8.2    16.2   0.074   0.124 -99.000 -99.000 -99.000    19.8    19.0 -9999.0 -9999.0 -9999.0
53155 20130523  2.413 -112.34   35.76    25.6     8.5    17.1    17.7     0.0    32.16 C    39.8     6.2    20.8    38.2     6.5    17.5   0.072   0.123 -99.000 -99.000 -99.000    20.0    19.2 -9999.0 -9999.0 -9999.0
53155 20130524  2.413 -112.34   35.76    25.2     3.9    14.5    15.8     0.0    30.25 C    44.0     1.4    19.4    30.6     4.6    15.9   0.069   0.121 -99.000 -99.000 -99.000    19.3    18.7 -9999.0 -9999.0 -9999.0
53155 20130525  2.413 -112.34   35.76    26.1     5.5    15.8    16.9     0.0    31.80 C    44.0     2.9    20.7    34.5     5.3    15.3   0.069   0.121 -99.000 -99.000 -99.000    19.7    18.9 -9999.0 -9999.0 -9999.0
53155 20130526  2.413 -112.34   35.76    24.9     6.1    15.5    16.2     0.0    31.48 C    44.4     3.4    20.7    29.0     9.4    16.3   0.067   0.119 -99.000 -99.000 -99.000    20.0    19.2 -9999.0 -9999.0 -9999.0
53155 20130527  2.413 -112.34   35.76    26.0     5.6    15.8    16.6     0.0    31.42 C    49.2     4.4    23.2    27.9     7.9    17.3   0.067   0.119 -99.000 -99.000 -99.000    21.0    19.9 -9999.0 -9999.0 -9999.0
53155 20130528  2.413 -112.34   35.76    25.1     5.7    15.4    16.3     0.0    25.35 C    46.0     4.8    19.8    35.1    13.4    23.6   0.065   0.117 -99.000 -99.000 -99.000    20.4    19.8 -9999.0 -9999.0 -9999.0
53155 20130529  2.413 -112.34   35.76    24.5     3.3    13.9    16.1     0.0    31.44 C    44.8     2.7    20.9    51.9    12.7    25.8   0.064   0.116 -99.000 -99.000 -99.000    20.4    19.6 -9999.0 -9999.0 -9999.0
53155 20130530  2.413 -112.34   35.76    28.1     9.1    18.6    19.2     0.0    32.02 C    48.1     6.4    24.1    43.2     7.9    23.5   0.063   0.116 -99.000 -99.000 -99.000    21.7    20.6 -9999.0 -9999.0 -9999.0
53155 20130531  2.413 -112.34   35.76    27.4     9.2    18.3    19.1     0.0    32.11 C    50.2     7.1    25.6    57.0     7.2    25.4   0.062   0.116 -99.000 -99.000 -99.000    22.7    21.5 -9999.0 -9999.0 -9999.0
53155 20130601  2.413 -112.34   35.76    28.9     9.5    19.2    19.4     0.0    32.92 C    50.4     6.3    25.2    16.5     3.4     8.6   0.060   0.115 -99.000 -99.000 -99.000    22.6    21.4 -9999.0 -9999.0 -9999.0
53155 20130602  2.413 -112.34   35.76    30.9    11.4    21.1    22.0     0.0    30.75 C    52.3     8.5    26.7    23.1     6.3    12.2   0.060   0.114 -99.000 -99.000 -99.000    23.8    22.4 -9999.0 -9999.0 -9999.0
53155 20130603  2.413 -112.34   35.76    29.7    10.5    20.1    21.3     0.0    31.51 C    50.8     8.4    26.5    37.4     7.6    18.8   0.060   0.113 -99.000 -99.000 -99.000    24.2    23.0 -9999.0 -9999.0 -9999.0
53155 20130604  2.413 -112.34   35.76    29.8     9.3    19.6    20.6     0.0    32.16 C    50.3     6.9    26.0    32.2     5.0    15.4   0.059   0.112 -99.000 -99.000 -99.000    24.2    23.1 -9999.0 -9999.0 -9999.0
53155 20130605  2.413 -112.34   35.76    30.3     9.1    19.7    20.9     0.0    30.87 C    55.3     6.8    26.9    26.7     6.8    15.2   0.054   0.110 -99.000 -99.000 -99.000    24.4    23.1 -9999.0 -9999.0 -9999.0
53155 20130606  2.413 -112.34   35.76    31.4    10.9    21.1    22.3     0.0    32.24 C    55.5     8.1    28.5    26.4     5.0    13.3   0.054   0.109 -99.000 -99.000 -99.000    25.1    23.6 -9999.0 -9999.0 -9999.0
53155 20130607  2.413 -112.34   35.76    32.6    10.6    21.6    23.7     0.0    32.27 C    56.9     8.9    29.0    22.3     4.1    10.7   0.053   0.108 -99.000 -99.000 -99.000    25.7    24.2 -9999.0 -9999.0 -9999.0
53155 20130608  2.413 -112.34   35.76    35.1    11.2    23.2    24.6     0.0    32.35 C    57.7     9.0    30.4    21.7     5.4    11.3   0.055   0.108 -99.000 -99.000 -99.000    26.3    24.8 -9999.0 -9999.0 -9999.0
53155 20130609  2.413 -112.34   35.76    34.7    14.0    24.3    24.5     0.0    31.55 C    59.5    10.1    31.0    25.6     6.0    13.9   0.052   0.107 -99.000 -99.000 -99.000    27.3    25.6 -9999.0 -9999.0 -9999.0
53155 20130610  2.413 -112.34   35.76    31.9    11.4    21.7    23.0     0.0    32.28 C    49.4     8.4    26.6    23.3     2.1    10.2   0.053   0.105 -99.000 -99.000 -99.000    26.0    25.0 -9999.0 -9999.0 -9999.0
53155 20130611  2.413 -112.34   35.76    32.1    13.7    22.9    23.1     0.0    30.75 C    51.3    10.1    28.1    30.2     5.5    14.6   0.050   0.104 -99.000 -99.000 -99.000    26.3    25.0 -9999.0 -9999.0 -9999.0
53155 20130612  2.413 -112.34   35.76    32.4    12.3    22.4    23.5     0.0    26.79 C    53.2     8.9    27.4    26.1     7.7    14.8   0.051   0.102 -99.000 -99.000 -99.000    26.1    25.0 -9999.0 -9999.0 -9999.0
53155 20130613  2.413 -112.34   35.76    31.4    13.4    22.4    22.9     0.0    31.29 C    48.0    11.1    26.8    30.2     7.3    18.1   0.050   0.101 -99.000 -99.000 -99.000    26.0    24.9 -9999.0 -9999.0 -9999.0
53155 20130614  2.413 -112.34   35.76    31.0    10.7    20.9    22.0     0.0    32.47 C    49.7     7.0    26.4    29.2     4.7    16.2   0.052   0.099 -99.000 -99.000 -99.000    25.5    24.5 -9999.0 -9999.0 -9999.0
53155 20130615  2.413 -112.34   35.76    31.0    13.0    22.0    22.6     0.0    30.45 C    47.9    10.6    26.7    35.1    10.1    19.8   0.050   0.098 -99.000 -99.000 -99.000    25.8    24.7 -9999.0 -9999.0 -9999.0
53155 20130616  2.413 -112.34   35.76    30.6    11.0    20.8    21.8     0.0    32.22 C    53.7     9.2    27.0    32.2     6.5    16.2   0.051   0.098 -99.000 -99.000 -99.000    25.9    24.8 -9999.0 -9999.0 -9999.0
53155 20130617  2.413 -112.34   35.76    30.8     9.7    20.3    21.2     0.0    33.23 C    52.6     7.6    26.5    25.6     1.4    10.9   0.052   0.096 -99.000 -99.000 -99.000    25.8    24.7 -9999.0 -9999.0 -9999.0
53155 20130618  2.413 -112.34   35.76    31.1     7.9    19.5    21.3     0.0    33.01 C    51.2     5.9    25.6    13.9     3.7     8.4   0.050   0.095 -99.000 -99.000 -99.000    25.3    24.3 -9999.0 -9999.0 -9999.0
53155 20130619  2.413 -112.34   35.76    29.3    12.8    21.1    21.6     0.0    33.11 C    46.4     8.6    25.3    18.1     4.3    10.6   0.052   0.094 -99.000 -99.000 -99.000    25.2    24.3 -9999.0 -9999.0 -9999.0
53155 20130620  2.413 -112.34   35.76    29.3     8.4    18.9    20.1     0.0    32.77 C    46.3     5.6    24.0    26.2     6.2    13.5   0.051   0.093 -99.000 -99.000 -99.000    24.5    23.8 -9999.0 -9999.0 -9999.0
53155 20130621  2.413 -112.34   35.76    28.7     7.2    18.0    20.5     0.0    26.96 C    43.8     5.2    23.2    32.6     6.7    14.7   0.050   0.091 -99.000 -99.000 -99.000    23.6    23.1 -9999.0 -9999.0 -9999.0
53155 20130622  2.413 -112.34   35.76    29.6     9.0    19.3    20.9     0.0    32.61 C    50.2     6.3    25.9    26.7     7.2    14.4   0.052   0.091 -99.000 -99.000 -99.000    24.8    23.6 -9999.0 -9999.0 -9999.0
53155 20130623  2.413 -112.34   35.76    29.1     9.2    19.1    20.3     0.0    32.06 C    48.4     6.6    25.6    26.4     6.4    14.1   0.050   0.091 -99.000 -99.000 -99.000    25.2    24.1 -9999.0 -9999.0 -9999.0
53155 20130624  2.413 -112.34   35.76    27.0    11.9    19.5    19.8     0.0    26.50 C    42.8     8.7    22.4    33.7     9.1    18.5   0.050   0.090 -99.000 -99.000 -99.000    24.1    23.6 -9999.0 -9999.0 -9999.0
53155 20130625  2.413 -112.34   35.76    29.8     8.9    19.3    20.7     0.0    32.11 C    50.5     6.9    26.0    26.6     9.9    17.0   0.051   0.089 -99.000 -99.000 -99.000    24.7    23.5 -9999.0 -9999.0 -9999.0
53155 20130626  2.413 -112.34   35.76    32.9    10.7    21.8    23.0     0.0    32.27 C    54.7     8.4    29.1    27.3     7.8    16.1   0.051   0.090 -99.000 -99.000 -99.000    26.4    24.9 -9999.0 -9999.0 -9999.0
53155 20130627  2.413 -112.34   35.76    34.4    12.1    23.2    24.8     0.0    32.34 C    58.8    10.3    31.7    32.9     5.4    18.2   0.050   0.090 -99.000 -99.000 -99.000    28.0    26.1 -9999.0 -9999.0 -9999.0
53155 20130628  2.413 -112.34   35.76    36.2    14.7    25.5    26.0     0.0    20.69 C    61.2    12.7    29.0    30.0     7.4    17.4   0.050   0.090 -99.000 -99.000 -99.000    27.5    26.3 -9999.0 -9999.0 -9999.0
53155 20130629  2.413 -112.34   35.76    36.1    17.6    26.9    27.4     0.0    24.51 C    61.8    17.1    31.6    29.2     8.6    17.3   0.049   0.089 -99.000 -99.000 -99.000    28.4    26.8 -9999.0 -9999.0 -9999.0
53155 20130630  2.413 -112.34   35.76    36.5    15.4    26.0    26.5     0.0    24.68 C    61.4    13.7    30.7    34.7     8.7    20.2   0.048   0.088 -99.000 -99.000 -99.000    28.3    26.9 -9999.0 -9999.0 -9999.0
53155 20130701  2.413 -112.34   35.76    35.9    19.1    27.5    27.3     0.0    27.58 C    58.5    17.6    33.6    41.8     6.7    24.1   0.047   0.089 -99.000 -99.000 -99.000    29.6    27.8 -9999.0 -9999.0 -9999.0
53155 20130702  2.413 -112.34   35.76    33.8    16.2    25.0    23.0     8.2    19.55 C    53.6    15.5    25.1    69.4    16.6    39.3   0.048   0.087 -99.000 -99.000 -99.000    26.9    26.7 -9999.0 -9999.0 -9999.0
53155 20130703  2.413 -112.34   35.76    34.1    15.5    24.8    23.7     0.0    26.98 C    50.9    13.4    26.6    68.5    14.0    41.3   0.057   0.085 -99.000 -99.000 -99.000    25.7    24.9 -9999.0 -9999.0 -9999.0
53155 20130704  2.413 -112.34   35.76    33.4    15.2    24.3    24.5     0.4    19.31 C    47.9    14.1    25.9    65.3    15.6    36.7   0.066   0.087 -99.000 -99.000 -99.000    25.4    25.0 -9999.0 -9999.0 -9999.0
53155 20130705  2.413 -112.34   35.76    31.3    16.4    23.8    23.6     0.0    24.41 C    46.4    14.8    27.0    62.6    21.3    40.1   0.070   0.088 -99.000 -99.000 -99.000    25.7    25.0 -9999.0 -9999.0 -9999.0
53155 20130706  2.413 -112.34   35.76    30.1    14.8    22.4    19.5     4.9    14.22 C    48.4    13.6    21.1    81.4    26.2    57.6   0.066   0.089 -99.000 -99.000 -99.000    23.0    23.5 -9999.0 -9999.0 -9999.0
53155 20130707  2.413 -112.34   35.76    32.9    13.2    23.0    22.7     0.0    27.18 C    47.6    11.7    25.6    82.8    15.0    46.9   0.070   0.090 -99.000 -99.000 -99.000    24.1    23.2 -9999.0 -9999.0 -9999.0
53155 20130708  2.413 -112.34   35.76    33.8    15.1    24.4    25.8     0.0    28.37 C    53.5    14.0    30.0    64.4    12.2    29.2   0.077   0.095 -99.000 -99.000 -99.000    26.9    25.7 -9999.0 -9999.0 -9999.0
53155 20130709  2.413 -112.34   35.76    34.6    14.2    24.4    25.5     0.0    28.21 C    56.1    12.8    30.0    47.1     8.0    20.1   0.075   0.097 -99.000 -99.000 -99.000    27.2    26.3 -9999.0 -9999.0 -9999.0
53155 20130710  2.413 -112.34   35.76    32.2    14.0    23.1    24.2     0.0    15.76 C    50.4    13.0    26.7    42.7    12.1    26.4   0.070   0.097 -99.000 -99.000 -99.000    25.5    25.2 -9999.0 -9999.0 -9999.0
53155 20130711  2.413 -112.34   35.76    27.4    16.2    21.8    21.1     0.0    20.73 C    46.4    15.2    25.9    91.1    37.6    58.0   0.069   0.098 -99.000 -99.000 -99.000    25.9    25.4 -9999.0 -9999.0 -9999.0
53155 20130712  2.413 -112.34   35.76    26.6    12.6    19.6    19.3     0.0    20.11 C    47.1    12.2    23.7    91.1    34.5    64.4   0.067   0.097 -99.000 -99.000 -99.000    24.8    24.5 -9999.0 -9999.0 -9999.0
53155 20130713  2.413 -112.34   35.76    28.2    13.1    20.6    20.6     0.0    25.20 C    52.7    12.0    26.8    81.5    29.1    55.2   0.067   0.097 -99.000 -99.000 -99.000    25.5    24.8 -9999.0 -9999.0 -9999.0
53155 20130714  2.413 -112.34   35.76    31.6    15.8    23.7    21.5     2.9    21.53 C    56.5    14.9    26.8    84.0    22.1    53.5   0.066   0.098 -99.000 -99.000 -99.000    26.1    25.4 -9999.0 -9999.0 -9999.0
53155 20130715  2.413 -112.34   35.76    28.8    17.0    22.9    21.7     0.0    16.40 C    43.6    16.1    23.6    81.0    26.1    54.8   0.064   0.097 -99.000 -99.000 -99.000    24.4    24.1 -9999.0 -9999.0 -9999.0
53155 20130716  2.413 -112.34   35.76    26.6    15.8    21.2    18.8     3.0    11.49 C    38.7    15.8    21.4    90.6    36.8    70.6   0.065   0.095 -99.000 -99.000 -99.000    23.0    23.1 -9999.0 -9999.0 -9999.0
53155 20130717  2.413 -112.34   35.76    27.9    13.7    20.8    20.2    24.1    22.19 C    47.2    12.9    23.6    91.6    32.7    64.8   0.095   0.115 -99.000 -99.000 -99.000    22.9    22.4 -9999.0 -9999.0 -9999.0
53155 20130718  2.413 -112.34   35.76    27.9    15.4    21.7    20.2     5.3    17.18 C    37.5    15.1    21.6    89.0    37.7    65.5   0.208   0.192 -99.000 -99.000 -99.000    21.8    21.7 -9999.0 -9999.0 -9999.0
53155 20130719  2.413 -112.34   35.76    28.9    15.7    22.3    20.8     0.0    21.80 C    40.8    15.8    23.2    87.4    29.4    64.4   0.201   0.215 -99.000 -99.000 -99.000    23.0    22.4 -9999.0 -9999.0 -9999.0
53155 20130720  2.413 -112.34   35.76    28.1    16.5    22.3    21.0     0.5    16.51 C    40.3    15.9    22.8    82.7    35.6    62.1   0.181   0.205 -99.000 -99.000 -99.000    23.0    22.6 -9999.0 -9999.0 -9999.0
53155 20130721  2.413 -112.34   35.76    25.5    14.2    19.8    19.9    18.7    13.92 C    37.4    14.1    21.9    89.5    41.0    63.6   0.179   0.204 -99.000 -99.000 -99.000    22.1    21.9 -9999.0 -9999.0 -9999.0
53155 20130722  2.413 -112.34   35.76    24.1    15.5    19.8    19.0     1.3    14.90 C    30.7    15.6    20.3    89.9    52.6    75.9   0.234   0.256 -99.000 -99.000 -99.000    21.2    21.1 -9999.0 -9999.0 -9999.0
53155 20130723  2.413 -112.34   35.76    27.3    15.8    21.6    20.7     0.0    22.53 C    38.0    15.2    22.4    88.9    39.8    67.6   0.207   0.234 -99.000 -99.000 -99.000    22.5    22.0 -9999.0 -9999.0 -9999.0
53155 20130724  2.413 -112.34   35.76    29.7    14.8    22.3    22.1     0.0    26.39 C    44.8    14.2    25.5    89.0    28.4    58.3   0.192   0.220 -99.000 -99.000 -99.000    24.3    23.2 -9999.0 -9999.0 -9999.0
53155 20130725  2.413 -112.34   35.76    30.9    16.6    23.8    22.0     0.0    20.53 C    47.1    16.1    25.2    81.1    25.0    57.3   0.180   0.211 -99.000 -99.000 -99.000    25.1    24.4 -9999.0 -9999.0 -9999.0
53155 20130726  2.413 -112.34   35.76    29.3    14.9    22.1    20.7     2.0    20.16 C    42.8    16.1    23.4    86.3    36.2    63.0   0.169   0.202 -99.000 -99.000 -99.000    24.3    24.0 -9999.0 -9999.0 -9999.0
53155 20130727  2.413 -112.34   35.76    24.0    15.3    19.6    18.3     5.4    13.30 C    35.2    15.5    19.9    89.3    52.5    76.0   0.161   0.194 -99.000 -99.000 -99.000    21.8    22.0 -9999.0 -9999.0 -9999.0
53155 20130728  2.413 -112.34   35.76    23.9    14.3    19.1    17.9     1.4    15.37 C    29.4    14.1    18.7    91.1    50.5    75.4   0.173   0.194 -99.000 -99.000 -99.000    20.3    20.6 -9999.0 -9999.0 -9999.0
53155 20130729  2.413 -112.34   35.76    27.9    12.9    20.4    20.4     0.0    27.94 C    36.4    12.4    22.2    88.8    27.4    54.9   0.171   0.194 -99.000 -99.000 -99.000    21.9    21.4 -9999.0 -9999.0 -9999.0
53155 20130730  2.413 -112.34   35.76    28.5    12.8    20.6    21.6     0.0    26.53 C    41.7    12.0    23.9    72.3    23.0    41.8   0.163   0.190 -99.000 -99.000 -99.000    23.6    22.9 -9999.0 -9999.0 -9999.0
53155 20130731  2.413 -112.34   35.76    30.3    14.0    22.2    22.2     0.0    26.02 C    43.8    13.1    25.9    65.9    23.1    43.5   0.155   0.184 -99.000 -99.000 -99.000    24.9    24.1 -9999.0 -9999.0 -9999.0
53155 20130801  2.413 -112.34   35.76    29.1    15.0    22.0    22.0     2.7    21.95 C    43.8    15.5    23.4    74.7    31.1    52.5   0.145   0.177 -99.000 -99.000 -99.000    24.3    24.2 -9999.0 -9999.0 -9999.0
53155 20130802  2.413 -112.34   35.76    29.4    14.3    21.9    22.3     0.0    27.47 C    41.2    13.9    24.8    83.3    18.5    47.5   0.138   0.171 -99.000 -99.000 -99.000    24.5    23.8 -9999.0 -9999.0 -9999.0
53155 20130803  2.413 -112.34   35.76    30.1    13.9    22.0    22.1     0.0    28.58 C    43.1    13.5    26.0    74.8    18.0    45.9   0.130   0.166 -99.000 -99.000 -99.000    25.3    24.6 -9999.0 -9999.0 -9999.0
53155 20130804  2.413 -112.34   35.76    30.4    14.9    22.6    21.3     0.0    20.96 C    44.3    14.1    24.2    66.4    21.0    45.4   0.121   0.159 -99.000 -99.000 -99.000    24.8    24.5 -9999.0 -9999.0 -9999.0
53155 20130805  2.413 -112.34   35.76    30.4    12.5    21.4    22.0     0.0    24.95 C    48.1    11.2    25.5    68.2    15.3    34.4   0.114   0.155 -99.000 -99.000 -99.000    24.5    24.1 -9999.0 -9999.0 -9999.0
53155 20130806  2.413 -112.34   35.76    24.5    16.1    20.3    18.9     0.0    10.55 C    35.0    16.9    21.2    72.8    34.0    51.5   0.107   0.149 -99.000 -99.000 -99.000    23.2    23.4 -9999.0 -9999.0 -9999.0
53155 20130807  2.413 -112.34   35.76    27.9    12.7    20.3    19.9     0.5    27.06 C    47.5    12.5    25.8    72.1    22.3    46.9   0.106   0.146 -99.000 -99.000 -99.000    24.4    23.5 -9999.0 -9999.0 -9999.0
53155 20130808  2.413 -112.34   35.76    29.3    10.5    19.9    20.2     0.0    27.23 C    47.9     9.2    24.4    73.1    10.9    32.4   0.102   0.144 -99.000 -99.000 -99.000    24.2    23.8 -9999.0 -9999.0 -9999.0
53155 20130809  2.413 -112.34   35.76    29.3    10.0    19.6    20.6     0.0    25.90 C    46.4     9.3    24.1    46.0    10.6    24.6   0.097   0.140 -99.000 -99.000 -99.000    24.1    23.7 -9999.0 -9999.0 -9999.0
53155 20130810  2.413 -112.34   35.76    29.4    11.3    20.4    20.9     0.0    29.17 C    45.8    11.1    25.3    43.1    11.7    23.9   0.093   0.137 -99.000 -99.000 -99.000    24.5    24.0 -9999.0 -9999.0 -9999.0
53155 20130811  2.413 -112.34   35.76    29.4    12.6    21.0    20.2     0.0    24.24 C    48.1    12.1    24.5    67.8    18.4    41.6   0.090   0.135 -99.000 -99.000 -99.000    24.4    24.0 -9999.0 -9999.0 -9999.0
53155 20130812  2.413 -112.34   35.76    30.1    12.0    21.0    21.6     0.0    25.82 C    49.3    11.3    25.9    72.3    11.3    34.9   0.086   0.134 -99.000 -99.000 -99.000    25.0    24.4 -9999.0 -9999.0 -9999.0
53155 20130813  2.413 -112.34   35.76    30.9    11.7    21.3    21.9     0.0    27.83 C    48.7    10.9    26.2    48.5     9.8    24.6   0.083   0.131 -99.000 -99.000 -99.000    25.1    24.5 -9999.0 -9999.0 -9999.0
53155 20130814  2.413 -112.34   35.76    32.1    11.6    21.9    22.8     0.0    27.73 C    50.1    10.6    26.8    37.2    13.6    24.4   0.081   0.129 -99.000 -99.000 -99.000    25.6    24.9 -9999.0 -9999.0 -9999.0
53155 20130815  2.413 -112.34   35.76    30.0    13.8    21.9    20.7     1.7    15.89 C    50.9    13.3    22.4    73.5    22.3    44.2   0.077   0.126 -99.000 -99.000 -99.000    24.1    24.1 -9999.0 -9999.0 -9999.0
53155 20130816  2.413 -112.34   35.76    31.1    12.8    21.9    22.7     0.0    21.32 C    48.4    11.8    25.4    66.1    19.5    39.6   0.077   0.124 -99.000 -99.000 -99.000    24.2    23.6 -9999.0 -9999.0 -9999.0
53155 20130817  2.413 -112.34   35.76    31.6    14.0    22.8    19.7     6.9    13.48 C    50.1    13.6    21.5    78.4    18.3    54.1   0.077   0.122 -99.000 -99.000 -99.000    22.8    23.0 -9999.0 -9999.0 -9999.0
53155 20130818  2.413 -112.34   35.76    29.9    11.8    20.8    20.0     0.0    22.31 C    43.4    11.5    22.8    88.3    23.0    55.0   0.088   0.120 -99.000 -99.000 -99.000    22.7    22.3 -9999.0 -9999.0 -9999.0
53155 20130819  2.413 -112.34   35.76    30.2    14.1    22.1    20.2     0.0    19.38 C    47.5    13.8    23.5    79.2    23.4    52.4   0.092   0.121 -99.000 -99.000 -99.000    23.6    23.2 -9999.0 -9999.0 -9999.0
53155 20130820  2.413 -112.34   35.76    30.8    11.4    21.1    21.7     0.0    23.15 C    48.0    11.4    25.5    85.5    20.0    45.7   0.092   0.121 -99.000 -99.000 -99.000    24.3    23.7 -9999.0 -9999.0 -9999.0
53155 20130821  2.413 -112.34   35.76    27.7    16.0    21.9    19.5     2.1     9.12 C    34.7    14.5    20.2    82.6    26.3    55.7   0.086   0.119 -99.000 -99.000 -99.000    22.1    22.6 -9999.0 -9999.0 -9999.0
53155 20130822  2.413 -112.34   35.76    28.2    12.4    20.3    19.5     0.3    17.25 C    44.0    11.7    21.8    82.0    30.3    54.9   0.084   0.118 -99.000 -99.000 -99.000    21.7    21.4 -9999.0 -9999.0 -9999.0
53155 20130823  2.413 -112.34   35.76    26.3    13.5    19.9    18.6     1.0    20.83 C    41.9    12.7    22.1    88.4    33.2    62.3   0.085   0.119 -99.000 -99.000 -99.000    22.5    22.2 -9999.0 -9999.0 -9999.0
53155 20130824  2.413 -112.34   35.76    22.9    12.5    17.7    17.1     0.0    10.74 C    32.0    11.6    17.8    79.6    37.9    63.4   0.082   0.116 -99.000 -99.000 -99.000    19.9    20.3 -9999.0 -9999.0 -9999.0
53155 20130825  2.413 -112.34   35.76    18.9    12.9    15.9    16.0     3.4     6.62 C    22.9    13.1    16.9    90.3    60.1    77.6   0.081   0.115 -99.000 -99.000 -99.000    18.9    19.2 -9999.0 -9999.0 -9999.0
53155 20130826  2.413 -112.34   35.76    24.3    14.6    19.4    17.4    11.7    12.95 C    30.7    14.6    18.7    91.4    57.2    83.2   0.105   0.114 -99.000 -99.000 -99.000    19.6    19.4 -9999.0 -9999.0 -9999.0
53155 20130827  2.413 -112.34   35.76    22.5    14.3    18.4    17.1     9.1    10.79 C    26.3    14.4    17.8    91.6    47.9    78.0   0.206   0.191 -99.000 -99.000 -99.000    18.4    18.5 -9999.0 -9999.0 -9999.0
53155 20130828  2.413 -112.34   35.76    26.7    13.9    20.3    20.1     0.0    22.12 C    35.8    13.2    21.5    87.8    33.5    62.0   0.186   0.203 -99.000 -99.000 -99.000    20.5    19.8 -9999.0 -9999.0 -9999.0
53155 20130829  2.413 -112.34   35.76    27.5    13.6    20.5    19.2     2.0    19.97 C    41.0    13.5    21.7    87.8    38.9    69.4   0.165   0.190 -99.000 -99.000 -99.000    21.7    21.3 -9999.0 -9999.0 -9999.0
53155 20130830  2.413 -112.34   35.76    24.3    14.8    19.5    19.1     0.6    16.44 C    33.4    15.0    21.4    93.6    54.4    77.0   0.156   0.182 -99.000 -99.000 -99.000    21.9    21.6 -9999.0 -9999.0 -9999.0
53155 20130831  2.413 -112.34   35.76    22.2    15.8    19.0    18.1     0.0    14.54 C    34.7    16.0    20.7    93.3    63.5    81.4   0.147   0.177 -99.000 -99.000 -99.000    21.7    21.4 -9999.0 -9999.0 -9999.0
53155 20130901  2.413 -112.34   35.76    26.0    13.8    19.9    19.2     0.0    19.91 C    37.6    14.0    21.8    92.2    41.6    71.2   0.140   0.173 -99.000 -99.000 -99.000    22.4    22.0 -9999.0 -9999.0 -9999.0
53155 20130902  2.413 -112.34   35.76    28.2    12.9    20.6    20.7     0.0    24.33 C    41.7    12.9    24.1    90.8    26.2    58.1   0.132   0.169 -99.000 -99.000 -99.000    23.4    22.8 -9999.0 -9999.0 -9999.0
53155 20130903  2.413 -112.34   35.76    29.2    13.0    21.1    21.6     0.0    23.86 C    42.2    12.9    25.1    81.7    25.2    50.7   0.122   0.162 -99.000 -99.000 -99.000    24.3    23.6 -9999.0 -9999.0 -9999.0
53155 20130904  2.413 -112.34   35.76    29.4    15.1    22.2    20.6     4.8    16.45 C    46.0    15.3    23.3    90.2    27.7    60.3   0.112   0.155 -99.000 -99.000 -99.000    24.0    23.7 -9999.0 -9999.0 -9999.0
53155 20130905  2.413 -112.34   35.76    27.8    13.7    20.7    20.0     2.1    19.01 C    35.3    13.1    20.5    89.6    31.6    59.6   0.107   0.148 -99.000 -99.000 -99.000    21.2    21.4 -9999.0 -9999.0 -9999.0
53155 20130906  2.413 -112.34   35.76    27.3    14.2    20.7    19.7     2.2    16.52 C    35.9    13.2    19.9    83.0    31.1    56.6   0.106   0.145 -99.000 -99.000 -99.000    20.1    20.3 -9999.0 -9999.0 -9999.0
53155 20130907  2.413 -112.34   35.76    25.7    14.2    20.0    17.8     4.7    17.15 C    35.6    14.1    19.4    90.7    38.6    71.8   0.108   0.143 -99.000 -99.000 -99.000    20.4    20.3 -9999.0 -9999.0 -9999.0
53155 20130908  2.413 -112.34   35.76    20.2    13.9    17.0    15.8    12.1     8.63 C    25.1    14.1    16.8    92.3    67.6    84.3   0.176   0.168 -99.000 -99.000 -99.000    18.4    18.8 -9999.0 -9999.0 -9999.0
53155 20130909  2.413 -112.34   35.76    18.4    13.3    15.9    15.3     1.4     7.48 C    21.7    13.5    16.2    92.1    65.9    82.8   0.205   0.209 -99.000 -99.000 -99.000    17.5    17.6 -9999.0 -9999.0 -9999.0
53155 20130910  2.413 -112.34   35.76    18.5    12.1    15.3    14.3     6.8    10.77 C    26.9    12.6    16.2    93.7    62.2    86.5   0.216   0.220 -99.000 -99.000 -99.000    17.8    17.8 -9999.0 -9999.0 -9999.0
53155 20130911  2.413 -112.34   35.76    19.7    11.1    15.4    14.4     3.7    10.79 C    25.4    10.6    15.5    92.3    57.9    82.4   0.224   0.233 -99.000 -99.000 -99.000    17.4    17.5 -9999.0 -9999.0 -9999.0
53155 20130912  2.413 -112.34   35.76    22.5     8.2    15.4    15.4     0.0    24.45 C    30.7     9.0    17.8    92.9    37.1    67.3   0.210   0.227 -99.000 -99.000 -99.000    17.9    17.5 -9999.0 -9999.0 -9999.0
53155 20130913  2.413 -112.34   35.76    24.3     9.9    17.1    17.3     0.0    22.98 C    33.5     9.8    19.1    84.5    31.1    58.4   0.189   0.213 -99.000 -99.000 -99.000    19.1    18.5 -9999.0 -9999.0 -9999.0
53155 20130914  2.413 -112.34   35.76    24.9     9.9    17.4    17.2     0.0    22.47 C    35.2     9.9    19.6    86.6    33.9    61.2   0.174   0.203 -99.000 -99.000 -99.000    19.8    19.3 -9999.0 -9999.0 -9999.0
53155 20130915  2.413 -112.34   35.76    25.8    10.2    18.0    17.8     0.0    23.21 C    37.2    10.1    20.8    84.8    27.6    57.0   0.162   0.196 -99.000 -99.000 -99.000    20.6    20.0 -9999.0 -9999.0 -9999.0
53155 20130916  2.413 -112.34   35.76    27.2    11.2    19.2    18.8     0.0    22.44 C    41.1    10.9    21.7    82.0    27.3    55.6   0.151   0.189 -99.000 -99.000 -99.000    21.3    20.7 -9999.0 -9999.0 -9999.0
53155 20130917  2.413 -112.34   35.76    26.8    12.6    19.7    19.8     0.0    20.21 C    35.7    12.3    21.2    78.3    28.1    52.1   0.141   0.182 -99.000 -99.000 -99.000    21.3    20.9 -9999.0 -9999.0 -9999.0
53155 20130918  2.413 -112.34   35.76    26.6    10.8    18.7    18.6     0.0    23.70 C    34.6     9.9    19.7    71.6    14.8    37.5   0.131   0.174 -99.000 -99.000 -99.000    20.6    20.4 -9999.0 -9999.0 -9999.0
53155 20130919  2.413 -112.34   35.76    26.6     8.2    17.4    17.9     0.0    24.04 C    39.0     6.6    20.0    56.2    15.9    34.4   0.121   0.167 -99.000 -99.000 -99.000    20.0    19.7 -9999.0 -9999.0 -9999.0
53155 20130920  2.413 -112.34   35.76    26.7     9.3    18.0    18.1     0.0    24.03 C    36.0     8.4    19.9    60.6    14.0    34.7   0.114   0.160 -99.000 -99.000 -99.000    20.1    19.8 -9999.0 -9999.0 -9999.0
53155 20130921  2.413 -112.34   35.76    25.6     9.8    17.7    17.9     0.0    21.74 C    35.9     9.3    19.7    73.7    25.7    47.7   0.107   0.154 -99.000 -99.000 -99.000    20.0    19.7 -9999.0 -9999.0 -9999.0
53155 20130922  2.413 -112.34   35.76    18.2     5.3    11.7    14.0     0.0    23.59 C    29.2     4.9    16.3    66.5    13.3    37.1   0.103   0.148 -99.000 -99.000 -99.000    19.1    19.2 -9999.0 -9999.0 -9999.0
53155 20130923  2.413 -112.34   35.76    22.3     2.5    12.4    12.3     0.0    23.93 C    37.8     1.8    16.2    62.7    14.0    36.9   0.098   0.143 -99.000 -99.000 -99.000    17.5    17.5 -9999.0 -9999.0 -9999.0
53155 20130924  2.413 -112.34   35.76 -9999.0 -9999.0 -9999.0 -9999.0 -9999.0 -9999.00 U -9999.0 -9999.0 -9999.0 -9999.0 -9999.0 -9999.0 -99.000 -99.000 -99.000 -99.000 -99.000 -9999.0 -9999.0 -9999.0 -9999.0 -9999.0
53155 20130925  2.413 -112.34   35.76    23.0     5.5    14.3    15.8     0.0    22.87 C    32.7     4.8    17.2    51.9    17.1    31.4   0.091   0.137 -99.000 -99.000 -99.000    17.7    17.6 -9999.0 -9999.0 -9999.0
53155 20130926  2.413 -112.34   35.76    20.0     7.6    13.8    14.2     0.0    22.46 C    29.6     8.1    16.5    54.2    14.0    33.0   0.089   0.134 -99.000 -99.000 -99.000    17.7    17.6 -9999.0 -9999.0 -9999.0
53155 20130927  2.413 -112.34   35.76    14.6     0.4     7.5     7.7     0.0    23.09 C    33.3     0.2    13.4    66.3    15.6    39.3   0.086   0.131 -99.000 -99.000 -99.000    16.4    16.6 -9999.0 -9999.0 -9999.0
53155 20130928  2.413 -112.34   35.76    19.6     0.3    10.0    10.2     0.0    22.78 C    36.8    -0.9    14.2    54.5    12.9    31.2   0.084   0.128 -99.000 -99.000 -99.000    15.3    15.2 -9999.0 -9999.0 -9999.0
53155 20130929  2.413 -112.34   35.76    24.1     2.6    13.3    13.5     0.0    22.48 C    38.1     1.2    16.4    44.1     9.9    25.4   0.083   0.128 -99.000 -99.000 -99.000    16.3    15.9 -9999.0 -9999.0 -9999.0
53155 20130930  2.413 -112.34   35.76    25.2     3.7    14.4    14.2     0.0    22.49 C    39.3     1.6    16.7    45.9     8.7    25.3   0.081   0.126 -99.000 -99.000 -99.000    16.6    16.3 -9999.0 -9999.0 -9999.0
53155 20131001  2.413 -112.34   35.76    24.3     3.0    13.7    13.9     0.0    22.31 C    37.6     1.4    16.4    48.7     9.3    27.9   0.079   0.125 -99.000 -99.000 -99.000    16.5    16.3 -9999.0 -9999.0 -9999.0
53155 20131002  2.413 -112.34   35.76    23.7     5.0    14.3    14.2     0.0    21.63 C    36.1     3.5    16.5    50.6    14.0    31.2   0.077   0.123 -99.000 -99.000 -99.000    16.6    16.3 -9999.0 -9999.0 -9999.0
53155 20131003  2.413 -112.34   35.76    21.5     5.9    13.7    13.8     0.0    21.10 C    31.6     4.6    15.5    59.9    13.6    32.9   0.075   0.122 -99.000 -99.000 -99.000    16.5    16.3 -9999.0 -9999.0 -9999.0
53155 20131004  2.413 -112.34   35.76    14.1    -1.5     6.3     6.5     0.0    21.86 C    34.0    -3.0    11.3    50.3    14.5    29.9   0.072   0.119 -99.000 -99.000 -99.000    14.3    14.6 -9999.0 -9999.0 -9999.0
53155 20131005  2.413 -112.34   35.76    15.9    -0.9     7.5     7.2     0.0    21.53 C    32.7    -1.9    10.9    49.2    14.1    29.6   0.069   0.117 -99.000 -99.000 -99.000    13.2    13.4 -9999.0 -9999.0 -9999.0
53155 20131006  2.413 -112.34   35.76    22.3    -1.8    10.3    10.7     0.0    21.43 C    36.4    -1.9    13.4    43.1     6.9    23.6   0.069   0.117 -99.000 -99.000 -99.000    13.5    13.3 -9999.0 -9999.0 -9999.0
53155 20131007  2.413 -112.34   35.76    24.3     3.5    13.9    13.2     0.0    18.35 C    39.6     1.5    15.2    43.8     8.8    24.9   0.070   0.117 -99.000 -99.000 -99.000    14.8    14.4 -9999.0 -9999.0 -9999.0
53155 20131008  2.413 -112.34   35.76    21.2     3.4    12.3    12.6     0.0    20.54 C    32.8     1.1    14.2    42.3    10.9    25.1   0.068   0.116 -99.000 -99.000 -99.000    14.6    14.5 -9999.0 -9999.0 -9999.0
53155 20131009  2.413 -112.34   35.76    17.1     3.6    10.4    11.0     0.4    13.36 C    26.5     2.2    11.9    74.4    20.7    40.6   0.066   0.115 -99.000 -99.000 -99.000    13.9    14.1 -9999.0 -9999.0 -9999.0
53155 20131010  2.413 -112.34   35.76     7.8    -0.3     3.8     3.2    10.1     9.56 C    12.6     0.3     4.2    93.7    61.0    83.0   0.090   0.113 -99.000 -99.000 -99.000    10.3    11.8 -9999.0 -9999.0 -9999.0
53155 20131011  2.413 -112.34   35.76    13.7    -2.1     5.8     5.4     0.0    20.04 C    25.0    -1.7     8.4    93.1    29.7    68.9   0.106   0.111 -99.000 -99.000 -99.000     9.5     9.9 -9999.0 -9999.0 -9999.0
53155 20131012  2.413 -112.34   35.76    17.6     1.0     9.3     8.7     0.0    20.03 C    28.4    -0.2    10.6    79.4    17.8    52.1   0.103   0.112 -99.000 -99.000 -99.000    10.4    10.4 -9999.0 -9999.0 -9999.0
53155 20131013  2.413 -112.34   35.76    16.8    -0.2     8.3     8.8     0.0    18.90 C    25.2    -0.5     9.8    80.1    24.3    47.6   0.100   0.113 -99.000 -99.000 -99.000    10.5    10.7 -9999.0 -9999.0 -9999.0
53155 20131014  2.413 -112.34   35.76    14.2    -2.2     6.0     6.4     0.0    19.77 C    29.1    -2.3     9.7    79.0    21.6    49.0   0.097   0.113 -99.000 -99.000 -99.000    10.3    10.5 -9999.0 -9999.0 -9999.0
53155 20131015  2.413 -112.34   35.76    14.3     0.3     7.3     6.5     0.0    19.75 C    30.8    -2.1     9.9    64.1    22.2    45.0   0.095   0.113 -99.000 -99.000 -99.000    10.3    10.4 -9999.0 -9999.0 -9999.0
53155 20131016  2.413 -112.34   35.76    13.9    -0.3     6.8     6.2     0.0    19.53 C    30.4    -1.1     9.7    71.8    19.0    45.5   0.094   0.114 -99.000 -99.000 -99.000    10.3    10.4 -9999.0 -9999.0 -9999.0
53155 20131017  2.413 -112.34   35.76    17.9    -3.9     7.0     7.0     0.0    19.06 C    32.2    -3.6    10.2    75.0    11.0    37.5   0.092   0.114 -99.000 -99.000 -99.000    10.0    10.1 -9999.0 -9999.0 -9999.0
53155 20131018  2.413 -112.34   35.76    17.0    -3.1     6.9     7.9     0.0    19.14 C    33.1    -3.1    11.1    64.0    16.6    33.0   0.091   0.114 -99.000 -99.000 -99.000    10.4    10.5 -9999.0 -9999.0 -9999.0
53155 20131019  2.413 -112.34   35.76    18.3    -1.4     8.4     8.8     0.0    19.08 C    33.7    -2.4    11.3    52.5     9.7    26.6   0.089   0.115 -99.000 -99.000 -99.000    10.6    10.6 -9999.0 -9999.0 -9999.0
53155 20131020  2.413 -112.34   35.76    20.4    -1.0     9.7     9.0     0.0    18.79 C    34.0    -2.8    11.4    51.1     8.5    27.6   0.088   0.114 -99.000 -99.000 -99.000    10.5    10.5 -9999.0 -9999.0 -9999.0
53155 20131021  2.413 -112.34   35.76    18.7    -1.5     8.6     9.0     0.0    18.45 C    33.1    -1.5    11.7    52.5    13.8    28.7   0.087   0.115 -99.000 -99.000 -99.000    11.0    11.0 -9999.0 -9999.0 -9999.0
53155 20131022  2.413 -112.34   35.76    20.0     0.9    10.5     9.9     0.0    18.39 C    34.9    -1.4    12.2    49.1    12.0    28.6   0.085   0.114 -99.000 -99.000 -99.000    11.2    11.2 -9999.0 -9999.0 -9999.0
53155 20131023  2.413 -112.34   35.76    21.4     3.1    12.3    11.9     0.0    16.78 C    36.1     0.7    14.1    40.2    10.2    24.4   0.085   0.116 -99.000 -99.000 -99.000    12.1    11.8 -9999.0 -9999.0 -9999.0
53155 20131024  2.413 -112.34   35.76    20.7     5.0    12.9    12.6     0.0    11.40 C    35.0     3.9    13.7    47.8    17.1    28.8   0.084   0.116 -99.000 -99.000 -99.000    13.1    12.8 -9999.0 -9999.0 -9999.0
53155 20131025  2.413 -112.34   35.76    19.0     2.3    10.6    10.6     0.0    14.90 C    35.8     1.2    12.2    66.5    20.0    43.6   0.081   0.116 -99.000 -99.000 -99.000    12.2    12.4 -9999.0 -9999.0 -9999.0
53155 20131026  2.413 -112.34   35.76    20.0     1.2    10.6    10.3     0.0    17.21 C    35.3     0.2    12.7    72.3    18.9    42.3   0.080   0.115 -99.000 -99.000 -99.000    12.1    12.1 -9999.0 -9999.0 -9999.0
53155 20131027  2.413 -112.34   35.76    20.2     2.8    11.5    11.4     0.0    17.15 C    32.0     1.2    13.1    57.7    14.1    34.7   0.078   0.115 -99.000 -99.000 -99.000    12.3    12.2 -9999.0 -9999.0 -9999.0
53155 20131028  2.413 -112.34   35.76    14.7     7.4    11.1    10.6     0.0    16.62 C    23.1     5.2    11.4    55.3    27.7    35.9   0.077   0.115 -99.000 -99.000 -99.000    12.1    12.2 -9999.0 -9999.0 -9999.0
53155 20131029  2.413 -112.34   35.76    11.1    -0.4     5.3     5.2     0.0    12.64 C    22.5    -0.9     7.5    72.7    24.5    53.3   0.075   0.113 -99.000 -99.000 -99.000    10.9    11.4 -9999.0 -9999.0 -9999.0
53155 20131030  2.413 -112.34   35.76     9.0    -3.7     2.7     2.4     0.5    12.69 C    21.6    -3.8     5.0    92.0    39.0    67.2   0.072   0.112 -99.000 -99.000 -99.000     9.0     9.7 -9999.0 -9999.0 -9999.0
53155 20131031  2.413 -112.34   35.76    12.1    -5.6     3.3     2.9     0.0    16.71 C    25.6    -6.1     6.0    82.0    27.8    54.8   0.069   0.110 -99.000 -99.000 -99.000     7.8     8.3 -9999.0 -9999.0 -9999.0
53155 20131101  2.413 -112.34   35.76    17.3    -3.3     7.0     6.4     0.0    16.83 C    30.7    -4.6     8.6    65.8    17.6    39.9   0.070   0.111 -99.000 -99.000 -99.000     8.6     8.7 -9999.0 -9999.0 -9999.0
53155 20131102  2.413 -112.34   35.76    19.5    -0.6     9.4     8.8     0.0    16.04 C    32.6    -2.3     9.9    56.8    11.3    31.0   0.071   0.111 -99.000 -99.000 -99.000     9.5     9.4 -9999.0 -9999.0 -9999.0
53155 20131103  2.413 -112.34   35.76    16.8    -0.2     8.3     8.0     0.0    16.32 C    25.8    -1.7     8.7    46.4    14.3    29.2   0.070   0.111 -99.000 -99.000 -99.000     9.5     9.7 -9999.0 -9999.0 -9999.0
53155 20131104  2.413 -112.34   35.76    12.7    -1.5     5.6     4.9     0.0    10.20 C    19.8    -2.6     5.7    78.1    18.7    44.1   0.067   0.110 -99.000 -99.000 -99.000     8.3     8.8 -9999.0 -9999.0 -9999.0
53155 20131105  2.413 -112.34   35.76     9.1    -4.7     2.2     1.5     0.0    16.07 C    25.6    -5.9     5.1    83.8    23.4    49.1   0.066   0.109 -99.000 -99.000 -99.000     7.5     8.1 -9999.0 -9999.0 -9999.0
53155 20131106  2.413 -112.34   35.76    14.0    -4.4     4.8     3.7     0.0    15.77 C    27.7    -6.3     5.7    35.0     9.3    19.6   0.065   0.107 -99.000 -99.000 -99.000     6.7     7.1 -9999.0 -9999.0 -9999.0
53155 20131107  2.413 -112.34   35.76    16.0    -1.2     7.4     6.8     0.0    15.07 C    28.4    -2.5     8.1    33.4    12.2    19.2   0.065   0.108 -99.000 -99.000 -99.000     7.8     7.8 -9999.0 -9999.0 -9999.0
53155 20131108  2.413 -112.34   35.76    19.0    -0.8     9.1     8.4     0.0    15.59 C    30.3    -3.9     8.6    38.2     8.4    21.5   0.064   0.108 -99.000 -99.000 -99.000     8.2     8.3 -9999.0 -9999.0 -9999.0
53155 20131109  2.413 -112.34   35.76    18.7     0.2     9.5     8.4     0.0    15.36 C    30.7    -2.4     9.5    44.3    13.1    30.8   0.064   0.109 -99.000 -99.000 -99.000     8.4     8.4 -9999.0 -9999.0 -9999.0
53155 20131110  2.413 -112.34   35.76    17.1    -1.0     8.1     7.7     0.0    10.50 C    26.0    -2.8     7.5    52.5    19.6    34.6   0.063   0.108 -99.000 -99.000 -99.000     8.1     8.4 -9999.0 -9999.0 -9999.0
53155 20131111  2.413 -112.34   35.76    19.5    -0.1     9.7     9.0     0.0    15.24 C    29.4    -2.7     9.2    49.9    12.7    29.9   0.063   0.109 -99.000 -99.000 -99.000     8.4     8.5 -9999.0 -9999.0 -9999.0
53155 20131112  2.413 -112.34   35.76    20.0     0.8    10.4     9.2     0.0    13.42 C    30.5    -2.0     9.4    43.0    10.1    26.4   0.063   0.109 -99.000 -99.000 -99.000     9.0     9.0 -9999.0 -9999.0 -9999.0
53155 20131113  2.413 -112.34   35.76    18.8     2.4    10.6    10.0     0.0    14.25 C    32.0    -0.5    11.6    50.7    17.8    32.5   0.063   0.110 -99.000 -99.000 -99.000    10.0     9.9 -9999.0 -9999.0 -9999.0
53155 20131114  2.413 -112.34   35.76    16.4    -0.3     8.0     8.0     0.0    14.68 C    31.3    -2.4     9.4    60.0    15.2    34.8   0.061   0.109 -99.000 -99.000 -99.000     8.9     9.3 -9999.0 -9999.0 -9999.0
53155 20131115  2.413 -112.34   35.76    14.8     3.4     9.1     8.8     0.0    10.39 C    22.1     2.1     8.9    78.5    28.6    49.9   0.061   0.108 -99.000 -99.000 -99.000     9.2     9.3 -9999.0 -9999.0 -9999.0
53155 20131116  2.413 -112.34   35.76    11.4     1.2     6.3     5.9     0.0    10.76 C    19.4     0.0     6.8    92.2    34.7    69.6   0.060   0.108 -99.000 -99.000 -99.000     8.7     9.1 -9999.0 -9999.0 -9999.0
53155 20131117  2.413 -112.34   35.76    12.5    -0.4     6.0     5.0     0.0    14.16 C    24.9    -2.2     7.0    92.8    36.8    69.8   0.059   0.108 -99.000 -99.000 -99.000     8.0     8.4 -9999.0 -9999.0 -9999.0
53155 20131118  2.413 -112.34   35.76    15.4    -4.0     5.7     5.6     0.0    13.98 C    27.2    -4.4     7.4    86.7    23.0    59.0   0.058   0.106 -99.000 -99.000 -99.000     7.6     8.0 -9999.0 -9999.0 -9999.0
53155 20131119  2.413 -112.34   35.76    14.3    -0.1     7.1     6.0     0.0    10.55 C    24.0    -1.4     6.5    81.1    31.9    62.5   0.059   0.106 -99.000 -99.000 -99.000     7.8     8.1 -9999.0 -9999.0 -9999.0
53155 20131120  2.413 -112.34   35.76     6.7     0.4     3.5     4.1     1.7     2.47 C     9.0    -0.5     4.5    91.1    68.8    82.4   0.057   0.105 -99.000 -99.000 -99.000     6.9     7.5 -9999.0 -9999.0 -9999.0
53155 20131121  2.413 -112.34   35.76     8.7     2.7     5.7     5.4     3.5     5.09 C    10.3     1.8     5.6    92.1    65.8    83.5   0.058   0.105 -99.000 -99.000 -99.000     7.3     7.7 -9999.0 -9999.0 -9999.0
53155 20131122  2.413 -112.34   35.76     4.8     0.3     2.6     3.0     7.1     2.66 C     6.0     0.5     3.4    90.8    73.6    84.4   0.108   0.105 -99.000 -99.000 -99.000     5.7     6.5 -9999.0 -9999.0 -9999.0
53155 20131123  2.413 -112.34   35.76     4.1     1.1     2.6     2.2     2.7     4.83 C     8.2     1.5     3.0    89.7    75.0    84.3   0.144   0.130 -99.000 -99.000 -99.000     4.9     5.5 -9999.0 -9999.0 -9999.0
53155 20131124  2.413 -112.34   35.76     5.8    -2.1     1.8     1.3     0.3     8.36 C    14.2    -1.6     3.0    90.5    50.2    80.4   0.142   0.145 -99.000 -99.000 -99.000     5.0     5.4 -9999.0 -9999.0 -9999.0
53155 20131125  2.413 -112.34   35.76     8.6    -5.3     1.6     0.7     0.0     9.66 C    13.4    -4.1     1.9    93.6    51.6    77.4   0.138   0.145 -99.000 -99.000 -99.000     3.7     4.3 -9999.0 -9999.0 -9999.0
53155 20131126  2.413 -112.34   35.76    10.1    -3.9     3.1     2.7     0.0    13.37 C    14.8    -3.5     2.6    80.0    32.6    59.6   0.135   0.146 -99.000 -99.000 -99.000     3.4     4.0 -9999.0 -9999.0 -9999.0
53155 20131127  2.413 -112.34   35.76     8.1    -2.7     2.7     1.4     0.0    10.57 C    13.3    -3.0     1.8    87.7    46.6    71.6   0.132   0.145 -99.000 -99.000 -99.000     3.0     3.6 -9999.0 -9999.0 -9999.0
53155 20131128  2.413 -112.34   35.76    10.2    -3.2     3.5     1.7     0.0    12.55 C    18.1    -3.5     2.7    87.3    35.0    72.3   0.133   0.144 -99.000 -99.000 -99.000     3.2     3.6 -9999.0 -9999.0 -9999.0
53155 20131129  2.413 -112.34   35.76    11.3    -3.2     4.1     2.4     0.0    12.89 C    20.1    -3.7     3.6    87.2    39.5    73.0   0.132   0.144 -99.000 -99.000 -99.000     3.6     3.9 -9999.0 -9999.0 -9999.0
53155 20131130  2.413 -112.34   35.76     6.8    -2.8     2.0     0.5     0.0    11.47 C    15.1    -3.1     2.4    92.4    59.3    83.5   0.127   0.143 -99.000 -99.000 -99.000     3.5     3.9 -9999.0 -9999.0 -9999.0
53155 20131201  2.413 -112.34   35.76     7.3    -4.2     1.5    -0.1     0.0     9.40 C    16.2    -4.0     2.1    92.7    53.2    82.0   0.126   0.143 -99.000 -99.000 -99.000     3.7     4.0 -9999.0 -9999.0 -9999.0
53155 20131202  2.413 -112.34   35.76    15.8    -4.4     5.7     4.2     0.0    12.72 C    23.0    -5.2     4.6    83.7    16.5    52.3   0.130   0.142 -99.000 -99.000 -99.000     3.3     3.7 -9999.0 -9999.0 -9999.0
53155 20131203  2.413 -112.34   35.76    11.8     1.6     6.7     6.2     0.0    12.53 C    17.1    -0.8     6.1    59.1    28.4    44.2   0.124   0.144 -99.000 -99.000 -99.000     4.6     4.7 -9999.0 -9999.0 -9999.0
53155 20131204  2.413 -112.34   35.76     5.3   -10.6    -2.7    -2.4     2.3     8.07 C     5.9    -9.8    -1.1    89.4    43.7    69.2   0.124   0.142 -99.000 -99.000 -99.000     3.8     4.5 -9999.0 -9999.0 -9999.0
53155 20131205  2.413 -112.34   35.76    -1.0   -11.9    -6.5    -7.9     0.0    12.95 C     8.2   -11.6    -5.2    79.4    33.5    60.9 -99.000   0.128 -99.000 -99.000 -99.000    -0.2     1.2 -9999.0 -9999.0 -9999.0
53155 20131206  2.413 -112.34   35.76     0.1   -15.3    -7.6    -7.6     0.0    12.87 C     8.8   -14.2    -5.4    72.9    24.9    51.2 -99.000 -99.000 -99.000 -99.000 -99.000    -1.6    -0.1 -9999.0 -9999.0 -9999.0
53155 20131207  2.413 -112.34   35.76    -1.1   -10.0    -5.6    -4.5     3.3     4.18 C     2.5   -10.1    -4.1    90.9    55.1    73.7 -99.000 -99.000 -99.000 -99.000 -99.000    -1.5    -0.5 -9999.0 -9999.0 -9999.0
53155 20131208  2.413 -112.34   35.76    -3.7   -15.7    -9.7    -8.9     0.0    11.45 C    -2.2   -20.0   -10.4    83.8    30.6    62.4 -99.000 -99.000 -99.000 -99.000 -99.000    -0.5     0.0 -9999.0 -9999.0 -9999.0
53155 20131209  2.413 -112.34   35.76    -5.0   -22.6   -13.8   -12.7     0.0    13.04 C    -2.8   -22.5   -14.0    74.6    36.0    56.6 -99.000 -99.000 -99.000 -99.000 -99.000    -1.2    -0.4 -9999.0 -9999.0 -9999.0
53155 20131210  2.413 -112.34   35.76     0.2   -14.3    -7.1    -7.6     0.0    12.93 C     0.0   -15.9    -9.2    59.5    36.1    46.6 -99.000 -99.000 -99.000 -99.000 -99.000    -1.6    -0.9 -9999.0 -9999.0 -9999.0
53155 20131211  2.413 -112.34   35.76     2.2   -11.3    -4.6    -4.5     0.0    12.88 C     2.2   -13.4    -6.3    60.4    29.4    43.2 -99.000 -99.000 -99.000 -99.000 -99.000    -1.7    -1.1 -9999.0 -9999.0 -9999.0
53155 20131212  2.413 -112.34   35.76     5.5    -8.0    -1.2    -1.6     0.0    11.86 C     8.0    -8.9    -2.2    60.8    34.7    48.5 -99.000 -99.000 -99.000 -99.000 -99.000    -1.3    -0.9 -9999.0 -9999.0 -9999.0
53155 20131213  2.413 -112.34   35.76     7.0    -6.6     0.2    -0.6     0.0    11.23 C    13.5    -7.0    -0.3    85.8    34.3    62.3 -99.000 -99.000 -99.000 -99.000 -99.000    -0.9    -0.3 -9999.0 -9999.0 -9999.0
53155 20131214  2.413 -112.34   35.76     6.4    -8.3    -0.9    -1.5     0.0    12.54 C    13.4    -8.9    -1.2    77.6    24.7    54.0 -99.000 -99.000 -99.000 -99.000 -99.000    -1.0    -0.3 -9999.0 -9999.0 -9999.0
53155 20131215  2.413 -112.34   35.76    10.4    -6.3     2.0     1.8     0.0    12.23 C    17.6    -7.2     1.7    65.9    27.4    45.0 -99.000 -99.000 -99.000 -99.000 -99.000    -0.8    -0.3 -9999.0 -9999.0 -9999.0
53155 20131216  2.413 -112.34   35.76    14.0    -1.6     6.2     5.4     0.0    12.15 C    22.9    -4.5     4.4    54.2    23.1    37.2 -99.000   0.101 -99.000 -99.000 -99.000     0.3     0.5 -9999.0 -9999.0 -9999.0
53155 20131217  2.413 -112.34   35.76    13.8    -0.8     6.5     5.3     0.0    11.49 C    18.4    -4.2     4.2    52.4    20.3    36.7   0.145   0.112 -99.000 -99.000 -99.000     1.2     1.3 -9999.0 -9999.0 -9999.0
53155 20131218  2.413 -112.34   35.76    12.5    -0.9     5.8     5.2     0.0     6.21 C    15.2    -2.8     4.2    66.7    24.0    44.8   0.134   0.137 -99.000 -99.000 -99.000     2.2     2.2 -9999.0 -9999.0 -9999.0
53155 20131219  2.413 -112.34   35.76     8.4    -1.5     3.4     4.0     0.2     8.48 C    14.8    -1.6     3.8    89.5    31.5    53.1   0.127   0.139 -99.000 -99.000 -99.000     2.9     3.1 -9999.0 -9999.0 -9999.0
53155 20131220  2.413 -112.34   35.76     5.0    -3.3     0.8     0.1     0.0     5.48 C    12.4    -4.8     0.9    91.4    55.2    79.4   0.124   0.140 -99.000 -99.000 -99.000     2.4     2.8 -9999.0 -9999.0 -9999.0
53155 20131221  2.413 -112.34   35.76     5.7    -5.5     0.1    -0.8     0.0    10.87 C    12.7    -6.6     0.4    85.1    42.2    68.8   0.130   0.138 -99.000 -99.000 -99.000     1.6     2.1 -9999.0 -9999.0 -9999.0
53155 20131222  2.413 -112.34   35.76     5.6    -8.0    -1.2    -1.7     0.0    12.17 C    15.0    -8.8    -0.7    85.6    31.7    62.9 -99.000   0.134 -99.000 -99.000 -99.000     0.7     1.4 -9999.0 -9999.0 -9999.0
53155 20131223  2.413 -112.34   35.76     8.1    -7.1     0.5     0.4     0.0    12.17 C    18.9    -8.1     0.9    72.2    32.6    52.5 -99.000   0.113 -99.000 -99.000 -99.000     0.4     1.0 -9999.0 -9999.0 -9999.0
53155 20131224  2.413 -112.34   35.76    11.6    -3.9     3.8     2.1     0.0    11.85 C    20.2    -6.0     2.4    70.4    28.0    51.8 -99.000   0.121 -99.000 -99.000 -99.000     1.1     1.5 -9999.0 -9999.0 -9999.0
53155 20131225  2.413 -112.34   35.76    10.3    -5.4     2.5     1.0     0.0    12.46 C    18.6    -7.5     1.1    73.5     6.5    39.3 -99.000   0.123 -99.000 -99.000 -99.000     0.8     1.3 -9999.0 -9999.0 -9999.0
53155 20131226  2.413 -112.34   35.76    13.1    -5.4     3.8     2.9     0.0    12.60 C    21.1    -8.0     1.9    39.2     5.6    22.0 -99.000   0.121 -99.000 -99.000 -99.000     0.8     1.3 -9999.0 -9999.0 -9999.0
53155 20131227  2.413 -112.34   35.76    12.8    -3.6     4.6     3.4     0.0    12.29 C    22.2    -6.6     2.8    46.7    15.6    28.7 -99.000   0.119 -99.000 -99.000 -99.000     1.0     1.4 -9999.0 -9999.0 -9999.0
53155 20131228  2.413 -112.34   35.76     9.2    -3.6     2.8     2.2     0.0     6.65 C    12.9    -5.3     1.5    55.7    24.2    41.1   0.125   0.131 -99.000 -99.000 -99.000     1.4     1.7 -9999.0 -9999.0 -9999.0
53155 20131229  2.413 -112.34   35.76     6.7    -6.5     0.1    -0.6     0.0    12.52 C    15.6    -8.6    -0.6    71.5    17.9    42.3 -99.000   0.133 -99.000 -99.000 -99.000     0.9     1.5 -9999.0 -9999.0 -9999.0
53155 20131230  2.413 -112.34   35.76    11.2    -7.9     1.7     0.8     0.0    12.47 C    20.2    -9.3     1.0    51.9    11.0    32.0 -99.000   0.105 -99.000 -99.000 -99.000     0.2     0.9 -9999.0 -9999.0 -9999.0
53155 20131231  2.413 -112.34   35.76    14.1    -4.8     4.6     3.7     0.0    12.21 C    22.7    -6.7     3.2    59.7    16.9    36.1 -99.000   0.115 -99.000 -99.000 -99.000     1.1     1.4 -9999.0 -9999.0 -9999.0
