94059 20040101  1.200 -105.21   48.49    -6.0   -15.6   -10.8   -10.9 -9999.0     6.11 R -9999.0 -9999.0   -12.3 -9999.0 -9999.0 -9999.0 -99.000 -99.000 -99.000 -99.000 -99.000 -9999.0 -9999.0 -9999.0 -9999.0 -9999.0
94059 20040102  1.200 -105.21   48.49   -14.4   -22.6   -18.5   -17.8 -9999.0     3.49 R -9999.0 -9999.0   -17.2 -9999.0 -9999.0 -9999.0 -99.000 -99.000 -99.000 -99.000 -99.000 -9999.0 -9999.0 -9999.0 -9999.0 -9999.0
94059 20040103  1.200 -105.21   48.49   -21.8   -26.5   -24.1   -23.3 -9999.0     4.28 R -9999.0 -9999.0   -22.7 -9999.0 -9999.0 -9999.0 -99.000 -99.000 -99.000 -99.000 -99.000 -9999.0 -9999.0 -9999.0 -9999.0 -9999.0
94059 20040104  1.200 -105.21   48.49   -26.5   -31.5   -29.0   -28.9 -9999.0     6.65 R -9999.0 -9999.0   -29.8 -9999.0 -9999.0 -9999.0 -99.000 -99.000 -99.000 -99.000 -99.000 -9999.0 -9999.0 -9999.0 -9999.0 -9999.0
94059 20040105  1.200 -105.21   48.49   -19.4   -30.6   -25.0   -24.6 -9999.0     5.99 R -9999.0 -9999.0   -26.1 -9999.0 -9999.0 -9999.0 -99.000 -99.000 -99.000 -99.000 -99.000 -9999.0 -9999.0 -9999.0 -9999.0 -9999.0
94059 20040106  1.200 -105.21   48.49   -15.6   -21.4   -18.5   -18.6 -9999.0     6.56 R -9999.0 -9999.0   -20.7 -9999.0 -9999.0 -9999.0 -99.000 -99.000 -99.000 -99.000 -99.000 -9999.0 -9999.0 -9999.0 -9999.0 -9999.0
94059 20040107  1.200 -105.21   48.49   -14.4   -19.7   -17.0   -16.7 -9999.0     5.83 R -9999.0 -9999.0   -17.7 -9999.0 -9999.0 -9999.0 -99.000 -99.000 -99.000 -99.000 -99.000 -9999.0 -9999.0 -9999.0 -9999.0 -9999.0
94059 20040108  1.200 -105.21   48.49   -10.0   -15.5   -12.7   -12.4 -9999.0     3.54 R -9999.0 -9999.0   -12.3 -9999.0 -9999.0 -9999.0 -99.000 -99.000 -99.000 -99.000 -99.000 -9999.0 -9999.0 -9999.0 -9999.0 -9999.0
94059 20040109  1.200 -105.21   48.49    -5.3   -12.7    -9.0    -9.0 -9999.0     5.52 R -9999.0 -9999.0   -11.3 -9999.0 -9999.0 -9999.0 -99.000 -99.000 -99.000 -99.000 -99.000 -9999.0 -9999.0 -9999.0 -9999.0 -9999.0
94059 20040110  1.200 -105.21   48.49     2.3    -6.4    -2.0    -1.3 -9999.0     5.82 R -9999.0 -9999.0    -4.5 -9999.0 -9999.0 -9999.0 -99.000 -99.000 -99.000 -99.000 -99.000 -9999.0 -9999.0 -9999.0 -9999.0 -9999.0
94059 20040111  1.200 -105.21   48.49     2.5    -4.7    -1.1    -1.3 -9999.0     3.83 R -9999.0 -9999.0    -2.8 -9999.0 -9999.0 -9999.0 -99.000 -99.000 -99.000 -99.000 -99.000 -9999.0 -9999.0 -9999.0 -9999.0 -9999.0
94059 20040112  1.200 -105.21   48.49    -1.8    -9.3    -5.5    -4.4 -9999.0     6.92 R -9999.0 -9999.0    -7.3 -9999.0 -9999.0 -9999.0 -99.000 -99.000 -99.000 -99.000 -99.000 -9999.0 -9999.0 -9999.0 -9999.0 -9999.0
94059 20040113  1.200 -105.21   48.49     3.2   -11.3    -4.0    -4.1 -9999.0     4.30 R -9999.0 -9999.0    -5.2 -9999.0 -9999.0 -9999.0 -99.000 -99.000 -99.000 -99.000 -99.000 -9999.0 -9999.0 -9999.0 -9999.0 -9999.0
94059 20040114  1.200 -105.21   48.49     0.1    -6.5    -3.2    -3.8 -9999.0     3.33 R -9999.0 -9999.0    -4.2 -9999.0 -9999.0 -9999.0 -99.000 -99.000 -99.000 -99.000 -99.000 -9999.0 -9999.0 -9999.0 -9999.0 -9999.0
94059 20040115  1.200 -105.21   48.49     3.1    -3.9    -0.4     0.6 -9999.0     6.68 R -9999.0 -9999.0    -2.2 -9999.0 -9999.0 -9999.0 -99.000 -99.000 -99.000 -99.000 -99.000 -9999.0 -9999.0 -9999.0 -9999.0 -9999.0
94059 20040116  1.200 -105.21   48.49     2.6    -1.9     0.4    -0.1 -9999.0     3.87 R -9999.0 -9999.0    -0.6 -9999.0 -9999.0 -9999.0 -99.000 -99.000 -99.000 -99.000 -99.000 -9999.0 -9999.0 -9999.0 -9999.0 -9999.0
94059 20040117  1.200 -105.21   48.49    -1.9   -15.6    -8.7    -8.8 -9999.0     6.02 R -9999.0 -9999.0    -9.2 -9999.0 -9999.0 -9999.0 -99.000 -99.000 -99.000 -99.000 -99.000 -9999.0 -9999.0 -9999.0 -9999.0 -9999.0
94059 20040118  1.200 -105.21   48.49   -10.0   -20.8   -15.4   -15.3 -9999.0     4.60 R -9999.0 -9999.0   -14.3 -9999.0 -9999.0 -9999.0 -99.000 -99.000 -99.000 -99.000 -99.000 -9999.0 -9999.0 -9999.0 -9999.0 -9999.0
94059 20040119  1.200 -105.21   48.49    -7.4   -10.8    -9.1    -9.0 -9999.0     4.36 R -9999.0 -9999.0    -9.0 -9999.0 -9999.0 -9999.0 -99.000 -99.000 -99.000 -99.000 -99.000 -9999.0 -9999.0 -9999.0 -9999.0 -9999.0
94059 20040120  1.200 -105.21   48.49    -1.4    -9.1    -5.2    -4.2 -9999.0     6.96 R -9999.0 -9999.0    -5.3 -9999.0 -9999.0 -9999.0 -99.000 -99.000 -99.000 -99.000 -99.000 -9999.0 -9999.0 -9999.0 -9999.0 -9999.0
94059 20040121  1.200 -105.21   48.49    -5.2   -16.3   -10.7   -13.9 -9999.0     3.89 R -9999.0 -9999.0   -12.9 -9999.0 -9999.0 -9999.0 -99.000 -99.000 -99.000 -99.000 -99.000 -9999.0 -9999.0 -9999.0 -9999.0 -9999.0
94059 20040122  1.200 -105.21   48.49     1.9   -15.8    -6.9    -6.3 -9999.0     6.05 R -9999.0 -9999.0    -7.2 -9999.0 -9999.0 -9999.0 -99.000 -99.000 -99.000 -99.000 -99.000 -9999.0 -9999.0 -9999.0 -9999.0 -9999.0
94059 20040123  1.200 -105.21   48.49     0.7   -15.2    -7.2    -7.4 -9999.0     2.47 R -9999.0 -9999.0    -7.5 -9999.0 -9999.0 -9999.0 -99.000 -99.000 -99.000 -99.000 -99.000 -9999.0 -9999.0 -9999.0 -9999.0 -9999.0
94059 20040124  1.200 -105.21   48.49   -14.7   -18.8   -16.7   -16.4     2.5     3.89 R -9999.0 -9999.0   -15.7 -9999.0 -9999.0 -9999.0 -99.000 -99.000 -99.000 -99.000 -99.000 -9999.0 -9999.0 -9999.0 -9999.0 -9999.0
94059 20040125  1.200 -105.21   48.49   -18.8   -24.5   -21.6   -21.0     0.0     5.38 R -9999.0 -9999.0   -20.7 -9999.0 -9999.0 -9999.0 -99.000 -99.000 -99.000 -99.000 -99.000 -9999.0 -9999.0 -9999.0 -9999.0 -9999.0
94059 20040126  1.200 -105.21   48.49   -22.1   -29.3   -25.7   -25.5     0.0     8.38 R -9999.0 -9999.0   -25.3 -9999.0 -9999.0 -9999.0 -99.000 -99.000 -99.000 -99.000 -99.000 -9999.0 -9999.0 -9999.0 -9999.0 -9999.0
94059 20040127  1.200 -105.21   48.49   -23.7   -33.7   -28.7   -29.2     0.0     5.53 R -9999.0 -9999.0   -28.0 -9999.0 -9999.0 -9999.0 -99.000 -99.000 -99.000 -99.000 -99.000 -9999.0 -9999.0 -9999.0 -9999.0 -9999.0
94059 20040128  1.200 -105.21   48.49   -30.0   -33.8   -31.9   -32.1     0.0     4.59 R -9999.0 -9999.0   -30.9 -9999.0 -9999.0 -9999.0 -99.000 -99.000 -99.000 -99.000 -99.000 -9999.0 -9999.0 -9999.0 -9999.0 -9999.0
94059 20040129  1.200 -105.21   48.49   -25.5   -34.0   -29.7   -29.3     0.0     6.27 R -9999.0 -9999.0   -28.0 -9999.0 -9999.0 -9999.0 -99.000 -99.000 -99.000 -99.000 -99.000 -9999.0 -9999.0 -9999.0 -9999.0 -9999.0
94059 20040130  1.200 -105.21   48.49   -16.4   -25.5   -20.9   -21.8     0.0     4.46 R -9999.0 -9999.0   -21.1 -9999.0 -9999.0 -9999.0 -99.000 -99.000 -99.000 -99.000 -99.000 -9999.0 -9999.0 -9999.0 -9999.0 -9999.0
94059 20040131  1.200 -105.21   48.49   -15.4   -22.3   -18.8   -18.8     3.3     7.76 R -9999.0 -9999.0   -19.2 -9999.0 -9999.0 -9999.0 -99.000 -99.000 -99.000 -99.000 -99.000 -9999.0 -9999.0 -9999.0 -9999.0 -9999.0
94059 20040201  1.200 -105.21   48.49   -19.1   -24.1   -21.6   -20.7     2.5     6.37 R -9999.0 -9999.0   -21.7 -9999.0 -9999.0 -9999.0 -99.000 -99.000 -99.000 -99.000 -99.000 -9999.0 -9999.0 -9999.0 -9999.0 -9999.0
94059 20040202  1.200 -105.21   48.49   -20.6   -23.6   -22.1   -22.1     0.0     9.34 R -9999.0 -9999.0   -24.0 -9999.0 -9999.0 -9999.0 -99.000 -99.000 -99.000 -99.000 -99.000 -9999.0 -9999.0 -9999.0 -9999.0 -9999.0
94059 20040203  1.200 -105.21   48.49   -16.4   -24.1   -20.2   -19.7     0.0    10.14 R -9999.0 -9999.0   -21.7 -9999.0 -9999.0 -9999.0 -99.000 -99.000 -99.000 -99.000 -99.000 -9999.0 -9999.0 -9999.0 -9999.0 -9999.0
94059 20040204  1.200 -105.21   48.49   -14.4   -18.0   -16.2   -16.2    17.3     7.74 R -9999.0 -9999.0   -16.8 -9999.0 -9999.0 -9999.0 -99.000 -99.000 -99.000 -99.000 -99.000 -9999.0 -9999.0 -9999.0 -9999.0 -9999.0
94059 20040205  1.200 -105.21   48.49   -11.9   -19.4   -15.6   -14.5    16.2     6.94 R -9999.0 -9999.0   -15.4 -9999.0 -9999.0 -9999.0 -99.000 -99.000 -99.000 -99.000 -99.000 -9999.0 -9999.0 -9999.0 -9999.0 -9999.0
94059 20040206  1.200 -105.21   48.49   -13.3   -22.0   -17.6   -17.4    18.6     8.36 R -9999.0 -9999.0   -17.6 -9999.0 -9999.0 -9999.0 -99.000 -99.000 -99.000 -99.000 -99.000 -9999.0 -9999.0 -9999.0 -9999.0 -9999.0
94059 20040207  1.200 -105.21   48.49    -1.5   -13.8    -7.6    -7.5    33.6     7.06 R -9999.0 -9999.0    -8.4 -9999.0 -9999.0 -9999.0 -99.000 -99.000 -99.000 -99.000 -99.000 -9999.0 -9999.0 -9999.0 -9999.0 -9999.0
94059 20040208  1.200 -105.21   48.49    -4.6   -10.5    -7.5    -7.8    16.4    10.79 R -9999.0 -9999.0    -9.5 -9999.0 -9999.0 -9999.0 -99.000 -99.000 -99.000 -99.000 -99.000 -9999.0 -9999.0 -9999.0 -9999.0 -9999.0
94059 20040209  1.200 -105.21   48.49    -6.7   -12.5    -9.6    -9.6     4.0     7.59 R -9999.0 -9999.0    -9.9 -9999.0 -9999.0 -9999.0 -99.000 -99.000 -99.000 -99.000 -99.000 -9999.0 -9999.0 -9999.0 -9999.0 -9999.0
94059 20040210  1.200 -105.21   48.49    -0.8   -14.6    -7.7    -7.9    32.0     7.24 R -9999.0 -9999.0    -8.2 -9999.0 -9999.0 -9999.0 -99.000 -99.000 -99.000 -99.000 -99.000 -9999.0 -9999.0 -9999.0 -9999.0 -9999.0
94059 20040211  1.200 -105.21   48.49   -14.6   -19.2   -16.9   -16.6     9.2     9.28 R -9999.0 -9999.0   -16.6 -9999.0 -9999.0 -9999.0 -99.000 -99.000 -99.000 -99.000 -99.000 -9999.0 -9999.0 -9999.0 -9999.0 -9999.0
94059 20040212  1.200 -105.21   48.49    -2.9   -18.2   -10.5    -9.6    40.4    11.08 R -9999.0 -9999.0   -11.3 -9999.0 -9999.0 -9999.0 -99.000 -99.000 -99.000 -99.000 -99.000 -9999.0 -9999.0 -9999.0 -9999.0 -9999.0
94059 20040213  1.200 -105.21   48.49    -1.8   -13.8    -7.8    -5.3    12.6    11.96 R -9999.0 -9999.0    -6.8 -9999.0 -9999.0 -9999.0 -99.000 -99.000 -99.000 -99.000 -99.000 -9999.0 -9999.0 -9999.0 -9999.0 -9999.0
94059 20040214  1.200 -105.21   48.49   -11.1   -18.9   -15.0   -14.6    20.5     7.98 R -9999.0 -9999.0   -14.3 -9999.0 -9999.0 -9999.0 -99.000 -99.000 -99.000 -99.000 -99.000 -9999.0 -9999.0 -9999.0 -9999.0 -9999.0
94059 20040215  1.200 -105.21   48.49    -4.1   -11.3    -7.7    -8.0    21.8     8.15 R -9999.0 -9999.0    -7.8 -9999.0 -9999.0 -9999.0 -99.000 -99.000 -99.000 -99.000 -99.000 -9999.0 -9999.0 -9999.0 -9999.0 -9999.0
94059 20040216  1.200 -105.21   48.49    -4.0   -10.3    -7.1    -6.9    21.4     9.39 R -9999.0 -9999.0    -6.5 -9999.0 -9999.0 -9999.0 -99.000 -99.000 -99.000 -99.000 -99.000 -9999.0 -9999.0 -9999.0 -9999.0 -9999.0
94059 20040217  1.200 -105.21   48.49     2.1    -6.9    -2.4    -2.3    31.7     9.86 R -9999.0 -9999.0    -4.4 -9999.0 -9999.0 -9999.0 -99.000 -99.000 -99.000 -99.000 -99.000 -9999.0 -9999.0 -9999.0 -9999.0 -9999.0
94059 20040218  1.200 -105.21   48.49     3.0    -2.4     0.3     1.4     2.5     7.16 R -9999.0 -9999.0    -1.0 -9999.0 -9999.0 -9999.0 -99.000 -99.000 -99.000 -99.000 -99.000 -9999.0 -9999.0 -9999.0 -9999.0 -9999.0
94059 20040219  1.200 -105.21   48.49     1.9    -5.0    -1.5    -1.3     4.3     9.14 R -9999.0 -9999.0    -2.5 -9999.0 -9999.0 -9999.0 -99.000 -99.000 -99.000 -99.000 -99.000 -9999.0 -9999.0 -9999.0 -9999.0 -9999.0
94059 20040220  1.200 -105.21   48.49    -0.1    -7.2    -3.6    -3.4     2.9    11.28 R -9999.0 -9999.0    -4.8 -9999.0 -9999.0 -9999.0 -99.000 -99.000 -99.000 -99.000 -99.000 -9999.0 -9999.0 -9999.0 -9999.0 -9999.0
94059 20040221  1.200 -105.21   48.49    -0.7    -6.0    -3.3    -3.3     0.5    10.66 R -9999.0 -9999.0    -4.9 -9999.0 -9999.0 -9999.0 -99.000 -99.000 -99.000 -99.000 -99.000 -9999.0 -9999.0 -9999.0 -9999.0 -9999.0
94059 20040222  1.200 -105.21   48.49    -1.7    -8.7    -5.2    -5.2     1.5    12.12 R -9999.0 -9999.0    -5.3 -9999.0 -9999.0 -9999.0 -99.000 -99.000 -99.000 -99.000 -99.000 -9999.0 -9999.0 -9999.0 -9999.0 -9999.0
94059 20040223  1.200 -105.21   48.49    -2.9   -11.3    -7.1    -6.1     2.6    10.86 R -9999.0 -9999.0    -6.2 -9999.0 -9999.0 -9999.0 -99.000 -99.000 -99.000 -99.000 -99.000 -9999.0 -9999.0 -9999.0 -9999.0 -9999.0
94059 20040224  1.200 -105.21   48.49     0.3    -5.5    -2.6    -3.0     1.6    13.36 R -9999.0 -9999.0    -3.6 -9999.0 -9999.0 -9999.0 -99.000 -99.000 -99.000 -99.000 -99.000 -9999.0 -9999.0 -9999.0 -9999.0 -9999.0
94059 20040225  1.200 -105.21   48.49     3.5    -6.1    -1.3    -2.1     2.4     6.28 R -9999.0 -9999.0    -3.0 -9999.0 -9999.0 -9999.0 -99.000 -99.000 -99.000 -99.000 -99.000 -9999.0 -9999.0 -9999.0 -9999.0 -9999.0
94059 20040226  1.200 -105.21   48.49     3.7    -6.6    -1.4     0.1     0.0    10.70 R -9999.0 -9999.0    -1.4 -9999.0 -9999.0 -9999.0 -99.000 -99.000 -99.000 -99.000 -99.000 -9999.0 -9999.0 -9999.0 -9999.0 -9999.0
94059 20040227  1.200 -105.21   48.49     1.1    -3.6    -1.2    -1.2     3.6    10.61 R -9999.0 -9999.0    -1.0 -9999.0 -9999.0 -9999.0 -99.000 -99.000 -99.000 -99.000 -99.000 -9999.0 -9999.0 -9999.0 -9999.0 -9999.0
94059 20040228  1.200 -105.21   48.49    -1.8    -4.3    -3.0    -3.3     0.0     4.78 R -9999.0 -9999.0    -2.3 -9999.0 -9999.0 -9999.0 -99.000 -99.000 -99.000 -99.000 -99.000 -9999.0 -9999.0 -9999.0 -9999.0 -9999.0
94059 20040229  1.200 -105.21   48.49    -4.2    -7.0    -5.6    -5.6     0.0     6.76 R -9999.0 -9999.0    -4.4 -9999.0 -9999.0 -9999.0 -99.000 -99.000 -99.000 -99.000 -99.000 -9999.0 -9999.0 -9999.0 -9999.0 -9999.0
94059 20040301  1.200 -105.21   48.49    -5.3    -8.2    -6.7    -6.5     0.0     8.03 R -9999.0 -9999.0    -5.8 -9999.0 -9999.0 -9999.0 -99.000 -99.000 -99.000 -99.000 -99.000 -9999.0 -9999.0 -9999.0 -9999.0 -9999.0
94059 20040302  1.200 -105.21   48.49    -5.2    -9.6    -7.4    -7.5     0.0    10.00 R -9999.0 -9999.0    -7.0 -9999.0 -9999.0 -9999.0 -99.000 -99.000 -99.000 -99.000 -99.000 -9999.0 -9999.0 -9999.0 -9999.0 -9999.0
94059 20040303  1.200 -105.21   48.49    -7.0   -11.8    -9.4    -9.6     0.0    14.45 R -9999.0 -9999.0    -8.8 -9999.0 -9999.0 -9999.0 -99.000 -99.000 -99.000 -99.000 -99.000 -9999.0 -9999.0 -9999.0 -9999.0 -9999.0
94059 20040304  1.200 -105.21   48.49    -2.0    -8.0    -5.0    -5.1     0.0    11.08 R -9999.0 -9999.0    -4.5 -9999.0 -9999.0 -9999.0 -99.000 -99.000 -99.000 -99.000 -99.000 -9999.0 -9999.0 -9999.0 -9999.0 -9999.0
94059 20040305  1.200 -105.21   48.49    -0.1   -12.1    -6.1    -7.9     0.3    12.80 R -9999.0 -9999.0    -7.1 -9999.0 -9999.0 -9999.0 -99.000 -99.000 -99.000 -99.000 -99.000 -9999.0 -9999.0 -9999.0 -9999.0 -9999.0
94059 20040306  1.200 -105.21   48.49     0.0    -5.7    -2.8    -2.1     0.0    14.86 R -9999.0 -9999.0    -3.4 -9999.0 -9999.0 -9999.0 -99.000 -99.000 -99.000 -99.000 -99.000 -9999.0 -9999.0 -9999.0 -9999.0 -9999.0
94059 20040307  1.200 -105.21   48.49     6.2    -7.7    -0.7    -1.7     0.0    12.46 R -9999.0 -9999.0    -3.8 -9999.0 -9999.0 -9999.0 -99.000 -99.000 -99.000 -99.000 -99.000 -9999.0 -9999.0 -9999.0 -9999.0 -9999.0
94059 20040308  1.200 -105.21   48.49     5.1     0.5     2.8     2.7     0.3    16.67 R -9999.0 -9999.0     0.0 -9999.0 -9999.0 -9999.0 -99.000 -99.000 -99.000 -99.000 -99.000 -9999.0 -9999.0 -9999.0 -9999.0 -9999.0
94059 20040309  1.200 -105.21   48.49    11.0     0.5     5.8     4.2     0.3    15.52 R -9999.0 -9999.0     1.2 -9999.0 -9999.0 -9999.0 -99.000 -99.000 -99.000 -99.000 -99.000 -9999.0 -9999.0 -9999.0 -9999.0 -9999.0
94059 20040310  1.200 -105.21   48.49     0.8   -13.7    -6.4    -4.7     0.3    15.36 R -9999.0 -9999.0    -3.6 -9999.0 -9999.0 -9999.0 -99.000 -99.000 -99.000 -99.000 -99.000 -9999.0 -9999.0 -9999.0 -9999.0 -9999.0
94059 20040311  1.200 -105.21   48.49    -1.7   -15.8    -8.7    -8.0     0.0    17.01 R -9999.0 -9999.0    -4.9 -9999.0 -9999.0 -9999.0 -99.000 -99.000 -99.000 -99.000 -99.000 -9999.0 -9999.0 -9999.0 -9999.0 -9999.0
94059 20040312  1.200 -105.21   48.49     5.8    -5.1     0.4     1.4     0.0    13.14 R -9999.0 -9999.0     0.3 -9999.0 -9999.0 -9999.0 -99.000 -99.000 -99.000 -99.000 -99.000 -9999.0 -9999.0 -9999.0 -9999.0 -9999.0
94059 20040313  1.200 -105.21   48.49     2.8    -5.7    -1.4    -1.3     0.3     6.95 R -9999.0 -9999.0    -0.9 -9999.0 -9999.0 -9999.0 -99.000 -99.000 -99.000 -99.000 -99.000 -9999.0 -9999.0 -9999.0 -9999.0 -9999.0
94059 20040314  1.200 -105.21   48.49    -2.4    -9.4    -5.9    -5.3     0.0    14.40 R -9999.0 -9999.0    -2.6 -9999.0 -9999.0 -9999.0 -99.000 -99.000 -99.000 -99.000 -99.000 -9999.0 -9999.0 -9999.0 -9999.0 -9999.0
94059 20040315  1.200 -105.21   48.49     3.5    -5.1    -0.8    -0.8     0.0    14.63 R -9999.0 -9999.0     1.2 -9999.0 -9999.0 -9999.0 -99.000 -99.000 -99.000 -99.000 -99.000 -9999.0 -9999.0 -9999.0 -9999.0 -9999.0
94059 20040316  1.200 -105.21   48.49     2.8    -1.3     0.8     0.7     0.4    12.34 R -9999.0 -9999.0     1.6 -9999.0 -9999.0 -9999.0 -99.000 -99.000 -99.000 -99.000 -99.000 -9999.0 -9999.0 -9999.0 -9999.0 -9999.0
94059 20040317  1.200 -105.21   48.49     2.9    -2.5     0.2    -0.1     2.0    16.91 R -9999.0 -9999.0     1.4 -9999.0 -9999.0 -9999.0 -99.000 -99.000 -99.000 -99.000 -99.000 -9999.0 -9999.0 -9999.0 -9999.0 -9999.0
94059 20040318  1.200 -105.21   48.49     9.2    -4.0     2.6     2.1     0.0    13.22 R -9999.0 -9999.0     2.2 -9999.0 -9999.0 -9999.0 -99.000 -99.000 -99.000 -99.000 -99.000 -9999.0 -9999.0 -9999.0 -9999.0 -9999.0
94059 20040319  1.200 -105.21   48.49    10.1    -2.2     4.0     3.6     0.0    18.48 R -9999.0 -9999.0     4.0 -9999.0 -9999.0 -9999.0 -99.000 -99.000 -99.000 -99.000 -99.000 -9999.0 -9999.0 -9999.0 -9999.0 -9999.0
94059 20040320  1.200 -105.21   48.49    -1.8    -7.9    -4.8    -5.0     0.0    16.17 R -9999.0 -9999.0    -1.6 -9999.0 -9999.0 -9999.0 -99.000 -99.000 -99.000 -99.000 -99.000 -9999.0 -9999.0 -9999.0 -9999.0 -9999.0
94059 20040321  1.200 -105.21   48.49     0.3    -8.5    -4.1    -4.1     0.0    14.71 R -9999.0 -9999.0    -1.6 -9999.0 -9999.0 -9999.0 -99.000 -99.000 -99.000 -99.000 -99.000 -9999.0 -9999.0 -9999.0 -9999.0 -9999.0
94059 20040322  1.200 -105.21   48.49     3.4    -3.8    -0.2    -0.6     0.0    11.46 R -9999.0 -9999.0     0.8 -9999.0 -9999.0 -9999.0 -99.000 -99.000 -99.000 -99.000 -99.000 -9999.0 -9999.0 -9999.0 -9999.0 -9999.0
94059 20040323  1.200 -105.21   48.49    12.4    -3.8     4.3     2.9     0.0    15.59 R -9999.0 -9999.0     3.8 -9999.0 -9999.0 -9999.0 -99.000 -99.000 -99.000 -99.000 -99.000 -9999.0 -9999.0 -9999.0 -9999.0 -9999.0
94059 20040324  1.200 -105.21   48.49    13.9     3.1     8.5     7.8     4.7    17.46 R -9999.0 -9999.0     9.1 -9999.0 -9999.0 -9999.0 -99.000 -99.000 -99.000 -99.000 -99.000 -9999.0 -9999.0 -9999.0 -9999.0 -9999.0
94059 20040325  1.200 -105.21   48.49     9.8    -3.6     3.1     5.0     0.0    19.71 R -9999.0 -9999.0     5.8 -9999.0 -9999.0 -9999.0 -99.000 -99.000 -99.000 -99.000 -99.000 -9999.0 -9999.0 -9999.0 -9999.0 -9999.0
94059 20040326  1.200 -105.21   48.49     8.6    -4.8     1.9     1.5     6.8    14.00 R -9999.0 -9999.0     2.8 -9999.0 -9999.0 -9999.0 -99.000 -99.000 -99.000 -99.000 -99.000 -9999.0 -9999.0 -9999.0 -9999.0 -9999.0
94059 20040327  1.200 -105.21   48.49    10.5     0.8     5.7     5.6     0.0    20.17 R -9999.0 -9999.0     5.8 -9999.0 -9999.0 -9999.0 -99.000 -99.000 -99.000 -99.000 -99.000 -9999.0 -9999.0 -9999.0 -9999.0 -9999.0
94059 20040328  1.200 -105.21   48.49     9.9    -0.1     4.9     4.2     0.5    17.02 R -9999.0 -9999.0     4.3 -9999.0 -9999.0 -9999.0 -99.000 -99.000 -99.000 -99.000 -99.000 -9999.0 -9999.0 -9999.0 -9999.0 -9999.0
94059 20040329  1.200 -105.21   48.49     9.4    -2.9     3.3     2.6     0.0    21.66 R -9999.0 -9999.0     4.2 -9999.0 -9999.0 -9999.0 -99.000 -99.000 -99.000 -99.000 -99.000 -9999.0 -9999.0 -9999.0 -9999.0 -9999.0
94059 20040330  1.200 -105.21   48.49    19.9    -0.8     9.6     8.7     0.0    21.58 R -9999.0 -9999.0     9.5 -9999.0 -9999.0 -9999.0 -99.000 -99.000 -99.000 -99.000 -99.000 -9999.0 -9999.0 -9999.0 -9999.0 -9999.0
94059 20040331  1.200 -105.21   48.49    23.5     4.3    13.9    11.8     0.2    19.81 R -9999.0 -9999.0    13.2 -9999.0 -9999.0 -9999.0 -99.000 -99.000 -99.000 -99.000 -99.000 -9999.0 -9999.0 -9999.0 -9999.0 -9999.0
94059 20040401  1.200 -105.21   48.49    10.5     0.4     5.5     4.9     0.3    14.05 R -9999.0 -9999.0     6.5 -9999.0 -9999.0 -9999.0 -99.000 -99.000 -99.000 -99.000 -99.000 -9999.0 -9999.0 -9999.0 -9999.0 -9999.0
94059 20040402  1.200 -105.21   48.49     9.1     0.4     4.8     3.8     0.0    14.43 R -9999.0 -9999.0     5.0 -9999.0 -9999.0 -9999.0 -99.000 -99.000 -99.000 -99.000 -99.000 -9999.0 -9999.0 -9999.0 -9999.0 -9999.0
94059 20040403  1.200 -105.21   48.49    13.5    -1.0     6.3     6.8     0.0    22.24 R -9999.0 -9999.0     8.3 -9999.0 -9999.0 -9999.0 -99.000 -99.000 -99.000 -99.000 -99.000 -9999.0 -9999.0 -9999.0 -9999.0 -9999.0
94059 20040404  1.200 -105.21   48.49    21.0     2.3    11.7    11.2     0.0    20.39 R -9999.0 -9999.0    13.4 -9999.0 -9999.0 -9999.0 -99.000 -99.000 -99.000 -99.000 -99.000 -9999.0 -9999.0 -9999.0 -9999.0 -9999.0
94059 20040405  1.200 -105.21   48.49    18.4     3.1    10.8    11.4     0.0    21.90 R -9999.0 -9999.0    14.2 -9999.0 -9999.0 -9999.0 -99.000 -99.000 -99.000 -99.000 -99.000 -9999.0 -9999.0 -9999.0 -9999.0 -9999.0
94059 20040406  1.200 -105.21   48.49    19.0     5.9    12.5    12.5     0.0    10.67 R -9999.0 -9999.0    12.4 -9999.0 -9999.0 -9999.0 -99.000 -99.000 -99.000 -99.000 -99.000 -9999.0 -9999.0 -9999.0 -9999.0 -9999.0
94059 20040407  1.200 -105.21   48.49    12.5     0.6     6.6     6.3     0.2    22.61 R -9999.0 -9999.0    10.3 -9999.0 -9999.0 -9999.0 -99.000 -99.000 -99.000 -99.000 -99.000 -9999.0 -9999.0 -9999.0 -9999.0 -9999.0
94059 20040408  1.200 -105.21   48.49    11.2     0.9     6.1     6.1     0.0    22.63 R -9999.0 -9999.0     9.4 -9999.0 -9999.0 -9999.0 -99.000 -99.000 -99.000 -99.000 -99.000 -9999.0 -9999.0 -9999.0 -9999.0 -9999.0
94059 20040409  1.200 -105.21   48.49     4.6    -5.1    -0.2    -0.4     0.0    21.60 R -9999.0 -9999.0     3.6 -9999.0 -9999.0 -9999.0 -99.000 -99.000 -99.000 -99.000 -99.000 -9999.0 -9999.0 -9999.0 -9999.0 -9999.0
94059 20040410  1.200 -105.21   48.49     4.5    -5.3    -0.4    -0.2     0.0    18.60 R -9999.0 -9999.0     4.4 -9999.0 -9999.0 -9999.0 -99.000 -99.000 -99.000 -99.000 -99.000 -9999.0 -9999.0 -9999.0 -9999.0 -9999.0
94059 20040411  1.200 -105.21   48.49     4.6    -6.9    -1.1    -0.3     0.0    23.70 R -9999.0 -9999.0     4.5 -9999.0 -9999.0 -9999.0 -99.000 -99.000 -99.000 -99.000 -99.000 -9999.0 -9999.0 -9999.0 -9999.0 -9999.0
94059 20040412  1.200 -105.21   48.49    16.2    -3.6     6.3     6.7     0.0    18.11 R -9999.0 -9999.0     9.4 -9999.0 -9999.0 -9999.0 -99.000 -99.000 -99.000 -99.000 -99.000 -9999.0 -9999.0 -9999.0 -9999.0 -9999.0
94059 20040413  1.200 -105.21   48.49    18.1     0.3     9.2     9.3     0.0    22.98 R -9999.0 -9999.0    12.0 -9999.0 -9999.0 -9999.0 -99.000 -99.000 -99.000 -99.000 -99.000 -9999.0 -9999.0 -9999.0 -9999.0 -9999.0
94059 20040414  1.200 -105.21   48.49    10.2    -1.4     4.4     4.2     0.3    14.73 R -9999.0 -9999.0     6.0 -9999.0 -9999.0 -9999.0 -99.000 -99.000 -99.000 -99.000 -99.000 -9999.0 -9999.0 -9999.0 -9999.0 -9999.0
94059 20040415  1.200 -105.21   48.49    14.9     0.9     7.9     6.5     4.7    11.69 R -9999.0 -9999.0     9.4 -9999.0 -9999.0 -9999.0 -99.000 -99.000 -99.000 -99.000 -99.000 -9999.0 -9999.0 -9999.0 -9999.0 -9999.0
94059 20040416  1.200 -105.21   48.49     6.5    -0.8     2.9     1.9     2.7    12.93 R -9999.0 -9999.0     4.2 -9999.0 -9999.0 -9999.0 -99.000 -99.000 -99.000 -99.000 -99.000 -9999.0 -9999.0 -9999.0 -9999.0 -9999.0
94059 20040417  1.200 -105.21   48.49     3.3    -1.6     0.9     1.3     7.3     3.98 R -9999.0 -9999.0     1.5 -9999.0 -9999.0 -9999.0 -99.000 -99.000 -99.000 -99.000 -99.000 -9999.0 -9999.0 -9999.0 -9999.0 -9999.0
94059 20040418  1.200 -105.21   48.49     8.3     0.2     4.3     3.4     0.0    12.15 R -9999.0 -9999.0     4.3 -9999.0 -9999.0 -9999.0 -99.000 -99.000 -99.000 -99.000 -99.000 -9999.0 -9999.0 -9999.0 -9999.0 -9999.0
94059 20040419  1.200 -105.21   48.49    15.4     1.0     8.2     8.7     0.0    19.89 R -9999.0 -9999.0     8.7 -9999.0 -9999.0 -9999.0 -99.000 -99.000 -99.000 -99.000 -99.000 -9999.0 -9999.0 -9999.0 -9999.0 -9999.0
94059 20040420  1.200 -105.21   48.49    15.2     4.3     9.8     9.8     0.0    18.24 R -9999.0 -9999.0    11.1 -9999.0 -9999.0 -9999.0 -99.000 -99.000 -99.000 -99.000 -99.000 -9999.0 -9999.0 -9999.0 -9999.0 -9999.0
94059 20040421  1.200 -105.21   48.49    11.6     1.9     6.8     6.8     0.0    17.41 R -9999.0 -9999.0     9.5 -9999.0 -9999.0 -9999.0 -99.000 -99.000 -99.000 -99.000 -99.000 -9999.0 -9999.0 -9999.0 -9999.0 -9999.0
94059 20040422  1.200 -105.21   48.49    16.6     0.1     8.4     7.9     0.0    17.57 R -9999.0 -9999.0     9.9 -9999.0 -9999.0 -9999.0 -99.000 -99.000 -99.000 -99.000 -99.000 -9999.0 -9999.0 -9999.0 -9999.0 -9999.0
94059 20040423  1.200 -105.21   48.49    17.2    -1.6     7.8     8.3     0.3    25.84 R -9999.0 -9999.0    10.8 -9999.0 -9999.0 -9999.0 -99.000 -99.000 -99.000 -99.000 -99.000 -9999.0 -9999.0 -9999.0 -9999.0 -9999.0
94059 20040424  1.200 -105.21   48.49    13.1     4.7     8.9     9.3     0.2    25.76 R -9999.0 -9999.0    11.3 -9999.0 -9999.0 -9999.0 -99.000 -99.000 -99.000 -99.000 -99.000 -9999.0 -9999.0 -9999.0 -9999.0 -9999.0
94059 20040425  1.200 -105.21   48.49    13.0     1.9     7.5     7.9     0.3    26.54 R -9999.0 -9999.0    10.3 -9999.0 -9999.0 -9999.0 -99.000 -99.000 -99.000 -99.000 -99.000 -9999.0 -9999.0 -9999.0 -9999.0 -9999.0
94059 20040426  1.200 -105.21   48.49    19.6     0.4    10.0    11.2     0.0    19.55 R -9999.0 -9999.0    14.2 -9999.0 -9999.0 -9999.0 -99.000 -99.000 -99.000 -99.000 -99.000 -9999.0 -9999.0 -9999.0 -9999.0 -9999.0
94059 20040427  1.200 -105.21   48.49    25.8     9.1    17.5    18.6     0.0    25.60 R -9999.0 -9999.0    19.7 -9999.0 -9999.0 -9999.0 -99.000 -99.000 -99.000 -99.000 -99.000 -9999.0 -9999.0 -9999.0 -9999.0 -9999.0
94059 20040428  1.200 -105.21   48.49    15.4     1.3     8.4     4.6     0.8     6.70 R -9999.0 -9999.0     5.8 -9999.0 -9999.0 -9999.0 -99.000 -99.000 -99.000 -99.000 -99.000 -9999.0 -9999.0 -9999.0 -9999.0 -9999.0
94059 20040429  1.200 -105.21   48.49    12.7     0.1     6.4     5.6     0.0    21.99 R -9999.0 -9999.0    10.4 -9999.0 -9999.0 -9999.0 -99.000 -99.000 -99.000 -99.000 -99.000 -9999.0 -9999.0 -9999.0 -9999.0 -9999.0
94059 20040430  1.200 -105.21   48.49     9.6     0.6     5.1     5.1     0.3    22.24 R -9999.0 -9999.0     8.2 -9999.0 -9999.0 -9999.0 -99.000 -99.000 -99.000 -99.000 -99.000 -9999.0 -9999.0 -9999.0 -9999.0 -9999.0
94059 20040501  1.200 -105.21   48.49    11.2    -0.6     5.3     5.5     0.0    27.46 R -9999.0 -9999.0     9.8 -9999.0 -9999.0 -9999.0 -99.000 -99.000 -99.000 -99.000 -99.000 -9999.0 -9999.0 -9999.0 -9999.0 -9999.0
94059 20040502  1.200 -105.21   48.49    18.0     1.0     9.5    10.9     0.0    24.23 R -9999.0 -9999.0    14.4 -9999.0 -9999.0 -9999.0 -99.000 -99.000 -99.000 -99.000 -99.000 -9999.0 -9999.0 -9999.0 -9999.0 -9999.0
94059 20040503  1.200 -105.21   48.49    18.7     3.9    11.3    13.4     0.0    25.88 R -9999.0 -9999.0    16.6 -9999.0 -9999.0 -9999.0 -99.000 -99.000 -99.000 -99.000 -99.000 -9999.0 -9999.0 -9999.0 -9999.0 -9999.0
94059 20040504  1.200 -105.21   48.49    22.5     1.3    11.9    13.5     0.0    25.95 R -9999.0 -9999.0    17.0 -9999.0 -9999.0 -9999.0 -99.000 -99.000 -99.000 -99.000 -99.000 -9999.0 -9999.0 -9999.0 -9999.0 -9999.0
94059 20040505  1.200 -105.21   48.49    17.5     0.8     9.2     9.6     0.5    21.81 R -9999.0 -9999.0    13.2 -9999.0 -9999.0 -9999.0 -99.000 -99.000 -99.000 -99.000 -99.000 -9999.0 -9999.0 -9999.0 -9999.0 -9999.0
94059 20040506  1.200 -105.21   48.49    12.4    -1.0     5.7     5.5     0.0    17.50 R -9999.0 -9999.0    10.0 -9999.0 -9999.0 -9999.0 -99.000 -99.000 -99.000 -99.000 -99.000 -9999.0 -9999.0 -9999.0 -9999.0 -9999.0
94059 20040507  1.200 -105.21   48.49    24.3     3.5    13.9    14.5     0.0    24.71 R -9999.0 -9999.0    19.0 -9999.0 -9999.0 -9999.0 -99.000 -99.000 -99.000 -99.000 -99.000 -9999.0 -9999.0 -9999.0 -9999.0 -9999.0
94059 20040508  1.200 -105.21   48.49    24.6     8.5    16.6    15.8     6.9    19.97 R -9999.0 -9999.0    16.9 -9999.0 -9999.0 -9999.0 -99.000 -99.000 -99.000 -99.000 -99.000 -9999.0 -9999.0 -9999.0 -9999.0 -9999.0
94059 20040509  1.200 -105.21   48.49    15.9    -1.6     7.2     9.0     0.0    21.29 R -9999.0 -9999.0    11.2 -9999.0 -9999.0 -9999.0 -99.000 -99.000 -99.000 -99.000 -99.000 -9999.0 -9999.0 -9999.0 -9999.0 -9999.0
94059 20040510  1.200 -105.21   48.49     9.4    -2.3     3.6     4.2     2.8    20.64 R -9999.0 -9999.0     9.0 -9999.0 -9999.0 -9999.0 -99.000 -99.000 -99.000 -99.000 -99.000 -9999.0 -9999.0 -9999.0 -9999.0 -9999.0
94059 20040511  1.200 -105.21   48.49     1.1    -2.5    -0.7    -1.0    18.2     4.40 R -9999.0 -9999.0    -0.9 -9999.0 -9999.0 -9999.0 -99.000 -99.000 -99.000 -99.000 -99.000 -9999.0 -9999.0 -9999.0 -9999.0 -9999.0
94059 20040512  1.200 -105.21   48.49    -1.0    -2.9    -1.9    -1.8     1.3    14.26 R -9999.0 -9999.0    -1.5 -9999.0 -9999.0 -9999.0 -99.000 -99.000 -99.000 -99.000 -99.000 -9999.0 -9999.0 -9999.0 -9999.0 -9999.0
94059 20040513  1.200 -105.21   48.49     4.8    -2.7     1.1     0.8     0.0    19.08 R -9999.0 -9999.0    -0.1 -9999.0 -9999.0 -9999.0 -99.000 -99.000 -99.000 -99.000 -99.000 -9999.0 -9999.0 -9999.0 -9999.0 -9999.0
94059 20040514  1.200 -105.21   48.49    11.3    -0.8     5.3     5.6     0.0    26.70 R -9999.0 -9999.0     7.9 -9999.0 -9999.0 -9999.0 -99.000 -99.000 -99.000 -99.000 -99.000 -9999.0 -9999.0 -9999.0 -9999.0 -9999.0
94059 20040515  1.200 -105.21   48.49    13.0     2.8     7.9     7.3     0.0    22.35 R -9999.0 -9999.0     8.6 -9999.0 -9999.0 -9999.0 -99.000 -99.000 -99.000 -99.000 -99.000 -9999.0 -9999.0 -9999.0 -9999.0 -9999.0
94059 20040516  1.200 -105.21   48.49    13.4     2.0     7.7     8.0     0.0    27.67 R -9999.0 -9999.0    10.6 -9999.0 -9999.0 -9999.0 -99.000 -99.000 -99.000 -99.000 -99.000 -9999.0 -9999.0 -9999.0 -9999.0 -9999.0
94059 20040517  1.200 -105.21   48.49    17.2     3.5    10.4    11.1     0.0    29.04 R -9999.0 -9999.0    15.4 -9999.0 -9999.0 -9999.0 -99.000 -99.000 -99.000 -99.000 -99.000 -9999.0 -9999.0 -9999.0 -9999.0 -9999.0
94059 20040518  1.200 -105.21   48.49    20.7     5.9    13.3    13.9     2.4    26.64 R -9999.0 -9999.0    17.6 -9999.0 -9999.0 -9999.0 -99.000 -99.000 -99.000 -99.000 -99.000 -9999.0 -9999.0 -9999.0 -9999.0 -9999.0
94059 20040519  1.200 -105.21   48.49    17.6     8.8    13.2    12.6    10.6    15.62 R -9999.0 -9999.0    13.8 -9999.0 -9999.0 -9999.0 -99.000 -99.000 -99.000 -99.000 -99.000 -9999.0 -9999.0 -9999.0 -9999.0 -9999.0
94059 20040520  1.200 -105.21   48.49    20.3     7.4    13.9    13.6     0.0    25.33 R -9999.0 -9999.0    15.4 -9999.0 -9999.0 -9999.0 -99.000 -99.000 -99.000 -99.000 -99.000 -9999.0 -9999.0 -9999.0 -9999.0 -9999.0
94059 20040521  1.200 -105.21   48.49    13.7     3.3     8.5     9.3     0.3    10.67 R -9999.0 -9999.0    12.0 -9999.0 -9999.0 -9999.0 -99.000 -99.000 -99.000 -99.000 -99.000 -9999.0 -9999.0 -9999.0 -9999.0 -9999.0
94059 20040522  1.200 -105.21   48.49     7.0     1.8     4.4     4.4     0.0     8.31 R -9999.0 -9999.0     6.5 -9999.0 -9999.0 -9999.0 -99.000 -99.000 -99.000 -99.000 -99.000 -9999.0 -9999.0 -9999.0 -9999.0 -9999.0
94059 20040523  1.200 -105.21   48.49    10.2     4.7     7.5     6.9    11.2     5.41 R -9999.0 -9999.0     7.3 -9999.0 -9999.0 -9999.0 -99.000 -99.000 -99.000 -99.000 -99.000 -9999.0 -9999.0 -9999.0 -9999.0 -9999.0
94059 20040524  1.200 -105.21   48.49     7.8     1.1     4.5     5.1     6.0     8.40 R -9999.0 -9999.0     6.4 -9999.0 -9999.0 -9999.0 -99.000 -99.000 -99.000 -99.000 -99.000 -9999.0 -9999.0 -9999.0 -9999.0 -9999.0
94059 20040525  1.200 -105.21   48.49    15.5    -0.7     7.4     8.6     0.0    26.95 R -9999.0 -9999.0    10.3 -9999.0 -9999.0 -9999.0 -99.000 -99.000 -99.000 -99.000 -99.000 -9999.0 -9999.0 -9999.0 -9999.0 -9999.0
94059 20040526  1.200 -105.21   48.49    14.0     7.6    10.8    10.6     7.0     9.22 R -9999.0 -9999.0    10.4 -9999.0 -9999.0 -9999.0 -99.000 -99.000 -99.000 -99.000 -99.000 -9999.0 -9999.0 -9999.0 -9999.0 -9999.0
94059 20040527  1.200 -105.21   48.49    20.7     5.5    13.1    13.3     0.0    21.97 R -9999.0 -9999.0    15.1 -9999.0 -9999.0 -9999.0 -99.000 -99.000 -99.000 -99.000 -99.000 -9999.0 -9999.0 -9999.0 -9999.0 -9999.0
94059 20040528  1.200 -105.21   48.49    21.5     9.3    15.4    16.0     0.0    17.26 R -9999.0 -9999.0    16.5 -9999.0 -9999.0 -9999.0 -99.000 -99.000 -99.000 -99.000 -99.000 -9999.0 -9999.0 -9999.0 -9999.0 -9999.0
94059 20040529  1.200 -105.21   48.49    19.2     9.3    14.3    13.9     3.1    17.90 R -9999.0 -9999.0    15.6 -9999.0 -9999.0 -9999.0 -99.000 -99.000 -99.000 -99.000 -99.000 -9999.0 -9999.0 -9999.0 -9999.0 -9999.0
94059 20040530  1.200 -105.21   48.49    16.2     6.9    11.6    11.1     0.0    14.45 R -9999.0 -9999.0    11.6 -9999.0 -9999.0 -9999.0 -99.000 -99.000 -99.000 -99.000 -99.000 -9999.0 -9999.0 -9999.0 -9999.0 -9999.0
94059 20040531  1.200 -105.21   48.49    16.6     6.9    11.8    11.4     0.0    19.35 R -9999.0 -9999.0    12.6 -9999.0 -9999.0 -9999.0 -99.000 -99.000 -99.000 -99.000 -99.000 -9999.0 -9999.0 -9999.0 -9999.0 -9999.0
94059 20040601  1.200 -105.21   48.49    14.6     5.9    10.3    10.1     0.0    17.20 R -9999.0 -9999.0    12.6 -9999.0 -9999.0 -9999.0 -99.000 -99.000 -99.000 -99.000 -99.000 -9999.0 -9999.0 -9999.0 -9999.0 -9999.0
94059 20040602  1.200 -105.21   48.49    20.3     7.2    13.8    14.0     0.0    30.46 R -9999.0 -9999.0    19.1 -9999.0 -9999.0 -9999.0 -99.000 -99.000 -99.000 -99.000 -99.000 -9999.0 -9999.0 -9999.0 -9999.0 -9999.0
94059 20040603  1.200 -105.21   48.49    24.8    11.7    18.3    18.7     0.0    29.92 R -9999.0 -9999.0    22.4 -9999.0 -9999.0 -9999.0 -99.000 -99.000 -99.000 -99.000 -99.000 -9999.0 -9999.0 -9999.0 -9999.0 -9999.0
94059 20040604  1.200 -105.21   48.49    26.8    15.4    21.1    20.7     0.0    27.44 R -9999.0 -9999.0    24.2 -9999.0 -9999.0 -9999.0 -99.000 -99.000 -99.000 -99.000 -99.000 -9999.0 -9999.0 -9999.0 -9999.0 -9999.0
94059 20040605  1.200 -105.21   48.49    26.3    15.0    20.7    21.0     0.0    26.96 R -9999.0 -9999.0    24.5 -9999.0 -9999.0 -9999.0 -99.000 -99.000 -99.000 -99.000 -99.000 -9999.0 -9999.0 -9999.0 -9999.0 -9999.0
94059 20040606  1.200 -105.21   48.49    24.3    12.7    18.5    18.7     1.1    25.56 R -9999.0 -9999.0    21.8 -9999.0 -9999.0 -9999.0 -99.000 -99.000 -99.000 -99.000 -99.000 -9999.0 -9999.0 -9999.0 -9999.0 -9999.0
94059 20040607  1.200 -105.21   48.49    17.0     6.5    11.8    12.5     0.0    17.69 R -9999.0 -9999.0    14.9 -9999.0 -9999.0 -9999.0 -99.000 -99.000 -99.000 -99.000 -99.000 -9999.0 -9999.0 -9999.0 -9999.0 -9999.0
94059 20040608  1.200 -105.21   48.49     9.8     3.9     6.9     7.4     1.1     7.61 R -9999.0 -9999.0     9.6 -9999.0 -9999.0 -9999.0 -99.000 -99.000 -99.000 -99.000 -99.000 -9999.0 -9999.0 -9999.0 -9999.0 -9999.0
94059 20040609  1.200 -105.21   48.49    16.9     6.5    11.7    12.3     0.0    18.63 R -9999.0 -9999.0    15.2 -9999.0 -9999.0 -9999.0 -99.000 -99.000 -99.000 -99.000 -99.000 -9999.0 -9999.0 -9999.0 -9999.0 -9999.0
94059 20040610  1.200 -105.21   48.49    12.5     9.2    10.9    11.3 -9999.0     3.70 R -9999.0 -9999.0    12.1 -9999.0 -9999.0 -9999.0 -99.000 -99.000 -99.000 -99.000 -99.000 -9999.0 -9999.0 -9999.0 -9999.0 -9999.0
94059 20040611  1.200 -105.21   48.49    14.5    10.4    12.5    11.9 -9999.0     7.59 R -9999.0 -9999.0    13.4 -9999.0 -9999.0 -9999.0 -99.000 -99.000 -99.000 -99.000 -99.000 -9999.0 -9999.0 -9999.0 -9999.0 -9999.0
94059 20040612  1.200 -105.21   48.49    16.4     7.4    11.9    12.3 -9999.0    14.41 R -9999.0 -9999.0    13.4 -9999.0 -9999.0 -9999.0 -99.000 -99.000 -99.000 -99.000 -99.000 -9999.0 -9999.0 -9999.0 -9999.0 -9999.0
94059 20040613  1.200 -105.21   48.49    16.4     5.3    10.9    10.7 -9999.0    17.58 R -9999.0 -9999.0    13.1 -9999.0 -9999.0 -9999.0 -99.000 -99.000 -99.000 -99.000 -99.000 -9999.0 -9999.0 -9999.0 -9999.0 -9999.0
94059 20040614  1.200 -105.21   48.49 -9999.0 -9999.0 -9999.0 -9999.0 -9999.0 -9999.00 U -9999.0 -9999.0 -9999.0 -9999.0 -9999.0 -9999.0 -99.000 -99.000 -99.000 -99.000 -99.000 -9999.0 -9999.0 -9999.0 -9999.0 -9999.0
94059 20040615  1.200 -105.21   48.49 -9999.0 -9999.0 -9999.0 -9999.0 -9999.0 -9999.00 U -9999.0 -9999.0 -9999.0 -9999.0 -9999.0 -9999.0 -99.000 -99.000 -99.000 -99.000 -99.000 -9999.0 -9999.0 -9999.0 -9999.0 -9999.0
94059 20040616  1.200 -105.21   48.49    19.2     6.1    12.7    12.6     0.5    20.78 R -9999.0 -9999.0    15.9 -9999.0 -9999.0 -9999.0 -99.000 -99.000 -99.000 -99.000 -99.000 -9999.0 -9999.0 -9999.0 -9999.0 -9999.0
94059 20040617  1.200 -105.21   48.49    12.1     3.8     8.0     8.8     0.0    21.27 R -9999.0 -9999.0    12.5 -9999.0 -9999.0 -9999.0 -99.000 -99.000 -99.000 -99.000 -99.000 -9999.0 -9999.0 -9999.0 -9999.0 -9999.0
94059 20040618  1.200 -105.21   48.49    15.7     2.0     8.9    10.0     0.0    30.56 R -9999.0 -9999.0    16.2 -9999.0 -9999.0 -9999.0 -99.000 -99.000 -99.000 -99.000 -99.000 -9999.0 -9999.0 -9999.0 -9999.0 -9999.0
94059 20040619  1.200 -105.21   48.49    19.4     8.2    13.8    14.4     0.0    31.01 R -9999.0 -9999.0    19.2 -9999.0 -9999.0 -9999.0 -99.000 -99.000 -99.000 -99.000 -99.000 -9999.0 -9999.0 -9999.0 -9999.0 -9999.0
94059 20040620  1.200 -105.21   48.49    20.4     8.7    14.6    14.5     0.0    23.03 R -9999.0 -9999.0    17.0 -9999.0 -9999.0 -9999.0 -99.000 -99.000 -99.000 -99.000 -99.000 -9999.0 -9999.0 -9999.0 -9999.0 -9999.0
94059 20040621  1.200 -105.21   48.49    17.7     7.6    12.7    13.2     0.5    28.66 R -9999.0 -9999.0    17.7 -9999.0 -9999.0 -9999.0 -99.000 -99.000 -99.000 -99.000 -99.000 -9999.0 -9999.0 -9999.0 -9999.0 -9999.0
94059 20040622  1.200 -105.21   48.49    19.7    11.1    15.4    14.9     0.0    22.64 R -9999.0 -9999.0    17.9 -9999.0 -9999.0 -9999.0 -99.000 -99.000 -99.000 -99.000 -99.000 -9999.0 -9999.0 -9999.0 -9999.0 -9999.0
94059 20040623  1.200 -105.21   48.49    16.9     5.3    11.1    12.1     0.0    19.93 R -9999.0 -9999.0    16.1 -9999.0 -9999.0 -9999.0 -99.000 -99.000 -99.000 -99.000 -99.000 -9999.0 -9999.0 -9999.0 -9999.0 -9999.0
94059 20040624  1.200 -105.21   48.49    18.5     4.1    11.3    12.2     0.0    31.42 R -9999.0 -9999.0    18.0 -9999.0 -9999.0 -9999.0 -99.000 -99.000 -99.000 -99.000 -99.000 -9999.0 -9999.0 -9999.0 -9999.0 -9999.0
94059 20040625  1.200 -105.21   48.49    20.9     6.4    13.7    15.0     0.0    30.90 R -9999.0 -9999.0    20.9 -9999.0 -9999.0 -9999.0 -99.000 -99.000 -99.000 -99.000 -99.000 -9999.0 -9999.0 -9999.0 -9999.0 -9999.0
94059 20040626  1.200 -105.21   48.49    16.8     9.1    13.0    13.1     2.0    11.15 R -9999.0 -9999.0    14.8 -9999.0 -9999.0 -9999.0 -99.000 -99.000 -99.000 -99.000 -99.000 -9999.0 -9999.0 -9999.0 -9999.0 -9999.0
94059 20040627  1.200 -105.21   48.49    21.7     6.8    14.3    15.9     0.0    26.90 R -9999.0 -9999.0    19.0 -9999.0 -9999.0 -9999.0 -99.000 -99.000 -99.000 -99.000 -99.000 -9999.0 -9999.0 -9999.0 -9999.0 -9999.0
94059 20040628  1.200 -105.21   48.49    24.6    12.9    18.8    19.3     0.0    30.55 R -9999.0 -9999.0    23.3 -9999.0 -9999.0 -9999.0 -99.000 -99.000 -99.000 -99.000 -99.000 -9999.0 -9999.0 -9999.0 -9999.0 -9999.0
94059 20040629  1.200 -105.21   48.49    28.7    16.4    22.6    22.2     0.0    30.26 R -9999.0 -9999.0    26.8 -9999.0 -9999.0 -9999.0 -99.000 -99.000 -99.000 -99.000 -99.000 -9999.0 -9999.0 -9999.0 -9999.0 -9999.0
94059 20040630  1.200 -105.21   48.49    26.6    15.1    20.9    20.6     0.0    21.27 R -9999.0 -9999.0    23.2 -9999.0 -9999.0 -9999.0 -99.000 -99.000 -99.000 -99.000 -99.000 -9999.0 -9999.0 -9999.0 -9999.0 -9999.0
94059 20040701  1.200 -105.21   48.49    18.7    13.4    16.1    16.5     8.3     8.69 R -9999.0 -9999.0    16.8 -9999.0 -9999.0 -9999.0 -99.000 -99.000 -99.000 -99.000 -99.000 -9999.0 -9999.0 -9999.0 -9999.0 -9999.0
94059 20040702  1.200 -105.21   48.49    27.0    13.5    20.3    20.1     0.0    25.95 R -9999.0 -9999.0    22.2 -9999.0 -9999.0 -9999.0 -99.000 -99.000 -99.000 -99.000 -99.000 -9999.0 -9999.0 -9999.0 -9999.0 -9999.0
94059 20040703  1.200 -105.21   48.49    21.9    12.7    17.3    16.9     0.0    27.68 R -9999.0 -9999.0    22.0 -9999.0 -9999.0 -9999.0 -99.000 -99.000 -99.000 -99.000 -99.000 -9999.0 -9999.0 -9999.0 -9999.0 -9999.0
94059 20040704  1.200 -105.21   48.49    13.8    10.6    12.2    12.1    14.6     5.61 R -9999.0 -9999.0    13.1 -9999.0 -9999.0 -9999.0 -99.000 -99.000 -99.000 -99.000 -99.000 -9999.0 -9999.0 -9999.0 -9999.0 -9999.0
94059 20040705  1.200 -105.21   48.49    14.5    10.3    12.4    12.1     0.5    10.52 R -9999.0 -9999.0    13.2 -9999.0 -9999.0 -9999.0 -99.000 -99.000 -99.000 -99.000 -99.000 -9999.0 -9999.0 -9999.0 -9999.0 -9999.0
94059 20040706  1.200 -105.21   48.49    21.8     9.0    15.4    15.8     0.0    25.86 R -9999.0 -9999.0    18.1 -9999.0 -9999.0 -9999.0 -99.000 -99.000 -99.000 -99.000 -99.000 -9999.0 -9999.0 -9999.0 -9999.0 -9999.0
94059 20040707  1.200 -105.21   48.49    24.6    12.5    18.6    17.0    15.6    18.80 R -9999.0 -9999.0    18.0 -9999.0 -9999.0 -9999.0 -99.000 -99.000 -99.000 -99.000 -99.000 -9999.0 -9999.0 -9999.0 -9999.0 -9999.0
94059 20040708  1.200 -105.21   48.49    20.3    10.7    15.5    15.9     0.0    27.12 R -9999.0 -9999.0    18.8 -9999.0 -9999.0 -9999.0 -99.000 -99.000 -99.000 -99.000 -99.000 -9999.0 -9999.0 -9999.0 -9999.0 -9999.0
94059 20040709  1.200 -105.21   48.49    25.9    12.3    19.1    19.1     0.0    29.90 R -9999.0 -9999.0    21.6 -9999.0 -9999.0 -9999.0 -99.000 -99.000 -99.000 -99.000 -99.000 -9999.0 -9999.0 -9999.0 -9999.0 -9999.0
94059 20040710  1.200 -105.21   48.49    25.4    13.1    19.3    19.2     0.0    19.13 R -9999.0 -9999.0    20.2 -9999.0 -9999.0 -9999.0 -99.000 -99.000 -99.000 -99.000 -99.000 -9999.0 -9999.0 -9999.0 -9999.0 -9999.0
94059 20040711  1.200 -105.21   48.49    28.7    16.0    22.4    22.7     0.0    26.36 R -9999.0 -9999.0    25.9 -9999.0 -9999.0 -9999.0 -99.000 -99.000 -99.000 -99.000 -99.000 -9999.0 -9999.0 -9999.0 -9999.0 -9999.0
94059 20040712  1.200 -105.21   48.49    23.7    13.2    18.5    19.0     0.0    28.52 R -9999.0 -9999.0    22.1 -9999.0 -9999.0 -9999.0 -99.000 -99.000 -99.000 -99.000 -99.000 -9999.0 -9999.0 -9999.0 -9999.0 -9999.0
94059 20040713  1.200 -105.21   48.49    26.0    13.2    19.6    20.3     0.0    29.21 R -9999.0 -9999.0    25.5 -9999.0 -9999.0 -9999.0 -99.000 -99.000 -99.000 -99.000 -99.000 -9999.0 -9999.0 -9999.0 -9999.0 -9999.0
94059 20040714  1.200 -105.21   48.49    31.2    15.3    23.3    23.9     0.0    27.59 R -9999.0 -9999.0    27.4 -9999.0 -9999.0 -9999.0 -99.000 -99.000 -99.000 -99.000 -99.000 -9999.0 -9999.0 -9999.0 -9999.0 -9999.0
94059 20040715  1.200 -105.21   48.49    25.7    13.5    19.6    20.4     0.0    25.31 R -9999.0 -9999.0    25.2 -9999.0 -9999.0 -9999.0 -99.000 -99.000 -99.000 -99.000 -99.000 -9999.0 -9999.0 -9999.0 -9999.0 -9999.0
94059 20040716  1.200 -105.21   48.49    27.1    15.3    21.2    21.3     0.0    23.69 R -9999.0 -9999.0    25.6 -9999.0 -9999.0 -9999.0 -99.000 -99.000 -99.000 -99.000 -99.000 -9999.0 -9999.0 -9999.0 -9999.0 -9999.0
94059 20040717  1.200 -105.21   48.49    31.7    16.2    24.0    24.5     0.0    28.66 R -9999.0 -9999.0    29.2 -9999.0 -9999.0 -9999.0 -99.000 -99.000 -99.000 -99.000 -99.000 -9999.0 -9999.0 -9999.0 -9999.0 -9999.0
94059 20040718  1.200 -105.21   48.49    34.1    20.1    27.1    26.8     0.0    26.49 R -9999.0 -9999.0    30.4 -9999.0 -9999.0 -9999.0 -99.000 -99.000 -99.000 -99.000 -99.000 -9999.0 -9999.0 -9999.0 -9999.0 -9999.0
94059 20040719  1.200 -105.21   48.49    26.1    20.7    23.4    23.5     0.0    11.03 R -9999.0 -9999.0    25.1 -9999.0 -9999.0 -9999.0 -99.000 -99.000 -99.000 -99.000 -99.000 -9999.0 -9999.0 -9999.0 -9999.0 -9999.0
94059 20040720  1.200 -105.21   48.49    30.3    16.4    23.4    23.9     0.0    25.85 R -9999.0 -9999.0    28.0 -9999.0 -9999.0 -9999.0 -99.000 -99.000 -99.000 -99.000 -99.000 -9999.0 -9999.0 -9999.0 -9999.0 -9999.0
94059 20040721  1.200 -105.21   48.49    25.7    12.2    19.0    19.7     0.0    24.87 R -9999.0 -9999.0    24.1 -9999.0 -9999.0 -9999.0 -99.000 -99.000 -99.000 -99.000 -99.000 -9999.0 -9999.0 -9999.0 -9999.0 -9999.0
94059 20040722  1.200 -105.21   48.49    22.2     9.3    15.8    15.1     0.0    22.92 R -9999.0 -9999.0    21.0 -9999.0 -9999.0 -9999.0 -99.000 -99.000 -99.000 -99.000 -99.000 -9999.0 -9999.0 -9999.0 -9999.0 -9999.0
94059 20040723  1.200 -105.21   48.49    22.8    11.3    17.1    17.5     0.0    26.10 R -9999.0 -9999.0    22.1 -9999.0 -9999.0 -9999.0 -99.000 -99.000 -99.000 -99.000 -99.000 -9999.0 -9999.0 -9999.0 -9999.0 -9999.0
94059 20040724  1.200 -105.21   48.49    25.8    12.9    19.4    19.7     0.0    28.27 R -9999.0 -9999.0    24.7 -9999.0 -9999.0 -9999.0 -99.000 -99.000 -99.000 -99.000 -99.000 -9999.0 -9999.0 -9999.0 -9999.0 -9999.0
94059 20040725  1.200 -105.21   48.49    30.7    15.3    23.0    23.0     0.0    28.85 R -9999.0 -9999.0    26.6 -9999.0 -9999.0 -9999.0 -99.000 -99.000 -99.000 -99.000 -99.000 -9999.0 -9999.0 -9999.0 -9999.0 -9999.0
94059 20040726  1.200 -105.21   48.49    33.8    18.4    26.1    24.9     0.0    23.05 R -9999.0 -9999.0    28.8 -9999.0 -9999.0 -9999.0 -99.000 -99.000 -99.000 -99.000 -99.000 -9999.0 -9999.0 -9999.0 -9999.0 -9999.0
94059 20040727  1.200 -105.21   48.49    23.5    13.3    18.4    17.9     0.0    19.82 R -9999.0 -9999.0    22.5 -9999.0 -9999.0 -9999.0 -99.000 -99.000 -99.000 -99.000 -99.000 -9999.0 -9999.0 -9999.0 -9999.0 -9999.0
94059 20040728  1.200 -105.21   48.49    19.0     8.2    13.6    14.3     0.5    18.34 R -9999.0 -9999.0    17.8 -9999.0 -9999.0 -9999.0 -99.000 -99.000 -99.000 -99.000 -99.000 -9999.0 -9999.0 -9999.0 -9999.0 -9999.0
94059 20040729  1.200 -105.21   48.49    20.9     7.0    14.0    13.9     0.0    21.65 R -9999.0 -9999.0    19.9 -9999.0 -9999.0 -9999.0 -99.000 -99.000 -99.000 -99.000 -99.000 -9999.0 -9999.0 -9999.0 -9999.0 -9999.0
94059 20040730  1.200 -105.21   48.49    27.5    10.2    18.9    18.8     0.8    26.18 R -9999.0 -9999.0    24.9 -9999.0 -9999.0 -9999.0 -99.000 -99.000 -99.000 -99.000 -99.000 -9999.0 -9999.0 -9999.0 -9999.0 -9999.0
94059 20040731  1.200 -105.21   48.49    27.2    13.9    20.6    20.3     1.2    25.52 R -9999.0 -9999.0    24.4 -9999.0 -9999.0 -9999.0 -99.000 -99.000 -99.000 -99.000 -99.000 -9999.0 -9999.0 -9999.0 -9999.0 -9999.0
94059 20040801  1.200 -105.21   48.49    25.0    12.5    18.8    18.2    11.4    25.43 R -9999.0 -9999.0    21.9 -9999.0 -9999.0 -9999.0 -99.000 -99.000 -99.000 -99.000 -99.000 -9999.0 -9999.0 -9999.0 -9999.0 -9999.0
94059 20040802  1.200 -105.21   48.49    25.4    10.1    17.8    18.2     0.0    24.89 R -9999.0 -9999.0    22.1 -9999.0 -9999.0 -9999.0 -99.000 -99.000 -99.000 -99.000 -99.000 -9999.0 -9999.0 -9999.0 -9999.0 -9999.0
94059 20040803  1.200 -105.21   48.49    17.5    14.7    16.1    16.3    18.8     4.98 R -9999.0 -9999.0    16.5 -9999.0 -9999.0 -9999.0 -99.000 -99.000 -99.000 -99.000 -99.000 -9999.0 -9999.0 -9999.0 -9999.0 -9999.0
94059 20040804  1.200 -105.21   48.49    18.0    12.6    15.3    14.6     2.8    11.28 R -9999.0 -9999.0    14.9 -9999.0 -9999.0 -9999.0 -99.000 -99.000 -99.000 -99.000 -99.000 -9999.0 -9999.0 -9999.0 -9999.0 -9999.0
94059 20040805  1.200 -105.21   48.49    25.0    13.0    19.0    18.9     0.0    24.32 R -9999.0 -9999.0    20.3 -9999.0 -9999.0 -9999.0 -99.000 -99.000 -99.000 -99.000 -99.000 -9999.0 -9999.0 -9999.0 -9999.0 -9999.0
94059 20040806  1.200 -105.21   48.49    29.3    15.8    22.6    23.1     0.0    26.15 R -9999.0 -9999.0    25.7 -9999.0 -9999.0 -9999.0 -99.000 -99.000 -99.000 -99.000 -99.000 -9999.0 -9999.0 -9999.0 -9999.0 -9999.0
94059 20040807  1.200 -105.21   48.49    25.6    11.6    18.6    19.6     0.0    21.29 R -9999.0 -9999.0    22.4 -9999.0 -9999.0 -9999.0 -99.000 -99.000 -99.000 -99.000 -99.000 -9999.0 -9999.0 -9999.0 -9999.0 -9999.0
94059 20040808  1.200 -105.21   48.49    17.7    10.0    13.9    13.7     1.2    11.01 R -9999.0 -9999.0    15.2 -9999.0 -9999.0 -9999.0 -99.000 -99.000 -99.000 -99.000 -99.000 -9999.0 -9999.0 -9999.0 -9999.0 -9999.0
94059 20040809  1.200 -105.21   48.49    16.8     9.7    13.3    13.0     0.3    15.75 R -9999.0 -9999.0    16.4 -9999.0 -9999.0 -9999.0 -99.000 -99.000 -99.000 -99.000 -99.000 -9999.0 -9999.0 -9999.0 -9999.0 -9999.0
94059 20040810  1.200 -105.21   48.49    17.2     7.5    12.4    12.3     0.0    17.78 R -9999.0 -9999.0    14.9 -9999.0 -9999.0 -9999.0 -99.000 -99.000 -99.000 -99.000 -99.000 -9999.0 -9999.0 -9999.0 -9999.0 -9999.0
94059 20040811  1.200 -105.21   48.49    23.0     9.3    16.2    15.7     0.0    19.52 R -9999.0 -9999.0    17.9 -9999.0 -9999.0 -9999.0 -99.000 -99.000 -99.000 -99.000 -99.000 -9999.0 -9999.0 -9999.0 -9999.0 -9999.0
94059 20040812  1.200 -105.21   48.49    21.4     9.7    15.6    15.5     0.0    24.08 R -9999.0 -9999.0    19.9 -9999.0 -9999.0 -9999.0 -99.000 -99.000 -99.000 -99.000 -99.000 -9999.0 -9999.0 -9999.0 -9999.0 -9999.0
94059 20040813  1.200 -105.21   48.49    23.8    11.0    17.4    17.5     0.0    25.72 R -9999.0 -9999.0    22.0 -9999.0 -9999.0 -9999.0 -99.000 -99.000 -99.000 -99.000 -99.000 -9999.0 -9999.0 -9999.0 -9999.0 -9999.0
94059 20040814  1.200 -105.21   48.49    26.7    13.0    19.9    20.0     0.0    25.59 R -9999.0 -9999.0    23.8 -9999.0 -9999.0 -9999.0 -99.000 -99.000 -99.000 -99.000 -99.000 -9999.0 -9999.0 -9999.0 -9999.0 -9999.0
94059 20040815  1.200 -105.21   48.49    25.6    11.1    18.4    19.3     0.0    23.60 R -9999.0 -9999.0    22.9 -9999.0 -9999.0 -9999.0 -99.000 -99.000 -99.000 -99.000 -99.000 -9999.0 -9999.0 -9999.0 -9999.0 -9999.0
94059 20040816  1.200 -105.21   48.49    21.1    10.4    15.8    16.3     0.0    13.03 R -9999.0 -9999.0    18.7 -9999.0 -9999.0 -9999.0 -99.000 -99.000 -99.000 -99.000 -99.000 -9999.0 -9999.0 -9999.0 -9999.0 -9999.0
94059 20040817  1.200 -105.21   48.49    27.0    12.0    19.5    19.6     0.4    23.53 R -9999.0 -9999.0    23.5 -9999.0 -9999.0 -9999.0 -99.000 -99.000 -99.000 -99.000 -99.000 -9999.0 -9999.0 -9999.0 -9999.0 -9999.0
94059 20040818  1.200 -105.21   48.49    17.0     6.3    11.7    12.0     0.0    24.69 R -9999.0 -9999.0    16.2 -9999.0 -9999.0 -9999.0 -99.000 -99.000 -99.000 -99.000 -99.000 -9999.0 -9999.0 -9999.0 -9999.0 -9999.0
94059 20040819  1.200 -105.21   48.49    24.7     9.5    17.1    16.5     0.0    23.84 R -9999.0 -9999.0    20.5 -9999.0 -9999.0 -9999.0 -99.000 -99.000 -99.000 -99.000 -99.000 -9999.0 -9999.0 -9999.0 -9999.0 -9999.0
94059 20040820  1.200 -105.21   48.49    22.0     5.9    14.0    15.1     0.0    22.78 R -9999.0 -9999.0    20.3 -9999.0 -9999.0 -9999.0 -99.000 -99.000 -99.000 -99.000 -99.000 -9999.0 -9999.0 -9999.0 -9999.0 -9999.0
94059 20040821  1.200 -105.21   48.49    26.0    10.0    18.0    18.8     0.0    14.42 R -9999.0 -9999.0    21.0 -9999.0 -9999.0 -9999.0 -99.000 -99.000 -99.000 -99.000 -99.000 -9999.0 -9999.0 -9999.0 -9999.0 -9999.0
94059 20040822  1.200 -105.21   48.49    16.3     7.7    12.0    11.9     0.0    11.82 R -9999.0 -9999.0    14.8 -9999.0 -9999.0 -9999.0 -99.000 -99.000 -99.000 -99.000 -99.000 -9999.0 -9999.0 -9999.0 -9999.0 -9999.0
94059 20040823  1.200 -105.21   48.49    20.6    10.7    15.7    13.6     5.1     9.51 R -9999.0 -9999.0    14.7 -9999.0 -9999.0 -9999.0 -99.000 -99.000 -99.000 -99.000 -99.000 -9999.0 -9999.0 -9999.0 -9999.0 -9999.0
94059 20040824  1.200 -105.21   48.49    20.4     9.1    14.8    13.9     0.0    18.88 R -9999.0 -9999.0    16.8 -9999.0 -9999.0 -9999.0 -99.000 -99.000 -99.000 -99.000 -99.000 -9999.0 -9999.0 -9999.0 -9999.0 -9999.0
94059 20040825  1.200 -105.21   48.49    23.0    11.7    17.4    15.9     1.6    14.38 R -9999.0 -9999.0    18.0 -9999.0 -9999.0 -9999.0 -99.000 -99.000 -99.000 -99.000 -99.000 -9999.0 -9999.0 -9999.0 -9999.0 -9999.0
94059 20040826  1.200 -105.21   48.49    15.4     8.6    12.0    11.8     0.0    11.52 R -9999.0 -9999.0    14.0 -9999.0 -9999.0 -9999.0 -99.000 -99.000 -99.000 -99.000 -99.000 -9999.0 -9999.0 -9999.0 -9999.0 -9999.0
94059 20040827  1.200 -105.21   48.49    19.6     7.6    13.6    13.7     0.0    20.80 R -9999.0 -9999.0    17.5 -9999.0 -9999.0 -9999.0 -99.000 -99.000 -99.000 -99.000 -99.000 -9999.0 -9999.0 -9999.0 -9999.0 -9999.0
94059 20040828  1.200 -105.21   48.49    22.7    10.6    16.7    15.6     0.5    15.65 R -9999.0 -9999.0    17.9 -9999.0 -9999.0 -9999.0 -99.000 -99.000 -99.000 -99.000 -99.000 -9999.0 -9999.0 -9999.0 -9999.0 -9999.0
94059 20040829  1.200 -105.21   48.49    22.5     8.7    15.6    15.4     0.0    22.25 R -9999.0 -9999.0    18.3 -9999.0 -9999.0 -9999.0 -99.000 -99.000 -99.000 -99.000 -99.000 -9999.0 -9999.0 -9999.0 -9999.0 -9999.0
94059 20040830  1.200 -105.21   48.49    27.9    12.4    20.2    19.6     0.2    19.64 R -9999.0 -9999.0    22.3 -9999.0 -9999.0 -9999.0 -99.000 -99.000 -99.000 -99.000 -99.000 -9999.0 -9999.0 -9999.0 -9999.0 -9999.0
94059 20040831  1.200 -105.21   48.49    25.6     8.5    17.1    18.1     0.0    21.99 R -9999.0 -9999.0    22.1 -9999.0 -9999.0 -9999.0 -99.000 -99.000 -99.000 -99.000 -99.000 -9999.0 -9999.0 -9999.0 -9999.0 -9999.0
94059 20040901  1.200 -105.21   48.49    34.9    17.4    26.2    25.2     0.2    21.65 R -9999.0 -9999.0    27.7 -9999.0 -9999.0 -9999.0 -99.000 -99.000 -99.000 -99.000 -99.000 -9999.0 -9999.0 -9999.0 -9999.0 -9999.0
94059 20040902  1.200 -105.21   48.49    22.9    12.9    17.9    18.7     0.5     9.74 R -9999.0 -9999.0    19.2 -9999.0 -9999.0 -9999.0 -99.000 -99.000 -99.000 -99.000 -99.000 -9999.0 -9999.0 -9999.0 -9999.0 -9999.0
94059 20040903  1.200 -105.21   48.49    15.7     9.3    12.5    12.3     0.5     4.47 R -9999.0 -9999.0    12.2 -9999.0 -9999.0 -9999.0 -99.000 -99.000 -99.000 -99.000 -99.000 -9999.0 -9999.0 -9999.0 -9999.0 -9999.0
94059 20040904  1.200 -105.21   48.49    22.7     7.9    15.3    15.1     0.0    20.73 R -9999.0 -9999.0    17.3 -9999.0 -9999.0 -9999.0 -99.000 -99.000 -99.000 -99.000 -99.000 -9999.0 -9999.0 -9999.0 -9999.0 -9999.0
94059 20040905  1.200 -105.21   48.49    22.2     8.8    15.5    15.8     0.0    17.20 R -9999.0 -9999.0    18.3 -9999.0 -9999.0 -9999.0 -99.000 -99.000 -99.000 -99.000 -99.000 -9999.0 -9999.0 -9999.0 -9999.0 -9999.0
94059 20040906  1.200 -105.21   48.49    14.4     4.6     9.5     9.6     0.0    16.50 R -9999.0 -9999.0    12.2 -9999.0 -9999.0 -9999.0 -99.000 -99.000 -99.000 -99.000 -99.000 -9999.0 -9999.0 -9999.0 -9999.0 -9999.0
94059 20040907  1.200 -105.21   48.49    18.6     6.2    12.4    12.2     0.4    13.56 R -9999.0 -9999.0    13.3 -9999.0 -9999.0 -9999.0 -99.000 -99.000 -99.000 -99.000 -99.000 -9999.0 -9999.0 -9999.0 -9999.0 -9999.0
94059 20040908  1.200 -105.21   48.49    24.5     9.3    16.9    16.6     0.0    21.38 R -9999.0 -9999.0    19.7 -9999.0 -9999.0 -9999.0 -99.000 -99.000 -99.000 -99.000 -99.000 -9999.0 -9999.0 -9999.0 -9999.0 -9999.0
94059 20040909  1.200 -105.21   48.49    28.3    11.7    20.0    19.4     0.0    18.42 R -9999.0 -9999.0    22.8 -9999.0 -9999.0 -9999.0 -99.000 -99.000 -99.000 -99.000 -99.000 -9999.0 -9999.0 -9999.0 -9999.0 -9999.0
94059 20040910  1.200 -105.21   48.49    18.6     4.9    11.8    11.0     0.0    17.29 R -9999.0 -9999.0    16.5 -9999.0 -9999.0 -9999.0 -99.000 -99.000 -99.000 -99.000 -99.000 -9999.0 -9999.0 -9999.0 -9999.0 -9999.0
94059 20040911  1.200 -105.21   48.49    25.0     2.9    14.0    14.3     0.0    16.95 R -9999.0 -9999.0    16.8 -9999.0 -9999.0 -9999.0 -99.000 -99.000 -99.000 -99.000 -99.000 -9999.0 -9999.0 -9999.0 -9999.0 -9999.0
94059 20040912  1.200 -105.21   48.49 -9999.0 -9999.0 -9999.0 -9999.0 -9999.0 -9999.00 U -9999.0 -9999.0 -9999.0 -9999.0 -9999.0 -9999.0 -99.000 -99.000 -99.000 -99.000 -99.000 -9999.0 -9999.0 -9999.0 -9999.0 -9999.0
94059 20040913  1.200 -105.21   48.49    15.4     7.7    11.6    11.4     0.0     6.96 R -9999.0 -9999.0    13.0 -9999.0 -9999.0 -9999.0 -99.000 -99.000 -99.000 -99.000 -99.000 -9999.0 -9999.0 -9999.0 -9999.0 -9999.0
94059 20040914  1.201 -105.21   48.49 -9999.0 -9999.0 -9999.0 -9999.0 -9999.0 -9999.00 U -9999.0 -9999.0 -9999.0 -9999.0 -9999.0 -9999.0 -99.000 -99.000 -99.000 -99.000 -99.000 -9999.0 -9999.0 -9999.0 -9999.0 -9999.0
94059 20040915  1.201 -105.21   48.49    19.7     8.8    14.3    13.4     0.0    13.27 R -9999.0 -9999.0    15.8 -9999.0 -9999.0 -9999.0 -99.000 -99.000 -99.000 -99.000 -99.000 -9999.0 -9999.0 -9999.0 -9999.0 -9999.0
94059 20040916  1.201 -105.21   48.49    21.4     9.9    15.7    15.9     0.0    18.20 R -9999.0 -9999.0    18.0 -9999.0 -9999.0 -9999.0 -99.000 -99.000 -99.000 -99.000 -99.000 -9999.0 -9999.0 -9999.0 -9999.0 -9999.0
94059 20040917  1.201 -105.21   48.49    25.4    11.4    18.4    18.6     0.0    17.69 R -9999.0 -9999.0    20.8 -9999.0 -9999.0 -9999.0 -99.000 -99.000 -99.000 -99.000 -99.000 -9999.0 -9999.0 -9999.0 -9999.0 -9999.0
94059 20040918  1.201 -105.21   48.49    28.7    12.6    20.7    20.0     0.0    17.84 R -9999.0 -9999.0    23.0 -9999.0 -9999.0 -9999.0 -99.000 -99.000 -99.000 -99.000 -99.000 -9999.0 -9999.0 -9999.0 -9999.0 -9999.0
94059 20040919  1.201 -105.21   48.49    21.9     8.5    15.2    15.7     1.0    10.34 R -9999.0 -9999.0    17.4 -9999.0 -9999.0 -9999.0 -99.000 -99.000 -99.000 -99.000 -99.000 -9999.0 -9999.0 -9999.0 -9999.0 -9999.0
94059 20040920  1.201 -105.21   48.49     8.9     3.9     6.4     6.8     0.0     3.29 R -9999.0 -9999.0     7.3 -9999.0 -9999.0 -9999.0 -99.000 -99.000 -99.000 -99.000 -99.000 -9999.0 -9999.0 -9999.0 -9999.0 -9999.0
94059 20040921  1.201 -105.21   48.49    15.9     2.1     9.0     8.8     0.0    17.98 R -9999.0 -9999.0    10.5 -9999.0 -9999.0 -9999.0 -99.000 -99.000 -99.000 -99.000 -99.000 -9999.0 -9999.0 -9999.0 -9999.0 -9999.0
94059 20040922  1.201 -105.21   48.49    19.6     5.4    12.5    12.2     0.0    17.85 R -9999.0 -9999.0    13.4 -9999.0 -9999.0 -9999.0 -99.000 -99.000 -99.000 -99.000 -99.000 -9999.0 -9999.0 -9999.0 -9999.0 -9999.0
94059 20040923  1.201 -105.21   48.49    20.5     6.3    13.4    12.8     0.0    12.91 R -9999.0 -9999.0    14.9 -9999.0 -9999.0 -9999.0 -99.000 -99.000 -99.000 -99.000 -99.000 -9999.0 -9999.0 -9999.0 -9999.0 -9999.0
94059 20040924  1.201 -105.21   48.49    22.3     7.8    15.1    15.8     0.0    15.60 R -9999.0 -9999.0    15.3 -9999.0 -9999.0 -9999.0 -99.000 -99.000 -99.000 -99.000 -99.000 -9999.0 -9999.0 -9999.0 -9999.0 -9999.0
94059 20040925  1.201 -105.21   48.49    27.5    11.3    19.4    19.2     0.0    16.99 R -9999.0 -9999.0    18.9 -9999.0 -9999.0 -9999.0 -99.000 -99.000 -99.000 -99.000 -99.000 -9999.0 -9999.0 -9999.0 -9999.0 -9999.0
94059 20040926  1.201 -105.21   48.49    21.8     7.5    14.7    15.6     0.0    16.55 R -9999.0 -9999.0    16.7 -9999.0 -9999.0 -9999.0 -99.000 -99.000 -99.000 -99.000 -99.000 -9999.0 -9999.0 -9999.0 -9999.0 -9999.0
94059 20040927  1.201 -105.21   48.49    18.2     7.6    12.9    12.3     0.0    16.30 R -9999.0 -9999.0    16.0 -9999.0 -9999.0 -9999.0 -99.000 -99.000 -99.000 -99.000 -99.000 -9999.0 -9999.0 -9999.0 -9999.0 -9999.0
94059 20040928  1.201 -105.21   48.49    21.5     7.6    14.6    14.2     0.0    16.16 R -9999.0 -9999.0    15.7 -9999.0 -9999.0 -9999.0 -99.000 -99.000 -99.000 -99.000 -99.000 -9999.0 -9999.0 -9999.0 -9999.0 -9999.0
94059 20040929  1.201 -105.21   48.49    20.6     6.6    13.6    12.6     0.6     9.94 R -9999.0 -9999.0    13.4 -9999.0 -9999.0 -9999.0 -99.000 -99.000 -99.000 -99.000 -99.000 -9999.0 -9999.0 -9999.0 -9999.0 -9999.0
94059 20040930  1.201 -105.21   48.49    14.2    -3.0     5.6     7.2     0.0     7.40 R -9999.0 -9999.0     8.2 -9999.0 -9999.0 -9999.0 -99.000 -99.000 -99.000 -99.000 -99.000 -9999.0 -9999.0 -9999.0 -9999.0 -9999.0
94059 20041001  1.201 -105.21   48.49     7.7    -8.2    -0.2     0.5     0.0    16.38 R -9999.0 -9999.0     2.4 -9999.0 -9999.0 -9999.0 -99.000 -99.000 -99.000 -99.000 -99.000 -9999.0 -9999.0 -9999.0 -9999.0 -9999.0
94059 20041002  1.201 -105.21   48.49    19.2     2.1    10.7    10.4     0.0    15.56 R -9999.0 -9999.0    11.0 -9999.0 -9999.0 -9999.0 -99.000 -99.000 -99.000 -99.000 -99.000 -9999.0 -9999.0 -9999.0 -9999.0 -9999.0
94059 20041003  1.201 -105.21   48.49     9.6    -0.9     4.4     5.5     0.0    14.42 R -9999.0 -9999.0     8.1 -9999.0 -9999.0 -9999.0 -99.000 -99.000 -99.000 -99.000 -99.000 -9999.0 -9999.0 -9999.0 -9999.0 -9999.0
94059 20041004  1.201 -105.21   48.49    19.6    -1.3     9.2     9.5     0.0    15.23 R -9999.0 -9999.0    10.6 -9999.0 -9999.0 -9999.0 -99.000 -99.000 -99.000 -99.000 -99.000 -9999.0 -9999.0 -9999.0 -9999.0 -9999.0
94059 20041005  1.201 -105.21   48.49    25.3    10.0    17.7    17.3     0.0    15.19 R -9999.0 -9999.0    15.4 -9999.0 -9999.0 -9999.0 -99.000 -99.000 -99.000 -99.000 -99.000 -9999.0 -9999.0 -9999.0 -9999.0 -9999.0
94059 20041006  1.201 -105.21   48.49    24.7     7.5    16.1    17.9     0.0    15.06 R -9999.0 -9999.0    15.8 -9999.0 -9999.0 -9999.0 -99.000 -99.000 -99.000 -99.000 -99.000 -9999.0 -9999.0 -9999.0 -9999.0 -9999.0
94059 20041007  1.201 -105.21   48.49    19.7     6.2    13.0    13.9     0.0     8.02 R -9999.0 -9999.0    13.8 -9999.0 -9999.0 -9999.0 -99.000 -99.000 -99.000 -99.000 -99.000 -9999.0 -9999.0 -9999.0 -9999.0 -9999.0
94059 20041008  1.201 -105.21   48.49    20.4     0.8    10.6    12.2     0.0    14.36 R -9999.0 -9999.0    13.7 -9999.0 -9999.0 -9999.0 -99.000 -99.000 -99.000 -99.000 -99.000 -9999.0 -9999.0 -9999.0 -9999.0 -9999.0
94059 20041009  1.201 -105.21   48.49    28.9    10.4    19.7    18.1     0.0    12.11 R -9999.0 -9999.0    17.7 -9999.0 -9999.0 -9999.0 -99.000 -99.000 -99.000 -99.000 -99.000 -9999.0 -9999.0 -9999.0 -9999.0 -9999.0
94059 20041010  1.201 -105.21   48.49    14.3     7.5    10.9    11.5     0.0    11.11 R -9999.0 -9999.0    12.5 -9999.0 -9999.0 -9999.0 -99.000 -99.000 -99.000 -99.000 -99.000 -9999.0 -9999.0 -9999.0 -9999.0 -9999.0
94059 20041011  1.201 -105.21   48.49    18.4     6.7    12.6    12.2     0.0    12.89 R -9999.0 -9999.0    11.3 -9999.0 -9999.0 -9999.0 -99.000 -99.000 -99.000 -99.000 -99.000 -9999.0 -9999.0 -9999.0 -9999.0 -9999.0
94059 20041012  1.201 -105.21   48.49    18.2     2.7    10.5    10.3     0.4     7.56 R -9999.0 -9999.0    11.0 -9999.0 -9999.0 -9999.0 -99.000 -99.000 -99.000 -99.000 -99.000 -9999.0 -9999.0 -9999.0 -9999.0 -9999.0
94059 20041013  1.201 -105.21   48.49     9.5    -1.7     3.9     4.7     0.0    11.41 R -9999.0 -9999.0     7.1 -9999.0 -9999.0 -9999.0 -99.000 -99.000 -99.000 -99.000 -99.000 -9999.0 -9999.0 -9999.0 -9999.0 -9999.0
94059 20041014  1.201 -105.21   48.49    13.7     0.8     7.3     9.9     0.9     8.64 R -9999.0 -9999.0     8.9 -9999.0 -9999.0 -9999.0 -99.000 -99.000 -99.000 -99.000 -99.000 -9999.0 -9999.0 -9999.0 -9999.0 -9999.0
94059 20041015  1.201 -105.21   48.49     4.8    -3.1     0.9     1.0     0.0     5.55 R -9999.0 -9999.0     1.6 -9999.0 -9999.0 -9999.0 -99.000 -99.000 -99.000 -99.000 -99.000 -9999.0 -9999.0 -9999.0 -9999.0 -9999.0
94059 20041016  1.201 -105.21   48.49     2.1    -4.7    -1.3    -0.6     0.8     3.98 R -9999.0 -9999.0    -0.2 -9999.0 -9999.0 -9999.0 -99.000 -99.000 -99.000 -99.000 -99.000 -9999.0 -9999.0 -9999.0 -9999.0 -9999.0
94059 20041017  1.201 -105.21   48.49     0.2    -2.5    -1.1    -1.3     0.7     3.58 R -9999.0 -9999.0    -0.2 -9999.0 -9999.0 -9999.0 -99.000 -99.000 -99.000 -99.000 -99.000 -9999.0 -9999.0 -9999.0 -9999.0 -9999.0
94059 20041018  1.201 -105.21   48.49    -0.4    -2.4    -1.4    -1.2     2.4     1.61 R -9999.0 -9999.0    -0.6 -9999.0 -9999.0 -9999.0 -99.000 -99.000 -99.000 -99.000 -99.000 -9999.0 -9999.0 -9999.0 -9999.0 -9999.0
94059 20041019  1.201 -105.21   48.49     1.1    -3.5    -1.2    -0.7     0.0     4.07 R -9999.0 -9999.0     0.5 -9999.0 -9999.0 -9999.0 -99.000 -99.000 -99.000 -99.000 -99.000 -9999.0 -9999.0 -9999.0 -9999.0 -9999.0
94059 20041020  1.201 -105.21   48.49     0.2    -4.2    -2.0    -1.9     1.2     1.40 R -9999.0 -9999.0    -0.7 -9999.0 -9999.0 -9999.0 -99.000 -99.000 -99.000 -99.000 -99.000 -9999.0 -9999.0 -9999.0 -9999.0 -9999.0
94059 20041021  1.201 -105.21   48.49     3.5    -0.1     1.7     1.6     0.0     3.05 R -9999.0 -9999.0     3.0 -9999.0 -9999.0 -9999.0 -99.000 -99.000 -99.000 -99.000 -99.000 -9999.0 -9999.0 -9999.0 -9999.0 -9999.0
94059 20041022  1.201 -105.21   48.49     4.0     0.8     2.4     2.4     0.0     2.59 R -9999.0 -9999.0     3.4 -9999.0 -9999.0 -9999.0 -99.000 -99.000 -99.000 -99.000 -99.000 -9999.0 -9999.0 -9999.0 -9999.0 -9999.0
94059 20041023  1.201 -105.21   48.49    12.1     1.9     7.0     6.2     0.0     9.24 R -9999.0 -9999.0     5.6 -9999.0 -9999.0 -9999.0 -99.000 -99.000 -99.000 -99.000 -99.000 -9999.0 -9999.0 -9999.0 -9999.0 -9999.0
94059 20041024  1.201 -105.21   48.49     4.4    -2.5     1.0     0.5     0.0     6.49 R -9999.0 -9999.0     1.5 -9999.0 -9999.0 -9999.0 -99.000 -99.000 -99.000 -99.000 -99.000 -9999.0 -9999.0 -9999.0 -9999.0 -9999.0
94059 20041025  1.201 -105.21   48.49     8.9    -2.7     3.1     2.9     0.0    11.17 R -9999.0 -9999.0     1.6 -9999.0 -9999.0 -9999.0 -99.000 -99.000 -99.000 -99.000 -99.000 -9999.0 -9999.0 -9999.0 -9999.0 -9999.0
94059 20041026  1.201 -105.21   48.49     6.1    -1.3     2.4     2.3     0.0     4.34 R -9999.0 -9999.0     2.1 -9999.0 -9999.0 -9999.0 -99.000 -99.000 -99.000 -99.000 -99.000 -9999.0 -9999.0 -9999.0 -9999.0 -9999.0
94059 20041027  1.201 -105.21   48.49     6.0    -0.6     2.7     3.4     0.0     4.04 R -9999.0 -9999.0     4.1 -9999.0 -9999.0 -9999.0 -99.000 -99.000 -99.000 -99.000 -99.000 -9999.0 -9999.0 -9999.0 -9999.0 -9999.0
94059 20041028  1.201 -105.21   48.49     8.6     2.3     5.5     5.7     0.0     3.00 R -9999.0 -9999.0     6.7 -9999.0 -9999.0 -9999.0 -99.000 -99.000 -99.000 -99.000 -99.000 -9999.0 -9999.0 -9999.0 -9999.0 -9999.0
94059 20041029  1.201 -105.21   48.49     3.1    -2.5     0.3     0.0     0.0     4.93 R -9999.0 -9999.0     0.6 -9999.0 -9999.0 -9999.0 -99.000 -99.000 -99.000 -99.000 -99.000 -9999.0 -9999.0 -9999.0 -9999.0 -9999.0
94059 20041030  1.201 -105.21   48.49    11.2    -4.2     3.5     4.0     0.0     8.33 R -9999.0 -9999.0     2.2 -9999.0 -9999.0 -9999.0 -99.000 -99.000 -99.000 -99.000 -99.000 -9999.0 -9999.0 -9999.0 -9999.0 -9999.0
94059 20041031  1.201 -105.21   48.49     4.6    -3.9     0.4     1.3     0.0     3.49 R -9999.0 -9999.0    -0.1 -9999.0 -9999.0 -9999.0 -99.000 -99.000 -99.000 -99.000 -99.000 -9999.0 -9999.0 -9999.0 -9999.0 -9999.0
94059 20041101  1.201 -105.21   48.49     5.4    -6.7    -0.6    -0.4     0.0     9.67 R -9999.0 -9999.0    -0.5 -9999.0 -9999.0 -9999.0 -99.000 -99.000 -99.000 -99.000 -99.000 -9999.0 -9999.0 -9999.0 -9999.0 -9999.0
94059 20041102  1.201 -105.21   48.49    13.8    -3.7     5.1     5.4     0.0     9.00 R -9999.0 -9999.0     3.7 -9999.0 -9999.0 -9999.0 -99.000 -99.000 -99.000 -99.000 -99.000 -9999.0 -9999.0 -9999.0 -9999.0 -9999.0
94059 20041103  1.201 -105.21   48.49     9.1    -2.8     3.2     4.4     0.0     5.07 R -9999.0 -9999.0     3.0 -9999.0 -9999.0 -9999.0 -99.000 -99.000 -99.000 -99.000 -99.000 -9999.0 -9999.0 -9999.0 -9999.0 -9999.0
94059 20041104  1.201 -105.21   48.49     9.2    -3.9     2.7     2.6     0.0     8.98 R -9999.0 -9999.0     1.3 -9999.0 -9999.0 -9999.0 -99.000 -99.000 -99.000 -99.000 -99.000 -9999.0 -9999.0 -9999.0 -9999.0 -9999.0
94059 20041105  1.201 -105.21   48.49    16.0     1.8     8.9     8.9     0.0     6.47 R -9999.0 -9999.0     5.8 -9999.0 -9999.0 -9999.0 -99.000 -99.000 -99.000 -99.000 -99.000 -9999.0 -9999.0 -9999.0 -9999.0 -9999.0
94059 20041106  1.201 -105.21   48.49    11.6     2.0     6.8     7.6     0.0     4.94 R -9999.0 -9999.0     6.5 -9999.0 -9999.0 -9999.0 -99.000 -99.000 -99.000 -99.000 -99.000 -9999.0 -9999.0 -9999.0 -9999.0 -9999.0
94059 20041107  1.201 -105.21   48.49     2.0    -1.0     0.5     0.1     0.0     2.46 R -9999.0 -9999.0     1.4 -9999.0 -9999.0 -9999.0 -99.000 -99.000 -99.000 -99.000 -99.000 -9999.0 -9999.0 -9999.0 -9999.0 -9999.0
94059 20041108  1.201 -105.21   48.49     9.6    -4.0     2.8     3.1     0.0     8.24 R -9999.0 -9999.0     3.3 -9999.0 -9999.0 -9999.0 -99.000 -99.000 -99.000 -99.000 -99.000 -9999.0 -9999.0 -9999.0 -9999.0 -9999.0
94059 20041109  1.201 -105.21   48.49    13.0    -1.0     6.0     5.7     0.0     6.41 R -9999.0 -9999.0     4.4 -9999.0 -9999.0 -9999.0 -99.000 -99.000 -99.000 -99.000 -99.000 -9999.0 -9999.0 -9999.0 -9999.0 -9999.0
94059 20041110  1.201 -105.21   48.49     0.7    -6.2    -2.7    -2.3     0.0     8.57 R -9999.0 -9999.0    -2.0 -9999.0 -9999.0 -9999.0 -99.000 -99.000 -99.000 -99.000 -99.000 -9999.0 -9999.0 -9999.0 -9999.0 -9999.0
94059 20041111  1.201 -105.21   48.49     6.1    -6.5    -0.2     0.0     0.0     8.06 R -9999.0 -9999.0    -1.4 -9999.0 -9999.0 -9999.0 -99.000 -99.000 -99.000 -99.000 -99.000 -9999.0 -9999.0 -9999.0 -9999.0 -9999.0
94059 20041112  1.201 -105.21   48.49     7.3    -5.6     0.9     0.8     0.0     8.01 R -9999.0 -9999.0    -0.2 -9999.0 -9999.0 -9999.0 -99.000 -99.000 -99.000 -99.000 -99.000 -9999.0 -9999.0 -9999.0 -9999.0 -9999.0
94059 20041113  1.201 -105.21   48.49    10.1    -1.9     4.1     3.8     0.0     7.97 R -9999.0 -9999.0     2.1 -9999.0 -9999.0 -9999.0 -99.000 -99.000 -99.000 -99.000 -99.000 -9999.0 -9999.0 -9999.0 -9999.0 -9999.0
94059 20041114  1.201 -105.21   48.49     9.9    -4.0     3.0     2.5     0.0     7.85 R -9999.0 -9999.0     0.8 -9999.0 -9999.0 -9999.0 -99.000 -99.000 -99.000 -99.000 -99.000 -9999.0 -9999.0 -9999.0 -9999.0 -9999.0
94059 20041115  1.201 -105.21   48.49    12.6     0.2     6.4     6.6     0.0     6.27 R -9999.0 -9999.0     4.2 -9999.0 -9999.0 -9999.0 -99.000 -99.000 -99.000 -99.000 -99.000 -9999.0 -9999.0 -9999.0 -9999.0 -9999.0
94059 20041116  1.201 -105.21   48.49    10.8     4.6     7.7     7.6     0.0     5.63 R -9999.0 -9999.0     6.0 -9999.0 -9999.0 -9999.0 -99.000 -99.000 -99.000 -99.000 -99.000 -9999.0 -9999.0 -9999.0 -9999.0 -9999.0
94059 20041117  1.201 -105.21   48.49    11.5     1.8     6.7     5.9     0.0     7.40 R -9999.0 -9999.0     2.9 -9999.0 -9999.0 -9999.0 -99.000 -99.000 -99.000 -99.000 -99.000 -9999.0 -9999.0 -9999.0 -9999.0 -9999.0
94059 20041118  1.201 -105.21   48.49    12.5     0.3     6.4     5.5     0.0     7.06 R -9999.0 -9999.0     3.3 -9999.0 -9999.0 -9999.0 -99.000 -99.000 -99.000 -99.000 -99.000 -9999.0 -9999.0 -9999.0 -9999.0 -9999.0
94059 20041119  1.201 -105.21   48.49     4.6    -3.8     0.4     1.2     0.0     6.98 R -9999.0 -9999.0     1.4 -9999.0 -9999.0 -9999.0 -99.000 -99.000 -99.000 -99.000 -99.000 -9999.0 -9999.0 -9999.0 -9999.0 -9999.0
94059 20041120  1.201 -105.21   48.49     1.5    -9.6    -4.0    -4.4     0.0     7.15 R -9999.0 -9999.0    -4.6 -9999.0 -9999.0 -9999.0 -99.000 -99.000 -99.000 -99.000 -99.000 -9999.0 -9999.0 -9999.0 -9999.0 -9999.0
94059 20041121  1.201 -105.21   48.49     4.2    -7.6    -1.7    -1.0     0.0     2.32 R -9999.0 -9999.0    -2.1 -9999.0 -9999.0 -9999.0 -99.000 -99.000 -99.000 -99.000 -99.000 -9999.0 -9999.0 -9999.0 -9999.0 -9999.0
94059 20041122  1.201 -105.21   48.49     3.1    -7.5    -2.2    -1.6     1.1     0.86 R -9999.0 -9999.0    -2.5 -9999.0 -9999.0 -9999.0 -99.000 -99.000 -99.000 -99.000 -99.000 -9999.0 -9999.0 -9999.0 -9999.0 -9999.0
94059 20041123  1.201 -105.21   48.49    -3.4   -11.2    -7.3    -7.3     0.0     2.69 R -9999.0 -9999.0    -7.6 -9999.0 -9999.0 -9999.0 -99.000 -99.000 -99.000 -99.000 -99.000 -9999.0 -9999.0 -9999.0 -9999.0 -9999.0
94059 20041124  1.201 -105.21   48.49    -0.1   -10.2    -5.1    -4.2     0.0     5.15 R -9999.0 -9999.0    -5.4 -9999.0 -9999.0 -9999.0 -99.000 -99.000 -99.000 -99.000 -99.000 -9999.0 -9999.0 -9999.0 -9999.0 -9999.0
94059 20041125  1.201 -105.21   48.49     4.7    -1.8     1.5     1.4     3.8     4.06 R -9999.0 -9999.0     1.0 -9999.0 -9999.0 -9999.0 -99.000 -99.000 -99.000 -99.000 -99.000 -9999.0 -9999.0 -9999.0 -9999.0 -9999.0
94059 20041126  1.201 -105.21   48.49    -0.3    -8.2    -4.2    -4.3     0.0     3.07 R -9999.0 -9999.0    -5.0 -9999.0 -9999.0 -9999.0 -99.000 -99.000 -99.000 -99.000 -99.000 -9999.0 -9999.0 -9999.0 -9999.0 -9999.0
94059 20041127  1.201 -105.21   48.49    -3.5   -11.3    -7.4    -6.9     0.0     6.33 R -9999.0 -9999.0    -8.5 -9999.0 -9999.0 -9999.0 -99.000 -99.000 -99.000 -99.000 -99.000 -9999.0 -9999.0 -9999.0 -9999.0 -9999.0
94059 20041128  1.201 -105.21   48.49    -4.1    -9.9    -7.0    -7.0     0.0     3.25 R -9999.0 -9999.0    -7.5 -9999.0 -9999.0 -9999.0 -99.000 -99.000 -99.000 -99.000 -99.000 -9999.0 -9999.0 -9999.0 -9999.0 -9999.0
94059 20041129  1.201 -105.21   48.49    -2.4    -9.4    -5.9    -5.6     0.0     5.99 R -9999.0 -9999.0    -7.7 -9999.0 -9999.0 -9999.0 -99.000 -99.000 -99.000 -99.000 -99.000 -9999.0 -9999.0 -9999.0 -9999.0 -9999.0
94059 20041130  1.201 -105.21   48.49     0.3    -7.9    -3.8    -4.1     0.0     5.58 R -9999.0 -9999.0    -6.1 -9999.0 -9999.0 -9999.0 -99.000 -99.000 -99.000 -99.000 -99.000 -9999.0 -9999.0 -9999.0 -9999.0 -9999.0
94059 20041201  1.201 -105.21   48.49     0.4    -6.4    -3.0    -3.1     0.0     5.18 R -9999.0 -9999.0    -4.2 -9999.0 -9999.0 -9999.0 -99.000 -99.000 -99.000 -99.000 -99.000 -9999.0 -9999.0 -9999.0 -9999.0 -9999.0
94059 20041202  1.201 -105.21   48.49     1.2    -6.7    -2.7    -2.0     0.0     2.69 R -9999.0 -9999.0    -3.4 -9999.0 -9999.0 -9999.0 -99.000 -99.000 -99.000 -99.000 -99.000 -9999.0 -9999.0 -9999.0 -9999.0 -9999.0
94059 20041203  1.201 -105.21   48.49     4.8    -2.5     1.2     1.9     0.0     2.78 R -9999.0 -9999.0    -0.2 -9999.0 -9999.0 -9999.0 -99.000 -99.000 -99.000 -99.000 -99.000 -9999.0 -9999.0 -9999.0 -9999.0 -9999.0
94059 20041204  1.201 -105.21   48.49     3.7    -8.7    -2.5    -0.8     0.3     2.02 R -9999.0 -9999.0    -1.0 -9999.0 -9999.0 -9999.0 -99.000 -99.000 -99.000 -99.000 -99.000 -9999.0 -9999.0 -9999.0 -9999.0 -9999.0
94059 20041205  1.201 -105.21   48.49    -6.8   -10.7    -8.7    -8.8     0.0     1.49 R -9999.0 -9999.0    -7.9 -9999.0 -9999.0 -9999.0 -99.000 -99.000 -99.000 -99.000 -99.000 -9999.0 -9999.0 -9999.0 -9999.0 -9999.0
94059 20041206  1.201 -105.21   48.49    -4.1   -11.9    -8.0    -7.2     0.0     1.02 R -9999.0 -9999.0    -6.1 -9999.0 -9999.0 -9999.0 -99.000 -99.000 -99.000 -99.000 -99.000 -9999.0 -9999.0 -9999.0 -9999.0 -9999.0
94059 20041207  1.201 -105.21   48.49    -3.9   -12.6    -8.2    -8.3     0.0     0.73 R -9999.0 -9999.0    -7.5 -9999.0 -9999.0 -9999.0 -99.000 -99.000 -99.000 -99.000 -99.000 -9999.0 -9999.0 -9999.0 -9999.0 -9999.0
94059 20041208  1.201 -105.21   48.49    -2.7   -12.9    -7.8    -7.9     0.0     0.81 R -9999.0 -9999.0    -7.3 -9999.0 -9999.0 -9999.0 -99.000 -99.000 -99.000 -99.000 -99.000 -9999.0 -9999.0 -9999.0 -9999.0 -9999.0
94059 20041209  1.201 -105.21   48.49    -2.5   -10.8    -6.6    -6.3     0.0     3.57 R -9999.0 -9999.0    -6.9 -9999.0 -9999.0 -9999.0 -99.000 -99.000 -99.000 -99.000 -99.000 -9999.0 -9999.0 -9999.0 -9999.0 -9999.0
94059 20041210  1.201 -105.21   48.49     3.1    -9.6    -3.2    -2.2     0.0     5.12 R -9999.0 -9999.0    -4.0 -9999.0 -9999.0 -9999.0 -99.000 -99.000 -99.000 -99.000 -99.000 -9999.0 -9999.0 -9999.0 -9999.0 -9999.0
94059 20041211  1.201 -105.21   48.49    14.0    -1.2     6.4     5.2     0.0     2.45 R -9999.0 -9999.0     2.3 -9999.0 -9999.0 -9999.0 -99.000 -99.000 -99.000 -99.000 -99.000 -9999.0 -9999.0 -9999.0 -9999.0 -9999.0
94059 20041212  1.201 -105.21   48.49    -0.6    -8.7    -4.6    -4.4     0.0     4.12 R -9999.0 -9999.0    -4.9 -9999.0 -9999.0 -9999.0 -99.000 -99.000 -99.000 -99.000 -99.000 -9999.0 -9999.0 -9999.0 -9999.0 -9999.0
94059 20041213  1.201 -105.21   48.49    -0.6    -9.4    -5.0    -5.4     0.0     5.69 R -9999.0 -9999.0    -6.1 -9999.0 -9999.0 -9999.0 -99.000 -99.000 -99.000 -99.000 -99.000 -9999.0 -9999.0 -9999.0 -9999.0 -9999.0
94059 20041214  1.201 -105.21   48.49     7.0    -5.6     0.7     0.3     0.0     3.77 R -9999.0 -9999.0    -2.1 -9999.0 -9999.0 -9999.0 -99.000 -99.000 -99.000 -99.000 -99.000 -9999.0 -9999.0 -9999.0 -9999.0 -9999.0
94059 20041215  1.201 -105.21   48.49     5.9    -1.9     2.0     1.8     0.2     4.11 R -9999.0 -9999.0     0.3 -9999.0 -9999.0 -9999.0 -99.000 -99.000 -99.000 -99.000 -99.000 -9999.0 -9999.0 -9999.0 -9999.0 -9999.0
94059 20041216  1.201 -105.21   48.49     2.0    -5.5    -1.7    -2.2     0.0     3.97 R -9999.0 -9999.0    -3.4 -9999.0 -9999.0 -9999.0 -99.000 -99.000 -99.000 -99.000 -99.000 -9999.0 -9999.0 -9999.0 -9999.0 -9999.0
94059 20041217  1.201 -105.21   48.49     7.3    -2.2     2.6     3.0     0.0     4.74 R -9999.0 -9999.0     0.4 -9999.0 -9999.0 -9999.0 -99.000 -99.000 -99.000 -99.000 -99.000 -9999.0 -9999.0 -9999.0 -9999.0 -9999.0
94059 20041218  1.201 -105.21   48.49     0.0   -11.9    -5.9    -7.6     0.0     1.41 R -9999.0 -9999.0    -6.7 -9999.0 -9999.0 -9999.0 -99.000 -99.000 -99.000 -99.000 -99.000 -9999.0 -9999.0 -9999.0 -9999.0 -9999.0
94059 20041219  1.201 -105.21   48.49    12.6   -11.0     0.8     0.8     0.0     2.19 R -9999.0 -9999.0    -1.3 -9999.0 -9999.0 -9999.0 -99.000 -99.000 -99.000 -99.000 -99.000 -9999.0 -9999.0 -9999.0 -9999.0 -9999.0
94059 20041220  1.201 -105.21   48.49     2.8   -17.6    -7.4    -8.1     0.3     1.45 R -9999.0 -9999.0    -8.3 -9999.0 -9999.0 -9999.0 -99.000 -99.000 -99.000 -99.000 -99.000 -9999.0 -9999.0 -9999.0 -9999.0 -9999.0
94059 20041221  1.201 -105.21   48.49   -16.8   -21.6   -19.2   -18.9     1.0     4.39 R -9999.0 -9999.0   -18.8 -9999.0 -9999.0 -9999.0 -99.000 -99.000 -99.000 -99.000 -99.000 -9999.0 -9999.0 -9999.0 -9999.0 -9999.0
94059 20041222  1.201 -105.21   48.49   -16.4   -26.6   -21.5   -20.0     0.0     2.95 R -9999.0 -9999.0   -20.0 -9999.0 -9999.0 -9999.0 -99.000 -99.000 -99.000 -99.000 -99.000 -9999.0 -9999.0 -9999.0 -9999.0 -9999.0
94059 20041223  1.201 -105.21   48.49   -14.5   -29.5   -22.0   -23.1     0.6     4.81 R -9999.0 -9999.0   -23.2 -9999.0 -9999.0 -9999.0 -99.000 -99.000 -99.000 -99.000 -99.000 -9999.0 -9999.0 -9999.0 -9999.0 -9999.0
94059 20041224  1.201 -105.21   48.49     2.5   -14.3    -5.9    -3.1     0.3     3.67 R -9999.0 -9999.0    -5.0 -9999.0 -9999.0 -9999.0 -99.000 -99.000 -99.000 -99.000 -99.000 -9999.0 -9999.0 -9999.0 -9999.0 -9999.0
94059 20041225  1.201 -105.21   48.49     1.9   -10.5    -4.3    -2.7     0.0     4.52 R -9999.0 -9999.0    -4.8 -9999.0 -9999.0 -9999.0 -99.000 -99.000 -99.000 -99.000 -99.000 -9999.0 -9999.0 -9999.0 -9999.0 -9999.0
94059 20041226  1.201 -105.21   48.49    -7.6   -15.9   -11.7   -10.1     0.9     1.84 R -9999.0 -9999.0    -9.4 -9999.0 -9999.0 -9999.0 -99.000 -99.000 -99.000 -99.000 -99.000 -9999.0 -9999.0 -9999.0 -9999.0 -9999.0
94059 20041227  1.201 -105.21   48.49    -8.8   -16.5   -12.6   -13.5     0.2     2.65 R -9999.0 -9999.0   -12.6 -9999.0 -9999.0 -9999.0 -99.000 -99.000 -99.000 -99.000 -99.000 -9999.0 -9999.0 -9999.0 -9999.0 -9999.0
94059 20041228  1.201 -105.21   48.49    -0.4   -12.7    -6.5    -6.6     0.0     5.78 R -9999.0 -9999.0   -10.2 -9999.0 -9999.0 -9999.0 -99.000 -99.000 -99.000 -99.000 -99.000 -9999.0 -9999.0 -9999.0 -9999.0 -9999.0
94059 20041229  1.201 -105.21   48.49     2.7   -10.0    -3.6    -3.4     0.0     3.92 R -9999.0 -9999.0    -7.4 -9999.0 -9999.0 -9999.0 -99.000 -99.000 -99.000 -99.000 -99.000 -9999.0 -9999.0 -9999.0 -9999.0 -9999.0
94059 20041230  1.201 -105.21   48.49    -9.7   -17.3   -13.5   -12.8     9.1     1.38 R -9999.0 -9999.0   -12.3 -9999.0 -9999.0 -9999.0 -99.000 -99.000 -99.000 -99.000 -99.000 -9999.0 -9999.0 -9999.0 -9999.0 -9999.0
94059 20041231  1.201 -105.21   48.49   -16.4   -20.1   -18.2   -17.8     0.8     4.47 R -9999.0 -9999.0   -17.1 -9999.0 -9999.0 -9999.0 -99.000 -99.000 -99.000 -99.000 -99.000 -9999.0 -9999.0 -9999.0 -9999.0 -9999.0
