27516 20040101  1.200 -156.61   71.32   -11.5   -19.7   -15.6   -17.3     0.0     0.00 R -9999.0 -9999.0   -18.7 -9999.0 -9999.0 -9999.0 -99.000 -99.000 -99.000 -99.000 -99.000 -9999.0 -9999.0 -9999.0 -9999.0 -9999.0
27516 20040102  1.200 -156.61   71.32    -1.8   -15.9    -8.8    -8.0     1.1     0.00 R -9999.0 -9999.0    -9.1 -9999.0 -9999.0 -9999.0 -99.000 -99.000 -99.000 -99.000 -99.000 -9999.0 -9999.0 -9999.0 -9999.0 -9999.0
27516 20040103  1.200 -156.61   71.32    -1.6    -9.2    -5.4    -3.1     0.0     0.00 R -9999.0 -9999.0    -4.2 -9999.0 -9999.0 -9999.0 -99.000 -99.000 -99.000 -99.000 -99.000 -9999.0 -9999.0 -9999.0 -9999.0 -9999.0
27516 20040104  1.200 -156.61   71.32    -1.7   -11.4    -6.5    -6.1     2.1     0.00 R -9999.0 -9999.0    -7.7 -9999.0 -9999.0 -9999.0 -99.000 -99.000 -99.000 -99.000 -99.000 -9999.0 -9999.0 -9999.0 -9999.0 -9999.0
27516 20040105  1.200 -156.61   71.32   -11.4   -18.3   -14.8   -14.6     0.5     0.00 R -9999.0 -9999.0   -16.7 -9999.0 -9999.0 -9999.0 -99.000 -99.000 -99.000 -99.000 -99.000 -9999.0 -9999.0 -9999.0 -9999.0 -9999.0
27516 20040106  1.200 -156.61   71.32   -18.2   -25.9   -22.0   -21.8     0.8     0.00 R -9999.0 -9999.0   -24.3 -9999.0 -9999.0 -9999.0 -99.000 -99.000 -99.000 -99.000 -99.000 -9999.0 -9999.0 -9999.0 -9999.0 -9999.0
27516 20040107  1.200 -156.61   71.32   -23.9   -28.3   -26.1   -25.9     0.0     0.00 R -9999.0 -9999.0   -28.8 -9999.0 -9999.0 -9999.0 -99.000 -99.000 -99.000 -99.000 -99.000 -9999.0 -9999.0 -9999.0 -9999.0 -9999.0
27516 20040108  1.200 -156.61   71.32   -25.8   -28.8   -27.3   -27.3     0.0     0.00 R -9999.0 -9999.0   -28.8 -9999.0 -9999.0 -9999.0 -99.000 -99.000 -99.000 -99.000 -99.000 -9999.0 -9999.0 -9999.0 -9999.0 -9999.0
27516 20040109  1.200 -156.61   71.32   -23.0   -26.0   -24.5   -24.4     0.0     0.00 R -9999.0 -9999.0   -25.5 -9999.0 -9999.0 -9999.0 -99.000 -99.000 -99.000 -99.000 -99.000 -9999.0 -9999.0 -9999.0 -9999.0 -9999.0
27516 20040110  1.200 -156.61   71.32   -18.5   -23.2   -20.8   -21.1     0.0     0.00 R -9999.0 -9999.0   -21.7 -9999.0 -9999.0 -9999.0 -99.000 -99.000 -99.000 -99.000 -99.000 -9999.0 -9999.0 -9999.0 -9999.0 -9999.0
27516 20040111  1.200 -156.61   71.32   -18.3   -21.1   -19.7   -19.4     0.2     0.00 R -9999.0 -9999.0   -19.8 -9999.0 -9999.0 -9999.0 -99.000 -99.000 -99.000 -99.000 -99.000 -9999.0 -9999.0 -9999.0 -9999.0 -9999.0
27516 20040112  1.200 -156.61   71.32   -19.3   -24.2   -21.7   -20.5     1.2     0.00 R -9999.0 -9999.0   -21.2 -9999.0 -9999.0 -9999.0 -99.000 -99.000 -99.000 -99.000 -99.000 -9999.0 -9999.0 -9999.0 -9999.0 -9999.0
27516 20040113  1.200 -156.61   71.32   -23.9   -29.1   -26.5   -26.8     0.8     0.00 R -9999.0 -9999.0   -29.4 -9999.0 -9999.0 -9999.0 -99.000 -99.000 -99.000 -99.000 -99.000 -9999.0 -9999.0 -9999.0 -9999.0 -9999.0
27516 20040114  1.200 -156.61   71.32   -23.3   -29.3   -26.3   -26.6     0.0     0.00 R -9999.0 -9999.0   -29.1 -9999.0 -9999.0 -9999.0 -99.000 -99.000 -99.000 -99.000 -99.000 -9999.0 -9999.0 -9999.0 -9999.0 -9999.0
27516 20040115  1.200 -156.61   71.32   -27.5   -33.0   -30.2   -31.2     0.0     0.00 R -9999.0 -9999.0   -33.8 -9999.0 -9999.0 -9999.0 -99.000 -99.000 -99.000 -99.000 -99.000 -9999.0 -9999.0 -9999.0 -9999.0 -9999.0
27516 20040116  1.200 -156.61   71.32   -29.9   -32.8   -31.3   -31.2     0.0     0.00 R -9999.0 -9999.0   -33.2 -9999.0 -9999.0 -9999.0 -99.000 -99.000 -99.000 -99.000 -99.000 -9999.0 -9999.0 -9999.0 -9999.0 -9999.0
27516 20040117  1.200 -156.61   71.32   -27.5   -30.0   -28.7   -28.4     0.0     0.00 R -9999.0 -9999.0   -29.7 -9999.0 -9999.0 -9999.0 -99.000 -99.000 -99.000 -99.000 -99.000 -9999.0 -9999.0 -9999.0 -9999.0 -9999.0
27516 20040118  1.200 -156.61   71.32   -25.3   -28.2   -26.7   -26.8     0.0     0.00 R -9999.0 -9999.0   -28.0 -9999.0 -9999.0 -9999.0 -99.000 -99.000 -99.000 -99.000 -99.000 -9999.0 -9999.0 -9999.0 -9999.0 -9999.0
27516 20040119  1.200 -156.61   71.32   -24.7   -28.1   -26.4   -26.7     0.9     0.00 R -9999.0 -9999.0   -28.1 -9999.0 -9999.0 -9999.0 -99.000 -99.000 -99.000 -99.000 -99.000 -9999.0 -9999.0 -9999.0 -9999.0 -9999.0
27516 20040120  1.200 -156.61   71.32   -24.4   -27.4   -25.9   -25.8     0.0     0.00 R -9999.0 -9999.0   -27.1 -9999.0 -9999.0 -9999.0 -99.000 -99.000 -99.000 -99.000 -99.000 -9999.0 -9999.0 -9999.0 -9999.0 -9999.0
27516 20040121  1.200 -156.61   71.32   -25.9   -31.3   -28.6   -28.3     0.2     0.00 R -9999.0 -9999.0   -29.7 -9999.0 -9999.0 -9999.0 -99.000 -99.000 -99.000 -99.000 -99.000 -9999.0 -9999.0 -9999.0 -9999.0 -9999.0
27516 20040122  1.200 -156.61   71.32   -26.9   -31.1   -29.0   -28.9     2.1     0.00 R -9999.0 -9999.0   -30.0 -9999.0 -9999.0 -9999.0 -99.000 -99.000 -99.000 -99.000 -99.000 -9999.0 -9999.0 -9999.0 -9999.0 -9999.0
27516 20040123  1.200 -156.61   71.32   -29.8   -33.9   -31.8   -31.8     0.0     0.00 R -9999.0 -9999.0   -33.5 -9999.0 -9999.0 -9999.0 -99.000 -99.000 -99.000 -99.000 -99.000 -9999.0 -9999.0 -9999.0 -9999.0 -9999.0
27516 20040124  1.200 -156.61   71.32   -20.7   -33.8   -27.2   -26.8     1.5     0.00 R -9999.0 -9999.0   -27.5 -9999.0 -9999.0 -9999.0 -99.000 -99.000 -99.000 -99.000 -99.000 -9999.0 -9999.0 -9999.0 -9999.0 -9999.0
27516 20040125  1.200 -156.61   71.32   -20.0   -26.3   -23.1   -23.3     3.8     0.00 R -9999.0 -9999.0   -23.9 -9999.0 -9999.0 -9999.0 -99.000 -99.000 -99.000 -99.000 -99.000 -9999.0 -9999.0 -9999.0 -9999.0 -9999.0
27516 20040126  1.200 -156.61   71.32   -26.1   -28.1   -27.1   -27.1     0.0     0.00 R -9999.0 -9999.0   -28.1 -9999.0 -9999.0 -9999.0 -99.000 -99.000 -99.000 -99.000 -99.000 -9999.0 -9999.0 -9999.0 -9999.0 -9999.0
27516 20040127  1.200 -156.61   71.32   -23.2   -28.0   -25.6   -26.1     0.0     0.00 R -9999.0 -9999.0   -27.6 -9999.0 -9999.0 -9999.0 -99.000 -99.000 -99.000 -99.000 -99.000 -9999.0 -9999.0 -9999.0 -9999.0 -9999.0
27516 20040128  1.200 -156.61   71.32   -16.3   -28.6   -22.4   -21.7     0.0     0.06 R -9999.0 -9999.0   -23.7 -9999.0 -9999.0 -9999.0 -99.000 -99.000 -99.000 -99.000 -99.000 -9999.0 -9999.0 -9999.0 -9999.0 -9999.0
27516 20040129  1.200 -156.61   71.32   -15.8   -19.9   -17.8   -17.8     0.0     0.00 R -9999.0 -9999.0   -18.2 -9999.0 -9999.0 -9999.0 -99.000 -99.000 -99.000 -99.000 -99.000 -9999.0 -9999.0 -9999.0 -9999.0 -9999.0
27516 20040130  1.200 -156.61   71.32   -18.2   -20.9   -19.5   -19.5     0.0     0.00 R -9999.0 -9999.0   -20.3 -9999.0 -9999.0 -9999.0 -99.000 -99.000 -99.000 -99.000 -99.000 -9999.0 -9999.0 -9999.0 -9999.0 -9999.0
27516 20040131  1.200 -156.61   71.32   -20.2   -30.2   -25.2   -25.7     0.0     0.00 R -9999.0 -9999.0   -26.5 -9999.0 -9999.0 -9999.0 -99.000 -99.000 -99.000 -99.000 -99.000 -9999.0 -9999.0 -9999.0 -9999.0 -9999.0
27516 20040201  1.200 -156.61   71.32   -28.8   -32.9   -30.8   -30.9     0.0     0.04 R -9999.0 -9999.0   -32.0 -9999.0 -9999.0 -9999.0 -99.000 -99.000 -99.000 -99.000 -99.000 -9999.0 -9999.0 -9999.0 -9999.0 -9999.0
27516 20040202  1.200 -156.61   71.32   -30.3 -9999.0 -9999.0   -33.5     0.2     0.03 R -9999.0 -9999.0   -35.3 -9999.0 -9999.0 -9999.0 -99.000 -99.000 -99.000 -99.000 -99.000 -9999.0 -9999.0 -9999.0 -9999.0 -9999.0
27516 20040203  1.200 -156.61   71.32   -32.4   -38.3   -35.3   -36.3     0.0     0.29 R -9999.0 -9999.0   -37.8 -9999.0 -9999.0 -9999.0 -99.000 -99.000 -99.000 -99.000 -99.000 -9999.0 -9999.0 -9999.0 -9999.0 -9999.0
27516 20040204  1.200 -156.61   71.32   -29.3   -38.1   -33.7   -31.4     0.3     0.00 R -9999.0 -9999.0   -31.8 -9999.0 -9999.0 -9999.0 -99.000 -99.000 -99.000 -99.000 -99.000 -9999.0 -9999.0 -9999.0 -9999.0 -9999.0
27516 20040205  1.200 -156.61   71.32   -28.9   -33.0   -30.9   -30.6     0.0     0.05 R -9999.0 -9999.0   -31.1 -9999.0 -9999.0 -9999.0 -99.000 -99.000 -99.000 -99.000 -99.000 -9999.0 -9999.0 -9999.0 -9999.0 -9999.0
27516 20040206  1.200 -156.61   71.32   -32.0   -33.5   -32.7   -32.8     0.0     0.08 R -9999.0 -9999.0   -33.4 -9999.0 -9999.0 -9999.0 -99.000 -99.000 -99.000 -99.000 -99.000 -9999.0 -9999.0 -9999.0 -9999.0 -9999.0
27516 20040207  1.200 -156.61   71.32   -32.3   -35.7   -34.0   -33.7     0.0     0.57 R -9999.0 -9999.0   -34.3 -9999.0 -9999.0 -9999.0 -99.000 -99.000 -99.000 -99.000 -99.000 -9999.0 -9999.0 -9999.0 -9999.0 -9999.0
27516 20040208  1.200 -156.61   71.32   -34.6   -38.4   -36.5   -36.9     0.0     0.64 R -9999.0 -9999.0   -37.6 -9999.0 -9999.0 -9999.0 -99.000 -99.000 -99.000 -99.000 -99.000 -9999.0 -9999.0 -9999.0 -9999.0 -9999.0
27516 20040209  1.200 -156.61   71.32   -25.4   -37.5   -31.4   -33.4     3.5     0.04 R -9999.0 -9999.0   -33.9 -9999.0 -9999.0 -9999.0 -99.000 -99.000 -99.000 -99.000 -99.000 -9999.0 -9999.0 -9999.0 -9999.0 -9999.0
27516 20040210  1.200 -156.61   71.32   -22.5   -25.7   -24.1   -24.4    21.8     0.22 R -9999.0 -9999.0   -24.6 -9999.0 -9999.0 -9999.0 -99.000 -99.000 -99.000 -99.000 -99.000 -9999.0 -9999.0 -9999.0 -9999.0 -9999.0
27516 20040211  1.200 -156.61   71.32   -24.4   -27.2   -25.8   -26.0    42.3     0.30 R -9999.0 -9999.0   -26.2 -9999.0 -9999.0 -9999.0 -99.000 -99.000 -99.000 -99.000 -99.000 -9999.0 -9999.0 -9999.0 -9999.0 -9999.0
27516 20040212  1.200 -156.61   71.32   -23.1   -26.6   -24.8   -24.4    24.5     0.47 R -9999.0 -9999.0   -24.9 -9999.0 -9999.0 -9999.0 -99.000 -99.000 -99.000 -99.000 -99.000 -9999.0 -9999.0 -9999.0 -9999.0 -9999.0
27516 20040213  1.200 -156.61   71.32   -24.6   -27.7   -26.1   -26.1     0.9     1.26 R -9999.0 -9999.0   -27.5 -9999.0 -9999.0 -9999.0 -99.000 -99.000 -99.000 -99.000 -99.000 -9999.0 -9999.0 -9999.0 -9999.0 -9999.0
27516 20040214  1.200 -156.61   71.32   -23.5   -29.5   -26.5   -26.8     0.2     1.25 R -9999.0 -9999.0   -29.6 -9999.0 -9999.0 -9999.0 -99.000 -99.000 -99.000 -99.000 -99.000 -9999.0 -9999.0 -9999.0 -9999.0 -9999.0
27516 20040215  1.200 -156.61   71.32   -25.9   -30.1   -28.0   -27.6     0.0     1.30 R -9999.0 -9999.0   -29.8 -9999.0 -9999.0 -9999.0 -99.000 -99.000 -99.000 -99.000 -99.000 -9999.0 -9999.0 -9999.0 -9999.0 -9999.0
27516 20040216  1.200 -156.61   71.32   -26.8   -31.9   -29.3   -29.1     0.0     1.65 R -9999.0 -9999.0   -30.9 -9999.0 -9999.0 -9999.0 -99.000 -99.000 -99.000 -99.000 -99.000 -9999.0 -9999.0 -9999.0 -9999.0 -9999.0
27516 20040217  1.200 -156.61   71.32   -28.2   -33.0   -30.6   -30.4     0.6     1.92 R -9999.0 -9999.0   -32.5 -9999.0 -9999.0 -9999.0 -99.000 -99.000 -99.000 -99.000 -99.000 -9999.0 -9999.0 -9999.0 -9999.0 -9999.0
27516 20040218  1.200 -156.61   71.32   -26.8   -34.3   -30.5   -29.3     0.0     1.74 R -9999.0 -9999.0   -31.4 -9999.0 -9999.0 -9999.0 -99.000 -99.000 -99.000 -99.000 -99.000 -9999.0 -9999.0 -9999.0 -9999.0 -9999.0
27516 20040219  1.200 -156.61   71.32   -30.1   -40.4   -35.2   -36.1     0.0     2.68 R -9999.0 -9999.0   -37.6 -9999.0 -9999.0 -9999.0 -99.000 -99.000 -99.000 -99.000 -99.000 -9999.0 -9999.0 -9999.0 -9999.0 -9999.0
27516 20040220  1.200 -156.61   71.32   -30.8   -40.4   -35.6   -35.3     0.2     3.05 R -9999.0 -9999.0   -36.4 -9999.0 -9999.0 -9999.0 -99.000 -99.000 -99.000 -99.000 -99.000 -9999.0 -9999.0 -9999.0 -9999.0 -9999.0
27516 20040221  1.200 -156.61   71.32   -29.5   -32.3   -30.9   -31.0     0.3     3.20 R -9999.0 -9999.0   -32.2 -9999.0 -9999.0 -9999.0 -99.000 -99.000 -99.000 -99.000 -99.000 -9999.0 -9999.0 -9999.0 -9999.0 -9999.0
27516 20040222  1.200 -156.61   71.32   -29.4   -31.7   -30.5   -30.6     0.0     3.01 R -9999.0 -9999.0   -31.9 -9999.0 -9999.0 -9999.0 -99.000 -99.000 -99.000 -99.000 -99.000 -9999.0 -9999.0 -9999.0 -9999.0 -9999.0
27516 20040223  1.200 -156.61   71.32   -26.1   -30.5   -28.3   -28.3     0.4     1.19 R -9999.0 -9999.0   -29.7 -9999.0 -9999.0 -9999.0 -99.000 -99.000 -99.000 -99.000 -99.000 -9999.0 -9999.0 -9999.0 -9999.0 -9999.0
27516 20040224  1.200 -156.61   71.32   -27.3   -30.4   -28.8   -28.7     0.0     2.28 R -9999.0 -9999.0   -30.4 -9999.0 -9999.0 -9999.0 -99.000 -99.000 -99.000 -99.000 -99.000 -9999.0 -9999.0 -9999.0 -9999.0 -9999.0
27516 20040225  1.200 -156.61   71.32   -28.8   -37.0   -32.9   -33.3     0.0     2.81 R -9999.0 -9999.0   -35.1 -9999.0 -9999.0 -9999.0 -99.000 -99.000 -99.000 -99.000 -99.000 -9999.0 -9999.0 -9999.0 -9999.0 -9999.0
27516 20040226  1.200 -156.61   71.32   -33.2   -37.9   -35.5   -35.7     1.2     3.22 R -9999.0 -9999.0   -38.4 -9999.0 -9999.0 -9999.0 -99.000 -99.000 -99.000 -99.000 -99.000 -9999.0 -9999.0 -9999.0 -9999.0 -9999.0
27516 20040227  1.200 -156.61   71.32   -32.8   -38.9   -35.8   -35.4     0.0     3.44 R -9999.0 -9999.0   -38.2 -9999.0 -9999.0 -9999.0 -99.000 -99.000 -99.000 -99.000 -99.000 -9999.0 -9999.0 -9999.0 -9999.0 -9999.0
27516 20040228  1.200 -156.61   71.32   -31.7   -35.6   -33.6   -33.3     0.0     3.86 R -9999.0 -9999.0   -34.6 -9999.0 -9999.0 -9999.0 -99.000 -99.000 -99.000 -99.000 -99.000 -9999.0 -9999.0 -9999.0 -9999.0 -9999.0
27516 20040229  1.200 -156.61   71.32   -31.5   -36.3   -33.9   -34.1     0.2     4.58 R -9999.0 -9999.0   -35.9 -9999.0 -9999.0 -9999.0 -99.000 -99.000 -99.000 -99.000 -99.000 -9999.0 -9999.0 -9999.0 -9999.0 -9999.0
27516 20040301  1.200 -156.61   71.32   -27.9   -35.5   -31.7   -32.0     0.2     4.82 R -9999.0 -9999.0   -33.7 -9999.0 -9999.0 -9999.0 -99.000 -99.000 -99.000 -99.000 -99.000 -9999.0 -9999.0 -9999.0 -9999.0 -9999.0
27516 20040302  1.200 -156.61   71.32   -19.0   -28.0   -23.5   -22.6     0.0     4.55 R -9999.0 -9999.0   -24.4 -9999.0 -9999.0 -9999.0 -99.000 -99.000 -99.000 -99.000 -99.000 -9999.0 -9999.0 -9999.0 -9999.0 -9999.0
27516 20040303  1.200 -156.61   71.32   -17.5   -20.5   -19.0   -19.0     0.9     4.39 R -9999.0 -9999.0   -20.5 -9999.0 -9999.0 -9999.0 -99.000 -99.000 -99.000 -99.000 -99.000 -9999.0 -9999.0 -9999.0 -9999.0 -9999.0
27516 20040304  1.200 -156.61   71.32   -19.6   -25.1   -22.3   -22.5     0.3     4.43 R -9999.0 -9999.0   -24.5 -9999.0 -9999.0 -9999.0 -99.000 -99.000 -99.000 -99.000 -99.000 -9999.0 -9999.0 -9999.0 -9999.0 -9999.0
27516 20040305  1.200 -156.61   71.32   -23.3   -35.1   -29.2   -29.3     0.3     4.65 R -9999.0 -9999.0   -31.7 -9999.0 -9999.0 -9999.0 -99.000 -99.000 -99.000 -99.000 -99.000 -9999.0 -9999.0 -9999.0 -9999.0 -9999.0
27516 20040306  1.200 -156.61   71.32   -34.8   -39.2   -37.0   -36.4     0.3     5.09 R -9999.0 -9999.0   -38.4 -9999.0 -9999.0 -9999.0 -99.000 -99.000 -99.000 -99.000 -99.000 -9999.0 -9999.0 -9999.0 -9999.0 -9999.0
27516 20040307  1.200 -156.61   71.32   -25.4   -34.7   -30.0   -27.2     1.9     3.27 R -9999.0 -9999.0   -28.7 -9999.0 -9999.0 -9999.0 -99.000 -99.000 -99.000 -99.000 -99.000 -9999.0 -9999.0 -9999.0 -9999.0 -9999.0
27516 20040308  1.200 -156.61   71.32   -25.2   -31.6   -28.4   -28.0     0.0     5.00 R -9999.0 -9999.0   -28.0 -9999.0 -9999.0 -9999.0 -99.000 -99.000 -99.000 -99.000 -99.000 -9999.0 -9999.0 -9999.0 -9999.0 -9999.0
27516 20040309  1.200 -156.61   71.32   -30.3   -35.7   -33.0   -32.8     0.0     5.35 R -9999.0 -9999.0   -34.1 -9999.0 -9999.0 -9999.0 -99.000 -99.000 -99.000 -99.000 -99.000 -9999.0 -9999.0 -9999.0 -9999.0 -9999.0
27516 20040310  1.200 -156.61   71.32   -26.2   -34.0   -30.1   -30.6     0.0     5.62 R -9999.0 -9999.0   -32.7 -9999.0 -9999.0 -9999.0 -99.000 -99.000 -99.000 -99.000 -99.000 -9999.0 -9999.0 -9999.0 -9999.0 -9999.0
27516 20040311  1.200 -156.61   71.32   -26.8   -32.6   -29.7   -29.6     0.0     6.19 R -9999.0 -9999.0   -31.9 -9999.0 -9999.0 -9999.0 -99.000 -99.000 -99.000 -99.000 -99.000 -9999.0 -9999.0 -9999.0 -9999.0 -9999.0
27516 20040312  1.200 -156.61   71.32   -27.2   -33.0   -30.1   -29.9     0.0     6.32 R -9999.0 -9999.0   -31.3 -9999.0 -9999.0 -9999.0 -99.000 -99.000 -99.000 -99.000 -99.000 -9999.0 -9999.0 -9999.0 -9999.0 -9999.0
27516 20040313  1.200 -156.61   71.32   -24.5   -31.0   -27.7   -27.5     0.0     3.96 R -9999.0 -9999.0   -27.2 -9999.0 -9999.0 -9999.0 -99.000 -99.000 -99.000 -99.000 -99.000 -9999.0 -9999.0 -9999.0 -9999.0 -9999.0
27516 20040314  1.200 -156.61   71.32   -20.6   -26.3   -23.4   -23.1     0.0     5.25 R -9999.0 -9999.0   -23.3 -9999.0 -9999.0 -9999.0 -99.000 -99.000 -99.000 -99.000 -99.000 -9999.0 -9999.0 -9999.0 -9999.0 -9999.0
27516 20040315  1.200 -156.61   71.32   -20.8   -28.7   -24.7   -25.3     0.0     6.74 R -9999.0 -9999.0   -26.6 -9999.0 -9999.0 -9999.0 -99.000 -99.000 -99.000 -99.000 -99.000 -9999.0 -9999.0 -9999.0 -9999.0 -9999.0
27516 20040316  1.200 -156.61   71.32   -24.5   -30.1   -27.3   -26.6     0.2     7.07 R -9999.0 -9999.0   -27.6 -9999.0 -9999.0 -9999.0 -99.000 -99.000 -99.000 -99.000 -99.000 -9999.0 -9999.0 -9999.0 -9999.0 -9999.0
27516 20040317  1.200 -156.61   71.32   -21.6   -29.4   -25.5   -26.6     1.7     7.36 R -9999.0 -9999.0   -27.7 -9999.0 -9999.0 -9999.0 -99.000 -99.000 -99.000 -99.000 -99.000 -9999.0 -9999.0 -9999.0 -9999.0 -9999.0
27516 20040318  1.200 -156.61   71.32   -29.1   -38.2   -33.6   -33.1     0.0     7.07 R -9999.0 -9999.0   -34.5 -9999.0 -9999.0 -9999.0 -99.000 -99.000 -99.000 -99.000 -99.000 -9999.0 -9999.0 -9999.0 -9999.0 -9999.0
27516 20040319  1.200 -156.61   71.32   -18.8   -39.7   -29.2   -32.6     5.3     6.64 R -9999.0 -9999.0   -33.1 -9999.0 -9999.0 -9999.0 -99.000 -99.000 -99.000 -99.000 -99.000 -9999.0 -9999.0 -9999.0 -9999.0 -9999.0
27516 20040320  1.200 -156.61   71.32    -6.2   -18.6   -12.4    -9.4    40.7     4.52 R -9999.0 -9999.0    -9.9 -9999.0 -9999.0 -9999.0 -99.000 -99.000 -99.000 -99.000 -99.000 -9999.0 -9999.0 -9999.0 -9999.0 -9999.0
27516 20040321  1.200 -156.61   71.32    -4.0    -6.1    -5.0    -4.7     4.3     4.47 R -9999.0 -9999.0    -5.0 -9999.0 -9999.0 -9999.0 -99.000 -99.000 -99.000 -99.000 -99.000 -9999.0 -9999.0 -9999.0 -9999.0 -9999.0
27516 20040322  1.200 -156.61   71.32    -5.4   -21.1   -13.2   -13.3     0.0     7.75 R -9999.0 -9999.0   -13.0 -9999.0 -9999.0 -9999.0 -99.000 -99.000 -99.000 -99.000 -99.000 -9999.0 -9999.0 -9999.0 -9999.0 -9999.0
27516 20040323  1.200 -156.61   71.32   -21.2   -32.8   -27.0   -28.8   152.8     7.68 R -9999.0 -9999.0   -29.0 -9999.0 -9999.0 -9999.0 -99.000 -99.000 -99.000 -99.000 -99.000 -9999.0 -9999.0 -9999.0 -9999.0 -9999.0
27516 20040324  1.200 -156.61   71.32   -24.4   -35.7   -30.0   -30.3    15.7     9.78 R -9999.0 -9999.0   -31.2 -9999.0 -9999.0 -9999.0 -99.000 -99.000 -99.000 -99.000 -99.000 -9999.0 -9999.0 -9999.0 -9999.0 -9999.0
27516 20040325  1.200 -156.61   71.32   -20.2   -32.2   -26.2   -24.8 -9999.0     9.03 R -9999.0 -9999.0   -25.5 -9999.0 -9999.0 -9999.0 -99.000 -99.000 -99.000 -99.000 -99.000 -9999.0 -9999.0 -9999.0 -9999.0 -9999.0
27516 20040326  1.200 -156.61   71.32   -29.2   -32.7   -30.9   -31.1 -9999.0    10.54 R -9999.0 -9999.0   -32.9 -9999.0 -9999.0 -9999.0 -99.000 -99.000 -99.000 -99.000 -99.000 -9999.0 -9999.0 -9999.0 -9999.0 -9999.0
27516 20040327  1.200 -156.61   71.32   -31.8   -37.7   -34.7   -34.2 -9999.0    10.29 R -9999.0 -9999.0   -36.0 -9999.0 -9999.0 -9999.0 -99.000 -99.000 -99.000 -99.000 -99.000 -9999.0 -9999.0 -9999.0 -9999.0 -9999.0
27516 20040328  1.200 -156.61   71.32   -28.6   -40.5   -34.5   -33.6 -9999.0     9.00 R -9999.0 -9999.0   -34.9 -9999.0 -9999.0 -9999.0 -99.000 -99.000 -99.000 -99.000 -99.000 -9999.0 -9999.0 -9999.0 -9999.0 -9999.0
27516 20040329  1.200 -156.61   71.32   -24.0   -31.1   -27.5   -26.8    88.7     7.35 R -9999.0 -9999.0   -26.9 -9999.0 -9999.0 -9999.0 -99.000 -99.000 -99.000 -99.000 -99.000 -9999.0 -9999.0 -9999.0 -9999.0 -9999.0
27516 20040330  1.200 -156.61   71.32   -23.4   -28.5   -25.9   -25.4     4.6    11.59 R -9999.0 -9999.0   -26.2 -9999.0 -9999.0 -9999.0 -99.000 -99.000 -99.000 -99.000 -99.000 -9999.0 -9999.0 -9999.0 -9999.0 -9999.0
27516 20040331  1.200 -156.61   71.32   -24.2   -31.0   -27.6   -27.0     3.8    11.52 R -9999.0 -9999.0   -28.4 -9999.0 -9999.0 -9999.0 -99.000 -99.000 -99.000 -99.000 -99.000 -9999.0 -9999.0 -9999.0 -9999.0 -9999.0
27516 20040401  1.200 -156.61   71.32   -22.8   -31.3   -27.0   -27.1    33.6    11.27 R -9999.0 -9999.0   -26.9 -9999.0 -9999.0 -9999.0 -99.000 -99.000 -99.000 -99.000 -99.000 -9999.0 -9999.0 -9999.0 -9999.0 -9999.0
27516 20040402  1.200 -156.61   71.32   -22.8   -30.5   -26.6   -25.3     3.0    10.07 R -9999.0 -9999.0   -26.0 -9999.0 -9999.0 -9999.0 -99.000 -99.000 -99.000 -99.000 -99.000 -9999.0 -9999.0 -9999.0 -9999.0 -9999.0
27516 20040403  1.200 -156.61   71.32   -22.7   -32.0   -27.3   -27.0     1.5    12.18 R -9999.0 -9999.0   -28.1 -9999.0 -9999.0 -9999.0 -99.000 -99.000 -99.000 -99.000 -99.000 -9999.0 -9999.0 -9999.0 -9999.0 -9999.0
27516 20040404  1.200 -156.61   71.32   -20.0   -28.7   -24.3   -24.1     1.2    12.26 R -9999.0 -9999.0   -25.1 -9999.0 -9999.0 -9999.0 -99.000 -99.000 -99.000 -99.000 -99.000 -9999.0 -9999.0 -9999.0 -9999.0 -9999.0
27516 20040405  1.200 -156.61   71.32   -20.3   -27.1   -23.7   -23.6     0.7    12.92 R -9999.0 -9999.0   -23.8 -9999.0 -9999.0 -9999.0 -99.000 -99.000 -99.000 -99.000 -99.000 -9999.0 -9999.0 -9999.0 -9999.0 -9999.0
27516 20040406  1.200 -156.61   71.32   -16.0   -24.9   -20.4   -19.5     1.2    11.26 R -9999.0 -9999.0   -20.1 -9999.0 -9999.0 -9999.0 -99.000 -99.000 -99.000 -99.000 -99.000 -9999.0 -9999.0 -9999.0 -9999.0 -9999.0
27516 20040407  1.200 -156.61   71.32   -14.9   -20.9   -17.9   -17.9     0.9    12.28 R -9999.0 -9999.0   -18.5 -9999.0 -9999.0 -9999.0 -99.000 -99.000 -99.000 -99.000 -99.000 -9999.0 -9999.0 -9999.0 -9999.0 -9999.0
27516 20040408  1.200 -156.61   71.32   -15.0   -20.1   -17.5   -17.5     0.8    13.34 R -9999.0 -9999.0   -18.2 -9999.0 -9999.0 -9999.0 -99.000 -99.000 -99.000 -99.000 -99.000 -9999.0 -9999.0 -9999.0 -9999.0 -9999.0
27516 20040409  1.200 -156.61   71.32   -12.5   -21.0   -16.7   -16.8     0.3    14.35 R -9999.0 -9999.0   -17.6 -9999.0 -9999.0 -9999.0 -99.000 -99.000 -99.000 -99.000 -99.000 -9999.0 -9999.0 -9999.0 -9999.0 -9999.0
27516 20040410  1.200 -156.61   71.32   -12.7   -19.8   -16.2   -15.9     0.0    10.88 R -9999.0 -9999.0   -16.4 -9999.0 -9999.0 -9999.0 -99.000 -99.000 -99.000 -99.000 -99.000 -9999.0 -9999.0 -9999.0 -9999.0 -9999.0
27516 20040411  1.200 -156.61   71.32   -12.4   -18.4   -15.4   -15.0     0.2    12.69 R -9999.0 -9999.0   -15.3 -9999.0 -9999.0 -9999.0 -99.000 -99.000 -99.000 -99.000 -99.000 -9999.0 -9999.0 -9999.0 -9999.0 -9999.0
27516 20040412  1.200 -156.61   71.32   -14.4   -20.4   -17.4   -17.2     0.0    15.78 R -9999.0 -9999.0   -18.2 -9999.0 -9999.0 -9999.0 -99.000 -99.000 -99.000 -99.000 -99.000 -9999.0 -9999.0 -9999.0 -9999.0 -9999.0
27516 20040413  1.200 -156.61   71.32   -10.4   -17.4   -13.9   -13.9     0.0    16.16 R -9999.0 -9999.0   -15.4 -9999.0 -9999.0 -9999.0 -99.000 -99.000 -99.000 -99.000 -99.000 -9999.0 -9999.0 -9999.0 -9999.0 -9999.0
27516 20040414  1.200 -156.61   71.32   -12.2   -18.7   -15.4   -15.5     0.0    15.47 R -9999.0 -9999.0   -16.8 -9999.0 -9999.0 -9999.0 -99.000 -99.000 -99.000 -99.000 -99.000 -9999.0 -9999.0 -9999.0 -9999.0 -9999.0
27516 20040415  1.200 -156.61   71.32   -11.9   -19.2   -15.5   -15.3     0.0    16.32 R -9999.0 -9999.0   -16.6 -9999.0 -9999.0 -9999.0 -99.000 -99.000 -99.000 -99.000 -99.000 -9999.0 -9999.0 -9999.0 -9999.0 -9999.0
27516 20040416  1.200 -156.61   71.32   -15.2   -20.3   -17.7   -17.2     0.0    17.47 R -9999.0 -9999.0   -18.3 -9999.0 -9999.0 -9999.0 -99.000 -99.000 -99.000 -99.000 -99.000 -9999.0 -9999.0 -9999.0 -9999.0 -9999.0
27516 20040417  1.200 -156.61   71.32   -14.8   -22.7   -18.7   -18.1     0.0    17.59 R -9999.0 -9999.0   -19.5 -9999.0 -9999.0 -9999.0 -99.000 -99.000 -99.000 -99.000 -99.000 -9999.0 -9999.0 -9999.0 -9999.0 -9999.0
27516 20040418  1.200 -156.61   71.32   -14.8   -24.4   -19.6   -19.4     0.0    17.85 R -9999.0 -9999.0   -20.6 -9999.0 -9999.0 -9999.0 -99.000 -99.000 -99.000 -99.000 -99.000 -9999.0 -9999.0 -9999.0 -9999.0 -9999.0
27516 20040419  1.200 -156.61   71.32   -18.6   -23.1   -20.8   -19.6     0.0    13.40 R -9999.0 -9999.0   -19.7 -9999.0 -9999.0 -9999.0 -99.000 -99.000 -99.000 -99.000 -99.000 -9999.0 -9999.0 -9999.0 -9999.0 -9999.0
27516 20040420  1.200 -156.61   71.32   -17.5   -26.3   -21.9   -21.6     0.0    18.62 R -9999.0 -9999.0   -22.6 -9999.0 -9999.0 -9999.0 -99.000 -99.000 -99.000 -99.000 -99.000 -9999.0 -9999.0 -9999.0 -9999.0 -9999.0
27516 20040421  1.200 -156.61   71.32   -19.7   -27.4   -23.5   -22.8     0.0    16.35 R -9999.0 -9999.0   -23.1 -9999.0 -9999.0 -9999.0 -99.000 -99.000 -99.000 -99.000 -99.000 -9999.0 -9999.0 -9999.0 -9999.0 -9999.0
27516 20040422  1.200 -156.61   71.32   -16.7   -22.5   -19.6   -18.5     0.0    16.43 R -9999.0 -9999.0   -18.1 -9999.0 -9999.0 -9999.0 -99.000 -99.000 -99.000 -99.000 -99.000 -9999.0 -9999.0 -9999.0 -9999.0 -9999.0
27516 20040423  1.200 -156.61   71.32   -14.2   -19.8   -17.0   -15.9     0.0    15.58 R -9999.0 -9999.0   -15.8 -9999.0 -9999.0 -9999.0 -99.000 -99.000 -99.000 -99.000 -99.000 -9999.0 -9999.0 -9999.0 -9999.0 -9999.0
27516 20040424  1.200 -156.61   71.32   -15.5   -21.5   -18.5   -17.7     0.0    16.19 R -9999.0 -9999.0   -17.5 -9999.0 -9999.0 -9999.0 -99.000 -99.000 -99.000 -99.000 -99.000 -9999.0 -9999.0 -9999.0 -9999.0 -9999.0
27516 20040425  1.200 -156.61   71.32   -13.8   -22.0   -17.9   -16.7     0.0    14.79 R -9999.0 -9999.0   -17.0 -9999.0 -9999.0 -9999.0 -99.000 -99.000 -99.000 -99.000 -99.000 -9999.0 -9999.0 -9999.0 -9999.0 -9999.0
27516 20040426  1.200 -156.61   71.32    -8.8   -15.1   -11.9   -12.1     0.0    17.27 R -9999.0 -9999.0   -12.3 -9999.0 -9999.0 -9999.0 -99.000 -99.000 -99.000 -99.000 -99.000 -9999.0 -9999.0 -9999.0 -9999.0 -9999.0
27516 20040427  1.200 -156.61   71.32    -2.4   -10.7    -6.5    -6.0     0.0    20.24 R -9999.0 -9999.0    -7.2 -9999.0 -9999.0 -9999.0 -99.000 -99.000 -99.000 -99.000 -99.000 -9999.0 -9999.0 -9999.0 -9999.0 -9999.0
27516 20040428  1.200 -156.61   71.32    -3.9   -16.1   -10.0   -10.2     0.2    19.56 R -9999.0 -9999.0   -10.9 -9999.0 -9999.0 -9999.0 -99.000 -99.000 -99.000 -99.000 -99.000 -9999.0 -9999.0 -9999.0 -9999.0 -9999.0
27516 20040429  1.200 -156.61   71.32    -5.8   -14.5   -10.1   -10.6     0.0    21.41 R -9999.0 -9999.0   -11.1 -9999.0 -9999.0 -9999.0 -99.000 -99.000 -99.000 -99.000 -99.000 -9999.0 -9999.0 -9999.0 -9999.0 -9999.0
27516 20040430  1.200 -156.61   71.32    -8.0   -15.6   -11.8   -11.4     0.0    19.33 R -9999.0 -9999.0   -11.1 -9999.0 -9999.0 -9999.0 -99.000 -99.000 -99.000 -99.000 -99.000 -9999.0 -9999.0 -9999.0 -9999.0 -9999.0
27516 20040501  1.200 -156.61   71.32    -5.9    -8.5    -7.2    -7.1     0.0    14.54 R -9999.0 -9999.0    -6.8 -9999.0 -9999.0 -9999.0 -99.000 -99.000 -99.000 -99.000 -99.000 -9999.0 -9999.0 -9999.0 -9999.0 -9999.0
27516 20040502  1.200 -156.61   71.32    -3.7   -11.1    -7.4    -7.2     0.0    18.55 R -9999.0 -9999.0    -7.3 -9999.0 -9999.0 -9999.0 -99.000 -99.000 -99.000 -99.000 -99.000 -9999.0 -9999.0 -9999.0 -9999.0 -9999.0
27516 20040503  1.200 -156.61   71.32 -9999.0   -13.5 -9999.0    -8.8     0.0    22.55 R -9999.0 -9999.0    -9.9 -9999.0 -9999.0 -9999.0 -99.000 -99.000 -99.000 -99.000 -99.000 -9999.0 -9999.0 -9999.0 -9999.0 -9999.0
27516 20040504  1.200 -156.61   71.32    -8.7   -16.2   -12.4   -11.1     0.0    21.64 R -9999.0 -9999.0   -12.0 -9999.0 -9999.0 -9999.0 -99.000 -99.000 -99.000 -99.000 -99.000 -9999.0 -9999.0 -9999.0 -9999.0 -9999.0
27516 20040505  1.200 -156.61   71.32    -8.8   -15.4   -12.1   -10.9     0.0    19.52 R -9999.0 -9999.0   -10.9 -9999.0 -9999.0 -9999.0 -99.000 -99.000 -99.000 -99.000 -99.000 -9999.0 -9999.0 -9999.0 -9999.0 -9999.0
27516 20040506  1.200 -156.61   71.32    -9.1   -12.7   -10.9   -10.3   129.9    18.20 R -9999.0 -9999.0   -10.6 -9999.0 -9999.0 -9999.0 -99.000 -99.000 -99.000 -99.000 -99.000 -9999.0 -9999.0 -9999.0 -9999.0 -9999.0
27516 20040507  1.200 -156.61   71.32    -9.9   -15.0   -12.4   -12.1     5.1    24.14 R -9999.0 -9999.0   -13.0 -9999.0 -9999.0 -9999.0 -99.000 -99.000 -99.000 -99.000 -99.000 -9999.0 -9999.0 -9999.0 -9999.0 -9999.0
27516 20040508  1.200 -156.61   71.32    -9.6   -15.2   -12.4   -12.1    15.2    24.86 R -9999.0 -9999.0   -13.0 -9999.0 -9999.0 -9999.0 -99.000 -99.000 -99.000 -99.000 -99.000 -9999.0 -9999.0 -9999.0 -9999.0 -9999.0
27516 20040509  1.200 -156.61   71.32    -9.0   -13.5   -11.2   -11.3    12.5    20.21 R -9999.0 -9999.0   -11.4 -9999.0 -9999.0 -9999.0 -99.000 -99.000 -99.000 -99.000 -99.000 -9999.0 -9999.0 -9999.0 -9999.0 -9999.0
27516 20040510  1.200 -156.61   71.32    -4.3    -9.3    -6.8    -7.2    26.9    18.38 R -9999.0 -9999.0    -7.3 -9999.0 -9999.0 -9999.0 -99.000 -99.000 -99.000 -99.000 -99.000 -9999.0 -9999.0 -9999.0 -9999.0 -9999.0
27516 20040511  1.200 -156.61   71.32     1.5    -8.7    -3.6    -2.4    91.1    24.63 R -9999.0 -9999.0    -3.6 -9999.0 -9999.0 -9999.0 -99.000 -99.000 -99.000 -99.000 -99.000 -9999.0 -9999.0 -9999.0 -9999.0 -9999.0
27516 20040512  1.200 -156.61   71.32     1.6    -8.7    -3.5    -2.7    19.9    24.12 R -9999.0 -9999.0    -3.1 -9999.0 -9999.0 -9999.0 -99.000 -99.000 -99.000 -99.000 -99.000 -9999.0 -9999.0 -9999.0 -9999.0 -9999.0
27516 20040513  1.200 -156.61   71.32    -1.4    -4.2    -2.8    -2.5    43.8    21.16 R -9999.0 -9999.0    -2.4 -9999.0 -9999.0 -9999.0 -99.000 -99.000 -99.000 -99.000 -99.000 -9999.0 -9999.0 -9999.0 -9999.0 -9999.0
27516 20040514  1.200 -156.61   71.32    -2.0    -5.0    -3.5    -3.4     4.3    18.13 R -9999.0 -9999.0    -3.8 -9999.0 -9999.0 -9999.0 -99.000 -99.000 -99.000 -99.000 -99.000 -9999.0 -9999.0 -9999.0 -9999.0 -9999.0
27516 20040515  1.200 -156.61   71.32    -2.7    -7.3    -5.0    -4.1     2.1    20.29 R -9999.0 -9999.0    -3.5 -9999.0 -9999.0 -9999.0 -99.000 -99.000 -99.000 -99.000 -99.000 -9999.0 -9999.0 -9999.0 -9999.0 -9999.0
27516 20040516  1.200 -156.61   71.32    -2.3    -8.0    -5.1    -4.1     3.9    17.43 R -9999.0 -9999.0    -4.4 -9999.0 -9999.0 -9999.0 -99.000 -99.000 -99.000 -99.000 -99.000 -9999.0 -9999.0 -9999.0 -9999.0 -9999.0
27516 20040517  1.200 -156.61   71.32    -1.0    -4.5    -2.7    -3.1     0.0    21.25 R -9999.0 -9999.0    -2.9 -9999.0 -9999.0 -9999.0 -99.000 -99.000 -99.000 -99.000 -99.000 -9999.0 -9999.0 -9999.0 -9999.0 -9999.0
27516 20040518  1.200 -156.61   71.32     0.1    -5.9    -2.9    -1.9     0.0    16.39 R -9999.0 -9999.0    -1.7 -9999.0 -9999.0 -9999.0 -99.000 -99.000 -99.000 -99.000 -99.000 -9999.0 -9999.0 -9999.0 -9999.0 -9999.0
27516 20040519  1.200 -156.61   71.32     1.3    -6.5    -2.6    -1.2     1.4    25.39 R -9999.0 -9999.0    -1.9 -9999.0 -9999.0 -9999.0 -99.000 -99.000 -99.000 -99.000 -99.000 -9999.0 -9999.0 -9999.0 -9999.0 -9999.0
27516 20040520  1.200 -156.61   71.32     1.4    -1.7    -0.1     0.3     9.4    19.96 R -9999.0 -9999.0    -0.2 -9999.0 -9999.0 -9999.0 -99.000 -99.000 -99.000 -99.000 -99.000 -9999.0 -9999.0 -9999.0 -9999.0 -9999.0
27516 20040521  1.200 -156.61   71.32     1.2    -1.8    -0.3     0.2    22.8    16.08 R -9999.0 -9999.0     0.2 -9999.0 -9999.0 -9999.0 -99.000 -99.000 -99.000 -99.000 -99.000 -9999.0 -9999.0 -9999.0 -9999.0 -9999.0
27516 20040522  1.200 -156.61   71.32     0.3    -1.4    -0.5    -0.4     1.3    14.90 R -9999.0 -9999.0    -0.2 -9999.0 -9999.0 -9999.0 -99.000 -99.000 -99.000 -99.000 -99.000 -9999.0 -9999.0 -9999.0 -9999.0 -9999.0
27516 20040523  1.200 -156.61   71.32    -0.7    -1.4    -1.0    -1.0    10.8    14.44 R -9999.0 -9999.0    -0.7 -9999.0 -9999.0 -9999.0 -99.000 -99.000 -99.000 -99.000 -99.000 -9999.0 -9999.0 -9999.0 -9999.0 -9999.0
27516 20040524  1.200 -156.61   71.32    -1.3    -3.4    -2.3    -2.2     5.0    16.10 R -9999.0 -9999.0    -1.9 -9999.0 -9999.0 -9999.0 -99.000 -99.000 -99.000 -99.000 -99.000 -9999.0 -9999.0 -9999.0 -9999.0 -9999.0
27516 20040525  1.200 -156.61   71.32    -2.1    -5.5    -3.8    -3.3     0.6    17.06 R -9999.0 -9999.0    -3.1 -9999.0 -9999.0 -9999.0 -99.000 -99.000 -99.000 -99.000 -99.000 -9999.0 -9999.0 -9999.0 -9999.0 -9999.0
27516 20040526  1.200 -156.61   71.32    -2.2    -6.0    -4.1    -3.6     0.0    20.42 R -9999.0 -9999.0    -3.3 -9999.0 -9999.0 -9999.0 -99.000 -99.000 -99.000 -99.000 -99.000 -9999.0 -9999.0 -9999.0 -9999.0 -9999.0
27516 20040527  1.200 -156.61   71.32    -4.3    -6.8    -5.5    -5.6     0.0    20.12 R -9999.0 -9999.0    -4.8 -9999.0 -9999.0 -9999.0 -99.000 -99.000 -99.000 -99.000 -99.000 -9999.0 -9999.0 -9999.0 -9999.0 -9999.0
27516 20040528  1.200 -156.61   71.32    -2.2    -5.7    -3.9    -3.4     0.0    18.85 R -9999.0 -9999.0    -2.5 -9999.0 -9999.0 -9999.0 -99.000 -99.000 -99.000 -99.000 -99.000 -9999.0 -9999.0 -9999.0 -9999.0 -9999.0
27516 20040529  1.200 -156.61   71.32    -2.3    -4.2    -3.2    -2.7     0.0    21.27 R -9999.0 -9999.0    -1.8 -9999.0 -9999.0 -9999.0 -99.000 -99.000 -99.000 -99.000 -99.000 -9999.0 -9999.0 -9999.0 -9999.0 -9999.0
27516 20040530  1.200 -156.61   71.32    -1.9    -5.3    -3.6    -3.6     0.0    23.10 R -9999.0 -9999.0    -2.6 -9999.0 -9999.0 -9999.0 -99.000 -99.000 -99.000 -99.000 -99.000 -9999.0 -9999.0 -9999.0 -9999.0 -9999.0
27516 20040531  1.200 -156.61   71.32    -1.1    -2.4    -1.7    -1.7     0.0    22.89 R -9999.0 -9999.0    -1.0 -9999.0 -9999.0 -9999.0 -99.000 -99.000 -99.000 -99.000 -99.000 -9999.0 -9999.0 -9999.0 -9999.0 -9999.0
27516 20040601  1.200 -156.61   71.32    -1.1    -3.0    -2.0    -1.9     0.0    20.94 R -9999.0 -9999.0    -1.0 -9999.0 -9999.0 -9999.0 -99.000 -99.000 -99.000 -99.000 -99.000 -9999.0 -9999.0 -9999.0 -9999.0 -9999.0
27516 20040602  1.200 -156.61   71.32    -1.0    -3.4    -2.2    -2.2     0.0    23.71 R -9999.0 -9999.0    -1.2 -9999.0 -9999.0 -9999.0 -99.000 -99.000 -99.000 -99.000 -99.000 -9999.0 -9999.0 -9999.0 -9999.0 -9999.0
27516 20040603  1.200 -156.61   71.32    -0.8    -4.9    -2.8    -2.5     0.0    26.69 R -9999.0 -9999.0    -1.5 -9999.0 -9999.0 -9999.0 -99.000 -99.000 -99.000 -99.000 -99.000 -9999.0 -9999.0 -9999.0 -9999.0 -9999.0
27516 20040604  1.200 -156.61   71.32     0.6    -2.4    -0.9    -0.8     0.0    26.75 R -9999.0 -9999.0    -0.3 -9999.0 -9999.0 -9999.0 -99.000 -99.000 -99.000 -99.000 -99.000 -9999.0 -9999.0 -9999.0 -9999.0 -9999.0
27516 20040605  1.200 -156.61   71.32     1.8    -3.5    -0.8    -0.7     0.8    30.47 R -9999.0 -9999.0    -0.7 -9999.0 -9999.0 -9999.0 -99.000 -99.000 -99.000 -99.000 -99.000 -9999.0 -9999.0 -9999.0 -9999.0 -9999.0
27516 20040606  1.200 -156.61   71.32     1.8    -3.4    -0.8    -0.5     0.0    30.25 R -9999.0 -9999.0    -0.6 -9999.0 -9999.0 -9999.0 -99.000 -99.000 -99.000 -99.000 -99.000 -9999.0 -9999.0 -9999.0 -9999.0 -9999.0
27516 20040607  1.200 -156.61   71.32     0.8    -2.9    -1.0    -1.1     0.0    25.55 R -9999.0 -9999.0    -0.5 -9999.0 -9999.0 -9999.0 -99.000 -99.000 -99.000 -99.000 -99.000 -9999.0 -9999.0 -9999.0 -9999.0 -9999.0
27516 20040608  1.200 -156.61   71.32     2.0    -3.2    -0.6    -0.3     0.0    29.81 R -9999.0 -9999.0    -0.1 -9999.0 -9999.0 -9999.0 -99.000 -99.000 -99.000 -99.000 -99.000 -9999.0 -9999.0 -9999.0 -9999.0 -9999.0
27516 20040609  1.200 -156.61   71.32     0.9    -2.2    -0.6    -1.0     0.0    21.81 R -9999.0 -9999.0     0.2 -9999.0 -9999.0 -9999.0 -99.000 -99.000 -99.000 -99.000 -99.000 -9999.0 -9999.0 -9999.0 -9999.0 -9999.0
27516 20040610  1.200 -156.61   71.32     1.3    -1.8    -0.2    -0.4     0.0    25.72 R -9999.0 -9999.0     1.9 -9999.0 -9999.0 -9999.0 -99.000 -99.000 -99.000 -99.000 -99.000 -9999.0 -9999.0 -9999.0 -9999.0 -9999.0
27516 20040611  1.200 -156.61   71.32     2.7    -2.3     0.2     0.1     0.0    29.83 R -9999.0 -9999.0     3.1 -9999.0 -9999.0 -9999.0 -99.000 -99.000 -99.000 -99.000 -99.000 -9999.0 -9999.0 -9999.0 -9999.0 -9999.0
27516 20040612  1.200 -156.61   71.32     3.1    -1.1     1.0     0.8     0.0    31.06 R -9999.0 -9999.0     3.8 -9999.0 -9999.0 -9999.0 -99.000 -99.000 -99.000 -99.000 -99.000 -9999.0 -9999.0 -9999.0 -9999.0 -9999.0
27516 20040613  1.200 -156.61   71.32     3.1    -0.5     1.3     1.5     0.0    29.82 R -9999.0 -9999.0     5.0 -9999.0 -9999.0 -9999.0 -99.000 -99.000 -99.000 -99.000 -99.000 -9999.0 -9999.0 -9999.0 -9999.0 -9999.0
27516 20040614  1.200 -156.61   71.32     3.7     0.7     2.2     2.2     0.0    30.04 R -9999.0 -9999.0     5.5 -9999.0 -9999.0 -9999.0 -99.000 -99.000 -99.000 -99.000 -99.000 -9999.0 -9999.0 -9999.0 -9999.0 -9999.0
27516 20040615  1.200 -156.61   71.32     4.3     0.7     2.5     2.3     0.0    25.34 R -9999.0 -9999.0     5.8 -9999.0 -9999.0 -9999.0 -99.000 -99.000 -99.000 -99.000 -99.000 -9999.0 -9999.0 -9999.0 -9999.0 -9999.0
27516 20040616  1.200 -156.61   71.32     9.4     1.3     5.4     4.7     0.0    26.55 R -9999.0 -9999.0     8.8 -9999.0 -9999.0 -9999.0 -99.000 -99.000 -99.000 -99.000 -99.000 -9999.0 -9999.0 -9999.0 -9999.0 -9999.0
27516 20040617  1.200 -156.61   71.32    16.2     2.1     9.2     7.6     1.0    17.85 R -9999.0 -9999.0     8.6 -9999.0 -9999.0 -9999.0 -99.000 -99.000 -99.000 -99.000 -99.000 -9999.0 -9999.0 -9999.0 -9999.0 -9999.0
27516 20040618  1.200 -156.61   71.32     7.7     3.1     5.4     5.1     0.7    17.61 R -9999.0 -9999.0     6.6 -9999.0 -9999.0 -9999.0 -99.000 -99.000 -99.000 -99.000 -99.000 -9999.0 -9999.0 -9999.0 -9999.0 -9999.0
27516 20040619  1.200 -156.61   71.32    11.2     3.0     7.1     5.8     0.0    23.16 R -9999.0 -9999.0     9.0 -9999.0 -9999.0 -9999.0 -99.000 -99.000 -99.000 -99.000 -99.000 -9999.0 -9999.0 -9999.0 -9999.0 -9999.0
27516 20040620  1.200 -156.61   71.32     7.8     2.8     5.3     4.6     0.0    13.93 R -9999.0 -9999.0     7.7 -9999.0 -9999.0 -9999.0 -99.000 -99.000 -99.000 -99.000 -99.000 -9999.0 -9999.0 -9999.0 -9999.0 -9999.0
27516 20040621  1.200 -156.61   71.32     4.5     2.0     3.3     2.9     0.0     7.89 R -9999.0 -9999.0     4.5 -9999.0 -9999.0 -9999.0 -99.000 -99.000 -99.000 -99.000 -99.000 -9999.0 -9999.0 -9999.0 -9999.0 -9999.0
27516 20040622  1.200 -156.61   71.32     3.6     1.2     2.4     2.0     0.0    14.90 R -9999.0 -9999.0     5.1 -9999.0 -9999.0 -9999.0 -99.000 -99.000 -99.000 -99.000 -99.000 -9999.0 -9999.0 -9999.0 -9999.0 -9999.0
27516 20040623  1.200 -156.61   71.32    13.7     0.9     7.3     3.3     0.0    16.75 R -9999.0 -9999.0     5.9 -9999.0 -9999.0 -9999.0 -99.000 -99.000 -99.000 -99.000 -99.000 -9999.0 -9999.0 -9999.0 -9999.0 -9999.0
27516 20040624  1.200 -156.61   71.32    10.6     2.6     6.6     6.4 -9999.0    11.72 R -9999.0 -9999.0     7.9 -9999.0 -9999.0 -9999.0 -99.000 -99.000 -99.000 -99.000 -99.000 -9999.0 -9999.0 -9999.0 -9999.0 -9999.0
27516 20040625  1.200 -156.61   71.32     6.7     2.0     4.4     3.7 -9999.0    18.49 R -9999.0 -9999.0     7.3 -9999.0 -9999.0 -9999.0 -99.000 -99.000 -99.000 -99.000 -99.000 -9999.0 -9999.0 -9999.0 -9999.0 -9999.0
27516 20040626  1.200 -156.61   71.32    11.2     2.9     7.1     6.7 -9999.0    27.21 R -9999.0 -9999.0     9.8 -9999.0 -9999.0 -9999.0 -99.000 -99.000 -99.000 -99.000 -99.000 -9999.0 -9999.0 -9999.0 -9999.0 -9999.0
27516 20040627  1.200 -156.61   71.32    15.3     2.1     8.7    10.2     0.0    28.65 R -9999.0 -9999.0    13.0 -9999.0 -9999.0 -9999.0 -99.000 -99.000 -99.000 -99.000 -99.000 -9999.0 -9999.0 -9999.0 -9999.0 -9999.0
27516 20040628  1.200 -156.61   71.32    11.9     3.4     7.7     6.9     0.0    12.49 R -9999.0 -9999.0     9.2 -9999.0 -9999.0 -9999.0 -99.000 -99.000 -99.000 -99.000 -99.000 -9999.0 -9999.0 -9999.0 -9999.0 -9999.0
27516 20040629  1.200 -156.61   71.32     9.0     0.5     4.8     4.5     0.0    22.32 R -9999.0 -9999.0     8.5 -9999.0 -9999.0 -9999.0 -99.000 -99.000 -99.000 -99.000 -99.000 -9999.0 -9999.0 -9999.0 -9999.0 -9999.0
27516 20040630  1.200 -156.61   71.32     2.5    -0.4     1.1     1.1     0.0    22.76 R -9999.0 -9999.0     4.5 -9999.0 -9999.0 -9999.0 -99.000 -99.000 -99.000 -99.000 -99.000 -9999.0 -9999.0 -9999.0 -9999.0 -9999.0
27516 20040701  1.200 -156.61   71.32     2.1    -0.8     0.7     0.6     0.0    14.46 R -9999.0 -9999.0     2.7 -9999.0 -9999.0 -9999.0 -99.000 -99.000 -99.000 -99.000 -99.000 -9999.0 -9999.0 -9999.0 -9999.0 -9999.0
27516 20040702  1.200 -156.61   71.32     5.7    -1.6     2.1     2.3     0.0    25.06 R -9999.0 -9999.0     6.8 -9999.0 -9999.0 -9999.0 -99.000 -99.000 -99.000 -99.000 -99.000 -9999.0 -9999.0 -9999.0 -9999.0 -9999.0
27516 20040703  1.200 -156.61   71.32    19.1     2.9    11.0    11.0     4.3    10.01 R -9999.0 -9999.0    10.5 -9999.0 -9999.0 -9999.0 -99.000 -99.000 -99.000 -99.000 -99.000 -9999.0 -9999.0 -9999.0 -9999.0 -9999.0
27516 20040704  1.200 -156.61   71.32    12.1     1.6     6.9     8.4     0.0    19.81 R -9999.0 -9999.0    11.5 -9999.0 -9999.0 -9999.0 -99.000 -99.000 -99.000 -99.000 -99.000 -9999.0 -9999.0 -9999.0 -9999.0 -9999.0
27516 20040705  1.200 -156.61   71.32     5.6    -0.5     2.6     2.2     0.0    12.00 R -9999.0 -9999.0     4.8 -9999.0 -9999.0 -9999.0 -99.000 -99.000 -99.000 -99.000 -99.000 -9999.0 -9999.0 -9999.0 -9999.0 -9999.0
27516 20040706  1.200 -156.61   71.32     2.9    -0.4     1.3     1.6     4.2     7.34 R -9999.0 -9999.0     2.9 -9999.0 -9999.0 -9999.0 -99.000 -99.000 -99.000 -99.000 -99.000 -9999.0 -9999.0 -9999.0 -9999.0 -9999.0
27516 20040707  1.200 -156.61   71.32     4.8     0.8     2.8     2.5     0.0    17.27 R -9999.0 -9999.0     4.8 -9999.0 -9999.0 -9999.0 -99.000 -99.000 -99.000 -99.000 -99.000 -9999.0 -9999.0 -9999.0 -9999.0 -9999.0
27516 20040708  1.200 -156.61   71.32    12.9     2.1     7.5     6.7     0.2     8.47 R -9999.0 -9999.0     6.3 -9999.0 -9999.0 -9999.0 -99.000 -99.000 -99.000 -99.000 -99.000 -9999.0 -9999.0 -9999.0 -9999.0 -9999.0
27516 20040709  1.200 -156.61   71.32     2.4    -1.2     0.6     0.7     0.0    18.23 R -9999.0 -9999.0     3.8 -9999.0 -9999.0 -9999.0 -99.000 -99.000 -99.000 -99.000 -99.000 -9999.0 -9999.0 -9999.0 -9999.0 -9999.0
27516 20040710  1.200 -156.61   71.32     4.3    -1.4     1.5     1.2     5.1    15.36 R -9999.0 -9999.0     3.8 -9999.0 -9999.0 -9999.0 -99.000 -99.000 -99.000 -99.000 -99.000 -9999.0 -9999.0 -9999.0 -9999.0 -9999.0
27516 20040711  1.200 -156.61   71.32     9.3     1.3     5.3     4.9     5.5     6.08 R -9999.0 -9999.0     5.0 -9999.0 -9999.0 -9999.0 -99.000 -99.000 -99.000 -99.000 -99.000 -9999.0 -9999.0 -9999.0 -9999.0 -9999.0
27516 20040712  1.200 -156.61   71.32     3.8     0.2     2.0     1.5     0.0    22.05 R -9999.0 -9999.0     5.1 -9999.0 -9999.0 -9999.0 -99.000 -99.000 -99.000 -99.000 -99.000 -9999.0 -9999.0 -9999.0 -9999.0 -9999.0
27516 20040713  1.200 -156.61   71.32     5.1     3.0     4.1     3.9     0.0     8.25 R -9999.0 -9999.0     5.1 -9999.0 -9999.0 -9999.0 -99.000 -99.000 -99.000 -99.000 -99.000 -9999.0 -9999.0 -9999.0 -9999.0 -9999.0
27516 20040714  1.200 -156.61   71.32     4.1     2.6     3.4     3.2     5.5     6.77 R -9999.0 -9999.0     3.9 -9999.0 -9999.0 -9999.0 -99.000 -99.000 -99.000 -99.000 -99.000 -9999.0 -9999.0 -9999.0 -9999.0 -9999.0
27516 20040715  1.200 -156.61   71.32     4.7     2.6     3.7     3.5     0.0    12.08 R -9999.0 -9999.0     4.9 -9999.0 -9999.0 -9999.0 -99.000 -99.000 -99.000 -99.000 -99.000 -9999.0 -9999.0 -9999.0 -9999.0 -9999.0
27516 20040716  1.200 -156.61   71.32     6.5     3.6     5.1     5.1     2.5    19.63 R -9999.0 -9999.0     6.6 -9999.0 -9999.0 -9999.0 -99.000 -99.000 -99.000 -99.000 -99.000 -9999.0 -9999.0 -9999.0 -9999.0 -9999.0
27516 20040717  1.200 -156.61   71.32     5.6     2.9     4.3     3.9     0.0    12.05 R -9999.0 -9999.0     5.0 -9999.0 -9999.0 -9999.0 -99.000 -99.000 -99.000 -99.000 -99.000 -9999.0 -9999.0 -9999.0 -9999.0 -9999.0
27516 20040718  1.200 -156.61   71.32    10.5     2.7     6.6     5.3     0.0    10.96 R -9999.0 -9999.0     7.0 -9999.0 -9999.0 -9999.0 -99.000 -99.000 -99.000 -99.000 -99.000 -9999.0 -9999.0 -9999.0 -9999.0 -9999.0
27516 20040719  1.200 -156.61   71.32     9.3     1.2     5.3     4.8     0.0    18.53 R -9999.0 -9999.0     7.4 -9999.0 -9999.0 -9999.0 -99.000 -99.000 -99.000 -99.000 -99.000 -9999.0 -9999.0 -9999.0 -9999.0 -9999.0
27516 20040720  1.200 -156.61   71.32    11.3     1.6     6.5     4.9     0.0    18.07 R -9999.0 -9999.0     7.1 -9999.0 -9999.0 -9999.0 -99.000 -99.000 -99.000 -99.000 -99.000 -9999.0 -9999.0 -9999.0 -9999.0 -9999.0
27516 20040721  1.200 -156.61   71.32     7.3     0.6     4.0     4.0     0.0    18.31 R -9999.0 -9999.0     6.7 -9999.0 -9999.0 -9999.0 -99.000 -99.000 -99.000 -99.000 -99.000 -9999.0 -9999.0 -9999.0 -9999.0 -9999.0
27516 20040722  1.200 -156.61   71.32    16.0     5.6    10.8    10.5     0.0    23.77 R -9999.0 -9999.0    12.2 -9999.0 -9999.0 -9999.0 -99.000 -99.000 -99.000 -99.000 -99.000 -9999.0 -9999.0 -9999.0 -9999.0 -9999.0
27516 20040723  1.200 -156.61   71.32    20.1     5.4    12.8    11.1     0.0    20.82 R -9999.0 -9999.0    12.1 -9999.0 -9999.0 -9999.0 -99.000 -99.000 -99.000 -99.000 -99.000 -9999.0 -9999.0 -9999.0 -9999.0 -9999.0
27516 20040724  1.200 -156.61   71.32    13.4     5.1     9.3     9.6     0.0    21.54 R -9999.0 -9999.0    11.5 -9999.0 -9999.0 -9999.0 -99.000 -99.000 -99.000 -99.000 -99.000 -9999.0 -9999.0 -9999.0 -9999.0 -9999.0
27516 20040725  1.200 -156.61   71.32    15.0     8.2    11.6    12.3     0.0    23.76 R -9999.0 -9999.0    13.1 -9999.0 -9999.0 -9999.0 -99.000 -99.000 -99.000 -99.000 -99.000 -9999.0 -9999.0 -9999.0 -9999.0 -9999.0
27516 20040726  1.200 -156.61   71.32    15.6     7.9    11.8    12.5     0.0    22.56 R -9999.0 -9999.0    13.1 -9999.0 -9999.0 -9999.0 -99.000 -99.000 -99.000 -99.000 -99.000 -9999.0 -9999.0 -9999.0 -9999.0 -9999.0
27516 20040727  1.200 -156.61   71.32     9.4     4.2     6.8     6.0     0.0    11.52 R -9999.0 -9999.0     7.3 -9999.0 -9999.0 -9999.0 -99.000 -99.000 -99.000 -99.000 -99.000 -9999.0 -9999.0 -9999.0 -9999.0 -9999.0
27516 20040728  1.200 -156.61   71.32     6.7     3.3     5.0     5.1     0.0    18.15 R -9999.0 -9999.0     6.4 -9999.0 -9999.0 -9999.0 -99.000 -99.000 -99.000 -99.000 -99.000 -9999.0 -9999.0 -9999.0 -9999.0 -9999.0
27516 20040729  1.200 -156.61   71.32     4.2     1.6     2.9     2.6     0.0    14.63 R -9999.0 -9999.0     4.7 -9999.0 -9999.0 -9999.0 -99.000 -99.000 -99.000 -99.000 -99.000 -9999.0 -9999.0 -9999.0 -9999.0 -9999.0
27516 20040730  1.200 -156.61   71.32     9.5     1.6     5.6     5.3     8.8     3.02 R -9999.0 -9999.0     5.2 -9999.0 -9999.0 -9999.0 -99.000 -99.000 -99.000 -99.000 -99.000 -9999.0 -9999.0 -9999.0 -9999.0 -9999.0
27516 20040731  1.200 -156.61   71.32     2.7    -0.5     1.1     1.3     0.0     8.46 R -9999.0 -9999.0     2.1 -9999.0 -9999.0 -9999.0 -99.000 -99.000 -99.000 -99.000 -99.000 -9999.0 -9999.0 -9999.0 -9999.0 -9999.0
27516 20040801  1.200 -156.61   71.32     2.6    -0.7     1.0     0.7     0.0    13.92 R -9999.0 -9999.0     3.1 -9999.0 -9999.0 -9999.0 -99.000 -99.000 -99.000 -99.000 -99.000 -9999.0 -9999.0 -9999.0 -9999.0 -9999.0
27516 20040802  1.200 -156.61   71.32     4.2    -0.2     2.0     2.7     2.5     4.42 R -9999.0 -9999.0     2.9 -9999.0 -9999.0 -9999.0 -99.000 -99.000 -99.000 -99.000 -99.000 -9999.0 -9999.0 -9999.0 -9999.0 -9999.0
27516 20040803  1.200 -156.61   71.32     4.6     1.8     3.2     3.0     0.0    16.65 R -9999.0 -9999.0     4.1 -9999.0 -9999.0 -9999.0 -99.000 -99.000 -99.000 -99.000 -99.000 -9999.0 -9999.0 -9999.0 -9999.0 -9999.0
27516 20040804  1.200 -156.61   71.32     4.7     0.9     2.8     2.8     0.0     9.64 R -9999.0 -9999.0     3.8 -9999.0 -9999.0 -9999.0 -99.000 -99.000 -99.000 -99.000 -99.000 -9999.0 -9999.0 -9999.0 -9999.0 -9999.0
27516 20040805  1.200 -156.61   71.32     5.5     2.7     4.1     3.6     0.0    10.64 R -9999.0 -9999.0     5.1 -9999.0 -9999.0 -9999.0 -99.000 -99.000 -99.000 -99.000 -99.000 -9999.0 -9999.0 -9999.0 -9999.0 -9999.0
27516 20040806  1.200 -156.61   71.32     8.6     2.6     5.6     5.4     0.3    11.32 R -9999.0 -9999.0     7.7 -9999.0 -9999.0 -9999.0 -99.000 -99.000 -99.000 -99.000 -99.000 -9999.0 -9999.0 -9999.0 -9999.0 -9999.0
27516 20040807  1.200 -156.61   71.32 -9999.0 -9999.0 -9999.0 -9999.0 -9999.0 -9999.00 U -9999.0 -9999.0 -9999.0 -9999.0 -9999.0 -9999.0 -99.000 -99.000 -99.000 -99.000 -99.000 -9999.0 -9999.0 -9999.0 -9999.0 -9999.0
27516 20040808  1.200 -156.61   71.32 -9999.0 -9999.0 -9999.0 -9999.0 -9999.0 -9999.00 U -9999.0 -9999.0 -9999.0 -9999.0 -9999.0 -9999.0 -99.000 -99.000 -99.000 -99.000 -99.000 -9999.0 -9999.0 -9999.0 -9999.0 -9999.0
27516 20040809  1.200 -156.61   71.32    15.9     9.4    12.7    12.9     0.0    12.89 R -9999.0 -9999.0    12.2 -9999.0 -9999.0 -9999.0 -99.000 -99.000 -99.000 -99.000 -99.000 -9999.0 -9999.0 -9999.0 -9999.0 -9999.0
27516 20040810  1.200 -156.61   71.32     9.7     7.6     8.7     8.6     0.0     9.98 R -9999.0 -9999.0     9.0 -9999.0 -9999.0 -9999.0 -99.000 -99.000 -99.000 -99.000 -99.000 -9999.0 -9999.0 -9999.0 -9999.0 -9999.0
27516 20040811  1.200 -156.61   71.32     8.4     3.9     6.2     7.0     0.0     9.35 R -9999.0 -9999.0     8.2 -9999.0 -9999.0 -9999.0 -99.000 -99.000 -99.000 -99.000 -99.000 -9999.0 -9999.0 -9999.0 -9999.0 -9999.0
27516 20040812  1.200 -156.61   71.32    10.8     2.3     6.6     8.2     0.6     6.08 R -9999.0 -9999.0     7.8 -9999.0 -9999.0 -9999.0 -99.000 -99.000 -99.000 -99.000 -99.000 -9999.0 -9999.0 -9999.0 -9999.0 -9999.0
27516 20040813  1.200 -156.61   71.32     8.6     1.9     5.3     3.7     0.7     7.91 R -9999.0 -9999.0     5.5 -9999.0 -9999.0 -9999.0 -99.000 -99.000 -99.000 -99.000 -99.000 -9999.0 -9999.0 -9999.0 -9999.0 -9999.0
27516 20040814  1.200 -156.61   71.32    12.3     2.9     7.6     8.4     0.0    18.21 R -9999.0 -9999.0     9.2 -9999.0 -9999.0 -9999.0 -99.000 -99.000 -99.000 -99.000 -99.000 -9999.0 -9999.0 -9999.0 -9999.0 -9999.0
27516 20040815  1.200 -156.61   71.32    15.0     7.1    11.1    11.3     0.0    10.65 R -9999.0 -9999.0    11.3 -9999.0 -9999.0 -9999.0 -99.000 -99.000 -99.000 -99.000 -99.000 -9999.0 -9999.0 -9999.0 -9999.0 -9999.0
27516 20040816  1.200 -156.61   71.32    16.0     8.5    12.3    12.0     0.4     8.85 R -9999.0 -9999.0    12.2 -9999.0 -9999.0 -9999.0 -99.000 -99.000 -99.000 -99.000 -99.000 -9999.0 -9999.0 -9999.0 -9999.0 -9999.0
27516 20040817  1.200 -156.61   71.32    12.4     8.3    10.4    10.4     1.6     6.92 R -9999.0 -9999.0    10.8 -9999.0 -9999.0 -9999.0 -99.000 -99.000 -99.000 -99.000 -99.000 -9999.0 -9999.0 -9999.0 -9999.0 -9999.0
27516 20040818  1.200 -156.61   71.32    12.7     7.7    10.2    10.7     0.7    10.80 R -9999.0 -9999.0    11.3 -9999.0 -9999.0 -9999.0 -99.000 -99.000 -99.000 -99.000 -99.000 -9999.0 -9999.0 -9999.0 -9999.0 -9999.0
27516 20040819  1.200 -156.61   71.32    12.3     8.2    10.3    10.1     0.0     7.55 R -9999.0 -9999.0    10.6 -9999.0 -9999.0 -9999.0 -99.000 -99.000 -99.000 -99.000 -99.000 -9999.0 -9999.0 -9999.0 -9999.0 -9999.0
27516 20040820  1.200 -156.61   71.32     9.1     6.8     8.0     8.2     0.0     7.63 R -9999.0 -9999.0     9.0 -9999.0 -9999.0 -9999.0 -99.000 -99.000 -99.000 -99.000 -99.000 -9999.0 -9999.0 -9999.0 -9999.0 -9999.0
27516 20040821  1.200 -156.61   71.32     7.8     5.6     6.7     6.6     0.0     9.90 R -9999.0 -9999.0     8.1 -9999.0 -9999.0 -9999.0 -99.000 -99.000 -99.000 -99.000 -99.000 -9999.0 -9999.0 -9999.0 -9999.0 -9999.0
27516 20040822  1.200 -156.61   71.32     7.2     5.2     6.2     6.1     0.0     7.04 R -9999.0 -9999.0     7.0 -9999.0 -9999.0 -9999.0 -99.000 -99.000 -99.000 -99.000 -99.000 -9999.0 -9999.0 -9999.0 -9999.0 -9999.0
27516 20040823  1.200 -156.61   71.32     8.1     5.4     6.8     6.6     0.0     9.14 R -9999.0 -9999.0     6.5 -9999.0 -9999.0 -9999.0 -99.000 -99.000 -99.000 -99.000 -99.000 -9999.0 -9999.0 -9999.0 -9999.0 -9999.0
27516 20040824  1.200 -156.61   71.32     7.3     5.2     6.3     6.0     0.0    11.87 R -9999.0 -9999.0     6.0 -9999.0 -9999.0 -9999.0 -99.000 -99.000 -99.000 -99.000 -99.000 -9999.0 -9999.0 -9999.0 -9999.0 -9999.0
27516 20040825  1.200 -156.61   71.32     6.6     3.9     5.3     5.4     0.4     7.13 R -9999.0 -9999.0     6.0 -9999.0 -9999.0 -9999.0 -99.000 -99.000 -99.000 -99.000 -99.000 -9999.0 -9999.0 -9999.0 -9999.0 -9999.0
27516 20040826  1.200 -156.61   71.32     5.3     1.5     3.4     3.9     0.0     6.01 R -9999.0 -9999.0     4.5 -9999.0 -9999.0 -9999.0 -99.000 -99.000 -99.000 -99.000 -99.000 -9999.0 -9999.0 -9999.0 -9999.0 -9999.0
27516 20040827  1.200 -156.61   71.32     4.5     0.9     2.7     3.3     0.0     4.30 R -9999.0 -9999.0     3.8 -9999.0 -9999.0 -9999.0 -99.000 -99.000 -99.000 -99.000 -99.000 -9999.0 -9999.0 -9999.0 -9999.0 -9999.0
27516 20040828  1.200 -156.61   71.32    10.2     2.8     6.5     5.6     2.3     5.13 R -9999.0 -9999.0     5.4 -9999.0 -9999.0 -9999.0 -99.000 -99.000 -99.000 -99.000 -99.000 -9999.0 -9999.0 -9999.0 -9999.0 -9999.0
27516 20040829  1.200 -156.61   71.32     4.4    -0.9     1.8     2.6     0.0     9.06 R -9999.0 -9999.0     3.1 -9999.0 -9999.0 -9999.0 -99.000 -99.000 -99.000 -99.000 -99.000 -9999.0 -9999.0 -9999.0 -9999.0 -9999.0
27516 20040830  1.200 -156.61   71.32     6.4     0.8     3.6     3.8     0.0     8.90 R -9999.0 -9999.0     3.7 -9999.0 -9999.0 -9999.0 -99.000 -99.000 -99.000 -99.000 -99.000 -9999.0 -9999.0 -9999.0 -9999.0 -9999.0
27516 20040831  1.200 -156.61   71.32     7.4     1.7     4.6     5.1     2.0     3.96 R -9999.0 -9999.0     5.0 -9999.0 -9999.0 -9999.0 -99.000 -99.000 -99.000 -99.000 -99.000 -9999.0 -9999.0 -9999.0 -9999.0 -9999.0
27516 20040901  1.200 -156.61   71.32     3.9     0.8     2.4     2.0     0.0     8.59 R -9999.0 -9999.0     2.1 -9999.0 -9999.0 -9999.0 -99.000 -99.000 -99.000 -99.000 -99.000 -9999.0 -9999.0 -9999.0 -9999.0 -9999.0
27516 20040902  1.200 -156.61   71.32     3.0     0.5     1.8     1.9     0.4     5.84 R -9999.0 -9999.0     1.7 -9999.0 -9999.0 -9999.0 -99.000 -99.000 -99.000 -99.000 -99.000 -9999.0 -9999.0 -9999.0 -9999.0 -9999.0
27516 20040903  1.200 -156.61   71.32     1.9    -0.1     0.9     0.9     0.0     3.89 R -9999.0 -9999.0     0.6 -9999.0 -9999.0 -9999.0 -99.000 -99.000 -99.000 -99.000 -99.000 -9999.0 -9999.0 -9999.0 -9999.0 -9999.0
27516 20040904  1.200 -156.61   71.32     3.1    -0.1     1.5     1.5     0.0     8.67 R -9999.0 -9999.0     1.6 -9999.0 -9999.0 -9999.0 -99.000 -99.000 -99.000 -99.000 -99.000 -9999.0 -9999.0 -9999.0 -9999.0 -9999.0
27516 20040905  1.200 -156.61   71.32     5.7    -3.1     1.3     1.9     0.0    10.04 R -9999.0 -9999.0     1.5 -9999.0 -9999.0 -9999.0 -99.000 -99.000 -99.000 -99.000 -99.000 -9999.0 -9999.0 -9999.0 -9999.0 -9999.0
27516 20040906  1.200 -156.61   71.32     9.2    -0.6     4.3     4.7     0.0     6.22 R -9999.0 -9999.0     3.5 -9999.0 -9999.0 -9999.0 -99.000 -99.000 -99.000 -99.000 -99.000 -9999.0 -9999.0 -9999.0 -9999.0 -9999.0
27516 20040907  1.200 -156.61   71.32     7.9     6.7     7.3     7.4     0.0     2.18 R -9999.0 -9999.0     6.9 -9999.0 -9999.0 -9999.0 -99.000 -99.000 -99.000 -99.000 -99.000 -9999.0 -9999.0 -9999.0 -9999.0 -9999.0
27516 20040908  1.200 -156.61   71.32     8.2     0.8     4.5     4.1     0.2     4.77 R -9999.0 -9999.0     4.7 -9999.0 -9999.0 -9999.0 -99.000 -99.000 -99.000 -99.000 -99.000 -9999.0 -9999.0 -9999.0 -9999.0 -9999.0
27516 20040909  1.200 -156.61   71.32     2.4     0.8     1.6     1.6     0.0     3.29 R -9999.0 -9999.0     1.7 -9999.0 -9999.0 -9999.0 -99.000 -99.000 -99.000 -99.000 -99.000 -9999.0 -9999.0 -9999.0 -9999.0 -9999.0
27516 20040910  1.200 -156.61   71.32     2.2    -0.2     1.0     1.1     0.0     4.67 R -9999.0 -9999.0     1.2 -9999.0 -9999.0 -9999.0 -99.000 -99.000 -99.000 -99.000 -99.000 -9999.0 -9999.0 -9999.0 -9999.0 -9999.0
27516 20040911  1.200 -156.61   71.32     2.2     0.1     1.2     1.4     0.5     2.93 R -9999.0 -9999.0     0.7 -9999.0 -9999.0 -9999.0 -99.000 -99.000 -99.000 -99.000 -99.000 -9999.0 -9999.0 -9999.0 -9999.0 -9999.0
27516 20040912  1.200 -156.61   71.32     1.9    -1.2     0.4     0.7     0.3     4.71 R -9999.0 -9999.0     0.5 -9999.0 -9999.0 -9999.0 -99.000 -99.000 -99.000 -99.000 -99.000 -9999.0 -9999.0 -9999.0 -9999.0 -9999.0
27516 20040913  1.200 -156.61   71.32    -0.2    -1.4    -0.8    -0.8     0.3     2.45 R -9999.0 -9999.0    -0.4 -9999.0 -9999.0 -9999.0 -99.000 -99.000 -99.000 -99.000 -99.000 -9999.0 -9999.0 -9999.0 -9999.0 -9999.0
27516 20040914  1.200 -156.61   71.32     1.0    -2.0    -0.5    -0.7     0.2     4.70 R -9999.0 -9999.0    -0.5 -9999.0 -9999.0 -9999.0 -99.000 -99.000 -99.000 -99.000 -99.000 -9999.0 -9999.0 -9999.0 -9999.0 -9999.0
27516 20040915  1.200 -156.61   71.32     2.3    -0.4     1.0     0.6     0.0     3.99 R -9999.0 -9999.0     0.3 -9999.0 -9999.0 -9999.0 -99.000 -99.000 -99.000 -99.000 -99.000 -9999.0 -9999.0 -9999.0 -9999.0 -9999.0
27516 20040916  1.200 -156.61   71.32     0.8    -1.7    -0.4    -0.5     0.0     4.22 R -9999.0 -9999.0     0.4 -9999.0 -9999.0 -9999.0 -99.000 -99.000 -99.000 -99.000 -99.000 -9999.0 -9999.0 -9999.0 -9999.0 -9999.0
27516 20040917  1.200 -156.61   71.32     0.8    -3.6    -1.4    -0.6     0.0     3.76 R -9999.0 -9999.0    -0.4 -9999.0 -9999.0 -9999.0 -99.000 -99.000 -99.000 -99.000 -99.000 -9999.0 -9999.0 -9999.0 -9999.0 -9999.0
27516 20040918  1.200 -156.61   71.32     5.6    -3.5     1.1     0.6     0.0     8.15 R -9999.0 -9999.0    -0.1 -9999.0 -9999.0 -9999.0 -99.000 -99.000 -99.000 -99.000 -99.000 -9999.0 -9999.0 -9999.0 -9999.0 -9999.0
27516 20040919  1.200 -156.61   71.32     1.9    -4.5    -1.3    -0.9     0.2     5.68 R -9999.0 -9999.0    -0.8 -9999.0 -9999.0 -9999.0 -99.000 -99.000 -99.000 -99.000 -99.000 -9999.0 -9999.0 -9999.0 -9999.0 -9999.0
27516 20040920  1.200 -156.61   71.32     2.2    -0.9     0.7     0.7     0.7     4.05 R -9999.0 -9999.0    -0.2 -9999.0 -9999.0 -9999.0 -99.000 -99.000 -99.000 -99.000 -99.000 -9999.0 -9999.0 -9999.0 -9999.0 -9999.0
27516 20040921  1.200 -156.61   71.32     1.1    -1.2     0.0     0.2     0.2     4.96 R -9999.0 -9999.0    -0.7 -9999.0 -9999.0 -9999.0 -99.000 -99.000 -99.000 -99.000 -99.000 -9999.0 -9999.0 -9999.0 -9999.0 -9999.0
27516 20040922  1.200 -156.61   71.32     1.4    -3.2    -0.9    -0.6     0.0     5.74 R -9999.0 -9999.0    -1.2 -9999.0 -9999.0 -9999.0 -99.000 -99.000 -99.000 -99.000 -99.000 -9999.0 -9999.0 -9999.0 -9999.0 -9999.0
27516 20040923  1.200 -156.61   71.32     1.6    -0.9     0.4     0.8     5.6     1.18 R -9999.0 -9999.0     0.0 -9999.0 -9999.0 -9999.0 -99.000 -99.000 -99.000 -99.000 -99.000 -9999.0 -9999.0 -9999.0 -9999.0 -9999.0
27516 20040924  1.200 -156.61   71.32     2.0     0.1     1.1     1.0     7.2     1.18 R -9999.0 -9999.0     0.4 -9999.0 -9999.0 -9999.0 -99.000 -99.000 -99.000 -99.000 -99.000 -9999.0 -9999.0 -9999.0 -9999.0 -9999.0
27516 20040925  1.200 -156.61   71.32     2.2    -0.4     0.9     0.8     0.6     3.41 R -9999.0 -9999.0    -0.2 -9999.0 -9999.0 -9999.0 -99.000 -99.000 -99.000 -99.000 -99.000 -9999.0 -9999.0 -9999.0 -9999.0 -9999.0
27516 20040926  1.200 -156.61   71.32     0.6    -0.8    -0.1     0.1     0.2     1.90 R -9999.0 -9999.0    -0.5 -9999.0 -9999.0 -9999.0 -99.000 -99.000 -99.000 -99.000 -99.000 -9999.0 -9999.0 -9999.0 -9999.0 -9999.0
27516 20040927  1.200 -156.61   71.32     1.0    -0.1     0.5     0.3     7.1     0.98 R -9999.0 -9999.0    -0.2 -9999.0 -9999.0 -9999.0 -99.000 -99.000 -99.000 -99.000 -99.000 -9999.0 -9999.0 -9999.0 -9999.0 -9999.0
27516 20040928  1.200 -156.61   71.32     0.0    -3.5    -1.7    -2.1     0.0     1.86 R -9999.0 -9999.0    -2.8 -9999.0 -9999.0 -9999.0 -99.000 -99.000 -99.000 -99.000 -99.000 -9999.0 -9999.0 -9999.0 -9999.0 -9999.0
27516 20040929  1.200 -156.61   71.32    -2.6    -3.5    -3.0    -3.1     0.0     1.30 R -9999.0 -9999.0    -4.2 -9999.0 -9999.0 -9999.0 -99.000 -99.000 -99.000 -99.000 -99.000 -9999.0 -9999.0 -9999.0 -9999.0 -9999.0
27516 20040930  1.200 -156.61   71.32    -1.5    -3.3    -2.4    -2.4     0.2     2.78 R -9999.0 -9999.0    -3.7 -9999.0 -9999.0 -9999.0 -99.000 -99.000 -99.000 -99.000 -99.000 -9999.0 -9999.0 -9999.0 -9999.0 -9999.0
27516 20041001  1.200 -156.61   71.32    -3.1    -7.7    -5.4    -4.7     0.0     4.01 R -9999.0 -9999.0    -5.7 -9999.0 -9999.0 -9999.0 -99.000 -99.000 -99.000 -99.000 -99.000 -9999.0 -9999.0 -9999.0 -9999.0 -9999.0
27516 20041002  1.200 -156.61   71.32     0.7    -7.9    -3.6    -2.6     0.0     2.42 R -9999.0 -9999.0    -3.3 -9999.0 -9999.0 -9999.0 -99.000 -99.000 -99.000 -99.000 -99.000 -9999.0 -9999.0 -9999.0 -9999.0 -9999.0
27516 20041003  1.200 -156.61   71.32     0.3    -2.8    -1.2    -0.8     0.0     2.81 R -9999.0 -9999.0    -1.8 -9999.0 -9999.0 -9999.0 -99.000 -99.000 -99.000 -99.000 -99.000 -9999.0 -9999.0 -9999.0 -9999.0 -9999.0
27516 20041004  1.200 -156.61   71.32     0.1    -0.7    -0.3    -0.3     0.0     1.71 R -9999.0 -9999.0    -1.1 -9999.0 -9999.0 -9999.0 -99.000 -99.000 -99.000 -99.000 -99.000 -9999.0 -9999.0 -9999.0 -9999.0 -9999.0
27516 20041005  1.200 -156.61   71.32     0.3    -0.8    -0.2    -0.2     0.2     1.75 R -9999.0 -9999.0    -1.0 -9999.0 -9999.0 -9999.0 -99.000 -99.000 -99.000 -99.000 -99.000 -9999.0 -9999.0 -9999.0 -9999.0 -9999.0
27516 20041006  1.200 -156.61   71.32     0.0    -1.3    -0.6    -0.6     0.0     1.85 R -9999.0 -9999.0    -1.3 -9999.0 -9999.0 -9999.0 -99.000 -99.000 -99.000 -99.000 -99.000 -9999.0 -9999.0 -9999.0 -9999.0 -9999.0
27516 20041007  1.200 -156.61   71.32    -0.6    -2.2    -1.4    -1.6     0.8     1.04 R -9999.0 -9999.0    -2.5 -9999.0 -9999.0 -9999.0 -99.000 -99.000 -99.000 -99.000 -99.000 -9999.0 -9999.0 -9999.0 -9999.0 -9999.0
27516 20041008  1.200 -156.61   71.32    -0.9    -2.3    -1.6    -1.7     0.2     1.29 R -9999.0 -9999.0    -2.5 -9999.0 -9999.0 -9999.0 -99.000 -99.000 -99.000 -99.000 -99.000 -9999.0 -9999.0 -9999.0 -9999.0 -9999.0
27516 20041009  1.200 -156.61   71.32    -2.0    -5.6    -3.8    -4.1     0.0     0.80 R -9999.0 -9999.0    -5.0 -9999.0 -9999.0 -9999.0 -99.000 -99.000 -99.000 -99.000 -99.000 -9999.0 -9999.0 -9999.0 -9999.0 -9999.0
27516 20041010  1.200 -156.61   71.32    -4.9    -6.8    -5.8    -6.1     0.2     1.10 R -9999.0 -9999.0    -6.7 -9999.0 -9999.0 -9999.0 -99.000 -99.000 -99.000 -99.000 -99.000 -9999.0 -9999.0 -9999.0 -9999.0 -9999.0
27516 20041011  1.200 -156.61   71.32    -4.8    -6.6    -5.7    -5.9     0.0     1.19 R -9999.0 -9999.0    -6.4 -9999.0 -9999.0 -9999.0 -99.000 -99.000 -99.000 -99.000 -99.000 -9999.0 -9999.0 -9999.0 -9999.0 -9999.0
27516 20041012  1.200 -156.61   71.32    -5.4    -7.1    -6.2    -6.0     0.0     0.99 R -9999.0 -9999.0    -6.5 -9999.0 -9999.0 -9999.0 -99.000 -99.000 -99.000 -99.000 -99.000 -9999.0 -9999.0 -9999.0 -9999.0 -9999.0
27516 20041013  1.200 -156.61   71.32    -5.1    -6.6    -5.8    -6.0     0.0     0.75 R -9999.0 -9999.0    -6.4 -9999.0 -9999.0 -9999.0 -99.000 -99.000 -99.000 -99.000 -99.000 -9999.0 -9999.0 -9999.0 -9999.0 -9999.0
27516 20041014  1.200 -156.61   71.32    -4.1    -7.9    -6.0    -5.7     0.0     1.23 R -9999.0 -9999.0    -6.1 -9999.0 -9999.0 -9999.0 -99.000 -99.000 -99.000 -99.000 -99.000 -9999.0 -9999.0 -9999.0 -9999.0 -9999.0
27516 20041015  1.200 -156.61   71.32    -1.5    -6.5    -4.0    -3.9     0.0     1.63 R -9999.0 -9999.0    -5.5 -9999.0 -9999.0 -9999.0 -99.000 -99.000 -99.000 -99.000 -99.000 -9999.0 -9999.0 -9999.0 -9999.0 -9999.0
27516 20041016  1.200 -156.61   71.32     0.4    -4.4    -2.0    -1.9     0.0     1.45 R -9999.0 -9999.0    -2.8 -9999.0 -9999.0 -9999.0 -99.000 -99.000 -99.000 -99.000 -99.000 -9999.0 -9999.0 -9999.0 -9999.0 -9999.0
27516 20041017  1.200 -156.61   71.32    -0.1    -7.1    -3.6    -4.1     0.0     1.12 R -9999.0 -9999.0    -5.1 -9999.0 -9999.0 -9999.0 -99.000 -99.000 -99.000 -99.000 -99.000 -9999.0 -9999.0 -9999.0 -9999.0 -9999.0
27516 20041018  1.200 -156.61   71.32    -2.5    -7.0    -4.7    -4.9     0.0     1.87 R -9999.0 -9999.0    -6.8 -9999.0 -9999.0 -9999.0 -99.000 -99.000 -99.000 -99.000 -99.000 -9999.0 -9999.0 -9999.0 -9999.0 -9999.0
27516 20041019  1.200 -156.61   71.32    -0.2    -9.3    -4.7    -3.8     3.5     2.43 R -9999.0 -9999.0    -5.2 -9999.0 -9999.0 -9999.0 -99.000 -99.000 -99.000 -99.000 -99.000 -9999.0 -9999.0 -9999.0 -9999.0 -9999.0
27516 20041020  1.200 -156.61   71.32    -3.7   -11.0    -7.3    -8.2     0.0     1.63 R -9999.0 -9999.0   -10.5 -9999.0 -9999.0 -9999.0 -99.000 -99.000 -99.000 -99.000 -99.000 -9999.0 -9999.0 -9999.0 -9999.0 -9999.0
27516 20041021  1.200 -156.61   71.32    -3.2   -11.1    -7.1    -7.8     0.0     0.59 R -9999.0 -9999.0    -9.0 -9999.0 -9999.0 -9999.0 -99.000 -99.000 -99.000 -99.000 -99.000 -9999.0 -9999.0 -9999.0 -9999.0 -9999.0
27516 20041022  1.200 -156.61   71.32    -7.6   -13.5   -10.5   -10.8     0.0     0.68 R -9999.0 -9999.0   -11.8 -9999.0 -9999.0 -9999.0 -99.000 -99.000 -99.000 -99.000 -99.000 -9999.0 -9999.0 -9999.0 -9999.0 -9999.0
27516 20041023  1.200 -156.61   71.32    -2.6    -9.0    -5.8    -5.2     0.0     0.31 R -9999.0 -9999.0    -6.6 -9999.0 -9999.0 -9999.0 -99.000 -99.000 -99.000 -99.000 -99.000 -9999.0 -9999.0 -9999.0 -9999.0 -9999.0
27516 20041024  1.200 -156.61   71.32    -2.3    -4.4    -3.3    -3.3     0.3     0.63 R -9999.0 -9999.0    -3.8 -9999.0 -9999.0 -9999.0 -99.000 -99.000 -99.000 -99.000 -99.000 -9999.0 -9999.0 -9999.0 -9999.0 -9999.0
27516 20041025  1.200 -156.61   71.32    -3.5    -5.6    -4.5    -4.5     0.0     0.67 R -9999.0 -9999.0    -5.3 -9999.0 -9999.0 -9999.0 -99.000 -99.000 -99.000 -99.000 -99.000 -9999.0 -9999.0 -9999.0 -9999.0 -9999.0
27516 20041026  1.200 -156.61   71.32    -5.0    -8.0    -6.5    -6.8     0.0     0.31 R -9999.0 -9999.0    -7.6 -9999.0 -9999.0 -9999.0 -99.000 -99.000 -99.000 -99.000 -99.000 -9999.0 -9999.0 -9999.0 -9999.0 -9999.0
27516 20041027  1.200 -156.61   71.32    -8.0   -10.5    -9.2    -9.0     0.0     0.35 R -9999.0 -9999.0    -9.7 -9999.0 -9999.0 -9999.0 -99.000 -99.000 -99.000 -99.000 -99.000 -9999.0 -9999.0 -9999.0 -9999.0 -9999.0
27516 20041028  1.200 -156.61   71.32   -10.2   -12.7   -11.4   -11.3     0.0     0.34 R -9999.0 -9999.0   -11.4 -9999.0 -9999.0 -9999.0 -99.000 -99.000 -99.000 -99.000 -99.000 -9999.0 -9999.0 -9999.0 -9999.0 -9999.0
27516 20041029  1.200 -156.61   71.32   -12.6   -14.6   -13.6   -13.9     0.3     0.22 R -9999.0 -9999.0   -13.6 -9999.0 -9999.0 -9999.0 -99.000 -99.000 -99.000 -99.000 -99.000 -9999.0 -9999.0 -9999.0 -9999.0 -9999.0
27516 20041030  1.200 -156.61   71.32   -11.7   -13.4   -12.5   -12.3     0.0     0.14 R -9999.0 -9999.0   -12.3 -9999.0 -9999.0 -9999.0 -99.000 -99.000 -99.000 -99.000 -99.000 -9999.0 -9999.0 -9999.0 -9999.0 -9999.0
27516 20041031  1.200 -156.61   71.32   -12.2   -20.1   -16.1   -15.9     0.0     0.52 R -9999.0 -9999.0   -16.2 -9999.0 -9999.0 -9999.0 -99.000 -99.000 -99.000 -99.000 -99.000 -9999.0 -9999.0 -9999.0 -9999.0 -9999.0
27516 20041101  1.200 -156.61   71.32   -17.0   -21.5   -19.2   -18.9     0.0     0.70 R -9999.0 -9999.0   -19.7 -9999.0 -9999.0 -9999.0 -99.000 -99.000 -99.000 -99.000 -99.000 -9999.0 -9999.0 -9999.0 -9999.0 -9999.0
27516 20041102  1.200 -156.61   71.32   -13.5   -19.1   -16.3   -15.3     0.0     0.03 R -9999.0 -9999.0   -15.6 -9999.0 -9999.0 -9999.0 -99.000 -99.000 -99.000 -99.000 -99.000 -9999.0 -9999.0 -9999.0 -9999.0 -9999.0
27516 20041103  1.200 -156.61   71.32   -13.5   -15.7   -14.6   -14.7     0.0     0.06 R -9999.0 -9999.0   -14.7 -9999.0 -9999.0 -9999.0 -99.000 -99.000 -99.000 -99.000 -99.000 -9999.0 -9999.0 -9999.0 -9999.0 -9999.0
27516 20041104  1.200 -156.61   71.32   -11.8   -15.2   -13.5   -13.1     0.6     0.09 R -9999.0 -9999.0   -13.2 -9999.0 -9999.0 -9999.0 -99.000 -99.000 -99.000 -99.000 -99.000 -9999.0 -9999.0 -9999.0 -9999.0 -9999.0
27516 20041105  1.200 -156.61   71.32   -12.8   -24.3   -18.5   -16.1     0.0     0.00 R -9999.0 -9999.0   -16.3 -9999.0 -9999.0 -9999.0 -99.000 -99.000 -99.000 -99.000 -99.000 -9999.0 -9999.0 -9999.0 -9999.0 -9999.0
27516 20041106  1.200 -156.61   71.32   -16.8   -23.1   -19.9   -18.5     0.0     0.00 R -9999.0 -9999.0   -18.0 -9999.0 -9999.0 -9999.0 -99.000 -99.000 -99.000 -99.000 -99.000 -9999.0 -9999.0 -9999.0 -9999.0 -9999.0
27516 20041107  1.200 -156.61   71.32   -13.7   -20.9   -17.3   -16.6     0.0     0.00 R -9999.0 -9999.0   -16.6 -9999.0 -9999.0 -9999.0 -99.000 -99.000 -99.000 -99.000 -99.000 -9999.0 -9999.0 -9999.0 -9999.0 -9999.0
27516 20041108  1.200 -156.61   71.32   -16.6   -20.7   -18.6   -18.2     0.0     0.01 R -9999.0 -9999.0   -19.0 -9999.0 -9999.0 -9999.0 -99.000 -99.000 -99.000 -99.000 -99.000 -9999.0 -9999.0 -9999.0 -9999.0 -9999.0
27516 20041109  1.200 -156.61   71.32   -11.8   -25.2   -18.5   -18.9     0.0     0.00 R -9999.0 -9999.0   -20.6 -9999.0 -9999.0 -9999.0 -99.000 -99.000 -99.000 -99.000 -99.000 -9999.0 -9999.0 -9999.0 -9999.0 -9999.0
27516 20041110  1.200 -156.61   71.32   -18.2   -25.3   -21.7   -21.5     0.0     0.00 R -9999.0 -9999.0   -25.3 -9999.0 -9999.0 -9999.0 -99.000 -99.000 -99.000 -99.000 -99.000 -9999.0 -9999.0 -9999.0 -9999.0 -9999.0
27516 20041111  1.200 -156.61   71.32   -21.2   -25.8   -23.5   -23.8     0.0     0.14 R -9999.0 -9999.0   -26.0 -9999.0 -9999.0 -9999.0 -99.000 -99.000 -99.000 -99.000 -99.000 -9999.0 -9999.0 -9999.0 -9999.0 -9999.0
27516 20041112  1.200 -156.61   71.32   -22.2   -24.8   -23.5   -23.6     0.0     0.00 R -9999.0 -9999.0   -24.9 -9999.0 -9999.0 -9999.0 -99.000 -99.000 -99.000 -99.000 -99.000 -9999.0 -9999.0 -9999.0 -9999.0 -9999.0
27516 20041113  1.200 -156.61   71.32   -15.1   -22.3   -18.7   -18.5     0.0     0.00 R -9999.0 -9999.0   -19.3 -9999.0 -9999.0 -9999.0 -99.000 -99.000 -99.000 -99.000 -99.000 -9999.0 -9999.0 -9999.0 -9999.0 -9999.0
27516 20041114  1.200 -156.61   71.32   -11.0   -15.5   -13.2   -13.6     0.0     0.00 R -9999.0 -9999.0   -14.2 -9999.0 -9999.0 -9999.0 -99.000 -99.000 -99.000 -99.000 -99.000 -9999.0 -9999.0 -9999.0 -9999.0 -9999.0
27516 20041115  1.200 -156.61   71.32    -8.4   -11.0    -9.7    -9.5     0.2     0.00 R -9999.0 -9999.0   -10.1 -9999.0 -9999.0 -9999.0 -99.000 -99.000 -99.000 -99.000 -99.000 -9999.0 -9999.0 -9999.0 -9999.0 -9999.0
27516 20041116  1.200 -156.61   71.32    -8.5   -13.3   -10.9   -10.9     2.0     0.00 R -9999.0 -9999.0   -11.4 -9999.0 -9999.0 -9999.0 -99.000 -99.000 -99.000 -99.000 -99.000 -9999.0 -9999.0 -9999.0 -9999.0 -9999.0
27516 20041117  1.200 -156.61   71.32   -11.6   -20.4   -16.0   -16.5     0.0     0.00 R -9999.0 -9999.0   -18.4 -9999.0 -9999.0 -9999.0 -99.000 -99.000 -99.000 -99.000 -99.000 -9999.0 -9999.0 -9999.0 -9999.0 -9999.0
27516 20041118  1.200 -156.61   71.32   -10.9   -19.6   -15.2   -13.5     0.0     0.00 R -9999.0 -9999.0   -15.9 -9999.0 -9999.0 -9999.0 -99.000 -99.000 -99.000 -99.000 -99.000 -9999.0 -9999.0 -9999.0 -9999.0 -9999.0
27516 20041119  1.200 -156.61   71.32   -12.4   -18.0   -15.2   -15.4     0.0     0.00 R -9999.0 -9999.0   -16.5 -9999.0 -9999.0 -9999.0 -99.000 -99.000 -99.000 -99.000 -99.000 -9999.0 -9999.0 -9999.0 -9999.0 -9999.0
27516 20041120  1.200 -156.61   71.32   -10.7   -14.6   -12.6   -12.6     0.0     0.00 R -9999.0 -9999.0   -13.2 -9999.0 -9999.0 -9999.0 -99.000 -99.000 -99.000 -99.000 -99.000 -9999.0 -9999.0 -9999.0 -9999.0 -9999.0
27516 20041121  1.200 -156.61   71.32    -4.9   -11.4    -8.1    -9.2     0.0     0.00 R -9999.0 -9999.0   -10.5 -9999.0 -9999.0 -9999.0 -99.000 -99.000 -99.000 -99.000 -99.000 -9999.0 -9999.0 -9999.0 -9999.0 -9999.0
27516 20041122  1.200 -156.61   71.32    -5.5   -13.2    -9.3   -11.2     0.0     0.00 R -9999.0 -9999.0   -12.9 -9999.0 -9999.0 -9999.0 -99.000 -99.000 -99.000 -99.000 -99.000 -9999.0 -9999.0 -9999.0 -9999.0 -9999.0
27516 20041123  1.200 -156.61   71.32   -10.0   -11.8   -10.9   -10.8     0.0     0.00 R -9999.0 -9999.0   -11.4 -9999.0 -9999.0 -9999.0 -99.000 -99.000 -99.000 -99.000 -99.000 -9999.0 -9999.0 -9999.0 -9999.0 -9999.0
27516 20041124  1.200 -156.61   71.32   -10.7   -17.7   -14.2   -14.1     0.0     0.00 R -9999.0 -9999.0   -15.1 -9999.0 -9999.0 -9999.0 -99.000 -99.000 -99.000 -99.000 -99.000 -9999.0 -9999.0 -9999.0 -9999.0 -9999.0
27516 20041125  1.200 -156.61   71.32   -15.1   -16.9   -16.0   -16.2     0.0     0.00 R -9999.0 -9999.0   -18.4 -9999.0 -9999.0 -9999.0 -99.000 -99.000 -99.000 -99.000 -99.000 -9999.0 -9999.0 -9999.0 -9999.0 -9999.0
27516 20041126  1.200 -156.61   71.32   -16.1   -21.7   -18.9   -19.1     0.0     0.00 R -9999.0 -9999.0   -20.8 -9999.0 -9999.0 -9999.0 -99.000 -99.000 -99.000 -99.000 -99.000 -9999.0 -9999.0 -9999.0 -9999.0 -9999.0
27516 20041127  1.200 -156.61   71.32   -21.6   -25.1   -23.3   -23.7     0.0     0.00 R -9999.0 -9999.0   -25.1 -9999.0 -9999.0 -9999.0 -99.000 -99.000 -99.000 -99.000 -99.000 -9999.0 -9999.0 -9999.0 -9999.0 -9999.0
27516 20041128  1.200 -156.61   71.32   -19.4   -24.8   -22.1   -21.8     0.0     0.00 R -9999.0 -9999.0   -22.7 -9999.0 -9999.0 -9999.0 -99.000 -99.000 -99.000 -99.000 -99.000 -9999.0 -9999.0 -9999.0 -9999.0 -9999.0
27516 20041129  1.200 -156.61   71.32   -17.4   -20.3   -18.8   -18.7     0.0     0.00 R -9999.0 -9999.0   -19.6 -9999.0 -9999.0 -9999.0 -99.000 -99.000 -99.000 -99.000 -99.000 -9999.0 -9999.0 -9999.0 -9999.0 -9999.0
27516 20041130  1.200 -156.61   71.32   -18.8   -20.8   -19.8   -19.7     0.0     0.00 R -9999.0 -9999.0   -20.5 -9999.0 -9999.0 -9999.0 -99.000 -99.000 -99.000 -99.000 -99.000 -9999.0 -9999.0 -9999.0 -9999.0 -9999.0
27516 20041201  1.200 -156.61   71.32   -20.7   -22.6   -21.6   -21.9     0.0     0.00 R -9999.0 -9999.0   -23.9 -9999.0 -9999.0 -9999.0 -99.000 -99.000 -99.000 -99.000 -99.000 -9999.0 -9999.0 -9999.0 -9999.0 -9999.0
27516 20041202  1.200 -156.61   71.32   -21.5   -24.3   -22.9   -23.5     0.0     0.00 R -9999.0 -9999.0   -25.3 -9999.0 -9999.0 -9999.0 -99.000 -99.000 -99.000 -99.000 -99.000 -9999.0 -9999.0 -9999.0 -9999.0 -9999.0
27516 20041203  1.200 -156.61   71.32   -23.1   -26.6   -24.8   -24.2     0.0     0.00 R -9999.0 -9999.0   -26.2 -9999.0 -9999.0 -9999.0 -99.000 -99.000 -99.000 -99.000 -99.000 -9999.0 -9999.0 -9999.0 -9999.0 -9999.0
27516 20041204  1.200 -156.61   71.32   -24.0   -29.0   -26.5   -26.8     0.0     0.00 R -9999.0 -9999.0   -29.1 -9999.0 -9999.0 -9999.0 -99.000 -99.000 -99.000 -99.000 -99.000 -9999.0 -9999.0 -9999.0 -9999.0 -9999.0
27516 20041205  1.200 -156.61   71.32   -19.9   -25.3   -22.6   -22.1     0.0     0.00 R -9999.0 -9999.0   -24.0 -9999.0 -9999.0 -9999.0 -99.000 -99.000 -99.000 -99.000 -99.000 -9999.0 -9999.0 -9999.0 -9999.0 -9999.0
27516 20041206  1.200 -156.61   71.32   -21.2   -24.0   -22.6   -22.5     0.0     0.00 R -9999.0 -9999.0   -23.1 -9999.0 -9999.0 -9999.0 -99.000 -99.000 -99.000 -99.000 -99.000 -9999.0 -9999.0 -9999.0 -9999.0 -9999.0
27516 20041207  1.200 -156.61   71.32   -21.3   -25.1   -23.2   -22.9     0.0     0.00 R -9999.0 -9999.0   -23.0 -9999.0 -9999.0 -9999.0 -99.000 -99.000 -99.000 -99.000 -99.000 -9999.0 -9999.0 -9999.0 -9999.0 -9999.0
27516 20041208  1.200 -156.61   71.32   -17.6   -23.5   -20.5   -20.8     0.0     0.00 R -9999.0 -9999.0   -21.0 -9999.0 -9999.0 -9999.0 -99.000 -99.000 -99.000 -99.000 -99.000 -9999.0 -9999.0 -9999.0 -9999.0 -9999.0
27516 20041209  1.200 -156.61   71.32   -17.9   -21.3   -19.6   -19.9     0.0     0.00 R -9999.0 -9999.0   -20.2 -9999.0 -9999.0 -9999.0 -99.000 -99.000 -99.000 -99.000 -99.000 -9999.0 -9999.0 -9999.0 -9999.0 -9999.0
27516 20041210  1.200 -156.61   71.32   -17.1   -25.4   -21.2   -21.6     0.0     0.00 R -9999.0 -9999.0   -22.2 -9999.0 -9999.0 -9999.0 -99.000 -99.000 -99.000 -99.000 -99.000 -9999.0 -9999.0 -9999.0 -9999.0 -9999.0
27516 20041211  1.200 -156.61   71.32   -23.4   -32.0   -27.7   -26.8     0.0     0.00 R -9999.0 -9999.0   -28.0 -9999.0 -9999.0 -9999.0 -99.000 -99.000 -99.000 -99.000 -99.000 -9999.0 -9999.0 -9999.0 -9999.0 -9999.0
27516 20041212  1.200 -156.61   71.32   -28.5   -36.6   -32.5   -31.7     0.0     0.00 R -9999.0 -9999.0   -33.3 -9999.0 -9999.0 -9999.0 -99.000 -99.000 -99.000 -99.000 -99.000 -9999.0 -9999.0 -9999.0 -9999.0 -9999.0
27516 20041213  1.200 -156.61   71.32   -30.8   -35.5   -33.1   -33.5     0.0     0.00 R -9999.0 -9999.0   -34.8 -9999.0 -9999.0 -9999.0 -99.000 -99.000 -99.000 -99.000 -99.000 -9999.0 -9999.0 -9999.0 -9999.0 -9999.0
27516 20041214  1.200 -156.61   71.32   -23.8   -32.9   -28.3   -28.6     0.0     0.00 R -9999.0 -9999.0   -30.3 -9999.0 -9999.0 -9999.0 -99.000 -99.000 -99.000 -99.000 -99.000 -9999.0 -9999.0 -9999.0 -9999.0 -9999.0
27516 20041215  1.200 -156.61   71.32   -26.0   -31.5   -28.7   -29.1     1.1     0.00 R -9999.0 -9999.0   -30.5 -9999.0 -9999.0 -9999.0 -99.000 -99.000 -99.000 -99.000 -99.000 -9999.0 -9999.0 -9999.0 -9999.0 -9999.0
27516 20041216  1.200 -156.61   71.32   -23.6   -27.6   -25.6   -24.8     0.0     0.00 R -9999.0 -9999.0   -25.6 -9999.0 -9999.0 -9999.0 -99.000 -99.000 -99.000 -99.000 -99.000 -9999.0 -9999.0 -9999.0 -9999.0 -9999.0
27516 20041217  1.200 -156.61   71.32   -19.7   -23.8   -21.7   -21.4     0.0     0.00 R -9999.0 -9999.0   -21.8 -9999.0 -9999.0 -9999.0 -99.000 -99.000 -99.000 -99.000 -99.000 -9999.0 -9999.0 -9999.0 -9999.0 -9999.0
27516 20041218  1.200 -156.61   71.32   -19.4   -21.4   -20.4   -20.2     0.0     0.00 R -9999.0 -9999.0   -20.9 -9999.0 -9999.0 -9999.0 -99.000 -99.000 -99.000 -99.000 -99.000 -9999.0 -9999.0 -9999.0 -9999.0 -9999.0
27516 20041219  1.200 -156.61   71.32   -20.7   -21.6   -21.1   -21.2     0.0     0.00 R -9999.0 -9999.0   -23.2 -9999.0 -9999.0 -9999.0 -99.000 -99.000 -99.000 -99.000 -99.000 -9999.0 -9999.0 -9999.0 -9999.0 -9999.0
27516 20041220  1.200 -156.61   71.32   -12.6   -22.1   -17.3   -19.9     0.2     0.00 R -9999.0 -9999.0   -20.7 -9999.0 -9999.0 -9999.0 -99.000 -99.000 -99.000 -99.000 -99.000 -9999.0 -9999.0 -9999.0 -9999.0 -9999.0
27516 20041221  1.200 -156.61   71.32   -12.6   -22.6   -17.6   -19.4     0.2     0.00 R -9999.0 -9999.0   -20.4 -9999.0 -9999.0 -9999.0 -99.000 -99.000 -99.000 -99.000 -99.000 -9999.0 -9999.0 -9999.0 -9999.0 -9999.0
27516 20041222  1.200 -156.61   71.32   -22.3   -29.8   -26.0   -24.4     0.0     0.00 R -9999.0 -9999.0   -25.9 -9999.0 -9999.0 -9999.0 -99.000 -99.000 -99.000 -99.000 -99.000 -9999.0 -9999.0 -9999.0 -9999.0 -9999.0
27516 20041223  1.200 -156.61   71.32   -23.9   -33.6   -28.7   -28.5     0.0     0.00 R -9999.0 -9999.0   -30.8 -9999.0 -9999.0 -9999.0 -99.000 -99.000 -99.000 -99.000 -99.000 -9999.0 -9999.0 -9999.0 -9999.0 -9999.0
27516 20041224  1.200 -156.61   71.32   -19.8   -33.6   -26.7   -27.2     0.0     0.00 R -9999.0 -9999.0   -29.2 -9999.0 -9999.0 -9999.0 -99.000 -99.000 -99.000 -99.000 -99.000 -9999.0 -9999.0 -9999.0 -9999.0 -9999.0
27516 20041225  1.200 -156.61   71.32   -10.3   -24.3   -17.3   -15.4     0.8     0.00 R -9999.0 -9999.0   -15.9 -9999.0 -9999.0 -9999.0 -99.000 -99.000 -99.000 -99.000 -99.000 -9999.0 -9999.0 -9999.0 -9999.0 -9999.0
27516 20041226  1.200 -156.61   71.32    -8.9   -19.0   -13.9   -12.1     0.4     0.00 R -9999.0 -9999.0   -12.8 -9999.0 -9999.0 -9999.0 -99.000 -99.000 -99.000 -99.000 -99.000 -9999.0 -9999.0 -9999.0 -9999.0 -9999.0
27516 20041227  1.200 -156.61   71.32   -17.5   -25.2   -21.3   -20.9     0.0     0.00 R -9999.0 -9999.0   -23.0 -9999.0 -9999.0 -9999.0 -99.000 -99.000 -99.000 -99.000 -99.000 -9999.0 -9999.0 -9999.0 -9999.0 -9999.0
27516 20041228  1.200 -156.61   71.32   -23.9   -32.5   -28.2   -27.4     0.0     0.00 R -9999.0 -9999.0   -29.5 -9999.0 -9999.0 -9999.0 -99.000 -99.000 -99.000 -99.000 -99.000 -9999.0 -9999.0 -9999.0 -9999.0 -9999.0
27516 20041229  1.200 -156.61   71.32   -16.4   -32.5   -24.4   -23.0     0.0     0.00 R -9999.0 -9999.0   -23.3 -9999.0 -9999.0 -9999.0 -99.000 -99.000 -99.000 -99.000 -99.000 -9999.0 -9999.0 -9999.0 -9999.0 -9999.0
27516 20041230  1.200 -156.61   71.32   -11.9   -17.9   -14.9   -15.3     0.5     0.00 R -9999.0 -9999.0   -15.7 -9999.0 -9999.0 -9999.0 -99.000 -99.000 -99.000 -99.000 -99.000 -9999.0 -9999.0 -9999.0 -9999.0 -9999.0
27516 20041231  1.200 -156.61   71.32    -4.1   -22.9   -13.5   -11.8     0.5     0.00 R -9999.0 -9999.0   -13.6 -9999.0 -9999.0 -9999.0 -99.000 -99.000 -99.000 -99.000 -99.000 -9999.0 -9999.0 -9999.0 -9999.0 -9999.0
