54902 20120101  2.402  -93.29   41.56     3.0    -4.2    -0.6    -0.2     0.0     5.47 R     4.6    -4.3     0.2    85.9    38.9    61.3   0.326   0.344   0.345   0.392   0.431     2.8     3.5     4.0     4.5     6.4
54902 20120102  2.402  -93.29   41.56    -2.9   -11.7    -7.3    -6.5     0.0     6.72 R     0.1   -12.0    -5.9    80.6    36.3    59.6   0.316   0.341   0.342   0.391   0.431     1.1     2.2     3.2     4.3     6.4
54902 20120103  2.402  -93.29   41.56     3.9   -13.5    -4.8    -4.6     0.0     5.83 R     6.3   -13.4    -4.1    87.6    33.7    60.7   0.296   0.339   0.340   0.391   0.432     0.4     1.5     2.4     3.9     6.4
54902 20120104  2.402  -93.29   41.56     7.2    -1.9     2.6     2.1     0.0     6.31 R    10.5    -2.0     2.8    85.6    45.5    65.5   0.294   0.338   0.338   0.388   0.431     0.4     1.2     2.1     3.5     6.3
54902 20120105  2.402  -93.29   41.56    17.7    -0.8     8.4     7.3     0.0     6.39 R    20.3    -0.9     7.9    76.6    23.4    51.0   0.309   0.338   0.338   0.388   0.430     1.6     1.7     2.2     3.3     6.2
54902 20120106  2.402  -93.29   41.56    12.4    -0.5     5.9     5.0     0.0     5.03 R    15.8    -0.8     5.3    83.9    36.4    60.4   0.313   0.339   0.339   0.387   0.431     2.6     2.6     2.9     3.5     6.1
54902 20120107  2.402  -93.29   41.56     5.3    -4.5     0.4     0.2     0.0     5.69 R     9.5    -4.9     0.7    90.0    51.5    69.7   0.311   0.338   0.339   0.388   0.431     2.1     2.6     3.1     3.7     6.0
54902 20120108  2.402  -93.29   41.56     4.5    -6.6    -1.1    -1.2     0.0     3.98 R     8.6    -7.4    -1.0    97.1    57.1    82.2   0.308   0.337   0.338   0.387   0.431     1.5     2.1     2.8     3.7     6.0
54902 20120109  2.402  -93.29   41.56    10.8    -5.1     2.9     2.1     0.0     6.74 R    13.3    -5.2     2.6    90.1    35.2    65.3   0.307   0.336   0.339   0.387   0.431     1.6     2.0     2.6     3.6     6.0
54902 20120110  2.402  -93.29   41.56    13.6    -3.6     5.0     4.0     0.0     6.84 R    17.5    -3.5     4.8    83.2    31.8    58.2   0.307   0.337   0.339   0.386   0.431     2.2     2.4     2.8     3.5     5.9
54902 20120111  2.402  -93.29   41.56     7.5    -8.8    -0.6    -0.8     0.8     4.23 R    10.7    -8.6    -0.4    85.8    52.6    71.1   0.306   0.336   0.339   0.386   0.430     2.0     2.5     3.0     3.6     5.9
54902 20120112  2.402  -93.29   41.56    -8.7   -12.4   -10.6   -10.6     0.0     2.25 R    -8.0   -12.1   -10.3    81.7    61.2    68.8 -99.000   0.334   0.338   0.385   0.430     0.7     1.7     2.5     3.6     5.9
54902 20120113  2.402  -93.29   41.56    -6.7   -12.6    -9.7   -10.5     0.0     5.43 R    -3.5   -12.4    -9.8    81.5    48.9    69.5 -99.000   0.332   0.337   0.384   0.430     0.2     1.1     1.9     3.2     5.8
54902 20120114  2.402  -93.29   41.56     0.1   -10.3    -5.1    -5.5     0.4     3.98 R     2.0   -10.5    -4.7    93.5    70.6    84.5 -99.000   0.329   0.336   0.385   0.430     0.1     0.8     1.7     3.0     5.7
54902 20120115  2.402  -93.29   41.56    10.0    -7.6     1.2     1.0     0.0     7.17 R    12.7    -7.6     1.5    93.0    41.3    70.3 -99.000   0.320   0.337   0.383   0.429     0.1     0.8     1.5     2.8     5.6
54902 20120116  2.402  -93.29   41.56     6.6    -1.8     2.4     2.5     0.0     4.69 R    12.2    -1.6     3.3    83.1    55.7    68.9   0.302   0.324   0.336   0.383   0.429     0.5     0.9     1.5     2.7     5.5
54902 20120117  2.402  -93.29   41.56    -1.4   -15.5    -8.5    -8.8     2.7     6.03 R    -0.6   -15.9    -8.2    89.0    52.9    75.5 -99.000   0.332   0.336   0.383   0.430     0.4     1.0     1.7     2.7     5.4
54902 20120118  2.402  -93.29   41.56    -0.7   -18.2    -9.5    -8.5     0.0     6.97 R     2.1   -18.3    -8.0    88.2    52.2    73.8 -99.000   0.325   0.336   0.382   0.430     0.1     0.8     1.5     2.6     5.3
54902 20120119  2.402  -93.29   41.56    -8.3   -17.8   -13.0   -15.1     0.0     6.88 R    -6.3   -18.0   -13.5    74.9    48.0    60.1 -99.000   0.309   0.336   0.381   0.430    -0.1     0.6     1.4     2.5     5.3
54902 20120120  2.402  -93.29   41.56   -11.5   -17.4   -14.4   -13.4     0.0     1.49 R    -8.8   -17.4   -12.9    83.4    56.1    72.2 -99.000   0.299   0.335   0.381   0.429    -0.4     0.4     1.2     2.4     5.2
54902 20120121  2.402  -93.29   41.56    -4.4   -14.6    -9.5    -9.0     0.2     2.47 R    -3.0   -14.4    -8.4    83.0    75.5    79.3 -99.000   0.299   0.335   0.381   0.429    -0.6     0.2     1.0     2.2     5.1
54902 20120122  2.402  -93.29   41.56     1.7    -5.1    -1.7    -0.4     2.5     0.56 R     2.5    -4.9    -0.3   100.0    79.8    95.6 -99.000   0.299   0.335   0.380   0.429    -0.5     0.1     0.9     2.1     5.0
54902 20120123  2.402  -93.29   41.56     1.1    -4.0    -1.4    -2.3     2.3     3.00 R     2.3    -3.9    -2.1   100.0    77.8    85.1 -99.000   0.299   0.338   0.387   0.428    -0.3     0.2     0.9     2.0     4.9
54902 20120124  2.402  -93.29   41.56    -0.6    -5.6    -3.1    -3.2     0.0     6.16 R     6.8    -5.8    -1.8    93.8    73.7    81.8 -99.000   0.299   0.337   0.382   0.428    -0.3     0.2     0.9     2.0     4.8
54902 20120125  2.402  -93.29   41.56     5.2    -5.7    -0.3    -0.5     0.0     5.31 R     8.3    -5.8     0.0    94.4    63.3    84.9 -99.000   0.299   0.337   0.382   0.428    -0.2     0.3     0.9     2.0     4.7
54902 20120126  2.402  -93.29   41.56     7.2    -1.4     2.9     2.3     0.0     5.63 R    10.8    -1.6     2.9    98.7    56.7    82.4 -99.000   0.299   0.336   0.381   0.428    -0.2     0.3     0.9     2.0     4.7
54902 20120127  2.402  -93.29   41.56     2.9    -3.5    -0.3    -0.4     0.0     1.68 R     4.3    -3.4    -0.3    90.8    60.8    78.6 -99.000   0.299   0.337   0.381   0.427    -0.1     0.4     1.0     2.0     4.6
54902 20120128  2.402  -93.29   41.56     6.4    -5.7     0.3    -0.5     0.0     8.58 R    10.0    -5.8     0.2    83.5    27.0    57.3 -99.000   0.300   0.337   0.380   0.427    -0.1     0.4     1.0     2.0     4.6
54902 20120129  2.402  -93.29   41.56     2.0    -3.9    -1.0    -0.6     0.0     8.11 R     7.9    -3.8     0.8    80.1    40.7    56.5 -99.000   0.300   0.336   0.381   0.427     0.0     0.4     1.0     2.0     4.5
54902 20120130  2.402  -93.29   41.56    17.6    -0.3     8.6     8.9     0.0     8.24 R    20.2    -0.4     9.5    58.4    24.1    44.3 -99.000   0.301   0.336   0.381   0.427     0.3     0.6     1.1     2.0     4.5
54902 20120131  2.402  -93.29   41.56    15.5     2.6     9.1     8.6     0.0     8.45 R    19.6     2.3     9.4    87.5    37.0    68.2   0.330   0.330   0.338   0.380   0.427     1.8     1.4     1.6     2.1     4.4
54902 20120201  2.402  -93.29   41.56    14.1    -2.6     5.7     4.0     0.0     7.99 R    18.4    -3.1     5.1    98.0    34.0    76.5   0.327   0.337   0.342   0.380   0.427     1.9     1.9     2.2     2.4     4.4
54902 20120202  2.402  -93.29   41.56    12.4    -6.2     3.1     2.5     0.0     7.01 R    18.0    -6.9     3.5   100.0    36.8    78.4   0.327   0.346   0.345   0.381   0.427     1.8     2.0     2.3     2.6     4.5
54902 20120203  2.402  -93.29   41.56     2.5     0.1     1.3     1.1     0.6     1.51 R     3.8     0.2     1.4    97.6    86.2    92.9   0.332   0.348   0.347   0.381   0.427     2.0     2.2     2.5     2.7     4.5
54902 20120204  2.402  -93.29   41.56     1.5    -0.4     0.6     0.4    13.8     2.24 R     2.1    -0.5     0.4    98.9    81.3    93.9   0.339   0.351   0.350   0.382   0.427     1.7     2.1     2.5     2.8     4.6
54902 20120205  2.402  -93.29   41.56    -0.4    -6.6    -3.5    -3.1     0.0     3.20 R     1.8    -7.1    -2.4    97.8    88.8    95.3   0.343   0.357   0.361   0.384   0.428     1.4     1.9     2.4     2.9     4.6
54902 20120206  2.402  -93.29   41.56     0.3    -7.2    -3.5    -3.8     0.0     7.75 R     5.8    -6.2    -2.3    98.0    82.3    92.9   0.339   0.355   0.360   0.386   0.428     1.0     1.6     2.2     2.8     4.6
54902 20120207  2.402  -93.29   41.56     0.7    -6.8    -3.0    -1.9     0.0     2.12 R     2.2    -6.0    -1.6    95.8    84.0    91.1   0.337   0.354   0.359   0.386   0.428     0.8     1.3     2.0     2.8     4.7
54902 20120208  2.402  -93.29   41.56    -2.4   -10.7    -6.5    -5.1     0.0     6.77 R     3.4   -11.1    -3.8    86.7    64.8    75.5   0.335   0.354   0.359   0.385   0.429     0.8     1.3     1.9     2.7     4.7
54902 20120209  2.402  -93.29   41.56    -0.2   -12.8    -6.5    -5.1     0.0     4.22 R     2.5   -13.0    -4.7    90.2    76.6    84.5 -99.000   0.350   0.357   0.385   0.429     0.3     1.0     1.7     2.6     4.7
54902 20120210  2.402  -93.29   41.56    -0.6   -13.4    -7.0    -7.9     0.0     8.83 R    -0.1   -13.7    -7.1    89.3    63.0    71.7 -99.000   0.348   0.355   0.385   0.429     0.2     0.8     1.5     2.5     4.6
54902 20120211  2.402  -93.29   41.56    -5.9   -16.7   -11.3   -11.9     0.0    10.82 R    -2.5   -16.9   -10.8    69.5    44.1    60.3 -99.000   0.340   0.354   0.385   0.429    -0.3     0.6     1.3     2.4     4.6
54902 20120212  2.402  -93.29   41.56    -3.0   -16.0    -9.5    -9.1     0.0    11.01 R     2.2   -16.3    -7.3    74.8    34.5    56.4 -99.000 -99.000   0.352   0.384   0.428    -0.7     0.3     1.1     2.2     4.5
54902 20120213  2.402  -93.29   41.56    -0.4    -3.9    -2.1    -1.9     4.3     2.84 R     0.8    -4.0    -1.5    97.1    50.6    84.7 -99.000 -99.000   0.351   0.383   0.428    -0.5     0.2     0.9     2.1     4.5
54902 20120214  2.402  -93.29   41.56     3.3    -3.9    -0.3     0.1     0.0     9.51 R     7.2    -4.5     1.1    99.6    68.3    85.9 -99.000 -99.000   0.352   0.383   0.428    -0.3     0.2     0.9     2.0     4.4
54902 20120215  2.402  -93.29   41.56     5.7    -3.9     0.9     1.4     0.0     8.28 R    13.8    -4.2     3.1    98.1    69.5    86.0 -99.000 -99.000   0.352   0.386   0.427    -0.2     0.2     0.9     1.9     4.3
54902 20120216  2.402  -93.29   41.56     6.3    -3.8     1.3     0.7     0.0    11.09 R     9.6    -3.7     1.6    96.1    42.8    75.7 -99.000 -99.000   0.358   0.398   0.426    -0.2     0.3     0.9     1.9     4.3
54902 20120217  2.402  -93.29   41.56     9.2    -3.5     2.9     2.2     0.0    10.91 R    13.4    -4.0     3.3    87.0    42.1    67.1 -99.000   0.318   0.362   0.406   0.427    -0.1     0.3     0.9     1.8     4.2
54902 20120218  2.402  -93.29   41.56     3.9    -7.0    -1.6    -1.6     0.0    11.29 R    10.5    -7.6    -0.1    84.2    41.6    66.9 -99.000   0.328   0.362   0.402   0.427    -0.1     0.4     0.9     1.8     4.2
54902 20120219  2.402  -93.29   41.56     6.5    -7.7    -0.6    -0.9     0.0    11.24 R    11.9    -7.8     0.5    90.4    44.2    69.7 -99.000   0.328   0.362   0.397   0.427    -0.1     0.4     1.0     1.8     4.1
54902 20120220  2.402  -93.29   41.56     9.3    -3.6     2.8     2.3     2.2     7.00 R    12.2    -4.2     2.7    88.8    48.7    67.6 -99.000   0.329   0.362   0.395   0.427    -0.1     0.4     1.0     1.8     4.1
54902 20120221  2.402  -93.29   41.56     8.4     0.6     4.5     3.6     0.0     9.48 R    11.5     0.3     4.2    92.0    48.8    71.0 -99.000   0.351   0.375   0.394   0.427     0.2     0.5     1.1     1.8     4.1
54902 20120222  2.402  -93.29   41.56    10.9    -0.2     5.3     4.6     0.0     9.68 R    14.8    -0.1     5.5    84.5    47.9    67.0   0.360   0.363   0.380   0.397   0.428     1.0     1.1     1.4     1.9     4.0
54902 20120223  2.402  -93.29   41.56     3.6    -0.4     1.6     1.4    21.9     0.72 R     3.7    -0.1     1.4    98.8    72.9    91.1   0.367   0.375   0.397   0.409   0.427     1.4     1.6     1.8     2.1     4.0
54902 20120224  2.402  -93.29   41.56     0.1    -4.7    -2.3    -2.1     1.3    11.06 R     2.5    -4.9    -1.3    97.5    62.9    79.1   0.356   0.369   0.390   0.407   0.430     0.9     1.4     1.8     2.3     4.0
54902 20120225  2.402  -93.29   41.56    -2.2   -10.3    -6.2    -5.7     0.0    12.76 R     8.2   -10.4    -3.4    84.4    60.0    72.7 -99.000   0.361   0.380   0.400   0.433     0.3     0.9     1.5     2.3     4.1
54902 20120226  2.402  -93.29   41.56    11.8    -2.8     4.5     3.9     0.0    12.37 R    14.6    -3.1     4.5    83.3    39.2    59.4 -99.000   0.366   0.386   0.404   0.434     0.4     0.8     1.3     2.2     4.1
54902 20120227  2.402  -93.29   41.56     2.7    -7.4    -2.4    -2.4     0.0    12.67 R     8.1    -7.3    -0.6    76.7    46.7    62.2 -99.000   0.363   0.385   0.403   0.434     0.3     0.8     1.4     2.1     4.1
54902 20120228  2.402  -93.29   41.56     9.5    -1.5     4.0     3.7     1.9     4.54 R    11.3    -1.6     3.9    89.8    51.2    73.1   0.332   0.359   0.381   0.400   0.435     0.7     0.9     1.4     2.1     4.1
54902 20120229  2.402  -93.29   41.56    11.4    -0.2     5.6     2.6     3.0     2.24 R    10.7    -0.1     2.6    92.8    63.9    73.5   0.362   0.374   0.396   0.404   0.435     1.9     1.9     2.0     2.2     4.0
54902 20120301  2.402  -93.29   41.56     7.7    -4.9     1.4     1.7     0.0     9.41 R    11.9    -4.7     3.1    93.4    57.8    77.7   0.351   0.367   0.386   0.401   0.436     1.6     1.7     2.0     2.4     4.0
54902 20120302  2.402  -93.29   41.56     6.6    -0.5     3.1     1.4     0.7     3.92 R     8.8    -0.7     1.6    94.5    43.2    76.2   0.348   0.364   0.382   0.400   0.437     1.8     2.0     2.3     2.6     4.1
54902 20120303  2.402  -93.29   41.56     2.5    -6.0    -1.8    -1.2     0.0     8.53 R     6.5    -6.5    -0.5    78.9    45.6    60.4   0.343   0.361   0.379   0.399   0.439     1.1     1.7     2.1     2.6     4.1
54902 20120304  2.402  -93.29   41.56    -2.2    -8.7    -5.4    -4.9     2.3     2.56 R     1.0    -9.1    -4.4    94.2    77.0    87.1   0.321   0.357   0.377   0.398   0.440     0.5     1.2     1.8     2.5     4.1
54902 20120305  2.402  -93.29   41.56     8.1    -8.9    -0.4    -0.3     0.0    13.51 R    11.5    -9.7     1.0    92.9    37.8    68.7 -99.000   0.357   0.375   0.396   0.441     0.6     1.0     1.6     2.4     4.1
54902 20120306  2.402  -93.29   41.56    22.7     1.8    12.3    13.6     0.0    12.95 R    25.5     1.4    14.1    65.7    24.8    46.5   0.349   0.363   0.377   0.395   0.441     3.1     2.1     2.1     2.3     4.1
54902 20120307  2.402  -93.29   41.56    19.3    -0.1     9.6    10.8     1.4     2.95 R    20.8    -0.3    11.0    85.9    54.3    69.6   0.348   0.364   0.380   0.396   0.442     5.7     4.6     3.9     3.0     4.1
54902 20120308  2.402  -93.29   41.56     8.9    -3.7     2.6     2.7     0.0    14.19 R    12.6    -3.5     3.7    84.6    27.2    54.9   0.346   0.363   0.380   0.397   0.442     3.8     4.0     4.1     3.7     4.2
54902 20120309  2.402  -93.29   41.56     8.5    -6.5     1.0     1.4     0.0    14.34 R    15.6    -6.9     3.8    80.1    16.1    46.4   0.341   0.360   0.378   0.396   0.443     3.0     3.3     3.7     3.8     4.3
54902 20120310  2.402  -93.29   41.56    19.9     3.0    11.4    11.0     0.0    14.49 R    23.2     2.6    11.8    62.0    15.2    38.3   0.338   0.359   0.378   0.395   0.444     4.1     3.7     3.7     3.7     4.4
54902 20120311  2.402  -93.29   41.56    15.2     2.8     9.0     9.7     8.8     5.10 R    20.5     2.2    10.1    97.0    31.9    64.9   0.342   0.362   0.381   0.396   0.446     5.1     4.6     4.4     4.0     4.5
54902 20120312  2.402  -93.29   41.56    17.8     7.9    12.9    11.6     0.0    12.07 R    21.2     7.4    12.6    96.3    51.5    79.3   0.366   0.380   0.405   0.404   0.446     6.8     5.8     5.3     4.5     4.7
54902 20120313  2.402  -93.29   41.56    24.4    -0.5    11.9    13.5     0.2    14.36 R    29.0    -0.1    14.7   100.0    33.3    68.8   0.356   0.374   0.395   0.404   0.448     7.3     6.4     6.0     5.0     4.8
54902 20120314  2.402  -93.29   41.56    26.9    14.2    20.6    19.4     0.0    10.91 R    29.8    13.5    20.0    86.5    41.1    63.7   0.353   0.373   0.393   0.403   0.448     9.5     8.0     7.1     5.7     5.0
54902 20120315  2.402  -93.29   41.56    26.6     7.0    16.8    17.3     0.0    12.90 R    31.7     6.7    18.8    96.9    45.3    71.7   0.348   0.370   0.391   0.404   0.448    10.2     9.0     8.2     6.5     5.2
54902 20120316  2.402  -93.29   41.56    28.4    13.8    21.1    20.5     0.0    12.01 R    33.4    13.3    21.5    97.7    35.9    70.0   0.344   0.369   0.390   0.405   0.450    11.5    10.0     9.0     7.2     5.5
54902 20120317  2.402  -93.29   41.56    27.7    16.0    21.8    21.0     0.0    11.49 R    32.0    15.6    21.9    89.9    43.9    69.5   0.339   0.368   0.390   0.404   0.451    12.8    11.1    10.1     7.9     5.8
54902 20120318  2.402  -93.29   41.56    26.8    13.9    20.3    20.1     0.0    12.05 R    30.5    13.6    20.9    91.6    47.2    69.4   0.332   0.366   0.390   0.406   0.451    13.3    11.8    10.9     8.7     6.2
54902 20120319  2.402  -93.29   41.56    27.6    14.7    21.1    19.5     6.3     7.23 R    31.5    13.9    19.7    96.0    40.3    73.9   0.327   0.363   0.389   0.405   0.454    13.7    12.4    11.5     9.3     6.6
54902 20120320  2.402  -93.29   41.56    21.5    13.1    17.3    16.1     8.4     6.82 R    26.2    13.2    16.8    95.0    62.1    85.1   0.358   0.369   0.395   0.410   0.456    13.1    12.3    11.6     9.8     7.0
54902 20120321  2.402  -93.29   41.56    20.1    14.0    17.0    16.9     3.0     4.73 R    21.2    13.8    17.1    95.4    70.1    84.4   0.375   0.387   0.419   0.424   0.456    13.2    12.4    11.8    10.2     7.3
54902 20120322  2.402  -93.29   41.56    18.2     8.2    13.2    13.7     9.0     4.12 R    20.2     7.5    13.9    97.8    70.9    88.8   0.378   0.393   0.423   0.430   0.459    12.9    12.4    12.0    10.5     7.7
54902 20120323  2.402  -93.29   41.56    19.3     6.3    12.8    12.5     0.0    10.43 R    23.2     6.3    13.7    99.8    56.9    83.0   0.363   0.384   0.410   0.422   0.459    11.9    11.7    11.5    10.5     8.0
54902 20120324  2.402  -93.29   41.56    23.8     9.6    16.7    16.0     0.0    12.92 R    28.2     9.4    17.2    90.2    47.6    73.4   0.353   0.378   0.402   0.417   0.462    12.1    11.7    11.4    10.5     8.3
54902 20120325  2.402  -93.29   41.56    23.6     6.8    15.2    15.8     0.0    15.65 R    31.5     7.0    18.0   100.0    40.9    74.7   0.343   0.374   0.398   0.415   0.463    12.2    11.8    11.5    10.5     8.4
54902 20120326  2.402  -93.29   41.56    17.6     9.1    13.3    12.5     0.0    12.53 R    20.0     9.1    13.3    89.4    42.0    62.3   0.332   0.371   0.394   0.412   0.463    11.8    11.7    11.5    10.6     8.6
54902 20120327  2.402  -93.29   41.56    26.1     9.4    17.8    18.2     0.0    11.36 R    28.3     9.4    18.5    84.1    21.2    53.3   0.318   0.366   0.391   0.410   0.464    11.9    11.4    11.2    10.6     8.8
54902 20120328  2.402  -93.29   41.56    22.8     6.8    14.8    14.5     0.0    14.90 R    28.1     5.9    16.0    78.6    25.1    49.7   0.298   0.361   0.387   0.408   0.465    11.7    11.5    11.4    10.6     8.9
54902 20120329  2.402  -93.29   41.56    18.3     8.9    13.6    13.0    14.9    13.59 R    23.0     8.9    14.0    95.5    52.1    67.8   0.283   0.356   0.384   0.406   0.467    11.6    11.4    11.3    10.6     9.0
54902 20120330  2.402  -93.29   41.56    15.8     8.3    12.0    11.8     1.6     4.88 R    21.0     8.5    12.5    99.7    74.6    90.8   0.367   0.386   0.407   0.417   0.468    11.5    11.4    11.3    10.6     9.1
54902 20120331  2.402  -93.29   41.56    22.0     9.6    15.8    14.5     0.0    10.20 R    25.7     9.7    15.6    94.5    62.7    82.9   0.354   0.380   0.397   0.412   0.469    11.7    11.4    11.2    10.6     9.2
54902 20120401  2.402  -93.29   41.56    28.8    12.9    20.8    20.5     0.0    16.71 R    34.2    12.4    22.3    91.8    38.5    69.3   0.339   0.374   0.394   0.409   0.470    13.3    12.3    11.8    10.8     9.3
54902 20120402  2.402  -93.29   41.56    29.3    11.1    20.2    19.9     0.0    16.25 R    32.5    11.3    21.0    94.2    48.3    71.4   0.317   0.369   0.391   0.406   0.472    14.1    13.2    12.6    11.3     9.4
54902 20120403  2.402  -93.29   41.56    21.2    11.9    16.5    16.1     0.0    12.10 R    26.1    11.7    17.2    88.9    49.1    69.7   0.295   0.364   0.389   0.406   0.473    14.0    13.5    13.0    11.7     9.5
54902 20120404  2.402  -93.29   41.56    19.3    11.0    15.1    14.1     0.0    10.38 R    22.7    10.7    14.9    76.5    28.7    51.8   0.275   0.357   0.385   0.404   0.474    12.8    12.8    12.7    11.9     9.7
54902 20120405  2.402  -93.29   41.56    17.5     4.5    11.0    10.5     0.0    17.37 R    22.0     4.0    11.9    67.1    22.1    41.9   0.254   0.349   0.380   0.402   0.473    11.7    12.0    12.1    11.7     9.8
54902 20120406  2.402  -93.29   41.56    16.1    -0.6     7.7     8.7     0.4    17.91 R    20.7    -0.5    10.4    82.4    32.3    53.6   0.236   0.340   0.374   0.399   0.474    10.7    11.1    11.4    11.4    10.0
54902 20120407  2.402  -93.29   41.56    16.4     4.3    10.4     9.6     0.9     4.86 R    18.6     3.8     9.7    94.5    30.0    66.1   0.227   0.335   0.371   0.397   0.474    10.4    10.8    11.0    11.1    10.0
54902 20120408  2.402  -93.29   41.56    20.3     1.2    10.7    11.6     0.0    18.31 R    23.8     0.7    12.8    74.5    17.3    41.4   0.219   0.330   0.367   0.395   0.474    10.2    10.4    10.7    10.8    10.0
54902 20120409  2.402  -93.29   41.56    18.2     2.2    10.2    10.2     0.0    17.24 R    20.8     1.7    11.1    59.4    18.1    34.1   0.206   0.320   0.360   0.391   0.474     9.9    10.2    10.5    10.7    10.0
54902 20120410  2.402  -93.29   41.56    13.8    -1.5     6.2     5.8     0.0    19.06 R    17.7    -2.0     7.1    66.3    17.3    40.5   0.196   0.311   0.354   0.388   0.474     8.8     9.5    10.0    10.4    10.0
54902 20120411  2.402  -93.29   41.56    12.4    -4.7     3.9     4.8     0.0    19.43 R    20.3    -5.6     7.5    72.9    24.8    43.7   0.191   0.303   0.348   0.385   0.474     8.1     8.8     9.4    10.0     9.9
54902 20120412  2.402  -93.29   41.56    16.9    -2.0     7.4     9.7     0.0    14.13 R    22.2    -2.0    10.9    77.9    27.3    46.2   0.188   0.296   0.343   0.383   0.474     8.3     8.6     9.1     9.7     9.9
54902 20120413  2.402  -93.29   41.56    13.2     8.1    10.6    10.7    15.7     2.34 R    13.5     7.3    10.6    95.8    43.7    85.0   0.244   0.300   0.347   0.382   0.473     9.2     9.3     9.4     9.6     9.8
54902 20120414  2.402  -93.29   41.56    20.0    11.5    15.7    15.1    53.6     5.46 R    25.1    11.4    15.6    99.2    78.8    92.5   0.299   0.321   0.364   0.393   0.481    11.1    10.4    10.1     9.8     9.7
54902 20120415  2.402  -93.29   41.56    23.5    12.2    17.9    18.6     6.5    13.83 R    26.5    12.3    19.0    97.1    38.4    70.9   0.389   0.392   0.424   0.426   0.508    13.6    12.6    11.8    10.5     9.7
54902 20120416  2.402  -93.29   41.56    14.7     4.6     9.6     9.3     0.0    13.82 R    18.0     4.0    10.0    96.5    46.0    70.3   0.350   0.376   0.403   0.417   0.508    11.8    12.0    11.9    11.1     9.8
54902 20120417  2.402  -93.29   41.56    19.5     3.1    11.3    11.6     0.0    16.65 R    23.3     3.2    13.1    92.6    45.6    67.6   0.330   0.369   0.395   0.412   0.508    11.0    11.1    11.2    11.0     9.9
54902 20120418  2.402  -93.29   41.56    22.2    11.1    16.6    16.1     1.6    12.52 R    26.0    10.5    16.7    88.1    52.3    68.9   0.312   0.364   0.391   0.410   0.509    12.0    11.6    11.4    11.0    10.0
54902 20120419  2.402  -93.29   41.56    17.5     5.6    11.5    11.9     8.9     2.73 R    19.2     5.5    11.9    96.4    73.3    86.9   0.345   0.370   0.395   0.410   0.510    12.1    11.9    11.8    11.2    10.1
54902 20120420  2.402  -93.29   41.56    13.5     4.3     8.9     7.7     0.0    15.07 R    19.2     3.4     9.0    92.8    46.1    69.4   0.359   0.373   0.397   0.409   0.511    10.7    11.1    11.4    11.2    10.2
54902 20120421  2.402  -93.29   41.56    14.0     0.7     7.4     7.2     1.0     8.01 R    17.8     0.6     7.9    96.3    51.0    78.1   0.343   0.367   0.392   0.408   0.510     9.7    10.2    10.7    11.0    10.2
54902 20120422  2.402  -93.29   41.56    14.7     4.7     9.7     8.6     0.2    10.16 R    20.3     4.4     9.8    95.8    41.4    76.0   0.334   0.364   0.389   0.406   0.510     9.9    10.1    10.4    10.7    10.3
54902 20120423  2.402  -93.29   41.56    18.1     2.7    10.4    10.4     0.0    19.59 R    22.9     2.0    12.2    98.3    35.2    66.0   0.320   0.360   0.387   0.404   0.511    10.0    10.1    10.3    10.5    10.3
54902 20120424  2.402  -93.29   41.56    26.5     6.7    16.6    17.3     0.0    20.03 R    33.0     6.4    19.6    85.1    38.4    57.7   0.295   0.355   0.383   0.402   0.511    11.3    10.8    10.7    10.5    10.2
54902 20120425  2.402  -93.29   41.56    29.5     9.5    19.5    19.1     0.0    12.67 R    33.5     9.6    20.5    94.1    32.7    67.1   0.273   0.351   0.381   0.401   0.511    12.9    12.1    11.7    10.9    10.2
54902 20120426  2.402  -93.29   41.56    19.6     9.6    14.6    14.7     0.0    19.85 R    25.7     9.3    16.6    85.2    28.7    56.0   0.253   0.346   0.378   0.400   0.511    13.0    12.7    12.3    11.4    10.2
54902 20120427  2.402  -93.29   41.56    14.6     5.4    10.0    10.3    12.6    10.32 R    16.7     5.1    10.7    90.4    24.9    46.9   0.234   0.337   0.372   0.398   0.510    11.2    11.7    11.9    11.6    10.3
54902 20120428  2.402  -93.29   41.56    11.6     5.3     8.4     8.3     3.8     5.31 R    15.1     5.1     9.0    91.8    77.6    85.4   0.329   0.334   0.381   0.403   0.508    10.0    10.5    11.0    11.3    10.4
54902 20120429  2.402  -93.29   41.56     9.3     6.7     8.0     8.3     9.5     2.24 R     9.9     6.9     8.6    98.5    83.6    91.2   0.350   0.342   0.388   0.402   0.508    10.1    10.4    10.8    11.0    10.5
54902 20120430  2.402  -93.29   41.56    16.9     8.7    12.8    11.6     0.0    11.00 R    22.1     8.7    13.0    98.3    65.2    86.7   0.372   0.359   0.402   0.405   0.508    10.8    10.7    10.8    10.8    10.5
54902 20120501  2.402  -93.29   41.56    24.1    10.1    17.1    17.4     0.0    14.82 R    28.0    10.0    18.6    96.3    62.8    84.4   0.354   0.358   0.394   0.403   0.508    12.4    11.6    11.4    11.0    10.5
54902 20120502  2.402  -93.29   41.56    24.2    15.3    19.7    20.2    14.0     9.17 R    26.6    15.1    20.7    95.7    72.4    85.6   0.390   0.389   0.425   0.417   0.509    14.5    13.4    12.7    11.5    10.5
54902 20120503  2.402  -93.29   41.56    27.5    18.2    22.9    22.4    11.8    13.69 R    31.5    17.1    23.1    97.8    53.2    75.1   0.379   0.390   0.419   0.419   0.509    15.9    14.6    13.8    12.2    10.6
54902 20120504  2.402  -93.29   41.56    27.2    17.2    22.2    21.9     0.4    16.92 R    32.7    17.2    23.2    98.5    54.3    82.0   0.380   0.396   0.426   0.425   0.510    16.8    15.6    14.8    13.0    10.8
54902 20120505  2.402  -93.29   41.56    28.3    18.8    23.5    22.6     0.0    14.06 R    31.7    18.8    23.6    94.0    64.3    82.4   0.355   0.386   0.414   0.421   0.511    17.4    16.3    15.5    13.7    11.0
54902 20120506  2.402  -93.29   41.56    26.2    15.6    20.9    20.2    15.8    11.93 R    32.2    15.3    21.2    95.9    67.3    84.5   0.382   0.396   0.429   0.421   0.512    17.7    16.8    16.1    14.2    11.3
54902 20120507  2.402  -93.29   41.56    20.8    14.1    17.4    16.9     0.0    19.59 R    23.6    14.0    18.2    94.0    42.8    66.4   0.389   0.401   0.434   0.427   0.512    16.8    16.5    16.1    14.6    11.5
54902 20120508  2.402  -93.29   41.56    19.2     8.7    14.0    13.5     0.0    16.07 R    22.5     8.4    14.4    82.9    37.2    59.7   0.356   0.387   0.416   0.421   0.512    15.3    15.5    15.5    14.7    11.8
54902 20120509  2.402  -93.29   41.56    19.4     7.5    13.5    13.1     0.0    16.04 R    25.7     7.4    14.6    91.7    41.6    67.4   0.338   0.380   0.408   0.418   0.512    14.5    14.7    14.8    14.4    12.0
54902 20120510  2.412  -93.29   41.56 -9999.0 -9999.0 -9999.0 -9999.0 -9999.0 -9999.00 U -9999.0 -9999.0 -9999.0 -9999.0 -9999.0 -9999.0 -99.000 -99.000 -99.000 -99.000 -99.000 -9999.0 -9999.0 -9999.0 -9999.0 -9999.0
54902 20120511  2.412  -93.29   41.56    26.0    12.1    19.0    18.9     0.0    24.65 C    31.5    12.0    20.7    78.2    34.6    56.3   0.320   0.375   0.405   0.415   0.514    16.2    15.5    15.1    14.2    12.3
54902 20120512  2.412  -93.29   41.56    21.9    10.5    16.2    15.3     0.0    24.09 C    32.0     9.0    18.2    68.9    31.0    52.0   0.313   0.373   0.404   0.415   0.514    16.0    15.6    15.3    14.4    12.3
54902 20120513  2.412  -93.29   41.56    23.4     7.4    15.4    16.7     0.0    28.88 C    34.1     7.2    20.2    74.2    18.4    41.0   0.303   0.370   0.401   0.413   0.515    15.7    15.4    15.2    14.4    12.4
54902 20120514  2.412  -93.29   41.56    25.4     9.0    17.2    18.5     0.0    28.30 C    32.7     8.5    20.7    74.3    28.7    46.6   0.294   0.367   0.399   0.412   0.515    16.2    15.7    15.4    14.5    12.6
54902 20120515  2.412  -93.29   41.56    30.3    13.1    21.7    20.8     0.0    27.41 C    34.2    12.7    22.3    65.0    20.5    43.1   0.283   0.364   0.397   0.410   0.516    16.9    16.2    15.7    14.7    12.6
54902 20120516  2.412  -93.29   41.56    23.0     8.1    15.5    16.5     0.0    28.92 C    33.6     7.4    20.1    69.8    32.3    49.3   0.272   0.359   0.394   0.408   0.516    16.7    16.1    15.8    14.8    12.7
54902 20120517  2.412  -93.29   41.56    25.5    11.1    18.3    18.6     0.0    26.50 C    29.9    10.9    20.3    73.7    34.4    49.5   0.263   0.354   0.391   0.406   0.516    16.6    16.2    15.9    14.9    12.8
54902 20120518  2.412  -93.29   41.56    30.1    13.5    21.8    22.3     0.0    26.47 C    35.0    13.2    24.0    70.6    28.6    49.8   0.255   0.349   0.388   0.403   0.516    17.3    16.5    16.0    14.9    12.9
54902 20120519  2.412  -93.29   41.56    29.1    17.7    23.4    23.9     0.0    20.52 C    33.6    17.5    25.1    73.5    39.4    55.2   0.248   0.344   0.385   0.400   0.516    18.2    17.2    16.6    15.3    13.0
54902 20120520  2.412  -93.29   41.56    23.3     9.0    16.1    18.1     0.0    17.65 C    26.6     8.3    19.4    77.0    44.7    61.6   0.241   0.339   0.383   0.397   0.515    17.8    17.3    16.9    15.6    13.1
54902 20120521  2.412  -93.29   41.56    24.2     6.9    15.5    16.5     0.0    29.43 C    33.8     5.4    20.2    76.8    27.4    50.4   0.234   0.333   0.381   0.394   0.515    16.8    16.5    16.3    15.6    13.3
54902 20120522  2.412  -93.29   41.56    27.0    10.1    18.5    19.5     0.0    28.54 C    32.4     9.8    21.8    84.3    29.3    50.0   0.227   0.326   0.375   0.387   0.515    17.6    16.9    16.5    15.5    13.4
54902 20120523  2.412  -93.29   41.56    30.0    14.7    22.4    22.7     0.0    26.91 C    34.2    14.6    24.3    64.3    33.3    48.4   0.220   0.318   0.363   0.381   0.516    18.2    17.3    16.8    15.7    13.4
54902 20120524  2.412  -93.29   41.56    28.3    13.0    20.6    21.6     0.4    14.91 C    31.3    12.0    22.4    93.1    47.0    66.4   0.216   0.312   0.363   0.375   0.516    18.5    17.8    17.2    15.9    13.5
54902 20120525  2.412  -93.29   41.56    18.8    11.2    15.0    15.5     5.5     6.67 C    21.0    10.1    15.6    98.4    70.4    85.5   0.213   0.309   0.358   0.373   0.517    16.9    16.9    16.9    16.0    13.6
54902 20120526  2.412  -93.29   41.56    32.1    14.6    23.4    23.5     0.0    21.98 C    36.1    14.8    24.9    86.5    57.8    72.9   0.215   0.307   0.357   0.369   0.517    18.5    17.3    16.8    15.9    13.7
54902 20120527  2.412  -93.29   41.56    32.2    21.7    26.9    26.8     0.0    28.50 C    37.0    21.4    28.5    87.7    36.0    58.8   0.213   0.306   0.359   0.361   0.518    20.8    19.2    18.2    16.3    13.8
54902 20120528  2.412  -93.29   41.56    29.6    13.9    21.8    23.6     0.5    28.70 C    34.5    14.0    25.2    91.5    22.9    55.1   0.208   0.298   0.352   0.351   0.516    20.7    19.6    18.8    16.9    13.9
54902 20120529  2.412  -93.29   41.56    24.6     9.0    16.8    18.1     0.0    29.92 C    29.0    10.1    19.6    89.0    26.8    48.7   0.201   0.290   0.345   0.341   0.517    19.0    18.7    18.4    17.1    14.1
54902 20120530  2.412  -93.29   41.56    20.8     7.1    13.9    14.8     0.0    25.47 C    30.5     6.4    17.8    88.3    36.3    60.2   0.196   0.281   0.338   0.332   0.517    17.9    17.7    17.6    16.9    14.2
54902 20120531  2.412  -93.29   41.56    13.1     7.0    10.0    10.8    11.6     4.02 C    13.1     6.3    11.0    97.9    85.2    93.8   0.210   0.278   0.333   0.328   0.518    16.3    16.8    17.1    16.7    14.4
54902 20120601  2.412  -93.29   41.56    20.3     5.5    12.9    13.5     0.0    26.77 C    26.2     4.4    15.5    99.3    37.1    68.3   0.231   0.276   0.329   0.326   0.518    16.0    16.0    16.1    16.1    14.5
54902 20120602  2.412  -93.29   41.56    23.2    11.8    17.5    17.4     0.2    25.98 C    27.9    11.5    19.1    91.9    40.9    66.1   0.226   0.276   0.328   0.322   0.517    17.3    16.7    16.5    15.9    14.5
54902 20120603  2.412  -93.29   41.56    27.3    10.1    18.7    20.4     0.0    18.65 C    34.1     9.9    22.2    91.2    38.1    65.3   0.218   0.275   0.323   0.318   0.516    17.6    17.0    16.8    16.0    14.4
54902 20120604  2.412  -93.29   41.56    28.2    17.3    22.7    22.1     0.0    25.32 C    34.4    17.1    24.5    93.3    44.4    68.9   0.213   0.275   0.321   0.314   0.516    19.2    18.0    17.4    16.2    14.4
54902 20120605  2.412  -93.29   41.56    28.7    14.2    21.4    21.7     0.0    21.96 C    37.6    13.9    24.1    96.5    39.8    66.3   0.207   0.273   0.318   0.309   0.515    19.4    18.5    18.0    16.6    14.4
54902 20120606  2.412  -93.29   41.56    24.7    15.3    20.0    19.3     5.4    17.68 C    30.2    14.7    20.7    91.5    49.2    70.2   0.210   0.271   0.315   0.307   0.514    19.3    18.6    18.2    16.9    14.5
54902 20120607  2.412  -93.29   41.56    26.9    13.1    20.0    20.6     0.0    25.45 C    35.0    13.0    23.6    83.1    37.4    59.3   0.211   0.268   0.313   0.304   0.512    19.3    18.5    18.1    17.0    14.6
54902 20120608  2.412  -93.29   41.56    29.7    15.1    22.4    22.8     0.0    28.99 C    35.2    14.9    24.9    77.4    33.6    52.9   0.208   0.266   0.310   0.300   0.511    19.8    18.9    18.4    17.2    14.7
54902 20120609  2.412  -93.29   41.56    31.4    15.9    23.7    24.4     0.0    29.77 C    36.3    15.9    26.6    78.1    28.8    50.4   0.205   0.262   0.305   0.294   0.510    20.2    19.2    18.7    17.4    14.8
54902 20120610  2.412  -93.29   41.56    31.9    19.1    25.5    26.1     0.5    25.11 C    35.8    18.8    27.6    85.5    40.6    56.1   0.201   0.260   0.300   0.289   0.509    20.9    19.8    19.1    17.6    14.9
54902 20120611  2.412  -93.29   41.56    26.9    14.9    20.9    21.4     1.5    26.40 C    31.3    14.2    22.7    94.8    35.9    66.1   0.199   0.257   0.297   0.285   0.509    21.0    20.1    19.5    17.9    15.0
54902 20120612  2.412  -93.29   41.56    23.6     9.8    16.7    16.8     0.0    30.95 C    29.6     9.9    19.6    83.3    28.8    52.2   0.195   0.253   0.292   0.283   0.509    19.5    19.2    19.0    18.0    15.2
54902 20120613  2.412  -93.29   41.56    25.9    10.2    18.1    18.7     0.0    21.63 C    31.1    10.4    20.1    88.3    36.3    57.8   0.193   0.249   0.288   0.280   0.508    18.9    18.6    18.5    17.8    15.3
54902 20120614  2.412  -93.29   41.56    32.7    16.5    24.6    24.5     0.0    28.44 C    36.6    16.4    26.3    71.6    35.3    52.2   0.191   0.246   0.283   0.276   0.508    20.1    19.1    18.6    17.6    15.4
54902 20120615  2.412  -93.29   41.56    30.3    18.5    24.4    22.2    33.7    13.41 C    34.4    18.8    23.2    96.5    48.4    73.3   0.222   0.281   0.314   0.300   0.507    20.4    19.7    19.2    17.9    15.4
54902 20120616  2.412  -93.29   41.56    28.5    18.9    23.7    21.9     6.3    20.40 C    34.0    18.7    23.3    96.7    56.6    86.1   0.287   0.339   0.374   0.333   0.509    21.3    20.2    19.6    18.2    15.5
54902 20120617  2.412  -93.29   41.56    29.8    15.8    22.8    23.8     0.0    28.14 C    33.3    15.6    25.9    98.0    43.6    71.9   0.310   0.340   0.378   0.324   0.510    21.6    20.6    20.0    18.5    15.6
54902 20120618  2.412  -93.29   41.56    33.4    24.6    29.0    28.5     0.0    28.71 C    36.6    24.6    29.9    75.5    46.4    61.9   0.297   0.333   0.367   0.314   0.509    22.9    21.6    20.7    18.9    15.7
54902 20120619  2.412  -93.29   41.56    32.2    22.3    27.2    27.2     0.0    28.28 C    36.1    22.2    28.7    77.2    47.5    62.0   0.280   0.325   0.356   0.306   0.508    23.2    22.1    21.3    19.3    15.9
54902 20120620  2.412  -93.29   41.56    31.8    16.7    24.2    25.9    11.0    22.61 C    35.0    16.5    27.2    95.5    49.9    67.8   0.270   0.317   0.344   0.300   0.508    23.1    22.2    21.5    19.7    16.1
54902 20120621  2.412  -93.29   41.56    26.0    15.7    20.8    20.6     0.0    29.95 C    30.5    15.8    22.4    97.5    47.2    72.7   0.307   0.330   0.338   0.299   0.507    22.4    21.8    21.3    19.8    16.3
54902 20120622  2.412  -93.29   41.56    27.6    13.8    20.7    21.8     0.0    29.70 C    36.6    13.6    25.0    97.1    39.1    64.8   0.293   0.317   0.331   0.293   0.509    22.1    21.5    21.1    19.8    16.4
54902 20120623  2.412  -93.29   41.56    23.9    16.6    20.2    19.9     6.1     7.17 C    26.9    16.7    20.2    93.1    65.4    80.1   0.291   0.314   0.327   0.292   0.507    21.1    21.0    20.9    19.7    16.6
54902 20120624  2.412  -93.29   41.56    30.2    18.4    24.3    24.5     0.0    27.04 C    36.3    18.4    27.0    93.0    60.4    77.5   0.299   0.317   0.323   0.290   0.508    22.6    21.4    20.8    19.5    16.7
54902 20120625  2.412  -93.29   41.56    26.9    13.7    20.3    22.2     0.0    29.28 C    31.2    13.5    24.0    92.1    47.9    66.3   0.284   0.308   0.318   0.287   0.508    23.0    22.2    21.5    19.9    16.7
54902 20120626  2.412  -93.29   41.56    28.9    11.7    20.3    21.0     0.0    29.01 C    32.2    11.6    22.8    83.5    37.9    58.1   0.266   0.294   0.309   0.284   0.507    21.6    21.3    21.1    19.9    16.8
54902 20120627  2.412  -93.29   41.56    36.3    19.3    27.8    28.3     0.0    28.68 C    40.0    19.1    29.7    68.9    45.6    55.0   0.247   0.280   0.300   0.278   0.505    22.6    21.5    21.0    19.8    16.9
54902 20120628  2.412  -93.29   41.56    33.9    23.6    28.7    28.6     0.0    24.84 C    41.8    23.3    30.6    93.7    61.8    72.9   0.230   0.271   0.292   0.274   0.503    24.6    23.1    22.0    20.1    17.0
54902 20120629  2.412  -93.29   41.56    32.1    19.7    25.9    23.9    30.3    14.10 C    37.6    19.2    24.6    96.5    59.2    80.2   0.268   0.298   0.315   0.293   0.502    23.7    23.1    22.5    20.7    17.1
54902 20120630  2.412  -93.29   41.56    31.0    19.0    25.0    25.2     0.0    25.09 C    36.1    19.1    27.4    97.8    66.2    82.7   0.332   0.338   0.355   0.308   0.503    24.2    23.0    22.4    20.8    17.3
54902 20120701  2.412  -93.29   41.56    33.5    21.7    27.6    27.5     0.0    25.08 C    38.0    21.8    29.5    97.7    45.9    77.1   0.311   0.328   0.350   0.296   0.503    25.2    23.9    23.1    21.1    17.4
54902 20120702  2.412  -93.29   41.56    33.8    20.6    27.2    27.8     0.0    27.07 C    38.4    20.8    29.7    87.6    45.2    68.1   0.286   0.314   0.341   0.288   0.502    25.4    24.3    23.5    21.4    17.6
54902 20120703  2.412  -93.29   41.56    34.3    22.7    28.5    28.5     0.0    27.44 C    38.6    22.6    30.5    84.0    49.2    66.9   0.265   0.300   0.331   0.282   0.501    25.7    24.6    23.8    21.8    17.8
54902 20120704  2.412  -93.29   41.56    35.4    23.4    29.4    29.1     0.0    27.80 C    39.9    23.2    31.1    80.7    40.4    61.0   0.240   0.287   0.318   0.276   0.500    25.8    24.8    24.0    22.0    17.9
54902 20120705  2.412  -93.29   41.56    36.1    23.1    29.6    29.0     0.0    24.74 C    41.4    23.3    30.9    76.6    42.5    61.0   0.219   0.274   0.305   0.271   0.498    25.9    24.8    24.1    22.2    18.1
54902 20120706  2.412  -93.29   41.56    36.9    21.5    29.2    29.7     0.0    27.78 C    42.2    21.8    32.1    86.9    37.3    59.9   0.203   0.263   0.293   0.266   0.496    26.1    25.0    24.2    22.3    18.3
54902 20120707  2.412  -93.29   41.56    35.3    21.2    28.3    28.1     0.0    26.84 C    41.8    22.3    31.0    86.7    49.5    69.4   0.193   0.253   0.283   0.262   0.496    26.4    25.2    24.5    22.5    18.4
54902 20120708  2.412  -93.29   41.56    29.2    19.4    24.3    24.4     0.0    19.28 C    36.0    19.0    26.3    86.5    49.6    67.5   0.185   0.247   0.275   0.260   0.494    25.4    24.8    24.3    22.6    18.6
54902 20120709  2.412  -93.29   41.56    31.3    16.9    24.1    23.6     0.0    27.21 C    38.7    16.7    26.6    92.4    40.8    70.3   0.180   0.241   0.267   0.257   0.490    24.6    24.0    23.7    22.4    18.8
54902 20120710  2.412  -93.29   41.56    29.2    14.8    22.0    22.4     0.0    25.92 C    35.1    14.9    24.9    86.5    48.8    67.7   0.175   0.236   0.261   0.253   0.489    24.0    23.6    23.3    22.2    18.8
54902 20120711  2.412  -93.29   41.56    30.6    15.7    23.1    23.0     0.0    26.15 C    35.9    15.5    24.8    82.6    31.0    57.2   0.172   0.231   0.255   0.251   0.486    23.6    23.2    22.9    21.9    18.9
54902 20120712  2.412  -93.29   41.56    33.1    17.2    25.1    24.9     0.0    24.14 C    39.2    17.1    26.8    81.4    38.0    61.6   0.169   0.228   0.251   0.248   0.482    23.8    23.1    22.7    21.7    18.9
54902 20120713  2.412  -93.29   41.56    29.7    19.8    24.7    23.5     1.0    14.61 C    37.3    19.8    24.8    88.1    52.5    74.5   0.168   0.227   0.249   0.247   0.479    23.5    23.1    22.8    21.7    18.9
54902 20120714  2.412  -93.29   41.56    33.7    17.0    25.3    24.8     0.0    26.34 C    41.7    17.3    28.0    96.0    38.8    72.6   0.167   0.224   0.247   0.245   0.476    24.0    23.2    22.7    21.6    18.9
54902 20120715  2.412  -93.29   41.56    34.7    17.9    26.3    26.8     0.0    26.23 C    43.0    18.0    30.2    95.0    34.3    64.9   0.166   0.223   0.245   0.244   0.474    24.6    23.6    23.1    21.7    18.9
54902 20120716  2.412  -93.29   41.56    35.4    21.2    28.3    28.4     0.0    28.33 C    40.7    20.8    30.6    77.9    38.9    58.5   0.165   0.221   0.243   0.241   0.473    25.3    24.2    23.5    21.8    18.9
54902 20120717  2.412  -93.29   41.56    36.5    22.5    29.5    29.3     0.0    26.35 C    42.8    22.3    31.6    79.3    36.4    57.6   0.163   0.220   0.241   0.239   0.469    25.8    24.6    23.8    22.1    18.9
54902 20120718  2.412  -93.29   41.56    38.0    22.4    30.2    29.6     0.0    25.67 C    44.1    22.2    31.8    84.4    30.6    58.1   0.162   0.218   0.239   0.238   0.466    26.1    24.9    24.1    22.3    19.0
54902 20120719  2.412  -93.29   41.56    33.0    18.9    26.0    25.8     0.0    28.47 C    39.4    19.2    28.4    93.8    44.6    69.8   0.160   0.216   0.237   0.236   0.462    25.8    24.8    24.2    22.5    19.1
54902 20120720  2.412  -93.29   41.56    30.6    16.6    23.6    23.4     0.0    28.15 C    36.2    16.5    25.9    96.7    43.6    71.3   0.158   0.213   0.235   0.235   0.459    25.1    24.4    23.9    22.6    19.2
54902 20120721  2.412  -93.29   41.56    33.9    17.4    25.6    25.3     0.0    20.27 C    40.3    17.9    27.6    93.9    36.1    67.9   0.156   0.212   0.234   0.234   0.456    24.8    24.1    23.7    22.5    19.3
54902 20120722  2.412  -93.29   41.56    38.5    19.6    29.1    28.9     0.0    24.07 C    42.5    19.4    30.5    81.7    24.8    51.6   0.155   0.211   0.233   0.233   0.455    25.2    24.2    23.7    22.4    19.3
54902 20120723  2.412  -93.29   41.56    39.3    21.7    30.5    30.8     0.0    26.30 C    44.9    22.0    32.8    72.0    26.5    47.4   0.154   0.209   0.231   0.231   0.447    26.0    24.7    24.0    22.5    19.4
54902 20120724  2.412  -93.29   41.56    36.8    23.0    29.9    29.8     0.0    25.19 C    41.5    22.9    31.7    79.4    38.6    57.8   0.154   0.209   0.231   0.230   0.443    26.5    25.2    24.4    22.7    19.5
54902 20120725  2.412  -93.29   41.56    39.7    21.9    30.8    30.8     0.5    26.88 C    43.2    21.5    32.5    88.7    27.9    53.0   0.152   0.207   0.230   0.229   0.440    26.7    25.5    24.7    22.9    19.5
54902 20120726  2.412  -93.29   41.56    33.7    20.5    27.1    26.5     0.2    26.44 C    38.3    20.4    28.5    95.9    35.2    67.5   0.151   0.207   0.229   0.228   0.437    26.3    25.4    24.8    23.1    19.6
54902 20120727  2.412  -93.29   41.56    28.5    16.7    22.6    22.3     0.0    25.07 C    34.4    16.7    24.5    90.9    42.4    68.2   0.149   0.204   0.228   0.227   0.434    24.9    24.5    24.3    23.0    19.7
54902 20120728  2.412  -93.29   41.56    26.2    15.5    20.9    20.3     6.9     9.62 C    32.7    15.1    21.3    96.5    54.7    82.7   0.147   0.205   0.226   0.227   0.434    23.1    23.2    23.3    22.7    19.8
54902 20120729  2.412  -93.29   41.56    32.8    18.5    25.6    25.2     8.9    25.42 C    40.2    17.9    27.2    95.4    46.3    73.4   0.164   0.264   0.259   0.241   0.432    23.9    23.1    22.9    22.2    19.8
54902 20120730  2.412  -93.29   41.56    32.8    19.9    26.3    26.0     0.0    20.66 C    40.1    20.1    28.7    96.1    49.6    76.3   0.161   0.235   0.250   0.236   0.432    24.9    24.0    23.5    22.3    19.8
54902 20120731  2.412  -93.29   41.56    32.1    19.5    25.8    25.6     0.0    27.41 C    40.2    19.5    28.5    91.8    37.3    66.0   0.158   0.222   0.242   0.235   0.432    25.2    24.4    23.9    22.5    19.8
54902 20120801  2.412  -93.29   41.56    35.4    17.2    26.3    26.3     0.0    26.84 C    42.2    17.0    29.1    92.8    23.3    61.0   0.153   0.213   0.235   0.233   0.431    24.7    24.1    23.7    22.6    19.8
54902 20120802  2.412  -93.29   41.56    34.1    21.1    27.6    27.3     0.0    23.09 C    39.3    21.5    29.2    78.2    40.8    56.7   0.151   0.208   0.231   0.231   0.429    25.4    24.4    23.9    22.7    19.8
54902 20120803  2.412  -93.29   41.56    35.6    18.3    26.9    27.2     0.0    25.61 C    41.6    18.2    29.9    91.3    27.2    60.9   0.150   0.205   0.228   0.230   0.427    25.5    24.5    24.1    22.7    19.9
54902 20120804  2.412  -93.29   41.56    27.8    17.1    22.4    22.2    19.7    12.04 C    31.5    16.8    23.0    96.0    55.8    80.6   0.157   0.239   0.266   0.278   0.430    24.1    24.0    23.9    22.8    19.9
54902 20120805  2.412  -93.29   41.56    25.9    14.6    20.3    20.1     0.0    28.17 C    31.8    14.1    22.6    91.2    40.8    66.6   0.157   0.237   0.274   0.285   0.433    22.9    23.0    23.0    22.5    20.0
54902 20120806  2.412  -93.29   41.56    30.8    10.8    20.8    21.9     0.0    26.85 C    37.2    10.8    24.5    97.6    36.0    63.1   0.154   0.221   0.261   0.269   0.432    22.4    22.2    22.3    22.1    20.0
54902 20120807  2.412  -93.29   41.56    35.3    16.9    26.1    24.7     7.6    22.25 C    43.0    17.3    26.7    88.0    29.8    65.3   0.156   0.227   0.259   0.258   0.431    23.5    22.9    22.6    21.9    19.9
54902 20120808  2.412  -93.29   41.56    29.6    17.6    23.6    21.3    10.0    13.63 C    36.5    17.7    22.2    96.5    60.4    86.5   0.175   0.269   0.269   0.255   0.430    23.6    23.1    22.9    22.0    19.9
54902 20120809  2.412  -93.29   41.56    27.9    14.6    21.2    21.1     0.0    19.87 C    32.1    14.5    22.5    97.9    47.4    77.8   0.178   0.260   0.263   0.252   0.429    23.0    22.7    22.6    21.9    19.8
54902 20120810  2.412  -93.29   41.56    24.7    11.4    18.0    17.4     0.0    18.25 C    30.7    11.2    19.3    97.3    50.6    78.5   0.172   0.246   0.256   0.250   0.431    21.7    21.9    22.1    21.8    19.8
54902 20120811  2.412  -93.29   41.56    25.6    11.0    18.3    18.7     0.0    24.73 C    33.1    11.0    21.6    93.8    41.3    67.5   0.167   0.235   0.250   0.247   0.430    21.2    21.3    21.5    21.4    19.8
54902 20120812  2.412  -93.29   41.56    21.4    16.1    18.7    17.7    11.0     6.34 C    24.9    15.6    18.0    95.2    70.5    84.6   0.166   0.238   0.252   0.249   0.428    20.8    21.1    21.3    21.2    19.7
54902 20120813  2.412  -93.29   41.56    25.2    15.5    20.3    18.9     0.3    16.51 C    30.5    15.3    20.4    96.0    50.8    77.8   0.175   0.266   0.269   0.258   0.427    20.7    20.7    20.8    20.8    19.6
54902 20120814  2.412  -93.29   41.56    28.7    13.0    20.9    20.8     0.0    22.72 C    34.3    13.2    22.9    92.8    40.2    65.9   0.170   0.249   0.260   0.251   0.427    21.1    20.8    20.8    20.6    19.5
54902 20120815  2.412  -93.29   41.56    30.4    14.8    22.6    22.8     0.0    24.05 C    34.5    14.8    24.5    93.0    43.9    65.7   0.164   0.235   0.252   0.246   0.427    21.6    21.1    21.0    20.6    19.3
54902 20120816  2.412  -93.29   41.56    24.6    12.8    18.7    19.5     1.9    18.43 C    27.1    12.3    20.4    93.1    45.5    68.6   0.160   0.228   0.247   0.243   0.427    21.2    21.2    21.2    20.7    19.2
54902 20120817  2.412  -93.29   41.56    24.1     8.0    16.0    16.6     0.0    26.26 C    31.3     8.4    19.2    94.1    31.3    62.7   0.156   0.219   0.241   0.240   0.427    19.7    20.0    20.3    20.5    19.2
54902 20120818  2.412  -93.29   41.56    22.3     6.5    14.4    15.8     0.0    14.74 C    30.0     6.7    17.6    95.8    41.8    71.9   0.152   0.213   0.236   0.236   0.426    18.7    19.2    19.7    20.1    19.2
54902 20120819  2.412  -93.29   41.56    24.7     9.0    16.8    17.4     0.3    21.19 C    29.6     8.9    19.0    98.1    44.3    72.1   0.151   0.209   0.233   0.234   0.426    19.0    19.2    19.4    19.7    19.0
54902 20120820  2.412  -93.29   41.56    26.5     8.9    17.7    18.2     0.0    21.32 C    33.7     9.3    20.7    97.6    39.4    67.7   0.149   0.207   0.229   0.230   0.425    19.0    19.1    19.3    19.4    18.9
54902 20120821  2.412  -93.29   41.56    27.8     9.6    18.7    19.1     0.0    25.46 C    35.3     9.2    21.6    93.3    30.1    59.6   0.148   0.204   0.226   0.227   0.425    19.4    19.2    19.3    19.3    18.8
54902 20120822  2.412  -93.29   41.56    34.3    12.2    23.2    23.2     0.0    23.00 C    39.6    11.9    25.1    83.7    21.4    50.8   0.147   0.202   0.224   0.225   0.423    20.2    19.7    19.6    19.3    18.7
54902 20120823  2.412  -93.29   41.56    34.0    15.1    24.6    25.3     0.0    23.23 C    37.8    15.4    26.6    74.7    19.0    41.8   0.146   0.200   0.222   0.224   0.421    21.0    20.4    20.1    19.5    18.5
54902 20120824  2.412  -93.29   41.56    32.0    18.1    25.1    24.8     0.0    23.14 C    36.7    18.0    26.4    78.4    28.6    48.5   0.145   0.199   0.221   0.222   0.420    21.7    20.9    20.5    19.7    18.5
54902 20120825  2.412  -93.29   41.56    23.1    15.9    19.5    19.4     4.2     5.18 C    25.9    16.1    19.6    97.1    59.7    83.7   0.143   0.198   0.220   0.222   0.418    20.7    20.6    20.5    19.9    18.5
54902 20120826  2.412  -93.29   41.56    28.7    18.1    23.4    22.5    10.5    18.12 C    33.6    17.9    24.0    98.3    58.0    85.0   0.147   0.213   0.221   0.223   0.416    21.9    21.0    20.7    19.9    18.5
54902 20120827  2.412  -93.29   41.56    30.8    15.5    23.1    23.0     0.0    21.64 C    38.2    15.7    25.6   100.0    34.9    76.2   0.152   0.212   0.222   0.225   0.417    22.2    21.5    21.2    20.2    18.5
54902 20120828  2.412  -93.29   41.56    32.6    16.0    24.3    24.3     0.0    21.92 C    39.1    16.3    26.6    95.2    37.4    66.7   0.153   0.209   0.222   0.225   0.416    22.3    21.7    21.4    20.4    18.6
54902 20120829  2.412  -93.29   41.56    34.1    18.0    26.0    25.7     0.0    21.38 C    38.1    17.9    27.0    89.8    32.2    60.3   0.153   0.206   0.222   0.224   0.415    22.4    21.8    21.5    20.6    18.7
54902 20120830  2.412  -93.29   41.56    34.9    19.2    27.1    26.3     0.0    22.67 C    38.8    19.4    27.7    77.4    28.0    53.4   0.150   0.203   0.222   0.223   0.415    22.6    22.0    21.6    20.7    18.8
54902 20120831  2.412  -93.29   41.56    31.5    15.2    23.4    24.4     0.0    15.37 C    38.5    16.1    26.0    93.0    44.7    68.8   0.147   0.200   0.221   0.222   0.415    22.3    21.8    21.6    20.8    18.8
54902 20120901  2.412  -93.29   41.56    27.2    17.4    22.3    22.9     0.0    10.87 C    29.7    17.3    23.7    94.2    53.9    71.5   0.147   0.199   0.221   0.222   0.414    22.3    21.9    21.7    20.8    18.8
54902 20120902  2.412  -93.29   41.56    31.9    14.8    23.4    23.0     0.0    20.32 C    39.1    14.7    25.4    93.5    48.8    73.1   0.145   0.198   0.220   0.221   0.412    22.2    21.7    21.4    20.7    18.8
54902 20120903  2.412  -93.29   41.56    31.0    17.9    24.5    24.0     0.0    12.99 C    37.0    18.1    25.5    98.5    52.3    82.5   0.145   0.198   0.220   0.220   0.412    22.6    22.1    21.7    20.8    18.9
54902 20120904  2.412  -93.29   41.56    35.0    19.1    27.1    26.9     0.0    20.99 C    41.6    19.6    29.3    98.5    39.7    71.4   0.145   0.198   0.220   0.220   0.411    23.6    22.6    22.0    21.0    18.9
54902 20120905  2.412  -93.29   41.56    31.3    17.1    24.2    22.8     6.5    21.19 C    35.5    16.2    24.2    92.8    36.7    67.8   0.151   0.203   0.241   0.237   0.412    22.9    22.6    22.3    21.2    19.0
54902 20120906  2.412  -93.29   41.56    28.4    11.0    19.7    20.4     0.0    21.93 C    34.3    11.0    22.7    93.5    27.4    59.2   0.147   0.199   0.228   0.227   0.410    21.1    21.3    21.4    21.1    19.1
54902 20120907  2.412  -93.29   41.56    23.0    11.2    17.1    18.3     0.0     9.16 C    26.2    11.2    19.3    92.2    44.6    70.4   0.144   0.197   0.223   0.224   0.410    20.5    20.8    21.0    20.8    19.1
54902 20120908  2.412  -93.29   41.56    25.9     6.9    16.4    16.7     0.0    22.51 C    29.1     6.6    18.1    91.7    26.4    55.2   0.141   0.194   0.218   0.221   0.410    18.8    19.3    19.8    20.3    19.1
54902 20120909  2.412  -93.29   41.56    24.3     7.6    16.0    16.1     0.0    22.45 C    31.0     7.4    18.7    91.9    34.3    61.6   0.140   0.193   0.215   0.219   0.408    18.8    19.0    19.3    19.7    19.0
54902 20120910  2.412  -93.29   41.56    27.7    10.4    19.0    18.9     0.0    22.45 C    32.0    10.2    20.4    83.6    28.8    56.5   0.139   0.191   0.212   0.217   0.406    18.8    18.9    19.1    19.4    18.8
54902 20120911  2.412  -93.29   41.56    33.5    13.8    23.6    23.1     0.0    20.77 C    36.9    13.7    24.4    78.8    21.0    49.3   0.138   0.190   0.212   0.215   0.404    19.7    19.4    19.3    19.3    18.7
54902 20120912  2.412  -93.29   41.56    30.7    14.5    22.6    20.6     0.0    15.97 C    36.6    14.9    22.1    86.5    32.5    59.0   0.138   0.190   0.211   0.215   0.404    20.1    19.8    19.7    19.3    18.6
54902 20120913  2.412  -93.29   41.56    16.8     9.6    13.2    12.2     7.7     6.66 C    21.6     9.5    12.9    95.6    61.0    84.8   0.137   0.193   0.210   0.220   0.401    17.9    18.6    19.1    19.2    18.5
54902 20120914  2.412  -93.29   41.56    24.7     6.7    15.7    15.4     0.0    20.62 C    29.5     6.7    17.0    97.4    22.6    62.4   0.139   0.193   0.209   0.217   0.401    17.2    17.6    18.1    18.7    18.5
54902 20120915  2.412  -93.29   41.56    26.0     6.7    16.4    16.8     0.0    21.22 C    31.3     6.6    18.6    92.6    25.4    57.0   0.140   0.192   0.209   0.215   0.399    17.1    17.4    17.8    18.4    18.3
54902 20120916  2.412  -93.29   41.56    25.0     9.3    17.2    16.6     0.0    16.47 C    30.0     9.0    18.2    96.3    51.6    74.5   0.141   0.191   0.209   0.214   0.398    17.4    17.5    17.8    18.1    18.2
54902 20120917  2.412  -93.29   41.56    21.8     7.8    14.8    13.7     3.2     8.51 C    25.1     7.1    14.4    98.2    44.7    81.6   0.140   0.191   0.209   0.214   0.398    17.1    17.5    17.9    18.1    18.0
54902 20120918  2.412  -93.29   41.56    18.7     3.5    11.1    11.4     0.0    21.02 C    22.6     3.5    13.1    94.8    24.9    58.7   0.138   0.189   0.207   0.214   0.398    15.2    16.1    16.7    17.7    17.9
54902 20120919  2.412  -93.29   41.56    27.9     7.9    17.9    17.9     0.0    19.47 C    31.0     7.7    18.9    68.4    22.9    44.1   0.139   0.188   0.206   0.212   0.397    15.8    16.1    16.5    17.3    17.8
54902 20120920  2.412  -93.29   41.56    22.3     7.8    15.1    14.8     0.0    16.09 C    26.0     7.7    15.8    63.3    16.0    39.7   0.137   0.188   0.207   0.212   0.396    15.7    16.1    16.5    17.2    17.6
54902 20120921  2.412  -93.29   41.56    22.6     8.0    15.3    14.5     0.0    17.38 C    28.7     8.2    16.1    79.6    32.5    54.7   0.137   0.187   0.206   0.210   0.395    15.8    16.0    16.4    16.9    17.4
54902 20120922  2.412  -93.29   41.56    16.5     3.1     9.8     9.8     0.0    20.53 C    21.4     3.6    11.3    74.6    35.0    52.8   0.134   0.185   0.205   0.210   0.394    14.5    15.3    15.9    16.8    17.3
54902 20120923  2.412  -93.29   41.56    18.4    -0.6     8.9     9.2     0.0    20.39 C    23.1    -0.6    10.9    85.5    20.7    49.8   0.131   0.182   0.202   0.209   0.394    13.0    14.0    14.7    16.3    17.1
54902 20120924  2.412  -93.29   41.56    25.1     1.2    13.1    14.5     0.0    18.04 C    29.4     2.2    15.8    77.9    20.1    46.1   0.131   0.182   0.200   0.207   0.394    13.5    13.9    14.5    15.8    17.0
54902 20120925  2.412  -93.29   41.56    29.0     8.3    18.6    18.9     0.0    18.71 C    36.0     8.8    21.4    91.9    21.7    51.7   0.133   0.183   0.202   0.206   0.392    15.7    15.4    15.4    15.7    16.8
54902 20120926  2.412  -93.29   41.56    24.0     7.6    15.8    15.2     0.0    17.55 C    31.4     7.5    16.9    72.6    18.0    43.9   0.132   0.183   0.202   0.206   0.392    15.4    15.5    15.7    16.0    16.6
54902 20120927  2.412  -93.29   41.56    22.9     2.6    12.7    13.0     0.0    17.81 C    29.6     2.8    14.8    89.4    25.8    56.5   0.130   0.181   0.201   0.206   0.389    14.4    14.8    15.2    16.0    16.5
54902 20120928  2.412  -93.29   41.56    23.2     2.2    12.7    14.1     0.0    16.22 C    30.6     3.2    16.0    87.0    25.1    52.9   0.130   0.181   0.200   0.205   0.388    14.3    14.6    15.0    15.8    16.4
54902 20120929  2.412  -93.29   41.56    27.9     5.1    16.5    16.7     0.0    17.58 C    33.6     4.6    18.3    90.6    22.1    51.8   0.129   0.181   0.199   0.204   0.388    14.7    14.8    15.0    15.7    16.3
54902 20120930  2.412  -93.29   41.56    28.2     8.1    18.2    17.5     0.0    14.58 C    33.9     7.9    19.0    76.8    21.9    46.6   0.129   0.180   0.199   0.204   0.387    15.2    15.2    15.3    15.7    16.2
54902 20121001  2.412  -93.29   41.56    25.7     8.3    17.0    15.7     0.0    12.84 C    30.2     8.0    17.0    82.7    30.0    53.5   0.129   0.180   0.200   0.204   0.385    15.3    15.3    15.5    15.8    16.1
54902 20121002  2.412  -93.29   41.56    24.2     6.5    15.3    15.5     0.0    17.29 C    30.6     6.2    17.7    81.4    34.8    56.8   0.129   0.180   0.198   0.204   0.384    15.3    15.3    15.5    15.8    16.1
54902 20121003  2.412  -93.29   41.56    27.0     6.6    16.8    16.8     0.0    17.09 C    31.7     6.3    18.5    92.2    24.2    55.2   0.129   0.180   0.198   0.203   0.384    15.3    15.3    15.4    15.8    16.0
54902 20121004  2.412  -93.29   41.56    15.6     7.2    11.4    11.2     0.0     9.55 C    18.2     7.4    11.9    79.7    36.2    55.8   0.127   0.179   0.197   0.203   0.384    14.4    15.0    15.4    15.8    16.0
54902 20121005  2.412  -93.29   41.56     9.9    -0.5     4.7     4.7     0.0     6.62 C    12.5    -0.5     5.3    83.5    28.2    54.9   0.124   0.175   0.195   0.202   0.384    11.8    13.2    14.0    15.4    16.0
54902 20121006  2.412  -93.29   41.56     7.2    -3.4     1.9     2.4     0.0     9.43 C    10.1    -3.4     3.3    78.1    45.7    59.5   0.122   0.172   0.192   0.200   0.383    10.1    11.6    12.6    14.6    15.8
54902 20121007  2.412  -93.29   41.56    12.5    -4.6     4.0     4.0     0.0    17.51 C    18.0    -4.9     5.8    87.5    24.1    52.9   0.122   0.171   0.190   0.198   0.381     9.8    10.9    11.8    13.9    15.7
54902 20121008  2.412  -93.29   41.56    19.2     1.5    10.3    10.9     0.0    16.13 C    22.0     1.5    11.8    73.4    27.0    47.7   0.122   0.172   0.190   0.197   0.381    10.9    11.4    12.0    13.4    15.4
54902 20121009  2.412  -93.29   41.56    15.6     1.4     8.5     9.1     0.8     5.78 C    17.9     0.9     9.4    87.6    43.5    64.1   0.122   0.173   0.190   0.197   0.380    11.5    12.0    12.4    13.3    15.2
54902 20121010  2.412  -93.29   41.56    14.4    -1.9     6.2     6.4     0.0    16.92 C    18.8    -1.9     7.7    87.3    22.1    53.6   0.121   0.171   0.189   0.197   0.379    10.2    11.1    11.8    13.2    14.9
54902 20121011  2.412  -93.29   41.56    21.0     6.0    13.5    11.0     0.0    13.68 C    26.2     6.1    12.1    62.2    28.1    45.3   0.121   0.171   0.189   0.196   0.378    11.1    11.4    11.9    13.0    14.8
54902 20121012  2.412  -93.29   41.56    15.3    -0.7     7.3     7.9     2.6    15.68 C    19.0    -1.2     9.0    89.1    17.6    48.9   0.121   0.170   0.188   0.196   0.377    10.5    11.2    11.8    13.0    14.6
54902 20121013  2.412  -93.29   41.56    23.4    10.7    17.0    16.1    79.4     4.91 C    25.3    10.3    16.2    97.5    71.7    90.9   0.141   0.234   0.224   0.257   0.395    12.9    12.4    12.4    12.9    14.4
54902 20121014  2.412  -93.29   41.56    17.1     6.9    12.0    12.7    15.6     6.61 C    16.9     6.8    12.9    96.7    58.1    79.9   0.204   0.317   0.374   0.362   0.467    14.3    14.3    14.1    13.6    14.3
54902 20121015  2.412  -93.29   41.56    20.2     3.5    11.8    11.4     0.0    15.68 C    26.4     3.5    13.4    89.4    31.6    64.3   0.206   0.297   0.357   0.352   0.475    12.8    13.2    13.5    13.8    14.3
54902 20121016  2.412  -93.29   41.56    25.3     8.7    17.0    16.3     0.0    13.34 C    28.1     8.5    17.1    81.3    35.1    60.2   0.204   0.289   0.351   0.347   0.479    13.4    13.4    13.5    13.8    14.3
54902 20121017  2.412  -93.29   41.56    18.0     7.2    12.6    13.7     1.1     3.94 C    18.4     7.4    13.7    91.1    47.8    64.2   0.203   0.286   0.349   0.346   0.478    13.4    13.6    13.8    14.0    14.3
54902 20121018  2.412  -93.29   41.56     9.8     5.9     7.8     7.3     8.9     2.52 C     9.7     5.5     7.2    95.5    40.7    79.5   0.218   0.303   0.366   0.348   0.478    11.1    12.2    13.0    13.8    14.3
54902 20121019  2.412  -93.29   41.56     9.8     5.7     7.8     7.3     0.2     4.18 C    11.2     5.7     7.6    97.2    82.6    90.8   0.250   0.342   0.378   0.350   0.478    10.7    11.5    12.2    13.3    14.3
54902 20121020  2.412  -93.29   41.56    14.3     5.8    10.0     8.6     0.0     9.02 C    19.3     5.8     9.8    93.2    61.8    84.0   0.249   0.330   0.374   0.349   0.476    11.1    11.6    12.0    13.0    14.2
54902 20121021  2.412  -93.29   41.56    25.4     5.1    15.3    15.1     0.0    13.91 C    28.2     5.6    16.3    96.4    50.1    77.2   0.247   0.323   0.371   0.347   0.473    12.0    11.9    12.2    12.9    14.1
54902 20121022  2.412  -93.29   41.56    22.5    16.7    19.6    19.2    29.1     5.67 C    24.9    16.6    19.5    97.0    77.8    89.3   0.277   0.354   0.409   0.376   0.487    14.9    14.1    13.6    13.2    14.0
54902 20121023  2.412  -93.29   41.56    23.4    15.7    19.5    19.6     0.0     4.67 C    24.3    15.6    19.7    96.9    66.2    84.2   0.279   0.350   0.398   0.376   0.488    15.7    15.0    14.6    13.9    14.0
54902 20121024  2.412  -93.29   41.56    24.8    17.7    21.3    21.8     0.0     3.78 C    25.2    17.6    22.0    94.6    65.6    78.8   0.279   0.347   0.395   0.377   0.486    16.6    15.8    15.3    14.4    14.0
54902 20121025  2.412  -93.29   41.56    18.5     2.3    10.4     6.8     2.2     2.91 C    21.1     2.6     7.2    95.5    62.0    82.2   0.281   0.343   0.393   0.377   0.484    14.1    15.0    15.3    14.8    14.1
54902 20121026  2.412  -93.29   41.56     7.7    -1.3     3.2     2.7     0.0    12.12 C    12.0    -1.4     3.9    88.4    46.4    66.5   0.280   0.336   0.387   0.375   0.484    10.8    12.3    13.3    14.4    14.3
54902 20121027  2.412  -93.29   41.56     6.9    -0.6     3.1     2.6     0.0     9.28 C    14.3    -1.2     4.1    85.2    43.1    63.2   0.274   0.332   0.383   0.372   0.483     9.8    11.2    12.2    13.6    14.3
54902 20121028  2.412  -93.29   41.56     8.7    -3.5     2.6     2.3     0.0    13.41 C    16.1    -4.0     4.0    87.2    31.2    58.1   0.268   0.328   0.380   0.370   0.484     8.4     9.9    11.1    12.9    14.2
54902 20121029  2.412  -93.29   41.56     9.8    -1.6     4.1     3.2     0.0     6.84 C    12.7    -1.9     3.6    85.6    44.3    65.9   0.264   0.326   0.377   0.368   0.481     7.9     9.3    10.3    12.1    14.0
54902 20121030  2.412  -93.29   41.56    12.5    -2.8     4.9     3.9     0.0    10.88 C    17.7    -3.3     4.9    83.4    34.2    63.0   0.261   0.323   0.374   0.366   0.481     7.5     8.7     9.7    11.5    13.8
54902 20121031  2.412  -93.29   41.56    11.4    -3.1     4.1     4.0     0.0    10.75 C    14.1    -3.2     4.8    88.3    28.5    58.3   0.257   0.322   0.373   0.364   0.479     7.4     8.5     9.5    11.1    13.5
54902 20121101  2.412  -93.29   41.56    15.1     0.6     7.9     6.8     0.0    11.22 C    19.0     0.3     7.7    81.7    42.7    64.4   0.254   0.321   0.372   0.363   0.475     8.0     8.7     9.4    10.8    13.2
54902 20121102  2.412  -93.29   41.56     8.7    -0.6     4.0     4.0     0.0     7.40 C    12.8    -0.6     4.6    85.8    47.2    67.6   0.249   0.319   0.370   0.362   0.475     7.6     8.5     9.3    10.6    13.0
54902 20121103  2.412  -93.29   41.56    11.7     0.8     6.2     6.0     0.0    11.69 C    17.9     1.1     7.8    82.6    37.6    59.3   0.247   0.319   0.370   0.361   0.473     8.1     8.7     9.3    10.4    12.8
54902 20121104  2.412  -93.29   41.56     9.4     2.2     5.8     5.5     2.0     3.44 C    11.0     3.0     6.0    94.1    65.6    79.2   0.244   0.317   0.369   0.360   0.474     8.0     8.6     9.2    10.3    12.6
54902 20121105  2.412  -93.29   41.56     6.7     3.8     5.3     4.7     4.4     2.80 C     7.8     3.7     5.0    95.4    70.4    86.2   0.268   0.328   0.369   0.361   0.471     8.0     8.6     9.2    10.2    12.4
54902 20121106  2.412  -93.29   41.56    11.2     3.8     7.5     6.6     1.2     5.38 C    13.8     4.1     6.9    97.0    57.7    77.4   0.283   0.329   0.367   0.361   0.469     8.0     8.6     9.1    10.2    12.3
54902 20121107  2.412  -93.29   41.56     8.0     0.0     4.0     4.3     0.0     6.59 C    12.0    -0.2     5.1    94.6    57.1    76.2   0.283   0.327   0.367   0.359   0.469     7.8     8.5     9.1    10.1    12.1
54902 20121108  2.412  -93.29   41.56    15.5    -0.3     7.6     6.7     0.0    11.30 C    18.4    -0.5     7.5    92.2    39.9    70.8   0.281   0.324   0.367   0.358   0.469     7.4     8.1     8.8     9.9    12.0
54902 20121109  2.412  -93.29   41.56    15.7     3.0     9.4     9.8     0.0     7.91 C    20.4     2.9    10.5    90.7    58.1    76.0   0.279   0.323   0.367   0.356   0.468     8.3     8.5     8.9     9.8    11.9
54902 20121110  2.412  -93.29   41.56    24.9    11.7    18.3    18.7     0.0     8.39 C    27.2    11.5    18.9    91.8    45.8    65.2   0.275   0.324   0.368   0.356   0.467    10.8    10.1     9.9    10.0    11.7
54902 20121111  2.412  -93.29   41.56    19.1    -5.1     7.0     3.8    24.1     1.01 C    19.0    -5.3     3.9    95.9    52.2    80.8   0.316   0.362   0.410   0.385   0.465     9.4    10.2    10.6    10.6    11.7
54902 20121112  2.412  -93.29   41.56     2.6    -7.1    -2.2    -2.8     0.0    10.92 C     4.6    -7.2    -2.3    82.1    43.6    65.9   0.310   0.357   0.402   0.393   0.464     5.6     7.4     8.7    10.2    11.7
54902 20121113  2.412  -93.29   41.56    10.4    -7.2     1.6     1.6     0.0    10.27 C    13.8    -7.1     2.5    86.5    32.1    62.6   0.305   0.351   0.394   0.388   0.464     5.1     6.4     7.5     9.4    11.7
54902 20121114  2.412  -93.29   41.56    14.3     1.8     8.1     7.1     0.0    10.54 C    17.2     1.6     7.9    78.1    26.1    53.6   0.301   0.350   0.393   0.386   0.464     6.4     6.9     7.6     9.0    11.5
54902 20121115  2.412  -93.29   41.56    14.4     0.1     7.3     6.3     0.0     8.91 C    18.7    -0.2     7.2    89.8    36.9    61.4   0.298   0.347   0.390   0.383   0.461     6.7     7.3     7.8     8.9    11.3
54902 20121116  2.412  -93.29   41.56    11.9    -4.1     3.9     3.0     0.0    10.65 C    18.2    -4.3     4.9    91.8    43.5    75.0   0.294   0.345   0.388   0.382   0.458     6.0     6.9     7.7     8.9    11.2
54902 20121117  2.412  -93.29   41.56    16.0     0.1     8.0     7.4     0.0    10.38 C    18.6     0.0     8.0    91.1    32.5    62.7   0.290   0.343   0.387   0.380   0.458     6.4     6.9     7.5     8.7    11.0
54902 20121118  2.412  -93.29   41.56    16.1     2.8     9.5     9.5     0.2     7.64 C    19.2     2.6     9.9    69.6    33.1    49.6   0.285   0.342   0.386   0.380   0.459     7.0     7.3     7.8     8.7    10.9
54902 20121119  2.412  -93.29   41.56    16.1     3.7     9.9    10.4     0.9     9.42 C    19.2     3.8    10.9    92.4    39.9    68.9   0.282   0.341   0.385   0.378   0.459     7.9     8.0     8.2     8.8    10.8
54902 20121120  2.412  -93.29   41.56    14.9     1.5     8.2     7.3     0.0     9.94 C    18.7     1.6     8.3    95.3    51.6    78.1   0.279   0.339   0.385   0.378   0.459     7.5     8.0     8.4     9.0    10.7
54902 20121121  2.412  -93.29   41.56    21.8     1.7    11.7    11.3     0.0     9.81 C    23.9     2.0    11.8    94.6    30.2    63.5   0.275   0.338   0.383   0.377   0.457     7.7     8.0     8.3     9.0    10.6
54902 20121122  2.412  -93.29   41.56    19.2     2.7    10.9    11.3     0.0     5.72 C    20.6     2.8    11.6    72.5    35.2    57.5   0.273   0.338   0.383   0.377   0.457     8.6     8.7     8.8     9.1    10.6
54902 20121123  2.412  -93.29   41.56     3.2    -8.5    -2.6    -2.3     0.0     9.30 C     3.2    -8.7    -1.5    78.7    43.2    56.9   0.266   0.334   0.380   0.376   0.456     5.8     7.4     8.2     9.2    10.6
54902 20121124  2.412  -93.29   41.56     1.8    -9.6    -3.9    -4.0     0.0     5.71 C     3.9    -9.6    -3.3    85.8    45.4    68.3   0.263   0.329   0.377   0.374   0.456     4.0     5.5     6.8     8.6    10.6
54902 20121125  2.412  -93.29   41.56     3.2    -0.5     1.3     1.4     0.0     4.67 C     6.3     0.1     2.1    69.4    56.5    63.1   0.261   0.329   0.375   0.372   0.455     4.7     5.5     6.4     8.0    10.5
54902 20121126  2.412  -93.29   41.56     0.0   -10.8    -5.4    -3.9     0.0     5.10 C     1.5   -11.4    -3.3    76.3    42.2    61.0   0.257   0.327   0.375   0.372   0.454     4.1     5.3     6.2     7.8    10.3
54902 20121127  2.412  -93.29   41.56     2.6   -12.7    -5.0    -5.2     0.0     8.28 C     4.5   -12.7    -4.4    85.4    36.2    61.4   0.252   0.324   0.372   0.370   0.452     2.2     3.9     5.2     7.3    10.1
54902 20121128  2.412  -93.29   41.56     7.9    -8.0     0.0    -0.5     0.0     9.38 C    12.6    -8.3     0.9    91.1    37.6    67.1   0.251   0.324   0.371   0.369   0.453     2.4     3.6     4.7     6.7     9.9
54902 20121129  2.412  -93.29   41.56    11.5    -1.5     5.0     3.9     0.0     7.68 C    15.3    -1.4     4.7    90.0    48.2    70.9   0.254   0.325   0.371   0.369   0.453     3.6     4.2     4.9     6.4     9.7
54902 20121130  2.412  -93.29   41.56    11.1    -3.9     3.6     3.1     0.0     7.69 C    15.2    -2.9     3.9    96.1    56.3    81.7   0.256   0.325   0.371   0.368   0.451     4.0     4.6     5.2     6.4     9.4
54902 20121201  2.412  -93.29   41.56    14.2     0.1     7.2     8.1     0.0     1.28 C    14.4     0.1     8.1    99.3    82.4    90.1   0.259   0.325   0.374   0.369   0.448     5.0     5.1     5.5     6.5     9.3
54902 20121202  2.412  -93.29   41.56    10.9     5.3     8.1     8.5     0.0     2.98 C    11.3     5.7     9.1   100.0    89.0    97.9   0.264   0.326   0.375   0.367   0.448     6.7     6.4     6.4     6.8     9.2
54902 20121203  2.412  -93.29   41.56    21.2     4.9    13.1    12.6     0.0     3.55 C    23.0     4.7    12.7    99.0    53.4    77.3   0.264   0.328   0.378   0.369   0.449     8.1     7.6     7.4     7.3     9.1
54902 20121204  2.412  -93.29   41.56    14.6    -1.6     6.5     5.4     0.0     9.03 C    16.9    -1.8     6.0    74.6    25.6    55.5   0.259   0.326   0.378   0.370   0.449     6.6     7.2     7.6     7.7     9.1
54902 20121205  2.412  -93.29   41.56     6.9    -6.3     0.3     1.6     0.0     5.77 C     8.4    -6.3     1.9    84.7    49.8    66.8   0.255   0.323   0.375   0.369   0.448     5.0     6.0     6.7     7.6     9.2
54902 20121206  2.412  -93.29   41.56    10.9     4.5     7.7     7.3     0.0     3.03 C    11.8     4.6     7.6    89.3    48.9    66.7   0.255   0.323   0.374   0.369   0.448     5.9     6.2     6.6     7.4     9.2
54902 20121207  2.412  -93.29   41.56     6.1     0.0     3.0     3.4     0.0     3.44 C     8.5     0.3     4.0    85.3    60.7    71.9   0.253   0.322   0.373   0.368   0.448     6.0     6.4     6.8     7.4     9.2
54902 20121208  2.412  -93.29   41.56     3.8    -5.8    -1.0     0.0     0.0     6.04 C     7.4    -6.3     0.8    91.5    64.2    80.8   0.249   0.320   0.372   0.367   0.447     4.7     5.6     6.4     7.4     9.2
54902 20121209  2.412  -93.29   41.56     2.4    -7.2    -2.4    -1.1     5.4     1.44 C     2.6    -7.0    -0.7    99.6    76.5    89.0   0.257   0.320   0.371   0.367   0.447     4.3     5.3     6.0     7.2     9.2
54902 20121210  2.412  -93.29   41.56    -2.9    -9.4    -6.1    -6.9     0.0     7.98 C    -0.1    -9.5    -6.2    81.3    55.8    69.9   0.265   0.318   0.369   0.366   0.445     2.0     3.7     5.0     6.8     9.1
54902 20121211  2.412  -93.29   41.56     5.2    -9.4    -2.1    -2.3     0.0     7.72 C     7.1    -9.5    -1.9    73.6    42.7    62.1   0.264   0.316   0.367   0.365   0.445     1.3     2.8     4.0     6.1     9.0
54902 20121212  2.412  -93.29   41.56    10.2    -3.8     3.2     2.6     0.0     8.66 C    12.4    -4.2     3.0    72.5    23.2    46.3   0.265   0.316   0.366   0.364   0.445     1.9     2.9     3.8     5.6     8.7
54902 20121213  2.412  -93.29   41.56    10.5    -0.2     5.2     4.3     0.0     7.95 C    13.0    -0.7     4.6    62.0    29.2    41.4   0.266   0.317   0.366   0.363   0.444     2.7     3.3     4.0     5.4     8.5
54902 20121214  2.412  -93.29   41.56    12.6    -4.9     3.9     4.3     0.0     7.12 C    15.1    -4.6     4.9    83.0    37.2    60.1   0.266   0.317   0.366   0.362   0.442     2.8     3.4     4.1     5.4     8.4
54902 20121215  2.412  -93.29   41.56     9.9     3.1     6.5     6.7     8.6     1.57 C    11.0     3.2     6.8    97.3    76.6    92.1   0.314   0.349   0.384   0.363   0.441     4.7     4.6     4.8     5.5     8.2
54902 20121216  2.412  -93.29   41.56     3.1    -1.8     0.6     0.9     0.0     1.57 C     3.2    -1.3     1.3    92.5    85.0    88.5   0.317   0.347   0.388   0.365   0.442     4.4     4.8     5.2     5.8     8.1
54902 20121217  2.412  -93.29   41.56    -0.1    -4.4    -2.3    -2.0     0.0     3.44 C     3.6    -3.9    -0.9    95.3    79.5    88.1   0.313   0.344   0.385   0.365   0.442     3.6     4.3     4.9     5.8     8.0
54902 20121218  2.412  -93.29   41.56     5.1    -1.1     2.0     0.9     0.0     2.87 C     6.9    -1.8     1.2    96.3    69.4    86.7   0.311   0.342   0.384   0.364   0.441     3.4     4.1     4.7     5.7     8.0
54902 20121219  2.412  -93.29   41.56     2.2    -2.0     0.1     0.0    21.2     1.88 C     2.8    -1.9     0.2    98.2    85.1    93.2   0.309   0.341   0.382   0.364   0.441     3.1     3.8     4.5     5.6     7.9
54902 20121220  2.412  -93.29   41.56     0.2   -10.1    -4.9    -4.6    18.2     4.93 C     0.3   -10.5    -4.3    98.0    76.8    88.2   0.321   0.345   0.383   0.364   0.441     3.0     3.7     4.3     5.5     7.9
54902 20121221  2.412  -93.29   41.56    -7.1   -13.3   -10.2   -10.6     0.0     9.20 C    -3.1   -13.6   -10.2    91.5    68.9    78.0   0.321   0.348   0.386   0.364   0.440     2.4     3.2     4.0     5.3     7.8
54902 20121222  2.412  -93.29   41.56    -0.5   -14.2    -7.4    -7.5     0.0     8.90 C     5.0   -14.7    -6.7    93.1    60.5    82.0   0.317   0.345   0.383   0.363   0.439     2.0     2.7     3.6     5.1     7.7
54902 20121223  2.412  -93.29   41.56    -6.3   -13.5    -9.9    -9.5     0.0     7.85 C    -0.6   -13.6    -8.5    94.3    77.0    85.7   0.314   0.344   0.383   0.363   0.438     1.8     2.5     3.4     4.8     7.6
54902 20121224  2.412  -93.29   41.56    -7.2   -14.5   -10.9    -9.3     0.0     5.35 C    -5.4   -14.6    -8.9    95.3    76.7    84.6   0.312   0.342   0.382   0.363   0.438     1.6     2.3     3.2     4.6     7.5
54902 20121225  2.412  -93.29   41.56   -12.0   -18.5   -15.2   -14.8     0.0     8.27 C    -8.0   -18.5   -13.9    82.9    75.0    79.2   0.312   0.341   0.381   0.362   0.438     1.4     2.1     3.0     4.4     7.3
54902 20121226  2.412  -93.29   41.56    -9.4   -17.4   -13.4   -13.3     0.0     6.41 C    -5.2   -17.6   -12.7    89.4    77.3    81.4   0.314   0.340   0.380   0.362   0.437     1.0     1.8     2.7     4.2     7.2
54902 20121227  2.412  -93.29   41.56    -4.3   -15.1    -9.7    -9.4     0.0     5.70 C    -4.1   -16.2    -8.8    91.6    80.7    86.1   0.312   0.339   0.378   0.361   0.436     0.8     1.6     2.5     4.0     7.0
54902 20121228  2.412  -93.29   41.56    -3.1   -10.0    -6.6    -4.5     0.8     4.74 C     5.0    -9.8    -3.2    94.1    87.3    91.0   0.312   0.338   0.378   0.361   0.435     0.9     1.5     2.3     3.8     6.9
54902 20121229  2.412  -93.29   41.56    -7.4   -13.3   -10.4    -9.7     0.3     7.35 C    -5.0   -13.6    -9.2    89.9    73.9    83.5   0.313   0.337   0.378   0.362   0.434     1.0     1.6     2.3     3.7     6.7
54902 20121230  2.412  -93.29   41.56     3.4   -14.7    -5.7    -4.8     0.0     7.57 C     4.2   -14.7    -4.4    92.1    54.3    76.3   0.313   0.336   0.377   0.361   0.432     0.9     1.5     2.3     3.6     6.6
54902 20121231  2.412  -93.29   41.56     0.4   -13.8    -6.7    -7.7     0.0     3.91 C     0.2   -14.0    -7.2    85.8    68.1    75.4   0.313   0.336   0.377   0.360   0.433     1.0     1.6     2.2     3.5     6.5
