53154 20120101  2.403 -114.19   32.84    27.0     4.4    15.7    15.5     0.0    13.37 R    33.8     2.2    14.3    73.1     9.6    34.3   0.177   0.136 -99.000 -99.000 -99.000    14.5    15.1 -9999.0 -9999.0 -9999.0
53154 20120102  2.403 -114.19   32.84    26.9     5.7    16.3    16.4     0.0    13.20 R    33.5     3.8    15.4    55.5    11.6    29.0   0.177   0.137 -99.000 -99.000 -99.000    15.8    16.1 -9999.0 -9999.0 -9999.0
53154 20120103  2.403 -114.19   32.84    24.1     6.8    15.5    14.7     0.0    10.46 R    30.5     4.9    13.9    60.8    14.5    35.8   0.175   0.136 -99.000 -99.000 -99.000    14.8    16.0 -9999.0 -9999.0 -9999.0
53154 20120104  2.403 -114.19   32.84    25.2     7.0    16.1    16.4     0.0    13.46 R    33.5     3.8    15.3    52.5    12.5    26.0   0.174   0.136 -99.000 -99.000 -99.000    15.5    16.0 -9999.0 -9999.0 -9999.0
53154 20120105  2.403 -114.19   32.84    25.9     7.8    16.9    15.1     0.0    11.90 R    34.5     4.3    14.2    55.9    10.7    32.7   0.172   0.136 -99.000 -99.000 -99.000    14.9    16.1 -9999.0 -9999.0 -9999.0
53154 20120106  2.403 -114.19   32.84    23.6     4.8    14.2    13.5     0.0    13.43 R    33.6     2.3    14.0    65.0    15.5    40.5   0.170   0.135 -99.000 -99.000 -99.000    14.5    15.7 -9999.0 -9999.0 -9999.0
53154 20120107  2.403 -114.19   32.84    22.0     4.8    13.4    13.9     0.0    13.40 R    33.1     2.3    13.5    62.8    16.3    34.8   0.169   0.135 -99.000 -99.000 -99.000    14.3    15.7 -9999.0 -9999.0 -9999.0
53154 20120108  2.403 -114.19   32.84    18.9     9.9    14.4    14.6     0.0    13.66 R    25.2     6.0    12.5    31.7    13.1    20.4   0.167   0.135 -99.000 -99.000 -99.000    14.0    15.6 -9999.0 -9999.0 -9999.0
53154 20120109  2.403 -114.19   32.84    21.1     3.0    12.0    13.2     0.0    13.70 R    32.1     0.9    12.9    44.6    10.3    22.9   0.165   0.133 -99.000 -99.000 -99.000    13.8    15.1 -9999.0 -9999.0 -9999.0
53154 20120110  2.403 -114.19   32.84    20.8     3.9    12.3    11.5     0.0    13.64 R    32.4     1.2    12.4    53.7    15.0    34.6   0.164   0.132 -99.000 -99.000 -99.000    13.3    14.9 -9999.0 -9999.0 -9999.0
53154 20120111  2.403 -114.19   32.84    21.0     4.1    12.6    12.4     0.0     9.35 R    30.2     2.5    12.5    61.1    18.1    36.2   0.162   0.132 -99.000 -99.000 -99.000    13.1    14.7 -9999.0 -9999.0 -9999.0
53154 20120112  2.403 -114.19   32.84    18.8     9.7    14.2    14.0     0.0     6.83 R    24.4     4.7    12.5    41.5    11.1    19.0   0.162   0.132 -99.000 -99.000 -99.000    13.9    15.3 -9999.0 -9999.0 -9999.0
53154 20120113  2.403 -114.19   32.84    21.8    -0.3    10.8    11.3     0.0    14.46 R    31.8    -2.2    11.0    49.2     5.1    20.2   0.159   0.131 -99.000 -99.000 -99.000    12.3    14.1 -9999.0 -9999.0 -9999.0
53154 20120114  2.403 -114.19   32.84    18.1     0.2     9.1     9.7     0.0     9.08 R    27.0    -1.4     9.3    48.0    11.0    27.0   0.156   0.129 -99.000 -99.000 -99.000    10.7    13.3 -9999.0 -9999.0 -9999.0
53154 20120115  2.403 -114.19   32.84    17.3     3.8    10.6    11.2     0.0     5.87 R    25.4     1.8    11.2    48.5    17.0    31.3   0.155   0.128 -99.000 -99.000 -99.000    11.5    13.2 -9999.0 -9999.0 -9999.0
53154 20120116  2.403 -114.19   32.84    19.0     8.5    13.7    13.8     0.0    13.53 R    29.2     5.3    14.3    64.8    34.8    45.2   0.159   0.130 -99.000 -99.000 -99.000    14.7    14.8 -9999.0 -9999.0 -9999.0
53154 20120117  2.403 -114.19   32.84    18.4     1.4     9.9     9.9     0.0    14.28 R    32.1    -0.4    11.8    78.4    24.7    51.8   0.156   0.129 -99.000 -99.000 -99.000    13.1    14.6 -9999.0 -9999.0 -9999.0
53154 20120118  2.403 -114.19   32.84    20.4     1.0    10.7    10.6     0.0    14.26 R    32.8    -0.4    12.1    75.3    22.0    49.6   0.155   0.128 -99.000 -99.000 -99.000    12.8    14.3 -9999.0 -9999.0 -9999.0
53154 20120119  2.403 -114.19   32.84    21.2     3.7    12.4    11.6     0.0    14.45 R    33.5     1.0    12.8    73.1    21.6    47.3   0.155   0.128 -99.000 -99.000 -99.000    13.4    14.6 -9999.0 -9999.0 -9999.0
53154 20120120  2.403 -114.19   32.84    21.6     3.7    12.6    12.1     0.0    13.93 R    33.0     0.8    13.0    66.0    17.6    41.4   0.154   0.128 -99.000 -99.000 -99.000    13.4    14.6 -9999.0 -9999.0 -9999.0
53154 20120121  2.403 -114.19   32.84    22.7     7.8    15.3    15.2     0.0    11.44 R    35.1     6.0    15.0    51.5    18.6    33.4   0.155   0.129 -99.000 -99.000 -99.000    15.1    15.5 -9999.0 -9999.0 -9999.0
53154 20120122  2.403 -114.19   32.84    18.8     3.8    11.3    12.2     0.0    11.61 R    32.1     1.5    12.3    57.3    15.4    32.2   0.151   0.128 -99.000 -99.000 -99.000    13.9    15.6 -9999.0 -9999.0 -9999.0
53154 20120123  2.403 -114.19   32.84    20.0     5.1    12.6    12.3     2.8    10.95 R    32.8     2.8    12.9    94.8    15.5    40.2   0.151   0.127 -99.000 -99.000 -99.000    13.2    14.7 -9999.0 -9999.0 -9999.0
53154 20120124  2.403 -114.19   32.84    19.1     7.4    13.2    13.2     0.0    14.40 R    22.9     4.5    11.6    91.6    22.1    51.9   0.172   0.127 -99.000 -99.000 -99.000    12.8    14.6 -9999.0 -9999.0 -9999.0
53154 20120125  2.403 -114.19   32.84    22.1     8.1    15.1    15.1     0.0    15.21 R    30.1     5.2    13.9    54.7    11.9    27.5   0.174   0.127 -99.000 -99.000 -99.000    14.5    15.0 -9999.0 -9999.0 -9999.0
53154 20120126  2.403 -114.19   32.84    24.4     4.9    14.6    14.4     0.0    15.32 R    35.7     2.7    15.2    68.1    18.3    38.4   0.174   0.128 -99.000 -99.000 -99.000    15.2    15.5 -9999.0 -9999.0 -9999.0
53154 20120127  2.403 -114.19   32.84    23.3     5.6    14.5    15.7     0.0    10.74 R    32.2     4.2    14.4    69.0    19.9    36.3   0.171   0.128 -99.000 -99.000 -99.000    15.2    16.1 -9999.0 -9999.0 -9999.0
53154 20120128  2.403 -114.19   32.84    22.0    11.2    16.6    16.4     0.0    16.09 R    29.7     6.6    15.2    20.9     8.1    13.4   0.170   0.129 -99.000 -99.000 -99.000    16.2    16.6 -9999.0 -9999.0 -9999.0
53154 20120129  2.403 -114.19   32.84    25.1    12.3    18.7    17.5     0.0    15.52 R    37.5     7.3    17.4    13.1     8.4    10.3   0.170   0.129 -99.000 -99.000 -99.000    17.3    17.1 -9999.0 -9999.0 -9999.0
53154 20120130  2.403 -114.19   32.84    24.0     4.7    14.3    14.1     0.0    16.06 R    36.7     1.8    15.6    38.4     8.9    21.4   0.165   0.129 -99.000 -99.000 -99.000    16.1    17.0 -9999.0 -9999.0 -9999.0
53154 20120131  2.403 -114.19   32.84    23.6     5.5    14.5    14.4     0.0    15.98 R    37.9     3.2    15.8    47.4     8.8    26.7   0.163   0.129 -99.000 -99.000 -99.000    16.5    17.2 -9999.0 -9999.0 -9999.0
53154 20120201  2.403 -114.19   32.84    22.9     5.7    14.3    13.8     0.0    13.62 R    36.4     3.5    14.1    44.3    11.7    27.0   0.159   0.129 -99.000 -99.000 -99.000    15.3    16.7 -9999.0 -9999.0 -9999.0
53154 20120202  2.403 -114.19   32.84    21.0     5.6    13.3    13.9     0.0    16.44 R    29.8     3.0    12.9    47.2    10.5    24.5   0.156   0.127 -99.000 -99.000 -99.000    14.4    16.1 -9999.0 -9999.0 -9999.0
53154 20120203  2.403 -114.19   32.84    20.0     6.0    13.0    13.3     0.0    16.67 R    34.0     2.5    13.8    43.2    15.7    24.0   0.154   0.127 -99.000 -99.000 -99.000    14.7    15.8 -9999.0 -9999.0 -9999.0
53154 20120204  2.403 -114.19   32.84    21.4     4.3    12.9    13.1     0.0    16.48 R    36.1     0.9    13.9    47.0    15.2    28.6   0.152   0.126 -99.000 -99.000 -99.000    14.7    15.8 -9999.0 -9999.0 -9999.0
53154 20120205  2.403 -114.19   32.84    21.8     6.3    14.1    14.0     0.0    16.64 R    36.7     3.2    15.2    41.4    13.9    25.8   0.152   0.127 -99.000 -99.000 -99.000    15.7    16.3 -9999.0 -9999.0 -9999.0
53154 20120206  2.403 -114.19   32.84    22.1     6.6    14.3    14.9     0.0    14.80 R    37.3     4.2    16.0    39.8    11.2    24.3   0.150   0.127 -99.000 -99.000 -99.000    16.2    16.7 -9999.0 -9999.0 -9999.0
53154 20120207  2.403 -114.19   32.84    22.0     8.2    15.1    15.9     0.0    10.68 R    29.2     4.6    15.6    37.1    14.6    25.2   0.148   0.127 -99.000 -99.000 -99.000    16.1    17.0 -9999.0 -9999.0 -9999.0
53154 20120208  2.403 -114.19   32.84    23.1    11.6    17.3    17.4     0.0    14.51 R    41.0    10.9    20.3    59.3    22.5    36.1   0.150   0.128 -99.000 -99.000 -99.000    19.1    18.0 -9999.0 -9999.0 -9999.0
53154 20120209  2.413 -114.19   32.84 -9999.0 -9999.0 -9999.0 -9999.0 -9999.0 -9999.00 U -9999.0 -9999.0 -9999.0 -9999.0 -9999.0 -9999.0 -99.000 -99.000 -99.000 -99.000 -99.000 -9999.0 -9999.0 -9999.0 -9999.0 -9999.0
53154 20120210  2.413 -114.19   32.84    26.8     9.4    18.1    17.9     0.0    15.94 C    40.2     3.9    17.2    37.3    12.2    23.2   0.146   0.129 -99.000 -99.000 -99.000    18.7    18.9 -9999.0 -9999.0 -9999.0
53154 20120211  2.413 -114.19   32.84    24.2     8.4    16.3    16.4     0.0    15.67 C    38.0     4.2    16.7    42.2    15.4    29.7   0.143   0.129 -99.000 -99.000 -99.000    18.5    18.9 -9999.0 -9999.0 -9999.0
53154 20120212  2.413 -114.19   32.84    20.1     8.0    14.0    14.8     0.0    15.60 C    31.6     3.9    14.9    64.1    26.0    42.6   0.139   0.129 -99.000 -99.000 -99.000    17.4    18.6 -9999.0 -9999.0 -9999.0
53154 20120213  2.413 -114.19   32.84    20.4     4.6    12.5    13.4     0.0    15.12 C    35.9     1.9    15.2    77.4    30.0    51.4   0.137   0.128 -99.000 -99.000 -99.000    16.8    17.8 -9999.0 -9999.0 -9999.0
53154 20120214  2.413 -114.19   32.84    17.3     6.3    11.8    12.1     0.0    14.39 C    30.5     2.2    12.6    55.7    25.5    37.9   0.134   0.127 -99.000 -99.000 -99.000    15.8    17.6 -9999.0 -9999.0 -9999.0
53154 20120215  2.413 -114.19   32.84    19.7     4.2    11.9    11.9     0.0    14.30 C    31.9     0.2    12.2    78.6    27.4    49.0   0.132   0.125 -99.000 -99.000 -99.000    14.5    16.3 -9999.0 -9999.0 -9999.0
53154 20120216  2.413 -114.19   32.84    19.5     8.0    13.8    12.5     0.0    11.96 C    29.2     4.9    13.0    85.8    27.6    58.8   0.132   0.125 -99.000 -99.000 -99.000    15.0    16.4 -9999.0 -9999.0 -9999.0
53154 20120217  2.413 -114.19   32.84    22.5     5.1    13.8    14.0     0.0    16.77 C    35.6     2.2    13.9    93.7    11.9    40.9   0.133   0.125 -99.000 -99.000 -99.000    15.9    16.5 -9999.0 -9999.0 -9999.0
53154 20120218  2.413 -114.19   32.84    21.8     2.5    12.1    13.0     0.0    16.77 C    37.7    -0.4    14.2    91.0    17.5    48.4   0.132   0.125 -99.000 -99.000 -99.000    15.9    16.8 -9999.0 -9999.0 -9999.0
53154 20120219  2.413 -114.19   32.84    20.8     6.5    13.7    14.2     0.0    16.42 C    34.8     3.4    15.0    66.8    18.0    36.2   0.131   0.125 -99.000 -99.000 -99.000    16.9    17.3 -9999.0 -9999.0 -9999.0
53154 20120220  2.413 -114.19   32.84    21.1     3.6    12.3    13.9     0.0    15.62 C    39.3    -0.1    15.1    49.8    16.1    30.4   0.129   0.125 -99.000 -99.000 -99.000    16.8    17.4 -9999.0 -9999.0 -9999.0
53154 20120221  2.413 -114.19   32.84    24.2     3.3    13.8    15.2     0.0    17.62 C    38.7     0.5    15.4    51.6     8.7    22.6   0.128   0.125 -99.000 -99.000 -99.000    17.4    17.7 -9999.0 -9999.0 -9999.0
53154 20120222  2.413 -114.19   32.84    26.7     5.6    16.2    17.1     0.0    17.71 C    42.3     1.3    17.6    33.5    11.1    19.2   0.128   0.126 -99.000 -99.000 -99.000    18.6    18.3 -9999.0 -9999.0 -9999.0
53154 20120223  2.413 -114.19   32.84    28.8     7.3    18.0    18.5     0.0    17.09 C    42.7     3.9    18.9    55.1    10.1    27.7   0.127   0.127 -99.000 -99.000 -99.000    20.1    19.4 -9999.0 -9999.0 -9999.0
53154 20120224  2.413 -114.19   32.84    26.2    12.0    19.1    19.9     0.0    18.22 C    43.7     5.0    19.5    22.5     5.8    12.6   0.126   0.128 -99.000 -99.000 -99.000    21.0    20.2 -9999.0 -9999.0 -9999.0
53154 20120225  2.413 -114.19   32.84    27.3     6.9    17.1    17.4     0.0    18.26 C    43.7     2.2    18.3    26.0     7.6    15.7   0.122   0.127 -99.000 -99.000 -99.000    20.0    20.0 -9999.0 -9999.0 -9999.0
53154 20120226  2.413 -114.19   32.84    26.0     6.0    16.0    16.7     0.0    18.32 C    43.5     2.5    18.1    35.3     8.2    18.8   0.119   0.128 -99.000 -99.000 -99.000    20.0    20.1 -9999.0 -9999.0 -9999.0
53154 20120227  2.413 -114.19   32.84    20.4    10.2    15.3    14.8     0.0    17.02 C    39.3     4.9    16.8    63.2    18.3    40.4   0.116   0.127 -99.000 -99.000 -99.000    19.0    19.8 -9999.0 -9999.0 -9999.0
53154 20120228  2.413 -114.19   32.84    16.7     6.3    11.5    11.7     0.0    18.03 C    34.2     3.0    14.3    55.1    21.9    37.8   0.113   0.126 -99.000 -99.000 -99.000    17.3    19.0 -9999.0 -9999.0 -9999.0
53154 20120229  2.413 -114.19   32.84    20.3     2.9    11.6    12.0     0.0    17.61 C    39.3    -0.7    14.3    52.8    13.7    31.9   0.111   0.124 -99.000 -99.000 -99.000    16.3    17.8 -9999.0 -9999.0 -9999.0
53154 20120301  2.413 -114.19   32.84    21.9     4.4    13.1    14.8     0.0    18.55 C    36.2     1.7    15.8    68.3    23.4    39.9   0.112   0.124 -99.000 -99.000 -99.000    17.7    18.2 -9999.0 -9999.0 -9999.0
53154 20120302  2.413 -114.19   32.84    19.0     9.9    14.4    14.4     0.0    19.19 C    29.7     5.2    13.6    54.3     3.5    16.8   0.110   0.124 -99.000 -99.000 -99.000    16.9    18.3 -9999.0 -9999.0 -9999.0
53154 20120303  2.413 -114.19   32.84    23.3     8.5    15.9    15.8     0.0    19.28 C    40.6     0.8    16.2    15.8     5.5     9.2   0.110   0.123 -99.000 -99.000 -99.000    18.0    18.0 -9999.0 -9999.0 -9999.0
53154 20120304  2.413 -114.19   32.84    28.6     6.3    17.5    18.3     0.0    19.38 C    42.9     2.1    18.1    24.5     6.3    13.6   0.110   0.124 -99.000 -99.000 -99.000    19.5    19.0 -9999.0 -9999.0 -9999.0
53154 20120305  2.413 -114.19   32.84    29.6     8.1    18.8    18.6     0.0    15.51 C    46.4     3.2    18.9    27.6     6.9    16.5   0.109   0.125 -99.000 -99.000 -99.000    20.1    19.7 -9999.0 -9999.0 -9999.0
53154 20120306  2.413 -114.19   32.84    29.1     9.3    19.2    19.1     0.0    19.52 C    43.6     4.5    20.0    31.5     6.9    18.9   0.108   0.126 -99.000 -99.000 -99.000    21.3    20.5 -9999.0 -9999.0 -9999.0
53154 20120307  2.413 -114.19   32.84    16.0     4.8    10.4    12.3     0.0    19.19 C    31.0     1.7    13.4    35.7     7.5    15.4   0.101   0.125 -99.000 -99.000 -99.000    17.7    20.0 -9999.0 -9999.0 -9999.0
53154 20120308  2.413 -114.19   32.84    23.1     2.9    13.0    14.2     0.0    19.66 C    42.3    -0.8    16.0    28.0    10.9    18.1   0.101   0.123 -99.000 -99.000 -99.000    17.6    18.2 -9999.0 -9999.0 -9999.0
53154 20120309  2.413 -114.19   32.84    25.9     5.5    15.7    17.9     0.0    19.72 C    42.3     2.7    19.0    30.1    11.0    16.8   0.103   0.124 -99.000 -99.000 -99.000    20.3    19.6 -9999.0 -9999.0 -9999.0
53154 20120310  2.413 -114.19   32.84    24.4    12.3    18.3    18.0     0.0    19.90 C    42.4     6.3    19.1    26.6    11.4    19.3   0.102   0.125 -99.000 -99.000 -99.000    20.8    20.4 -9999.0 -9999.0 -9999.0
53154 20120311  2.413 -114.19   32.84    27.4     8.3    17.9    18.2     0.0    20.38 C    44.7     3.5    19.2    32.8     5.3    17.4   0.101   0.124 -99.000 -99.000 -99.000    20.8    20.5 -9999.0 -9999.0 -9999.0
53154 20120312  2.413 -114.19   32.84    27.4     6.2    16.8    18.0     0.0    20.55 C    45.4     1.6    19.1    29.8     5.5    14.9   0.099   0.125 -99.000 -99.000 -99.000    20.8    20.7 -9999.0 -9999.0 -9999.0
53154 20120313  2.413 -114.19   32.84    27.5     6.4    16.9    18.2     0.0    20.73 C    48.0     2.5    20.4    25.9     5.6    14.6   0.099   0.125 -99.000 -99.000 -99.000    21.7    21.1 -9999.0 -9999.0 -9999.0
53154 20120314  2.413 -114.19   32.84    27.7     7.4    17.6    18.8     0.0    20.69 C    48.6     4.1    21.4    48.8     8.3    22.9   0.098   0.125 -99.000 -99.000 -99.000    22.8    21.8 -9999.0 -9999.0 -9999.0
53154 20120315  2.413 -114.19   32.84    29.2    10.1    19.6    19.8     0.0    20.72 C    50.5     5.6    22.4    38.1     9.7    20.3   0.098   0.126 -99.000 -99.000 -99.000    23.5    22.4 -9999.0 -9999.0 -9999.0
53154 20120316  2.413 -114.19   32.84    29.2     9.9    19.5    21.0     0.0    20.75 C    49.1     6.5    23.5    38.1    12.8    22.6   0.097   0.127 -99.000 -99.000 -99.000    24.3    23.0 -9999.0 -9999.0 -9999.0
53154 20120317  2.413 -114.19   32.84    22.9    10.7    16.8    17.9     3.6     9.50 C    37.9     9.3    18.8    87.6    29.2    45.1   0.093   0.126 -99.000 -99.000 -99.000    21.5    22.8 -9999.0 -9999.0 -9999.0
53154 20120318  2.413 -114.19   32.84    15.1     8.4    11.7    11.2     0.0    16.80 C    26.5     3.7    11.5    66.4    25.3    44.5   0.109   0.122 -99.000 -99.000 -99.000    15.2    19.7 -9999.0 -9999.0 -9999.0
53154 20120319  2.413 -114.19   32.84    17.0     5.3    11.1    11.1     0.0    20.70 C    32.5     1.4    13.5    68.1    17.7    43.3   0.123   0.119 -99.000 -99.000 -99.000    16.0    18.0 -9999.0 -9999.0 -9999.0
53154 20120320  2.413 -114.19   32.84    21.7     3.2    12.4    13.2     0.0    21.57 C    39.2    -0.2    15.5    86.3    11.4    43.5   0.130   0.119 -99.000 -99.000 -99.000    17.7    18.5 -9999.0 -9999.0 -9999.0
53154 20120321  2.413 -114.19   32.84    26.7     5.9    16.3    17.5     0.0    21.86 C    45.9     2.2    19.9    55.0    11.6    27.0   0.135   0.120 -99.000 -99.000 -99.000    20.9    19.9 -9999.0 -9999.0 -9999.0
53154 20120322  2.413 -114.19   32.84    29.8     9.0    19.4    20.7     0.0    22.07 C    48.1     5.0    22.6    48.3    11.3    24.9   0.135   0.122 -99.000 -99.000 -99.000    23.4    21.8 -9999.0 -9999.0 -9999.0
53154 20120323  2.413 -114.19   32.84    29.6    12.1    20.9    21.2     0.0    22.16 C    47.9     7.8    22.8    36.7    10.6    21.8   0.128   0.123 -99.000 -99.000 -99.000    24.2    23.0 -9999.0 -9999.0 -9999.0
53154 20120324  2.413 -114.19   32.84    30.3    12.3    21.3    21.5     0.0    19.18 C    48.0     7.6    22.2    37.2     8.5    20.0   0.120   0.124 -99.000 -99.000 -99.000    23.9    23.3 -9999.0 -9999.0 -9999.0
53154 20120325  2.413 -114.19   32.84    25.1    15.5    20.3    19.8     0.0    15.09 C    35.3    11.7    19.7    50.4    17.0    29.1   0.112   0.123 -99.000 -99.000 -99.000    22.0    22.8 -9999.0 -9999.0 -9999.0
53154 20120326  2.413 -114.19   32.84    22.8     8.2    15.5    16.5     0.0    22.09 C    42.5     4.3    19.8    53.9    18.1    34.8   0.110   0.122 -99.000 -99.000 -99.000    22.1    22.1 -9999.0 -9999.0 -9999.0
53154 20120327  2.413 -114.19   32.84    27.0     6.5    16.7    17.9     0.0    22.24 C    48.9     3.3    21.6    48.5    11.2    26.6   0.108   0.122 -99.000 -99.000 -99.000    23.0    22.3 -9999.0 -9999.0 -9999.0
53154 20120328  2.413 -114.19   32.84    29.4     9.4    19.4    20.0     0.0    22.30 C    50.5     5.8    22.9    40.4    10.8    21.2   0.106   0.123 -99.000 -99.000 -99.000    24.5    23.3 -9999.0 -9999.0 -9999.0
53154 20120329  2.413 -114.19   32.84    30.1    10.1    20.1    21.6     0.0    22.31 C    50.5     6.9    25.2    34.3     9.9    19.4   0.105   0.124 -99.000 -99.000 -99.000    25.9    24.1 -9999.0 -9999.0 -9999.0
53154 20120330  2.413 -114.19   32.84    31.6    12.6    22.1    23.6     0.0    22.17 C    52.2     9.3    27.1    43.1    14.6    25.3   0.104   0.125 -99.000 -99.000 -99.000    27.8    25.4 -9999.0 -9999.0 -9999.0
53154 20120331  2.413 -114.19   32.84    32.9    12.8    22.9    23.1     0.0    22.94 C    52.4     9.0    26.5    37.0    10.3    20.8   0.101   0.126 -99.000 -99.000 -99.000    27.9    26.1 -9999.0 -9999.0 -9999.0
53154 20120401  2.413 -114.19   32.84    23.6    12.7    18.1    17.9     0.0    23.58 C    39.1     9.0    20.0    54.6     8.4    27.7   0.094   0.124 -99.000 -99.000 -99.000    24.0    25.2 -9999.0 -9999.0 -9999.0
53154 20120402  2.413 -114.19   32.84    24.1    11.2    17.7    18.5     0.0    23.50 C    38.0     5.1    18.2    35.0     6.2    13.2   0.091   0.121 -99.000 -99.000 -99.000    21.7    23.2 -9999.0 -9999.0 -9999.0
53154 20120403  2.413 -114.19   32.84    27.3     9.2    18.2    19.6     0.0    23.82 C    47.7     3.4    21.8    18.9     7.3    11.0   0.092   0.121 -99.000 -99.000 -99.000    23.6    23.0 -9999.0 -9999.0 -9999.0
53154 20120404  2.413 -114.19   32.84    30.6     9.6    20.1    21.0     0.0    22.38 C    51.4     5.5    24.3    25.3     6.9    14.7   0.093   0.121 -99.000 -99.000 -99.000    25.2    23.9 -9999.0 -9999.0 -9999.0
53154 20120405  2.413 -114.19   32.84    30.6    12.7    21.6    21.8     0.0    21.52 C    50.6     9.6    24.3    24.1     3.7    13.2   0.092   0.122 -99.000 -99.000 -99.000    25.9    24.9 -9999.0 -9999.0 -9999.0
53154 20120406  2.413 -114.19   32.84    25.8    12.3    19.0    19.1     0.0    23.99 C    40.2     7.3    20.4    32.8     3.1    11.5   0.088   0.121 -99.000 -99.000 -99.000    23.8    24.5 -9999.0 -9999.0 -9999.0
53154 20120407  2.413 -114.19   32.84    30.8    13.8    22.3    22.1     0.0    24.63 C    52.7     8.0    25.1     8.5     1.7     5.0   0.089   0.120 -99.000 -99.000 -99.000    25.9    24.3 -9999.0 -9999.0 -9999.0
53154 20120408  2.413 -114.19   32.84    32.6     9.9    21.2    22.8     0.0    22.52 C    54.5     6.1    25.9    13.7     3.7     7.6   0.088   0.121 -99.000 -99.000 -99.000    27.0    25.4 -9999.0 -9999.0 -9999.0
53154 20120409  2.413 -114.19   32.84    33.6    11.9    22.7    24.4     0.0    23.69 C    54.0     7.8    27.1    23.0     4.5    11.7   0.088   0.121 -99.000 -99.000 -99.000    28.2    26.2 -9999.0 -9999.0 -9999.0
53154 20120410  2.413 -114.19   32.84    32.6    13.9    23.3    24.0     0.0    21.75 C    48.4     9.0    25.9    34.5     9.3    17.2   0.086   0.122 -99.000 -99.000 -99.000    28.0    26.6 -9999.0 -9999.0 -9999.0
53154 20120411  2.413 -114.19   32.84    24.2    14.1    19.1    19.1     0.0    21.08 C    45.4    10.8    23.1    51.8    22.1    35.6   0.084   0.120 -99.000 -99.000 -99.000    25.8    26.0 -9999.0 -9999.0 -9999.0
53154 20120412  2.413 -114.19   32.84    23.6    12.2    17.9    17.6     0.0    23.55 C    46.0     8.2    21.9    48.6    13.8    30.1   0.082   0.119 -99.000 -99.000 -99.000    24.4    24.9 -9999.0 -9999.0 -9999.0
53154 20120413  2.413 -114.19   32.84    25.6    11.7    18.6    17.7     2.1    19.49 C    40.7     6.5    21.7    81.6     6.9    34.3   0.082   0.118 -99.000 -99.000 -99.000    24.0    24.8 -9999.0 -9999.0 -9999.0
53154 20120414  2.413 -114.19   32.84    19.1     8.9    14.0    14.0     0.0    21.56 C    32.9     4.4    15.2    57.6    19.4    36.9   0.082   0.115 -99.000 -99.000 -99.000    18.9    22.5 -9999.0 -9999.0 -9999.0
53154 20120415  2.413 -114.19   32.84    24.7     5.7    15.2    16.6     0.0    24.56 C    44.7     2.3    20.6    69.4    19.5    37.4   0.095   0.113 -99.000 -99.000 -99.000    22.1    22.1 -9999.0 -9999.0 -9999.0
53154 20120416  2.413 -114.19   32.84    29.9     9.1    19.5    21.6     0.0    24.75 C    52.5     5.8    26.0    53.3    11.0    26.9   0.101   0.115 -99.000 -99.000 -99.000    26.3    24.1 -9999.0 -9999.0 -9999.0
53154 20120417  2.413 -114.19   32.84    33.5    12.3    22.9    24.7     0.0    25.01 C    56.4     8.7    28.4    36.6     6.1    18.1   0.100   0.117 -99.000 -99.000 -99.000    29.1    26.3 -9999.0 -9999.0 -9999.0
53154 20120418  2.413 -114.19   32.84    35.3    13.8    24.6    26.0     0.0    24.38 C    56.3     9.7    28.9    28.3     5.6    15.7   0.096   0.117 -99.000 -99.000 -99.000    29.8    27.4 -9999.0 -9999.0 -9999.0
53154 20120419  2.413 -114.19   32.84    34.1    15.4    24.8    26.0     0.0    24.73 C    56.6    11.2    30.4    27.3     8.7    16.3   0.093   0.118 -99.000 -99.000 -99.000    31.0    28.2 -9999.0 -9999.0 -9999.0
53154 20120420  2.413 -114.19   32.84    37.6    15.8    26.7    28.4     0.0    24.97 C    58.7    12.5    32.2    27.5     7.4    16.6   0.092   0.119 -99.000 -99.000 -99.000    32.6    29.3 -9999.0 -9999.0 -9999.0
53154 20120421  2.413 -114.19   32.84    39.0    18.1    28.6    30.4     0.0    25.10 C    61.9    14.5    34.2    37.8     7.2    18.5   0.091   0.120 -99.000 -99.000 -99.000    34.4    30.6 -9999.0 -9999.0 -9999.0
53154 20120422  2.413 -114.19   32.84    40.0    18.4    29.2    30.7     0.0    25.16 C    61.3    14.6    34.1    26.8     4.8    14.0   0.089   0.120 -99.000 -99.000 -99.000    34.8    31.4 -9999.0 -9999.0 -9999.0
53154 20120423  2.413 -114.19   32.84    35.9    20.1    28.0    27.8     0.0    25.43 C    54.2    16.1    30.3    32.1     9.3    17.5   0.085   0.119 -99.000 -99.000 -99.000    32.7    31.4 -9999.0 -9999.0 -9999.0
53154 20120424  2.413 -114.19   32.84    33.0    13.5    23.3    25.0     0.0    24.96 C    54.2     9.8    29.6    44.3     9.0    23.3   0.082   0.117 -99.000 -99.000 -99.000    30.9    29.9 -9999.0 -9999.0 -9999.0
53154 20120425  2.413 -114.19   32.84    31.9    22.0    27.0    27.4     0.0    10.13 C    42.8    19.5    28.1    25.3    13.3    19.0   0.081   0.116 -99.000 -99.000 -99.000    29.8    29.8 -9999.0 -9999.0 -9999.0
53154 20120426  2.413 -114.19   32.84    26.3    15.7    21.0    22.1     0.4    24.08 C    45.4    15.2    26.4    79.7    18.9    38.0   0.081   0.114 -99.000 -99.000 -99.000    29.1    28.9 -9999.0 -9999.0 -9999.0
53154 20120427  2.413 -114.19   32.84    29.9    12.9    21.4    22.9     0.0    25.63 C    52.1     9.7    27.7    63.3    17.3    34.6   0.083   0.112 -99.000 -99.000 -99.000    29.3    28.4 -9999.0 -9999.0 -9999.0
53154 20120428  2.413 -114.19   32.84    34.7    15.1    24.9    26.4     0.0    25.81 C    53.4    11.6    29.4    44.7     5.0    20.6   0.084   0.112 -99.000 -99.000 -99.000    30.9    29.2 -9999.0 -9999.0 -9999.0
53154 20120429  2.413 -114.19   32.84    33.5    15.1    24.3    25.5     0.0    25.59 C    57.4    11.1    30.7    38.3    11.5    23.0   0.083   0.112 -99.000 -99.000 -99.000    31.9    29.9 -9999.0 -9999.0 -9999.0
53154 20120430  2.413 -114.19   32.84    33.7    16.8    25.3    26.1     0.0    25.81 C    54.5    13.3    30.4    42.8     7.8    21.6   0.082   0.112 -99.000 -99.000 -99.000    32.0    30.4 -9999.0 -9999.0 -9999.0
53154 20120501  2.413 -114.19   32.84    34.0    16.3    25.1    25.6     0.0    24.77 C    54.0    12.4    29.2    46.6    10.7    23.2   0.080   0.111 -99.000 -99.000 -99.000    30.9    30.1 -9999.0 -9999.0 -9999.0
53154 20120502  2.413 -114.19   32.84    31.1    16.6    23.9    24.3     0.0    21.96 C    52.7    13.0    28.9    59.5    18.0    31.6   0.079   0.110 -99.000 -99.000 -99.000    30.6    29.9 -9999.0 -9999.0 -9999.0
53154 20120503  2.413 -114.19   32.84    33.2    13.5    23.4    25.0     0.0    26.09 C    56.0    10.8    30.1    47.5    11.3    28.5   0.080   0.109 -99.000 -99.000 -99.000    31.4    29.9 -9999.0 -9999.0 -9999.0
53154 20120504  2.413 -114.19   32.84    34.7    15.1    24.9    26.6     0.0    27.04 C    57.4    11.3    31.2    46.2     3.6    21.3   0.080   0.109 -99.000 -99.000 -99.000    32.6    30.6 -9999.0 -9999.0 -9999.0
53154 20120505  2.413 -114.19   32.84    33.6    17.8    25.7    26.7     0.0    26.81 C    55.4    11.6    30.3    27.8     4.5    14.0   0.079   0.108 -99.000 -99.000 -99.000    32.3    30.9 -9999.0 -9999.0 -9999.0
53154 20120506  2.413 -114.19   32.84    33.7    14.5    24.1    26.2     0.0    23.09 C    54.9    10.8    29.0    23.2     5.0    12.8   0.076   0.107 -99.000 -99.000 -99.000    31.1    30.5 -9999.0 -9999.0 -9999.0
53154 20120507  2.413 -114.19   32.84    33.9    13.0    23.5    25.7     0.0    27.06 C    50.7     9.8    27.5    38.1     2.3    14.4   0.075   0.106 -99.000 -99.000 -99.000    30.5    30.1 -9999.0 -9999.0 -9999.0
53154 20120508  2.413 -114.19   32.84    31.6    18.9    25.2    26.5     0.0    20.98 C    50.9    13.2    28.7     9.4     4.2     6.3   0.074   0.105 -99.000 -99.000 -99.000    30.3    29.9 -9999.0 -9999.0 -9999.0
53154 20120509  2.413 -114.19   32.84    36.0    17.1    26.5    28.6     0.0    24.29 C    58.7    12.6    31.9    26.4     6.1    12.7   0.075   0.104 -99.000 -99.000 -99.000    32.4    30.3 -9999.0 -9999.0 -9999.0
53154 20120510  2.413 -114.19   32.84    36.8    21.5    29.2    28.3     0.0    26.08 C    58.7    17.2    33.4    36.6     8.0    21.7   0.076   0.105 -99.000 -99.000 -99.000    34.2    31.6 -9999.0 -9999.0 -9999.0
53154 20120511  2.413 -114.19   32.84    36.2    14.8    25.5    27.5     0.0    27.42 C    57.0    11.2    31.5    29.3     3.6    14.6   0.074   0.104 -99.000 -99.000 -99.000    33.2    31.7 -9999.0 -9999.0 -9999.0
53154 20120512  2.413 -114.19   32.84    38.1    16.4    27.3    28.9     0.0    26.79 C    60.6    12.8    33.5    31.4     5.4    15.3   0.074   0.103 -99.000 -99.000 -99.000    34.4    32.0 -9999.0 -9999.0 -9999.0
53154 20120513  2.413 -114.19   32.84    39.8    17.7    28.8    31.3     0.0    26.99 C    63.5    14.0    35.5    21.5     5.3    11.2   0.075   0.103 -99.000 -99.000 -99.000    35.9    32.9 -9999.0 -9999.0 -9999.0
53154 20120514  2.413 -114.19   32.84    41.0    19.7    30.3    33.1     0.0    27.27 C    61.4    16.1    35.8    20.3     2.7     8.4   0.074   0.104 -99.000 -99.000 -99.000    36.7    33.8 -9999.0 -9999.0 -9999.0
53154 20120515  2.413 -114.19   32.84    40.5    20.6    30.6    31.7     0.0    27.62 C    62.6    15.7    35.3    21.2     2.2     8.2   0.072   0.103 -99.000 -99.000 -99.000    36.7    34.2 -9999.0 -9999.0 -9999.0
53154 20120516  2.413 -114.19   32.84    40.1    18.3    29.2    31.2     0.0    27.52 C    63.8    13.4    35.4    12.0     2.6     6.8   0.071   0.102 -99.000 -99.000 -99.000    36.3    34.0 -9999.0 -9999.0 -9999.0
53154 20120517  2.413 -114.19   32.84    39.7    19.6    29.6    30.5     0.0    27.04 C    60.0    15.4    34.1    29.4     6.1    12.9   0.069   0.101 -99.000 -99.000 -99.000    35.7    34.1 -9999.0 -9999.0 -9999.0
53154 20120518  2.413 -114.19   32.84    35.0    21.7    28.4    29.2     0.0    27.74 C    51.9    15.7    31.7    42.1     5.2    14.3   0.068   0.099 -99.000 -99.000 -99.000    34.4    33.7 -9999.0 -9999.0 -9999.0
53154 20120519  2.413 -114.19   32.84    36.6    15.3    26.0    28.3     0.0    26.78 C    59.3    12.8    33.7    32.3     7.6    17.3   0.068   0.098 -99.000 -99.000 -99.000    34.8    33.1 -9999.0 -9999.0 -9999.0
53154 20120520  2.413 -114.19   32.84    39.7    18.8    29.3    31.3     0.0    26.78 C    62.7    14.5    35.6    26.7     5.3    12.7   0.069   0.098 -99.000 -99.000 -99.000    36.5    34.0 -9999.0 -9999.0 -9999.0
53154 20120521  2.413 -114.19   32.84    41.5    20.4    30.9    33.3     0.0    27.31 C    63.5    15.7    36.9    19.6     3.6     9.6   0.069   0.098 -99.000 -99.000 -99.000    37.5    34.7 -9999.0 -9999.0 -9999.0
53154 20120522  2.413 -114.19   32.84    41.3    21.2    31.2    33.1     0.0    27.44 C    61.5    16.5    36.3    15.5     2.2     8.0   0.068   0.098 -99.000 -99.000 -99.000    37.9    35.4 -9999.0 -9999.0 -9999.0
53154 20120523  2.413 -114.19   32.84    38.9    20.4    29.6    30.6     0.0    27.09 C    58.3    16.6    35.2    34.5    10.5    16.9   0.067   0.097 -99.000 -99.000 -99.000    36.9    35.2 -9999.0 -9999.0 -9999.0
53154 20120524  2.413 -114.19   32.84    33.6    20.9    27.3    27.4     0.0    26.76 C    55.2    17.8    33.4    56.9    17.1    33.2   0.066   0.096 -99.000 -99.000 -99.000    35.6    34.9 -9999.0 -9999.0 -9999.0
53154 20120525  2.413 -114.19   32.84    30.8    17.9    24.4    24.2     0.0    26.54 C    50.7    15.6    29.9    59.8    20.4    37.9   0.065   0.093 -99.000 -99.000 -99.000    32.7    33.5 -9999.0 -9999.0 -9999.0
53154 20120526  2.413 -114.19   32.84    26.1    13.2    19.6    19.9     0.0    28.20 C    45.5     9.1    24.5    38.4    11.3    24.7   0.062   0.091 -99.000 -99.000 -99.000    28.7    31.3 -9999.0 -9999.0 -9999.0
53154 20120527  2.413 -114.19   32.84    31.2    12.6    21.9    23.6     0.0    27.77 C    55.8     9.3    29.7    53.1     9.4    24.4   0.065   0.089 -99.000 -99.000 -99.000    31.3    30.9 -9999.0 -9999.0 -9999.0
53154 20120528  2.413 -114.19   32.84    34.8    14.6    24.7    26.9     0.0    28.05 C    60.3    10.4    32.4    28.5     5.1    13.3   0.066   0.090 -99.000 -99.000 -99.000    33.5    32.0 -9999.0 -9999.0 -9999.0
53154 20120529  2.413 -114.19   32.84    36.9    17.9    27.4    28.6     0.0    28.07 C    60.0    12.8    33.6    24.9     4.2    12.9   0.066   0.091 -99.000 -99.000 -99.000    34.9    33.0 -9999.0 -9999.0 -9999.0
53154 20120530  2.413 -114.19   32.84    37.7    17.0    27.3    29.6     0.0    27.74 C    58.8    13.6    34.1    19.3     3.9    10.5   0.066   0.091 -99.000 -99.000 -99.000    35.6    33.7 -9999.0 -9999.0 -9999.0
53154 20120531  2.413 -114.19   32.84    43.6    20.5    32.0    33.8     0.0    27.86 C    59.9    15.1    35.6    27.7     2.1    11.4   0.066   0.091 -99.000 -99.000 -99.000    36.7    34.2 -9999.0 -9999.0 -9999.0
53154 20120601  2.413 -114.19   32.84    44.1    22.6    33.4    35.1     0.0    26.77 C    62.5    17.7    37.3    16.5     2.2     8.5   0.066   0.091 -99.000 -99.000 -99.000    38.5    35.4 -9999.0 -9999.0 -9999.0
53154 20120602  2.413 -114.19   32.84    40.1    19.2    29.7    31.5     0.0    26.70 C    59.1    15.6    35.0    28.3     4.8    14.8   0.064   0.091 -99.000 -99.000 -99.000    37.0    35.5 -9999.0 -9999.0 -9999.0
53154 20120603  2.413 -114.19   32.84    37.9    20.4    29.2    29.8     0.0    27.56 C    58.1    16.8    34.6    45.4     8.7    21.2   0.064   0.090 -99.000 -99.000 -99.000    36.3    35.1 -9999.0 -9999.0 -9999.0
53154 20120604  2.413 -114.19   32.84    38.4    22.1    30.3    30.4     0.0    27.28 C    62.0    18.0    35.8    41.8    11.8    22.8   0.065   0.089 -99.000 -99.000 -99.000    36.9    35.1 -9999.0 -9999.0 -9999.0
53154 20120605  2.413 -114.19   32.84    35.8    24.5    30.1    29.6     0.0    28.38 C    54.7    20.1    33.1    31.3     2.2    16.2   0.064   0.089 -99.000 -99.000 -99.000    36.0    35.3 -9999.0 -9999.0 -9999.0
53154 20120606  2.413 -114.19   32.84    36.4    22.4    29.4    29.6     0.0    28.20 C    59.1    16.4    34.5    31.1     4.1    12.7   0.064   0.087 -99.000 -99.000 -99.000    36.2    34.8 -9999.0 -9999.0 -9999.0
53154 20120607  2.413 -114.19   32.84    38.0    17.6    27.8    29.8     0.0    27.71 C    62.4    14.3    35.9    23.4     6.3    13.0   0.064   0.088 -99.000 -99.000 -99.000    37.1    35.2 -9999.0 -9999.0 -9999.0
53154 20120608  2.413 -114.19   32.84    38.7    18.8    28.7    30.2     0.0    27.93 C    61.3    15.2    34.6    19.0     5.1    10.9   0.063   0.087 -99.000 -99.000 -99.000    36.5    35.4 -9999.0 -9999.0 -9999.0
53154 20120609  2.413 -114.19   32.84    38.7    20.4    29.5    30.3     0.0    27.75 C    62.1    16.5    35.7    32.2     8.9    17.1   0.063   0.087 -99.000 -99.000 -99.000    37.1    35.4 -9999.0 -9999.0 -9999.0
53154 20120610  2.413 -114.19   32.84    37.5    19.8    28.7    30.0     0.0    27.69 C    62.2    16.5    36.5    33.1    10.1    19.0   0.063   0.087 -99.000 -99.000 -99.000    37.7    35.8 -9999.0 -9999.0 -9999.0
53154 20120611  2.413 -114.19   32.84    39.8    20.9    30.3    31.4     0.0    27.68 C    64.2    17.7    37.3    51.3     7.0    20.9   0.064   0.087 -99.000 -99.000 -99.000    38.6    36.3 -9999.0 -9999.0 -9999.0
53154 20120612  2.413 -114.19   32.84    40.4    19.0    29.7    31.7     0.0    28.49 C    64.7    14.9    36.9    20.6     4.1     9.4   0.063   0.086 -99.000 -99.000 -99.000    38.3    36.5 -9999.0 -9999.0 -9999.0
53154 20120613  2.413 -114.19   32.84    41.2    21.6    31.4    33.0     0.0    27.87 C    64.1    17.7    37.7    16.1     4.9     9.6   0.062   0.086 -99.000 -99.000 -99.000    38.9    36.8 -9999.0 -9999.0 -9999.0
53154 20120614  2.413 -114.19   32.84    38.8    22.1    30.5    30.6     0.0    28.04 C    60.4    17.6    35.0    35.1     7.7    16.9   0.061   0.085 -99.000 -99.000 -99.000    37.4    36.7 -9999.0 -9999.0 -9999.0
53154 20120615  2.413 -114.19   32.84    37.0    21.7    29.4    29.2     0.0    27.65 C    58.6    17.5    33.8    49.3     9.8    24.2   0.060   0.084 -99.000 -99.000 -99.000    36.1    35.8 -9999.0 -9999.0 -9999.0
53154 20120616  2.413 -114.19   32.84    37.9    18.8    28.4    30.0     0.0    28.17 C    58.4    14.6    34.7    36.9     6.5    17.9   0.060   0.083 -99.000 -99.000 -99.000    36.1    35.4 -9999.0 -9999.0 -9999.0
53154 20120617  2.413 -114.19   32.84    42.6    22.5    32.5    34.0     0.0    26.90 C    65.8    18.5    39.2    26.0     8.3    15.4   0.063   0.083 -99.000 -99.000 -99.000    39.5    36.5 -9999.0 -9999.0 -9999.0
53154 20120618  2.413 -114.19   32.84    44.2    25.6    34.9    36.6     0.0    27.40 C    61.1    20.7    38.6    20.5     4.0     9.6   0.063   0.084 -99.000 -99.000 -99.000    40.3    37.7 -9999.0 -9999.0 -9999.0
53154 20120619  2.413 -114.19   32.84    42.0    26.2    34.1    34.9     0.0    28.68 C    57.0    20.4    36.4    13.6     2.0     5.8   0.061   0.083 -99.000 -99.000 -99.000    39.0    37.6 -9999.0 -9999.0 -9999.0
53154 20120620  2.413 -114.19   32.84    41.3    21.6    31.5    33.4     0.0    28.28 C    63.0    16.8    37.4    18.4     1.6     8.3   0.060   0.083 -99.000 -99.000 -99.000    39.0    37.2 -9999.0 -9999.0 -9999.0
53154 20120621  2.413 -114.19   32.84    41.3    21.9    31.6    32.6     0.0    27.88 C    60.6    16.5    37.0    34.7     9.0    18.5   0.059   0.082 -99.000 -99.000 -99.000    38.5    37.1 -9999.0 -9999.0 -9999.0
53154 20120622  2.413 -114.19   32.84    39.7    22.1    30.9    32.7     0.0    28.27 C    60.8    17.9    37.2    48.2     3.9    17.9   0.060   0.082 -99.000 -99.000 -99.000    39.1    37.4 -9999.0 -9999.0 -9999.0
53154 20120623  2.413 -114.19   32.84    40.2    23.0    31.6    32.8     0.0    27.86 C    63.6    18.5    38.0    25.9     4.7    11.6   0.060   0.082 -99.000 -99.000 -99.000    39.4    37.5 -9999.0 -9999.0 -9999.0
53154 20120624  2.413 -114.19   32.84    40.4    23.4    31.9    33.4     0.0    26.29 C    58.5    19.5    37.8    35.9     6.0    19.5   0.060   0.081 -99.000 -99.000 -99.000    39.2    37.8 -9999.0 -9999.0 -9999.0
53154 20120625  2.413 -114.19   32.84    40.7    21.6    31.2    32.8     0.0    26.87 C    64.5    18.8    39.0    28.2    10.7    17.3   0.061   0.081 -99.000 -99.000 -99.000    39.9    37.8 -9999.0 -9999.0 -9999.0
53154 20120626  2.413 -114.19   32.84    42.0    25.5    33.8    35.3     0.0    26.53 C    65.1    22.2    40.6    17.1     5.6    11.0   0.062   0.081 -99.000 -99.000 -99.000    41.5    38.7 -9999.0 -9999.0 -9999.0
53154 20120627  2.413 -114.19   32.84    43.0    26.1    34.6    36.2     0.0    26.44 C    64.5    23.2    41.5    23.9     7.7    14.3   0.062   0.081 -99.000 -99.000 -99.000    42.2    39.4 -9999.0 -9999.0 -9999.0
53154 20120628  2.413 -114.19   32.84    42.9    27.0    34.9    36.1     0.0    26.38 C    62.4    24.0    41.1    31.3    14.7    22.1   0.062   0.081 -99.000 -99.000 -99.000    42.1    39.7 -9999.0 -9999.0 -9999.0
53154 20120629  2.413 -114.19   32.84    43.0    25.5    34.3    35.8     0.0    26.69 C    65.4    23.0    41.5    37.4     6.1    19.0   0.062   0.081 -99.000 -99.000 -99.000    42.5    39.9 -9999.0 -9999.0 -9999.0
53154 20120630  2.413 -114.19   32.84    42.2    27.4    34.8    35.4     0.0    26.55 C    65.0    21.9    40.3    19.5     2.7     9.2   0.061   0.081 -99.000 -99.000 -99.000    41.9    40.0 -9999.0 -9999.0 -9999.0
53154 20120701  2.413 -114.19   32.84    41.1    25.6    33.3    34.7     0.0    27.14 C    63.8    22.1    39.5    18.9     3.9     9.0   0.060   0.080 -99.000 -99.000 -99.000    41.3    39.8 -9999.0 -9999.0 -9999.0
53154 20120702  2.413 -114.19   32.84    38.6    24.2    31.4    32.3     0.0    26.20 C    59.6    20.7    37.7    43.2    13.0    27.9   0.059   0.079 -99.000 -99.000 -99.000    39.7    39.2 -9999.0 -9999.0 -9999.0
53154 20120703  2.413 -114.19   32.84    36.3    27.2    31.7    31.2     0.0    22.73 C    58.1    23.9    35.9    55.2    17.0    38.8   0.059   0.077 -99.000 -99.000 -99.000    38.1    38.3 -9999.0 -9999.0 -9999.0
53154 20120704  2.413 -114.19   32.84    32.6    22.0    27.3    28.4     5.7    12.57 C    40.7    21.3    28.9    87.1    38.7    54.2   0.105   0.075 -99.000 -99.000 -99.000    32.0    36.2 -9999.0 -9999.0 -9999.0
53154 20120705  2.413 -114.19   32.84    38.3    24.0    31.2    31.0     0.0    26.67 C    58.1    20.0    35.7    75.9    16.0    39.1   0.154   0.075 -99.000 -99.000 -99.000    36.0    35.6 -9999.0 -9999.0 -9999.0
53154 20120706  2.413 -114.19   32.84    40.5    22.8    31.6    32.6     0.0    28.03 C    61.0    18.7    36.9    39.8     2.6    17.7   0.146   0.078 -99.000 -99.000 -99.000    37.6    37.2 -9999.0 -9999.0 -9999.0
53154 20120707  2.413 -114.19   32.84    42.3    24.3    33.3    35.2     0.0    27.26 C    60.5    19.6    37.8    28.0     4.4    11.9   0.127   0.080 -99.000 -99.000 -99.000    38.7    37.9 -9999.0 -9999.0 -9999.0
53154 20120708  2.413 -114.19   32.84    44.1    26.5    35.3    37.1     0.0    26.68 C    63.6    21.6    40.4    18.6     5.2     9.7   0.113   0.083 -99.000 -99.000 -99.000    40.9    38.8 -9999.0 -9999.0 -9999.0
53154 20120709  2.413 -114.19   32.84    43.9    29.2    36.6    37.2     0.0    22.02 C    62.6    25.5    40.3    27.7     8.6    14.4   0.102   0.085 -99.000 -99.000 -99.000    41.0    39.4 -9999.0 -9999.0 -9999.0
53154 20120710  2.413 -114.19   32.84    45.2    29.7    37.5    38.0     0.0    25.16 C    66.9    26.0    43.2    34.7     9.3    19.9   0.097   0.086 -99.000 -99.000 -99.000    43.3    40.2 -9999.0 -9999.0 -9999.0
53154 20120711  2.413 -114.19   32.84    43.3    32.1    37.7    37.0     0.0    21.62 C    66.2    29.2    42.3    33.4    16.0    23.5   0.092   0.088 -99.000 -99.000 -99.000    43.2    40.9 -9999.0 -9999.0 -9999.0
53154 20120712  2.413 -114.19   32.84    36.2    23.8    30.0    30.9     2.6    13.32 C    53.2    23.3    33.3    83.1    28.3    50.3   0.093   0.086 -99.000 -99.000 -99.000    36.2    38.8 -9999.0 -9999.0 -9999.0
53154 20120713  2.413 -114.19   32.84    36.8    24.4    30.6    29.9     0.4    16.72 C    58.4    24.7    34.2    84.0    34.2    58.0   0.110   0.084 -99.000 -99.000 -99.000    35.7    37.3 -9999.0 -9999.0 -9999.0
53154 20120714  2.413 -114.19   32.84    39.4    24.8    32.1    31.0     0.0    22.46 C    60.9    23.4    37.1    81.8    22.3    51.5   0.109   0.083 -99.000 -99.000 -99.000    37.3    36.9 -9999.0 -9999.0 -9999.0
53154 20120715  2.413 -114.19   32.84    40.0    26.9    33.4    33.3     0.0    24.31 C    60.7    24.6    39.2    58.3    18.3    36.9   0.105   0.084 -99.000 -99.000 -99.000    39.4    38.0 -9999.0 -9999.0 -9999.0
53154 20120716  2.413 -114.19   32.84    40.1    25.8    33.0    33.5     0.0    25.83 C    62.0    23.2    39.1    47.4    10.4    28.2   0.099   0.085 -99.000 -99.000 -99.000    40.2    38.8 -9999.0 -9999.0 -9999.0
53154 20120717  2.413 -114.19   32.84    39.1    23.0    31.1    32.0     0.0    27.06 C    60.6    19.9    36.7    37.6     3.9    16.9   0.093   0.085 -99.000 -99.000 -99.000    39.0    38.6 -9999.0 -9999.0 -9999.0
53154 20120718  2.413 -114.19   32.84    40.5    24.3    32.4    33.8     0.0    26.54 C    62.3    19.4    38.8    26.7     5.8    13.3   0.088   0.085 -99.000 -99.000 -99.000    39.7    38.3 -9999.0 -9999.0 -9999.0
53154 20120719  2.413 -114.19   32.84    38.5    28.0    33.3    34.1     0.0    13.36 C    55.6    25.2    36.8    31.5    15.0    22.2   0.083   0.085 -99.000 -99.000 -99.000    38.6    38.6 -9999.0 -9999.0 -9999.0
53154 20120720  2.413 -114.19   32.84    42.3    27.2    34.7    35.7     0.0    25.54 C    65.2    23.9    42.0    39.7    15.0    24.7   0.085   0.084 -99.000 -99.000 -99.000    41.7    38.8 -9999.0 -9999.0 -9999.0
53154 20120721  2.413 -114.19   32.84    41.4    29.2    35.3    35.0     0.0    23.91 C    65.4    27.7    42.6    59.9    19.0    35.1   0.084   0.086 -99.000 -99.000 -99.000    43.1    40.5 -9999.0 -9999.0 -9999.0
53154 20120722  2.413 -114.19   32.84    40.8    29.0    34.9    34.1     0.0    24.62 C    64.5    27.4    41.9    56.9    19.9    39.3   0.083   0.085 -99.000 -99.000 -99.000    42.6    40.7 -9999.0 -9999.0 -9999.0
53154 20120723  2.413 -114.19   32.84    39.9    29.5    34.7    34.9     0.0    20.40 C    64.2    27.7    40.7    56.5    17.1    35.2   0.081   0.085 -99.000 -99.000 -99.000    41.7    40.6 -9999.0 -9999.0 -9999.0
53154 20120724  2.413 -114.19   32.84    41.9    28.1    35.0    35.8     0.0    25.16 C    66.1    25.4    42.0    31.3    13.9    20.4   0.081   0.084 -99.000 -99.000 -99.000    42.6    40.5 -9999.0 -9999.0 -9999.0
53154 20120725  2.413 -114.19   32.84    41.5    26.4    33.9    35.1     0.0    25.58 C    64.3    23.5    41.0    36.3    12.8    21.8   0.078   0.084 -99.000 -99.000 -99.000    42.2    40.8 -9999.0 -9999.0 -9999.0
53154 20120726  2.413 -114.19   32.84    41.5    26.5    34.0    34.7     0.0    25.41 C    65.8    23.3    40.8    44.0    13.5    25.3   0.077   0.083 -99.000 -99.000 -99.000    42.2    40.7 -9999.0 -9999.0 -9999.0
53154 20120727  2.413 -114.19   32.84    42.0    25.7    33.8    34.9     0.0    25.60 C    60.5    22.7    39.1    43.3     2.8    19.2   0.075   0.082 -99.000 -99.000 -99.000    41.3    40.5 -9999.0 -9999.0 -9999.0
53154 20120728  2.413 -114.19   32.84    40.2    24.0    32.1    33.6     0.0    22.56 C    66.6    21.1    39.0    44.2    10.1    27.8   0.073   0.082 -99.000 -99.000 -99.000    40.4    40.0 -9999.0 -9999.0 -9999.0
53154 20120729  2.413 -114.19   32.84    36.8    27.0    31.9    32.0     0.0    15.57 C    61.2    28.0    37.2    71.5    29.0    43.3   0.072   0.080 -99.000 -99.000 -99.000    39.0    39.4 -9999.0 -9999.0 -9999.0
53154 20120730  2.413 -114.19   32.84    31.6    24.9    28.2    27.2    17.5     8.59 C    49.4    23.8    29.4    86.4    49.5    72.9   0.104   0.078 -99.000 -99.000 -99.000    32.3    37.2 -9999.0 -9999.0 -9999.0
53154 20120731  2.413 -114.19   32.84    34.9    25.2    30.1    29.4     0.0    18.16 C    51.8    24.1    32.9    90.9    32.6    62.5   0.206   0.076 -99.000 -99.000 -99.000    33.1    34.8 -9999.0 -9999.0 -9999.0
53154 20120801  2.413 -114.19   32.84    38.4    26.4    32.4    32.6     0.0    24.90 C    60.7    24.4    38.7    81.8    21.4    43.5   0.206   0.081 -99.000 -99.000 -99.000    38.0    37.1 -9999.0 -9999.0 -9999.0
53154 20120802  2.413 -114.19   32.84    39.1    27.8    33.4    34.5     0.0    18.58 C    61.6    25.7    38.7    57.8    20.6    34.3   0.194   0.086 -99.000 -99.000 -99.000    38.6    38.6 -9999.0 -9999.0 -9999.0
53154 20120803  2.413 -114.19   32.84    41.9    26.7    34.3    35.1     0.0    24.36 C    63.3    24.2    39.8    59.2    11.9    24.7   0.180   0.090 -99.000 -99.000 -99.000    39.5    38.9 -9999.0 -9999.0 -9999.0
53154 20120804  2.413 -114.19   32.84    42.4    26.1    34.2    35.0     0.0    25.42 C    63.1    21.5    38.6    32.4    10.1    17.9   0.159   0.093 -99.000 -99.000 -99.000    39.2    39.1 -9999.0 -9999.0 -9999.0
53154 20120805  2.413 -114.19   32.84    40.2    25.5    32.9    33.8     0.0    18.29 C    65.9    23.1    37.5    51.0    20.3    30.9   0.140   0.094 -99.000 -99.000 -99.000    38.2    38.6 -9999.0 -9999.0 -9999.0
53154 20120806  2.413 -114.19   32.84    43.0    29.3    36.1    36.6     0.0    24.24 C    65.7    26.7    42.8    46.0    14.5    26.7   0.133   0.097 -99.000 -99.000 -99.000    41.8    39.6 -9999.0 -9999.0 -9999.0
53154 20120807  2.413 -114.19   32.84    42.7    31.3    37.0    37.3     0.0    21.05 C    63.9    28.7    42.0    40.0    16.6    26.1   0.122   0.100 -99.000 -99.000 -99.000    42.2    40.6 -9999.0 -9999.0 -9999.0
53154 20120808  2.413 -114.19   32.84    44.6    29.0    36.8    37.8     0.0    24.39 C    67.2    26.1    42.8    41.4    11.9    24.1   0.115   0.102 -99.000 -99.000 -99.000    42.9    40.9 -9999.0 -9999.0 -9999.0
53154 20120809  2.413 -114.19   32.84    42.5    29.5    36.0    36.5     0.3    20.68 C    65.6    27.5    41.0    58.4    18.6    31.3   0.109   0.102 -99.000 -99.000 -99.000    41.9    40.9 -9999.0 -9999.0 -9999.0
53154 20120810  2.413 -114.19   32.84    44.4    30.5    37.5    37.4     0.0    24.26 C    67.4    28.1    43.6    50.7    12.4    28.2   0.106   0.103 -99.000 -99.000 -99.000    43.5    41.1 -9999.0 -9999.0 -9999.0
53154 20120811  2.413 -114.19   32.84    44.6    29.2    36.9    38.1     0.0    23.50 C    64.3    27.4    43.6    59.3    12.3    24.1   0.102   0.103 -99.000 -99.000 -99.000    43.8    41.7 -9999.0 -9999.0 -9999.0
53154 20120812  2.413 -114.19   32.84    45.4    31.2    38.3    38.9     0.0    22.85 C    68.5    28.6    44.6    40.5    11.4    22.4   0.098   0.103 -99.000 -99.000 -99.000    44.7    42.1 -9999.0 -9999.0 -9999.0
53154 20120813  2.413 -114.19   32.84    45.8    31.2    38.5    38.9     0.0    23.33 C    66.6    28.6    43.7    34.5     9.5    20.5   0.094   0.102 -99.000 -99.000 -99.000    44.7    42.4 -9999.0 -9999.0 -9999.0
53154 20120814  2.413 -114.19   32.84    44.7    29.6    37.1    37.7     0.0    23.14 C    66.3    26.1    42.5    41.6    13.0    22.8   0.090   0.101 -99.000 -99.000 -99.000    43.6    42.1 -9999.0 -9999.0 -9999.0
53154 20120815  2.413 -114.19   32.84    36.3    29.3    32.8    33.0     0.0     9.88 C    50.6    28.3    35.1    60.9    28.5    39.7   0.083   0.099 -99.000 -99.000 -99.000    38.4    40.7 -9999.0 -9999.0 -9999.0
53154 20120816  2.413 -114.19   32.84    35.4    25.6    30.5    31.1     1.0    12.99 C    57.8    25.8    34.7    83.6    33.8    53.3   0.084   0.095 -99.000 -99.000 -99.000    36.6    38.3 -9999.0 -9999.0 -9999.0
53154 20120817  2.413 -114.19   32.84    33.1    24.3    28.7    28.5     3.4    13.49 C    54.2    24.5    31.3    85.1    47.2    66.9   0.102   0.092 -99.000 -99.000 -99.000    32.9    36.6 -9999.0 -9999.0 -9999.0
53154 20120818  2.413 -114.19   32.84    36.8    26.1    31.5    31.2     0.0    22.32 C    61.0    24.4    37.8    87.1    35.3    59.4   0.145   0.091 -99.000 -99.000 -99.000    37.1    36.5 -9999.0 -9999.0 -9999.0
53154 20120819  2.413 -114.19   32.84    39.5    27.6    33.5    33.5     0.0    21.15 C    63.8    26.0    39.9    70.6    27.2    46.0   0.144   0.094 -99.000 -99.000 -99.000    39.4    38.7 -9999.0 -9999.0 -9999.0
53154 20120820  2.413 -114.19   32.84    39.9    29.4    34.6    34.6     0.0    18.85 C    64.1    27.5    39.7    60.9    27.7    40.4   0.129   0.095 -99.000 -99.000 -99.000    39.9    39.4 -9999.0 -9999.0 -9999.0
53154 20120821  2.413 -114.19   32.84    39.3    26.9    33.1    33.7     0.0    19.13 C    59.9    27.1    38.9    68.7    29.1    41.9   0.117   0.095 -99.000 -99.000 -99.000    39.6    39.3 -9999.0 -9999.0 -9999.0
53154 20120822  2.413 -114.19   32.84    37.0    25.4    31.2    30.5     0.3    18.93 C    59.6    24.3    35.9    85.5    32.7    53.9   0.108   0.095 -99.000 -99.000 -99.000    37.6    38.5 -9999.0 -9999.0 -9999.0
53154 20120823  2.413 -114.19   32.84    37.5    24.3    30.9    31.3     0.0    21.53 C    62.4    23.3    38.1    88.6    27.6    51.0   0.106   0.095 -99.000 -99.000 -99.000    38.5    38.0 -9999.0 -9999.0 -9999.0
53154 20120824  2.413 -114.19   32.84    39.0    25.9    32.5    33.4     0.0    22.61 C    62.8    24.2    40.3    59.5    20.9    34.6   0.104   0.095 -99.000 -99.000 -99.000    40.5    39.0 -9999.0 -9999.0 -9999.0
53154 20120825  2.413 -114.19   32.84    40.6    26.4    33.5    34.1     0.0    23.74 C    63.2    23.3    39.7    38.1    15.7    25.6   0.099   0.096 -99.000 -99.000 -99.000    40.9    39.7 -9999.0 -9999.0 -9999.0
53154 20120826  2.413 -114.19   32.84    41.3    25.3    33.3    34.1     0.0    23.87 C    62.9    21.5    39.0    39.0    11.7    22.9   0.094   0.095 -99.000 -99.000 -99.000    40.3    39.5 -9999.0 -9999.0 -9999.0
53154 20120827  2.413 -114.19   32.84    42.3    26.7    34.5    34.9     0.0    23.48 C    64.9    22.5    39.5    56.2     8.4    23.3   0.091   0.095 -99.000 -99.000 -99.000    40.8    39.6 -9999.0 -9999.0 -9999.0
53154 20120828  2.413 -114.19   32.84    42.8    29.7    36.2    36.3     0.0    23.00 C    64.7    26.6    42.2    45.5    15.5    25.8   0.089   0.095 -99.000 -99.000 -99.000    42.4    40.3 -9999.0 -9999.0 -9999.0
53154 20120829  2.413 -114.19   32.84    40.2    29.4    34.8    34.7     0.0    21.90 C    63.0    27.4    40.7    64.4    21.3    37.4   0.087   0.095 -99.000 -99.000 -99.000    42.1    40.8 -9999.0 -9999.0 -9999.0
53154 20120830  2.413 -114.19   32.84    34.4    27.6    31.0    30.6     0.0     9.23 C    51.8    25.4    32.9    70.1    33.0    48.2   0.081   0.092 -99.000 -99.000 -99.000    36.1    39.0 -9999.0 -9999.0 -9999.0
53154 20120831  2.413 -114.19   32.84    38.0    25.8    31.9    32.1     0.0    21.37 C    61.1    24.0    38.3    60.9    26.1    45.1   0.084   0.090 -99.000 -99.000 -99.000    38.6    37.8 -9999.0 -9999.0 -9999.0
53154 20120901  2.413 -114.19   32.84    39.2    28.7    34.0    33.8     0.0    18.92 C    59.7    27.5    38.6    54.8    17.0    33.5   0.081   0.090 -99.000 -99.000 -99.000    39.9    39.0 -9999.0 -9999.0 -9999.0
53154 20120902  2.413 -114.19   32.84    42.0    26.3    34.1    35.6     0.0    22.55 C    62.7    22.8    39.6    29.6     9.7    15.7   0.080   0.090 -99.000 -99.000 -99.000    40.6    39.2 -9999.0 -9999.0 -9999.0
53154 20120903  2.413 -114.19   32.84    39.1    28.0    33.6    33.9     0.0    20.87 C    61.0    26.5    39.2    56.1    27.6    42.0   0.077   0.090 -99.000 -99.000 -99.000    40.5    39.7 -9999.0 -9999.0 -9999.0
53154 20120904  2.413 -114.19   32.84    38.2    28.9    33.5    32.7     0.0    18.20 C    62.6    28.2    38.4    61.9    29.5    48.0   0.077   0.089 -99.000 -99.000 -99.000    39.8    39.5 -9999.0 -9999.0 -9999.0
53154 20120905  2.413 -114.19   32.84    39.1    27.7    33.4    32.7     0.0    20.33 C    62.9    25.7    38.9    66.5    27.4    46.5   0.078   0.088 -99.000 -99.000 -99.000    39.9    39.2 -9999.0 -9999.0 -9999.0
53154 20120906  2.413 -114.19   32.84    38.3    25.8    32.0    31.3     0.5    17.63 C    58.0    24.9    36.6    80.4    28.6    54.1   0.077   0.087 -99.000 -99.000 -99.000    38.6    39.1 -9999.0 -9999.0 -9999.0
53154 20120907  2.413 -114.19   32.84    33.7    26.0    29.8    29.4     0.0    10.67 C    48.1    25.0    32.1    80.0    40.2    60.9   0.075   0.084 -99.000 -99.000 -99.000    34.2    37.0 -9999.0 -9999.0 -9999.0
53154 20120908  2.413 -114.19   32.84    37.1    27.1    32.1    31.9     0.0    14.71 C    55.5    26.4    35.8    75.4    32.4    50.6   0.079   0.084 -99.000 -99.000 -99.000    36.6    36.8 -9999.0 -9999.0 -9999.0
53154 20120909  2.413 -114.19   32.84    38.6    23.0    30.8    30.4     3.7    18.17 C    57.3    21.9    34.9    86.4    23.3    48.7   0.079   0.084 -99.000 -99.000 -99.000    36.3    37.4 -9999.0 -9999.0 -9999.0
53154 20120910  2.413 -114.19   32.84    31.4    22.8    27.1    26.3     0.0    12.52 C    45.4    19.9    28.2    83.6    40.3    65.0   0.095   0.081 -99.000 -99.000 -99.000    30.2    34.7 -9999.0 -9999.0 -9999.0
53154 20120911  2.413 -114.19   32.84    30.5    22.4    26.4    26.0     0.0    14.60 C    50.0    21.9    29.7    84.8    48.4    67.5   0.110   0.079 -99.000 -99.000 -99.000    31.0    33.8 -9999.0 -9999.0 -9999.0
53154 20120912  2.413 -114.19   32.84    34.9    22.6    28.8    29.0     0.4    16.89 C    56.7    20.6    32.6    84.6    33.3    56.8   0.114   0.081 -99.000 -99.000 -99.000    33.4    34.4 -9999.0 -9999.0 -9999.0
53154 20120913  2.413 -114.19   32.84    38.6    23.3    30.9    31.6     0.0    21.32 C    57.9    20.7    35.2    76.7    16.7    41.2   0.113   0.082 -99.000 -99.000 -99.000    35.9    35.5 -9999.0 -9999.0 -9999.0
53154 20120914  2.413 -114.19   32.84    37.6    28.1    32.8    32.0     0.0    22.23 C    48.7    22.8    32.4    41.8     6.3    22.2   0.103   0.084 -99.000 -99.000 -99.000    35.1    36.1 -9999.0 -9999.0 -9999.0
53154 20120915  2.413 -114.19   32.84    37.1    23.1    30.1    30.2     0.0    21.85 C    51.6    17.9    31.0    35.0     9.2    19.9   0.095   0.083 -99.000 -99.000 -99.000    33.8    35.1 -9999.0 -9999.0 -9999.0
53154 20120916  2.413 -114.19   32.84    37.0    20.7    28.8    29.8     0.0    20.09 C    58.6    17.7    33.8    57.2    19.8    35.6   0.091   0.084 -99.000 -99.000 -99.000    34.9    35.0 -9999.0 -9999.0 -9999.0
53154 20120917  2.413 -114.19   32.84    37.8    23.2    30.5    30.9     0.0    20.94 C    58.1    20.1    34.8    70.8    14.5    36.8   0.089   0.085 -99.000 -99.000 -99.000    36.5    36.0 -9999.0 -9999.0 -9999.0
53154 20120918  2.413 -114.19   32.84    40.0    22.1    31.0    31.3     0.0    20.68 C    60.3    19.0    34.9    59.6    12.2    31.0   0.087   0.085 -99.000 -99.000 -99.000    36.6    36.2 -9999.0 -9999.0 -9999.0
53154 20120919  2.413 -114.19   32.84    40.4    23.1    31.8    32.4     0.0    20.73 C    60.7    19.6    35.4    49.5     9.2    25.7   0.084   0.085 -99.000 -99.000 -99.000    37.0    36.5 -9999.0 -9999.0 -9999.0
53154 20120920  2.413 -114.19   32.84    40.2    24.2    32.2    33.2     0.0    18.13 C    60.7    20.1    34.6    35.5     8.4    18.0   0.081   0.085 -99.000 -99.000 -99.000    36.7    36.6 -9999.0 -9999.0 -9999.0
53154 20120921  2.413 -114.19   32.84    41.7    22.5    32.1    32.9     0.0    20.00 C    60.2    19.2    34.9    36.6     7.5    18.8   0.079   0.084 -99.000 -99.000 -99.000    36.9    36.5 -9999.0 -9999.0 -9999.0
53154 20120922  2.413 -114.19   32.84    41.0    23.9    32.4    33.2     0.0    17.89 C    60.6    20.2    34.7    31.7     8.7    17.9   0.076   0.084 -99.000 -99.000 -99.000    36.6    36.6 -9999.0 -9999.0 -9999.0
53154 20120923  2.413 -114.19   32.84    41.5    25.1    33.3    33.2     0.0    17.87 C    59.7    20.8    34.4    28.4     7.1    16.4   0.074   0.084 -99.000 -99.000 -99.000    36.4    36.4 -9999.0 -9999.0 -9999.0
53154 20120924  2.413 -114.19   32.84    39.1    23.0    31.1    31.9     0.0    19.35 C    55.2    19.9    33.8    47.7     9.0    21.5   0.072   0.083 -99.000 -99.000 -99.000    35.9    36.2 -9999.0 -9999.0 -9999.0
53154 20120925  2.413 -114.19   32.84    36.3    23.8    30.0    31.0     0.0    20.17 C    51.3    19.4    31.9    28.5    11.4    18.6   0.070   0.082 -99.000 -99.000 -99.000    35.1    35.9 -9999.0 -9999.0 -9999.0
53154 20120926  2.413 -114.19   32.84    36.5    19.9    28.2    29.1     0.0    19.91 C    54.8    16.0    31.8    45.8    14.4    26.7   0.068   0.081 -99.000 -99.000 -99.000    34.1    35.0 -9999.0 -9999.0 -9999.0
53154 20120927  2.413 -114.19   32.84    35.9    22.2    29.0    29.5     0.0    18.52 C    53.8    19.1    32.5    71.7    15.7    39.0   0.069   0.081 -99.000 -99.000 -99.000    34.6    35.1 -9999.0 -9999.0 -9999.0
53154 20120928  2.413 -114.19   32.84    36.1    19.8    27.9    28.8     0.0    19.37 C    55.5    17.5    32.4    74.7    17.8    43.2   0.069   0.080 -99.000 -99.000 -99.000    34.7    35.1 -9999.0 -9999.0 -9999.0
53154 20120929  2.413 -114.19   32.84    37.9    21.1    29.5    30.5     0.0    18.90 C    56.6    18.1    32.9    46.7    14.1    27.1   0.069   0.080 -99.000 -99.000 -99.000    34.9    35.1 -9999.0 -9999.0 -9999.0
53154 20120930  2.413 -114.19   32.84    40.9    23.1    32.0    32.7     0.0    19.58 C    54.9    18.3    32.2    30.0     5.5    15.0   0.068   0.079 -99.000 -99.000 -99.000    34.8    35.2 -9999.0 -9999.0 -9999.0
53154 20121001  2.413 -114.19   32.84    41.5    20.1    30.8    32.7     0.0    19.71 C    58.1    15.9    33.2    18.3     4.9     9.6   0.067   0.079 -99.000 -99.000 -99.000    35.2    35.1 -9999.0 -9999.0 -9999.0
53154 20121002  2.413 -114.19   32.84    41.0    21.6    31.3    31.6     0.0    19.61 C    58.2    15.9    32.3    21.7     4.3    11.2   0.065   0.078 -99.000 -99.000 -99.000    34.8    35.2 -9999.0 -9999.0 -9999.0
53154 20121003  2.413 -114.19   32.84    39.5    21.1    30.3    30.8     0.0    19.02 C    53.0    16.3    31.4    32.5     6.2    17.0   0.063   0.078 -99.000 -99.000 -99.000    34.0    34.8 -9999.0 -9999.0 -9999.0
53154 20121004  2.413 -114.19   32.84    35.6    19.3    27.5    29.2     0.0    19.26 C    53.3    15.9    30.4    29.3     8.1    16.7   0.062   0.077 -99.000 -99.000 -99.000    33.4    34.5 -9999.0 -9999.0 -9999.0
53154 20121005  2.413 -114.19   32.84    35.1    18.0    26.5    27.1     0.0    16.36 C    54.8    13.8    28.0    42.4     9.0    23.3   0.059   0.076 -99.000 -99.000 -99.000    31.6    33.6 -9999.0 -9999.0 -9999.0
53154 20121006  2.413 -114.19   32.84    35.0    16.9    26.0    27.2     0.0    17.30 C    54.1    13.6    29.2    47.5    13.7    25.1   0.059   0.075 -99.000 -99.000 -99.000    31.2    32.7 -9999.0 -9999.0 -9999.0
53154 20121007  2.413 -114.19   32.84    34.5    19.3    26.9    27.7     0.0    18.21 C    52.9    16.0    30.2    43.0    15.6    26.5   0.062   0.075 -99.000 -99.000 -99.000    32.6    33.3 -9999.0 -9999.0 -9999.0
53154 20121008  2.413 -114.19   32.84    34.4    18.2    26.3    27.2     0.0    18.22 C    53.6    14.2    30.3    46.3    16.4    32.5   0.060   0.074 -99.000 -99.000 -99.000    32.2    33.0 -9999.0 -9999.0 -9999.0
53154 20121009  2.413 -114.19   32.84    33.5    19.4    26.5    26.9     0.0    16.42 C    52.5    16.1    29.6    65.8    26.9    46.7   0.062   0.074 -99.000 -99.000 -99.000    32.1    33.2 -9999.0 -9999.0 -9999.0
53154 20121010  2.413 -114.19   32.84    32.0    19.7    25.8    26.0     0.0    15.27 C    48.5    16.4    27.5    79.0    24.8    48.8   0.061   0.073 -99.000 -99.000 -99.000    30.4    32.5 -9999.0 -9999.0 -9999.0
53154 20121011  2.413 -114.19   32.84    26.9    18.8    22.8    22.5     0.0    14.95 C    40.9    16.1    24.3    61.9    16.7    36.5   0.059   0.072 -99.000 -99.000 -99.000    27.8    31.2 -9999.0 -9999.0 -9999.0
53154 20121012  2.413 -114.19   32.84    24.7    13.0    18.8    19.1     0.0    17.06 C    40.8     9.1    21.0    82.3    25.6    44.8   0.056   0.069 -99.000 -99.000 -99.000    25.1    29.3 -9999.0 -9999.0 -9999.0
53154 20121013  2.413 -114.19   32.84    29.2    11.8    20.5    21.4     0.0    17.82 C    44.4     8.1    23.0    58.4    17.7    35.1   0.059   0.068 -99.000 -99.000 -99.000    25.8    28.4 -9999.0 -9999.0 -9999.0
53154 20121014  2.413 -114.19   32.84    33.8    15.8    24.8    25.1     0.0    17.66 C    50.3    12.0    26.2    48.7    11.2    27.6   0.061   0.069 -99.000 -99.000 -99.000    28.3    29.3 -9999.0 -9999.0 -9999.0
53154 20121015  2.413 -114.19   32.84    35.6    15.7    25.7    26.4     0.0    17.76 C    52.1    12.0    27.4    40.5    11.6    22.5   0.062   0.070 -99.000 -99.000 -99.000    29.5    30.1 -9999.0 -9999.0 -9999.0
53154 20121016  2.413 -114.19   32.84    35.2    14.9    25.0    25.7     0.0    17.80 C    52.0    11.1    27.0    37.4     7.5    21.5   0.061   0.070 -99.000 -99.000 -99.000    29.5    30.5 -9999.0 -9999.0 -9999.0
53154 20121017  2.413 -114.19   32.84    34.5    17.2    25.8    26.1     0.0    16.90 C    51.6    13.3    27.9    81.8    13.9    37.2   0.060   0.070 -99.000 -99.000 -99.000    29.9    30.6 -9999.0 -9999.0 -9999.0
53154 20121018  2.413 -114.19   32.84    32.4    19.7    26.0    26.5     0.0    14.94 C    52.9    17.2    29.2    71.7    34.8    53.0   0.062   0.071 -99.000 -99.000 -99.000    31.0    31.3 -9999.0 -9999.0 -9999.0
53154 20121019  2.413 -114.19   32.84    34.7    17.0    25.9    26.1     0.0    17.47 C    49.4    13.6    26.5    85.0     5.0    34.7   0.059   0.070 -99.000 -99.000 -99.000    29.8    31.1 -9999.0 -9999.0 -9999.0
53154 20121020  2.413 -114.19   32.84    33.8    15.9    24.8    25.6     0.0    16.41 C    49.5    12.0    27.0    44.2    13.5    26.8   0.060   0.069 -99.000 -99.000 -99.000    28.9    30.3 -9999.0 -9999.0 -9999.0
53154 20121021  2.413 -114.19   32.84    29.4    18.3    23.8    24.0     0.0    13.27 C    51.2    15.4    26.6    66.2    35.5    51.1   0.060   0.069 -99.000 -99.000 -99.000    29.0    30.5 -9999.0 -9999.0 -9999.0
53154 20121022  2.413 -114.19   32.84    29.9    16.7    23.3    23.4     0.0    15.44 C    45.6    13.5    25.7    78.1    24.4    53.8   0.060   0.069 -99.000 -99.000 -99.000    28.2    29.9 -9999.0 -9999.0 -9999.0
53154 20121023  2.413 -114.19   32.84    27.7    14.5    21.1    22.5     0.0    15.23 C    42.0    11.4    23.3    52.2    21.7    31.5   0.059   0.068 -99.000 -99.000 -99.000    26.7    29.3 -9999.0 -9999.0 -9999.0
53154 20121024  2.413 -114.19   32.84    27.2    12.5    19.8    20.2     0.0    16.50 C    38.6     7.9    19.9    53.0    11.6    28.9   0.057   0.067 -99.000 -99.000 -99.000    24.3    28.0 -9999.0 -9999.0 -9999.0
53154 20121025  2.413 -114.19   32.84    29.5    14.7    22.1    21.6     0.0    16.57 C    43.5     7.8    21.0    23.4     6.2    14.5   0.056   0.065 -99.000 -99.000 -99.000    24.0    26.8 -9999.0 -9999.0 -9999.0
53154 20121026  2.413 -114.19   32.84    26.5    17.7    22.1    21.4     0.0    16.73 C    35.5    11.2    19.3    17.9     6.9    11.7   0.055   0.065 -99.000 -99.000 -99.000    23.5    26.7 -9999.0 -9999.0 -9999.0
53154 20121027  2.413 -114.19   32.84    30.3    16.4    23.4    22.7     0.0    16.57 C    44.8     9.9    21.8    10.2     4.2     7.3   0.056   0.065 -99.000 -99.000 -99.000    24.6    26.4 -9999.0 -9999.0 -9999.0
53154 20121028  2.413 -114.19   32.84    31.5    10.3    20.9    21.1     0.0    16.30 C    47.0     5.4    21.5    17.6     5.9    11.0   0.054   0.064 -99.000 -99.000 -99.000    24.4    26.4 -9999.0 -9999.0 -9999.0
53154 20121029  2.413 -114.19   32.84    32.1    11.7    21.9    21.5     0.0    15.99 C    47.6     6.7    21.9    23.1     6.2    13.1   0.054   0.065 -99.000 -99.000 -99.000    24.6    26.5 -9999.0 -9999.0 -9999.0
53154 20121030  2.413 -114.19   32.84    32.3    12.5    22.4    22.0     0.0    15.98 C    46.7     7.5    21.9    23.9     6.6    13.3   0.053   0.064 -99.000 -99.000 -99.000    24.7    26.6 -9999.0 -9999.0 -9999.0
53154 20121031  2.413 -114.19   32.84    31.8    13.4    22.6    21.8     0.0    15.52 C    45.4     6.9    21.6    21.9     6.5    13.3   0.052   0.064 -99.000 -99.000 -99.000    24.5    26.5 -9999.0 -9999.0 -9999.0
53154 20121101  2.413 -114.19   32.84    30.9    11.9    21.4    21.6     0.0    15.74 C    45.2     6.8    21.6    25.2     8.4    16.6   0.052   0.064 -99.000 -99.000 -99.000    24.1    26.2 -9999.0 -9999.0 -9999.0
53154 20121102  2.413 -114.19   32.84    29.9    12.5    21.2    21.7     0.0    15.03 C    45.1     8.1    22.6    53.3    12.9    30.3   0.052   0.064 -99.000 -99.000 -99.000    25.0    26.4 -9999.0 -9999.0 -9999.0
53154 20121103  2.413 -114.19   32.84    30.5    12.4    21.4    21.4     0.0    14.59 C    45.0     8.4    22.2    54.6    14.1    31.5   0.052   0.064 -99.000 -99.000 -99.000    24.8    26.5 -9999.0 -9999.0 -9999.0
53154 20121104  2.413 -114.19   32.84    32.5    11.7    22.1    22.9     0.0    14.84 C    46.4     7.8    22.7    31.7     8.0    17.0   0.053   0.064 -99.000 -99.000 -99.000    24.9    26.4 -9999.0 -9999.0 -9999.0
53154 20121105  2.413 -114.19   32.84    33.4    14.3    23.9    24.3     0.0    14.89 C    47.2     9.1    23.5    24.8     6.0    13.2   0.054   0.064 -99.000 -99.000 -99.000    26.0    26.9 -9999.0 -9999.0 -9999.0
53154 20121106  2.413 -114.19   32.84    32.8    13.0    22.9    22.3     0.0    14.95 C    46.5     7.8    22.0    24.7     7.7    15.5   0.052   0.064 -99.000 -99.000 -99.000    24.9    26.7 -9999.0 -9999.0 -9999.0
53154 20121107  2.413 -114.19   32.84    32.2    12.7    22.4    21.8     0.0    14.66 C    46.3     7.4    21.4    28.4     7.8    18.1   0.051   0.063 -99.000 -99.000 -99.000    24.2    26.2 -9999.0 -9999.0 -9999.0
53154 20121108  2.413 -114.19   32.84    29.0    12.7    20.9    21.4     0.0     9.66 C    44.8     8.3    20.3    46.7    14.9    26.8   0.049   0.063 -99.000 -99.000 -99.000    22.9    25.6 -9999.0 -9999.0 -9999.0
53154 20121109  2.413 -114.19   32.84    22.7    13.1    17.9    17.9     0.0    12.10 C    35.3     8.5    18.4    64.6    27.7    42.6   0.049   0.062 -99.000 -99.000 -99.000    22.1    25.2 -9999.0 -9999.0 -9999.0
53154 20121110  2.413 -114.19   32.84    18.1     8.9    13.5    13.7     0.0    12.87 C    27.5     3.4    12.2    52.2    14.9    33.7   0.049   0.060 -99.000 -99.000 -99.000    17.3    23.0 -9999.0 -9999.0 -9999.0
53154 20121111  2.413 -114.19   32.84    19.6     6.2    12.9    12.6     0.0    14.54 C    35.0    -0.2    11.6    37.9     9.2    20.6   0.046   0.058 -99.000 -99.000 -99.000    16.0    21.0 -9999.0 -9999.0 -9999.0
53154 20121112  2.413 -114.19   32.84    21.9     9.0    15.4    14.7     0.0    14.39 C    35.0     2.4    12.7    17.9     5.5    12.3   0.049   0.057 -99.000 -99.000 -99.000    16.3    20.4 -9999.0 -9999.0 -9999.0
53154 20121113  2.413 -114.19   32.84    24.4     8.0    16.2    16.5     0.0    14.58 C    35.2     2.7    14.6    17.5     4.9    10.0   0.046   0.057 -99.000 -99.000 -99.000    17.9    20.8 -9999.0 -9999.0 -9999.0
53154 20121114  2.413 -114.19   32.84    25.9     4.0    15.0    16.0     0.0    14.00 C    40.2     0.3    15.3    19.1     6.4    11.8   0.047   0.057 -99.000 -99.000 -99.000    18.0    20.7 -9999.0 -9999.0 -9999.0
53154 20121115  2.413 -114.19   32.84    20.0    10.3    15.1    15.9     0.0     3.78 C    22.3     5.8    14.3    19.5    11.2    15.1   0.042   0.057 -99.000 -99.000 -99.000    16.8    20.7 -9999.0 -9999.0 -9999.0
53154 20121116  2.413 -114.19   32.84    26.8     8.7    17.8    17.7     0.0    12.97 C    40.6     4.9    18.5    24.9     8.0    17.3   0.045   0.057 -99.000 -99.000 -99.000    20.1    21.1 -9999.0 -9999.0 -9999.0
53154 20121117  2.413 -114.19   32.84    26.3    12.2    19.2    19.0     0.0    12.03 C    38.7     9.0    19.2    49.7    19.4    31.0   0.049   0.058 -99.000 -99.000 -99.000    21.2    22.3 -9999.0 -9999.0 -9999.0
53154 20121118  2.413 -114.19   32.84    25.2    10.5    17.9    17.7     0.0    13.18 C    39.5     6.9    18.0    64.2    25.8    44.3   0.049   0.059 -99.000 -99.000 -99.000    20.9    22.6 -9999.0 -9999.0 -9999.0
53154 20121119  2.413 -114.19   32.84    25.6     9.3    17.4    16.9     0.0    13.35 C    39.4     4.9    17.2    64.1    19.4    39.6   0.049   0.058 -99.000 -99.000 -99.000    20.0    22.2 -9999.0 -9999.0 -9999.0
53154 20121120  2.413 -114.19   32.84    26.7     7.1    16.9    17.0     0.0    13.40 C    38.0     3.2    16.4    55.5    18.8    34.5   0.048   0.058 -99.000 -99.000 -99.000    19.3    21.8 -9999.0 -9999.0 -9999.0
53154 20121121  2.413 -114.19   32.84    26.9     7.5    17.2    16.8     0.0    13.45 C    39.7     3.2    16.3    50.5    13.5    30.1   0.049   0.058 -99.000 -99.000 -99.000    19.5    21.8 -9999.0 -9999.0 -9999.0
53154 20121122  2.413 -114.19   32.84    26.3     7.5    16.9    17.2     0.0    13.05 C    38.8     3.2    16.5    44.0    16.3    28.5   0.048   0.057 -99.000 -99.000 -99.000    19.1    21.4 -9999.0 -9999.0 -9999.0
53154 20121123  2.413 -114.19   32.84    29.6     8.6    19.1    19.9     0.0    12.97 C    40.0     4.2    18.4    45.2     9.2    23.4   0.050   0.058 -99.000 -99.000 -99.000    20.5    21.9 -9999.0 -9999.0 -9999.0
53154 20121124  2.413 -114.19   32.84    30.5    10.8    20.6    21.1     0.0    12.69 C    39.2     7.3    19.6    28.5    10.2    18.3   0.051   0.058 -99.000 -99.000 -99.000    22.0    22.8 -9999.0 -9999.0 -9999.0
53154 20121125  2.413 -114.19   32.84    27.8    10.1    18.9    18.4     0.0    12.68 C    39.6     5.4    17.7    37.2    11.7    22.9   0.049   0.058 -99.000 -99.000 -99.000    20.4    22.4 -9999.0 -9999.0 -9999.0
53154 20121126  2.413 -114.19   32.84    26.4     9.7    18.0    17.6     0.0    12.30 C    39.9     5.9    17.9    77.2    23.0    43.5   0.049   0.058 -99.000 -99.000 -99.000    20.3    22.2 -9999.0 -9999.0 -9999.0
53154 20121127  2.413 -114.19   32.84    27.9     9.3    18.6    18.2     0.0    12.56 C    38.7     4.6    17.2    48.0    13.5    28.0   0.049   0.058 -99.000 -99.000 -99.000    19.9    22.0 -9999.0 -9999.0 -9999.0
53154 20121128  2.413 -114.19   32.84    25.9     8.6    17.3    16.7     0.0    11.29 C    37.6     4.3    15.8    42.2    17.5    30.2   0.048   0.057 -99.000 -99.000 -99.000    18.7    21.4 -9999.0 -9999.0 -9999.0
53154 20121129  2.413 -114.19   32.84    25.7     9.8    17.8    17.8     0.0    12.05 C    36.4     6.7    17.7    83.9    34.2    50.2   0.049   0.057 -99.000 -99.000 -99.000    19.7    21.4 -9999.0 -9999.0 -9999.0
53154 20121130  2.413 -114.19   32.84    25.1    10.2    17.7    18.3     0.0    11.35 C    36.4     7.2    18.1    72.1    34.8    51.7   0.050   0.057 -99.000 -99.000 -99.000    20.3    21.8 -9999.0 -9999.0 -9999.0
53154 20121201  2.413 -114.19   32.84    25.2    10.4    17.8    17.5     0.0    11.94 C    36.9     6.6    17.7    79.0    26.7    50.4   0.050   0.057 -99.000 -99.000 -99.000    20.2    21.9 -9999.0 -9999.0 -9999.0
53154 20121202  2.413 -114.19   32.84    25.5     9.8    17.7    18.0     0.0    11.78 C    37.5     6.6    17.7    68.1    27.5    46.9   0.051   0.057 -99.000 -99.000 -99.000    19.9    21.7 -9999.0 -9999.0 -9999.0
53154 20121203  2.413 -114.19   32.84    25.6    10.3    17.9    17.8     0.0    11.81 C    39.1     7.1    18.5    71.7    29.9    49.3   0.052   0.057 -99.000 -99.000 -99.000    20.5    22.0 -9999.0 -9999.0 -9999.0
53154 20121204  2.413 -114.19   32.84    25.8    11.0    18.4    18.6     0.0    11.36 C    38.5     7.6    18.6    63.6    27.8    43.5   0.052   0.057 -99.000 -99.000 -99.000    20.5    22.0 -9999.0 -9999.0 -9999.0
53154 20121205  2.413 -114.19   32.84    26.7     9.1    17.9    17.4     0.0    11.51 C    37.0     5.5    17.1    58.9    21.1    38.6   0.052   0.057 -99.000 -99.000 -99.000    20.0    22.0 -9999.0 -9999.0 -9999.0
53154 20121206  2.413 -114.19   32.84    26.0     9.1    17.6    16.9     0.0    10.22 C    37.2     5.6    16.1    53.1    22.7    37.7   0.051   0.057 -99.000 -99.000 -99.000    18.9    21.4 -9999.0 -9999.0 -9999.0
53154 20121207  2.413 -114.19   32.84    25.8     9.5    17.6    17.5     0.0    11.95 C    35.7     4.8    15.4    54.1    20.2    35.4   0.050   0.056 -99.000 -99.000 -99.000    18.4    20.9 -9999.0 -9999.0 -9999.0
53154 20121208  2.413 -114.19   32.84    24.3     8.6    16.5    16.4     0.0    12.11 C    33.7     2.7    14.0    35.2    10.8    21.5   0.049   0.055 -99.000 -99.000 -99.000    17.5    20.4 -9999.0 -9999.0 -9999.0
53154 20121209  2.413 -114.19   32.84    24.2     5.2    14.7    14.6     0.0    12.07 C    30.7     0.4    12.5    36.9     9.7    22.2   0.048   0.055 -99.000 -99.000 -99.000    15.7    19.3 -9999.0 -9999.0 -9999.0
53154 20121210  2.413 -114.19   32.84    19.7     7.5    13.6    13.8     0.0    12.10 C    29.4     1.3    10.9    26.7     7.6    14.7   0.048   0.054 -99.000 -99.000 -99.000    15.0    18.8 -9999.0 -9999.0 -9999.0
53154 20121211  2.413 -114.19   32.84    20.9     3.8    12.3    12.5     0.0    11.72 C    30.8    -0.8    10.5    37.5    12.6    22.7   0.046   0.053 -99.000 -99.000 -99.000    13.8    17.7 -9999.0 -9999.0 -9999.0
53154 20121212  2.413 -114.19   32.84    21.9     6.1    14.0    14.2     0.0    12.49 C    29.3     0.3    11.4    26.1    10.6    17.3   0.036   0.052 -99.000 -99.000 -99.000    14.4    17.5 -9999.0 -9999.0 -9999.0
53154 20121213  2.413 -114.19   32.84    19.9     8.5    14.2    14.0    13.0     5.80 C    27.3     3.5    12.3    92.9    20.3    55.3   0.045   0.052 -99.000 -99.000 -99.000    14.1    17.4 -9999.0 -9999.0 -9999.0
53154 20121214  2.413 -114.19   32.84    16.0    10.4    13.2    13.0     0.0    11.40 C    22.6     3.2    11.2    91.2    36.0    53.7   0.127   0.051 -99.000 -99.000 -99.000    13.2    16.8 -9999.0 -9999.0 -9999.0
53154 20121215  2.413 -114.19   32.84    15.2     7.2    11.2    10.8     0.2     8.22 C    25.7     3.6    10.5    87.7    53.3    72.2   0.123   0.052 -99.000 -99.000 -99.000    12.8    16.3 -9999.0 -9999.0 -9999.0
53154 20121216  2.413 -114.19   32.84    15.9     3.9     9.9    10.6     0.0    11.69 C    26.1     0.1    10.4    93.9    36.1    65.9   0.110   0.053 -99.000 -99.000 -99.000    12.3    15.3 -9999.0 -9999.0 -9999.0
53154 20121217  2.413 -114.19   32.84    18.0     9.4    13.7    13.3     0.0    11.33 C    26.7     5.1    13.6    74.8    33.8    51.0   0.112   0.056 -99.000 -99.000 -99.000    15.0    16.6 -9999.0 -9999.0 -9999.0
53154 20121218  2.413 -114.19   32.84    19.2     8.0    13.6    13.0     6.3     7.65 C    25.0     3.4    11.5    82.4    41.3    58.9   0.112   0.057 -99.000 -99.000 -99.000    13.2    16.1 -9999.0 -9999.0 -9999.0
53154 20121219  2.413 -114.19   32.84    13.7     4.9     9.3     9.4     0.0    12.20 C    18.5    -2.1     5.6    56.1    17.1    34.7   0.107   0.057 -99.000 -99.000 -99.000     9.4    14.3 -9999.0 -9999.0 -9999.0
53154 20121220  2.413 -114.19   32.84    16.5     0.0     8.3     8.3     0.0    12.07 C    23.5    -4.6     5.9    81.7    11.8    38.7   0.107   0.056 -99.000 -99.000 -99.000     8.5    12.4 -9999.0 -9999.0 -9999.0
53154 20121221  2.413 -114.19   32.84    16.4     2.5     9.5     9.8     0.0    11.19 C    24.9    -3.5     7.8    57.5    19.6    37.3   0.109   0.058 -99.000 -99.000 -99.000    10.1    13.0 -9999.0 -9999.0 -9999.0
53154 20121222  2.413 -114.19   32.84    18.1     3.4    10.7    10.7     0.0    11.46 C    26.7    -1.0     9.8    82.6    21.9    47.9   0.110   0.060 -99.000 -99.000 -99.000    12.1    14.1 -9999.0 -9999.0 -9999.0
53154 20121223  2.413 -114.19   32.84    17.4     2.1     9.7     9.6     0.0    10.97 C    27.7    -2.3     8.5    80.9    26.0    51.9   0.106   0.061 -99.000 -99.000 -99.000    11.0    13.7 -9999.0 -9999.0 -9999.0
53154 20121224  2.413 -114.19   32.84    20.2     5.2    12.7    13.4     0.0    11.31 C    26.3     1.3    11.2    84.3    37.5    54.5   0.111   0.062 -99.000 -99.000 -99.000    13.1    14.6 -9999.0 -9999.0 -9999.0
53154 20121225  2.413 -114.19   32.84    15.6     6.4    11.0    11.5     0.0     8.80 C    22.2    -0.3     8.9    62.3    10.1    20.9   0.125   0.064 -99.000 -99.000 -99.000    11.8    14.7 -9999.0 -9999.0 -9999.0
53154 20121226  2.413 -114.19   32.84    17.2     3.4    10.3    10.6     0.0    10.17 C    26.4    -0.5     8.6    54.8    14.8    32.2   0.107   0.064 -99.000 -99.000 -99.000    11.2    13.9 -9999.0 -9999.0 -9999.0
53154 20121227  2.413 -114.19   32.84    15.5     3.2     9.3     9.8     0.0    11.83 C    23.1    -1.3     7.7    80.0    26.9    49.2   0.102   0.065 -99.000 -99.000 -99.000    11.0    13.8 -9999.0 -9999.0 -9999.0
53154 20121228  2.413 -114.19   32.84    15.5     0.2     7.9     8.4     0.0    12.18 C    27.3    -4.3     7.1    69.6    22.3    42.6   0.095   0.065 -99.000 -99.000 -99.000    10.1    13.1 -9999.0 -9999.0 -9999.0
53154 20121229  2.413 -114.19   32.84    14.7     0.7     7.7     7.8     0.0    11.02 C    24.9    -3.1     7.1    70.4    23.8    45.3   0.097   0.065 -99.000 -99.000 -99.000     9.7    12.8 -9999.0 -9999.0 -9999.0
53154 20121230  2.413 -114.19   32.84    15.2     2.7     8.9     9.5     0.0     9.65 C    24.2    -0.5     9.1    68.2    29.4    47.6   0.096   0.066 -99.000 -99.000 -99.000    10.9    13.1 -9999.0 -9999.0 -9999.0
53154 20121231  2.413 -114.19   32.84    14.4     2.3     8.4     8.6     0.0    12.13 C    22.4    -2.4     6.9    83.5    20.8    47.4   0.095   0.066 -99.000 -99.000 -99.000    10.6    13.4 -9999.0 -9999.0 -9999.0
