53131 20120101  2.403 -111.17   32.24    26.7     7.3    17.0    18.1     0.0    12.42 R    32.1     5.5    15.3    62.2    11.6    25.4   0.084   0.080 -99.000 -99.000 -99.000    13.7    13.7 -9999.0 -9999.0 -9999.0
53131 20120102  2.403 -111.17   32.24    24.8    15.3    20.0    19.1     0.0    12.39 R    30.8    10.3    16.7    21.1    11.5    16.1   0.082   0.079 -99.000 -99.000 -99.000    15.3    15.3 -9999.0 -9999.0 -9999.0
53131 20120103  2.403 -111.17   32.24    25.6     8.5    17.0    17.1     0.0    11.65 R    34.7     8.0    16.4    46.5    11.7    21.6   0.079   0.077 -99.000 -99.000 -99.000    15.8    15.8 -9999.0 -9999.0 -9999.0
53131 20120104  2.403 -111.17   32.24    23.2     5.7    14.5    15.0     0.0    12.47 R    31.2     4.6    14.2    56.0    13.0    29.3   0.075   0.073 -99.000 -99.000 -99.000    14.3    14.3 -9999.0 -9999.0 -9999.0
53131 20120105  2.403 -111.17   32.24    23.6     5.8    14.7    15.7     0.0    12.73 R    31.4     5.7    14.5    45.7     8.4    18.7   0.073   0.072 -99.000 -99.000 -99.000    14.5    14.6 -9999.0 -9999.0 -9999.0
53131 20120106  2.403 -111.17   32.24    22.3     5.5    13.9    12.8     0.0    12.70 R    31.1     3.7    12.9    48.4     8.4    28.9   0.071   0.069 -99.000 -99.000 -99.000    13.4    13.5 -9999.0 -9999.0 -9999.0
53131 20120107  2.403 -111.17   32.24    22.8     6.2    14.5    14.3     0.0    12.55 R    31.3     4.2    13.5    47.3     9.8    25.5   0.070   0.068 -99.000 -99.000 -99.000    13.6    13.6 -9999.0 -9999.0 -9999.0
53131 20120108  2.403 -111.17   32.24    13.3     5.2     9.2     9.8     0.0    11.88 R    25.2     3.5    10.6    49.4    25.2    32.4   0.067   0.066 -99.000 -99.000 -99.000    12.2    12.4 -9999.0 -9999.0 -9999.0
53131 20120109  2.403 -111.17   32.24    15.5     1.4     8.5     9.2     0.0    12.29 R    27.6     1.0    10.5    65.5    27.1    40.6   0.067   0.064 -99.000 -99.000 -99.000    11.6    11.6 -9999.0 -9999.0 -9999.0
53131 20120110  2.403 -111.17   32.24    19.8     3.3    11.6    10.9     0.0    12.64 R    29.3     2.3    11.5    62.9    17.3    38.0   0.066   0.064 -99.000 -99.000 -99.000    12.0    12.0 -9999.0 -9999.0 -9999.0
53131 20120111  2.403 -111.17   32.24    17.5     3.4    10.5    10.0     0.0     9.79 R    29.2     2.7    10.6    60.2    15.3    37.5   0.065   0.062 -99.000 -99.000 -99.000    11.7    11.8 -9999.0 -9999.0 -9999.0
53131 20120112  2.403 -111.17   32.24    16.2     4.3    10.3     9.8     0.0     6.59 R    22.3     3.7    10.0    50.3    18.3    34.6   0.064   0.062 -99.000 -99.000 -99.000    11.5    11.6 -9999.0 -9999.0 -9999.0
53131 20120113  2.403 -111.17   32.24    19.2     1.0    10.1    10.6     0.0    13.28 R    28.4     0.4    10.2    55.6     9.5    26.7   0.063   0.061 -99.000 -99.000 -99.000    11.2    11.2 -9999.0 -9999.0 -9999.0
53131 20120114  2.403 -111.17   32.24    21.9     9.5    15.7    14.8     0.0    10.59 R    28.1     4.1    13.0    29.0     6.4    12.2   0.063   0.061 -99.000 -99.000 -99.000    12.5    12.4 -9999.0 -9999.0 -9999.0
53131 20120115  2.403 -111.17   32.24    18.5    10.0    14.3    13.7     5.4     4.96 R    21.6     8.3    13.0    90.7    19.1    38.6   0.063   0.061 -99.000 -99.000 -99.000    13.2    13.3 -9999.0 -9999.0 -9999.0
53131 20120116  2.403 -111.17   32.24    15.8     7.7    11.8    11.6     2.4     4.09 R    16.0     6.4    11.2    92.8    54.4    76.1   0.115   0.075 -99.000 -99.000 -99.000    12.4    12.5 -9999.0 -9999.0 -9999.0
53131 20120117  2.403 -111.17   32.24    16.8     5.9    11.4    10.8     0.0    13.32 R    24.4     5.2    11.5    92.4    28.0    68.5   0.107   0.086 -99.000 -99.000 -99.000    12.0    12.0 -9999.0 -9999.0 -9999.0
53131 20120118  2.403 -111.17   32.24    19.0     3.7    11.4    10.3     0.0    13.62 R    26.1     2.6    10.8    90.2    22.3    61.2   0.098   0.083 -99.000 -99.000 -99.000    11.3    11.3 -9999.0 -9999.0 -9999.0
53131 20120119  2.403 -111.17   32.24    21.3     3.0    12.1    11.4     0.0    13.80 R    28.2     2.0    11.2    85.0     9.4    43.3   0.091   0.081 -99.000 -99.000 -99.000    11.3    11.3 -9999.0 -9999.0 -9999.0
53131 20120120  2.403 -111.17   32.24    21.4     2.9    12.2    12.1     0.0    12.69 R    32.9     1.8    11.1    65.9     9.8    33.8   0.085   0.077 -99.000 -99.000 -99.000    11.4    11.3 -9999.0 -9999.0 -9999.0
53131 20120121  2.403 -111.17   32.24    22.0     5.8    13.9    14.9     0.0     8.81 R    25.9     4.6    12.4    53.0    16.1    33.0   0.081   0.074 -99.000 -99.000 -99.000    12.1    12.1 -9999.0 -9999.0 -9999.0
53131 20120122  2.403 -111.17   32.24    15.0     5.1    10.1    10.6     0.0    13.50 R    27.2     3.6    12.4    69.8    18.5    39.4   0.079   0.072 -99.000 -99.000 -99.000    12.7    12.7 -9999.0 -9999.0 -9999.0
53131 20120123  2.403 -111.17   32.24    19.3     1.5    10.4    11.4     0.0    10.95 R    27.1     1.7    11.7    63.1     9.2    30.9   0.075   0.069 -99.000 -99.000 -99.000    11.9    11.8 -9999.0 -9999.0 -9999.0
53131 20120124  2.403 -111.17   32.24    14.1     6.2    10.1    10.4     0.0    13.59 R    26.8     5.7    12.6    64.3    24.3    48.9   0.074   0.068 -99.000 -99.000 -99.000    13.0    13.0 -9999.0 -9999.0 -9999.0
53131 20120125  2.403 -111.17   32.24    16.9     3.1    10.0    10.7     0.0    14.01 R    28.7     2.3    11.8    70.6    26.4    42.5   0.071   0.066 -99.000 -99.000 -99.000    12.4    12.3 -9999.0 -9999.0 -9999.0
53131 20120126  2.403 -111.17   32.24    22.8     2.8    12.8    12.3     0.0    14.24 R    31.9     2.4    12.9    64.1    16.3    36.5   0.070   0.064 -99.000 -99.000 -99.000    12.8    12.8 -9999.0 -9999.0 -9999.0
53131 20120127  2.403 -111.17   32.24    22.4     5.6    14.0    14.0     0.0    12.90 R    33.9     4.1    14.3    54.5    18.0    34.6   0.069   0.064 -99.000 -99.000 -99.000    13.9    13.7 -9999.0 -9999.0 -9999.0
53131 20120128  2.403 -111.17   32.24    22.0     5.7    13.8    13.9     0.0    14.16 R    32.1     5.1    15.0    66.0    17.5    37.4   0.068   0.063 -99.000 -99.000 -99.000    14.7    14.7 -9999.0 -9999.0 -9999.0
53131 20120129  2.403 -111.17   32.24    23.6     8.7    16.1    16.5     0.0    14.72 R    34.3     8.4    16.5    45.3    12.4    24.1   0.066   0.063 -99.000 -99.000 -99.000    15.6    15.5 -9999.0 -9999.0 -9999.0
53131 20120130  2.403 -111.17   32.24    23.7     5.0    14.3    14.3     0.0    14.85 R    34.9     4.4    14.9    54.6     9.0    26.4   0.064   0.061 -99.000 -99.000 -99.000    15.0    15.0 -9999.0 -9999.0 -9999.0
53131 20120131  2.403 -111.17   32.24    22.4     7.4    14.9    14.5     0.0    13.98 R    34.3     6.1    15.4    39.0     9.4    23.8   0.061   0.060 -99.000 -99.000 -99.000    15.5    15.4 -9999.0 -9999.0 -9999.0
53131 20120201  2.403 -111.17   32.24    22.2     5.9    14.0    13.5     0.0    14.61 R    35.0     4.4    14.5    43.0    10.1    24.1   0.059   0.059 -99.000 -99.000 -99.000    14.9    14.9 -9999.0 -9999.0 -9999.0
53131 20120202  2.403 -111.17   32.24    18.1     4.3    11.2    11.2     0.0    15.22 R    31.0     2.9    12.4    35.2     9.7    22.3   0.055   0.057 -99.000 -99.000 -99.000    13.8    13.9 -9999.0 -9999.0 -9999.0
53131 20120203  2.403 -111.17   32.24    16.7     1.9     9.3     9.5     0.0    14.43 R    31.5     1.2    11.8    48.4    17.5    30.9   0.053   0.056 -99.000 -99.000 -99.000    13.0    13.0 -9999.0 -9999.0 -9999.0
53131 20120204  2.403 -111.17   32.24    17.8     0.8     9.3     9.5     0.0    14.42 R    32.7     0.8    11.8    61.0    16.6    36.4   0.051   0.054 -99.000 -99.000 -99.000    12.8    12.8 -9999.0 -9999.0 -9999.0
53131 20120205  2.403 -111.17   32.24    20.9     3.3    12.1    11.6     0.0    14.20 R    33.2     2.7    13.4    53.7    14.6    31.8   0.051   0.054 -99.000 -99.000 -99.000    13.7    13.6 -9999.0 -9999.0 -9999.0
53131 20120206  2.403 -111.17   32.24    18.5     3.2    10.8    10.7     0.0    13.18 R    30.1     2.6    12.6    55.7    17.5    34.1   0.049   0.053 -99.000 -99.000 -99.000    13.3    13.3 -9999.0 -9999.0 -9999.0
53131 20120207  2.403 -111.17   32.24    24.5     5.2    14.9    14.8     0.0    14.81 R    36.1     4.1    16.2    46.5    15.3    27.6   0.049   0.054 -99.000 -99.000 -99.000    15.1    14.9 -9999.0 -9999.0 -9999.0
53131 20120208  2.403 -111.17   32.24    21.0     9.8    15.4    15.0     0.0    12.66 R    35.9     9.5    17.0    58.9    20.5    35.1   0.048   0.055 -99.000 -99.000 -99.000    16.6    16.5 -9999.0 -9999.0 -9999.0
53131 20120209  2.403 -111.17   32.24    22.2     5.7    13.9    14.3     0.0    15.86 R    36.7     5.8    16.6    81.8    19.7    44.7   0.047   0.053 -99.000 -99.000 -99.000    16.4    16.3 -9999.0 -9999.0 -9999.0
53131 20120210  2.403 -111.17   32.24    23.6     4.4    14.0    15.2     0.0    16.12 R    38.3     5.2    17.1    62.8    13.9    31.2   0.046   0.052 -99.000 -99.000 -99.000    16.7    16.6 -9999.0 -9999.0 -9999.0
53131 20120211  2.403 -111.17   32.24    26.2     7.8    17.0    17.6     0.0    16.00 R    38.8     6.8    18.0    41.4     8.1    20.8   0.045   0.052 -99.000 -99.000 -99.000    17.2    17.1 -9999.0 -9999.0 -9999.0
53131 20120212  2.403 -111.17   32.24    19.2     6.6    12.9    13.7     0.0    14.62 R    35.9     7.1    16.2    60.3    22.6    36.8   0.043   0.050 -99.000 -99.000 -99.000    17.0    17.0 -9999.0 -9999.0 -9999.0
53131 20120213  2.403 -111.17   32.24    18.4     3.2    10.8    11.4     0.0    16.42 R    34.1     3.4    15.2    73.1    22.7    45.5   0.042   0.049 -99.000 -99.000 -99.000    15.8    15.7 -9999.0 -9999.0 -9999.0
53131 20120214  2.413 -111.17   32.24 -9999.0 -9999.0 -9999.0 -9999.0     0.0 -9999.00 U -9999.0 -9999.0 -9999.0 -9999.0 -9999.0 -9999.0 -99.000 -99.000 -99.000 -99.000 -99.000 -9999.0 -9999.0 -9999.0 -9999.0 -9999.0
53131 20120215  2.413 -111.17   32.24    16.7     1.5     9.1     9.2     0.0    17.83 C    28.7     0.5    11.2    85.6    21.5    48.7   0.072   0.045 -99.000 -99.000 -99.000    12.5    12.5 -9999.0 -9999.0 -9999.0
53131 20120216  2.413 -111.17   32.24    14.5     6.0    10.2     9.9     0.0    11.46 C    23.8     5.4    11.6    81.3    30.4    50.2   0.070   0.047 -99.000 -99.000 -99.000    12.9    13.0 -9999.0 -9999.0 -9999.0
53131 20120217  2.413 -111.17   32.24    14.2     5.5     9.9     8.8     0.0     9.33 C    25.3     4.7    11.2    86.2    47.0    70.0   0.067   0.047 -99.000 -99.000 -99.000    12.7    12.8 -9999.0 -9999.0 -9999.0
53131 20120218  2.413 -111.17   32.24    18.5     2.2    10.3    10.5     0.0    18.68 C    32.8     1.3    13.0    92.5    17.7    51.8   0.067   0.048 -99.000 -99.000 -99.000    13.6    13.5 -9999.0 -9999.0 -9999.0
53131 20120219  2.413 -111.17   32.24    18.2     5.1    11.7    11.9     0.0    16.93 C    31.8     3.8    13.6    58.1    16.7    41.0   0.065   0.049 -99.000 -99.000 -99.000    14.4    14.4 -9999.0 -9999.0 -9999.0
53131 20120220  2.413 -111.17   32.24    18.2     2.7    10.4    11.4     0.0    18.81 C    34.2     2.1    14.4    75.1    14.5    40.2   0.063   0.049 -99.000 -99.000 -99.000    15.0    15.1 -9999.0 -9999.0 -9999.0
53131 20120221  2.413 -111.17   32.24    22.0     2.6    12.3    13.2     0.0    19.23 C    36.7     1.9    15.5    59.4    11.4    29.1   0.061   0.050 -99.000 -99.000 -99.000    15.6    15.6 -9999.0 -9999.0 -9999.0
53131 20120222  2.413 -111.17   32.24    23.4     4.9    14.2    14.5     0.0    19.68 C    38.7     3.5    16.7    44.2     9.5    23.2   0.058   0.050 -99.000 -99.000 -99.000    16.6    16.6 -9999.0 -9999.0 -9999.0
53131 20120223  2.413 -111.17   32.24    24.5     4.6    14.5    15.7     0.0    19.76 C    39.4     3.6    17.5    41.6     6.4    20.2   0.054   0.050 -99.000 -99.000 -99.000    17.3    17.2 -9999.0 -9999.0 -9999.0
53131 20120224  2.413 -111.17   32.24    24.8     7.2    16.0    16.7     0.0    19.77 C    40.6     5.5    18.9    42.5    13.2    23.6   0.050   0.050 -99.000 -99.000 -99.000    18.4    18.3 -9999.0 -9999.0 -9999.0
53131 20120225  2.413 -111.17   32.24    25.2     5.9    15.6    16.1     0.0    20.04 C    40.8     5.3    18.8    52.1     9.6    24.2   0.047   0.048 -99.000 -99.000 -99.000    18.7    18.7 -9999.0 -9999.0 -9999.0
53131 20120226  2.413 -111.17   32.24    25.2     6.2    15.7    16.3     0.0    20.00 C    41.0     5.0    18.4    41.6    11.0    21.3   0.044   0.047 -99.000 -99.000 -99.000    18.7    18.7 -9999.0 -9999.0 -9999.0
53131 20120227  2.413 -111.17   32.24    23.5     9.7    16.6    17.1     0.0    15.85 C    34.2     8.2    17.3    59.5    16.5    31.1   0.043   0.046 -99.000 -99.000 -99.000    18.4    18.4 -9999.0 -9999.0 -9999.0
53131 20120228  2.413 -111.17   32.24    14.9     5.9    10.4    10.2     0.0    19.85 C    34.8     6.0    15.9    73.8    25.1    43.7   0.041   0.044 -99.000 -99.000 -99.000    17.7    17.8 -9999.0 -9999.0 -9999.0
53131 20120229  2.413 -111.17   32.24    18.9     1.7    10.3    10.3     0.0    20.25 C    36.6     1.5    14.7    67.3    15.1    38.2   0.040   0.042 -99.000 -99.000 -99.000    16.5    16.5 -9999.0 -9999.0 -9999.0
53131 20120301  2.413 -111.17   32.24    21.7     3.3    12.5    12.8     0.0    20.85 C    37.9     2.5    16.1    48.0     8.1    25.3   0.039   0.042 -99.000 -99.000 -99.000    17.0    16.9 -9999.0 -9999.0 -9999.0
53131 20120302  2.413 -111.17   32.24    15.7     5.4    10.6    11.5     0.0    20.68 C    33.2     4.0    14.4    48.1     4.8    22.7   0.038   0.041 -99.000 -99.000 -99.000    16.5    16.6 -9999.0 -9999.0 -9999.0
53131 20120303  2.413 -111.17   32.24    19.9     3.6    11.8    12.3     0.0    21.40 C    37.0     2.1    15.6    19.5     6.2     9.4   0.037   0.040 -99.000 -99.000 -99.000    16.5    16.4 -9999.0 -9999.0 -9999.0
53131 20120304  2.413 -111.17   32.24    26.5     4.7    15.6    15.9     0.0    21.64 C    42.0     2.9    18.3    26.4     6.7    14.7   0.037   0.040 -99.000 -99.000 -99.000    18.0    17.8 -9999.0 -9999.0 -9999.0
53131 20120305  2.413 -111.17   32.24    28.0     6.5    17.2    18.3     0.0    17.99 C    43.9     5.0    19.5    34.1     5.0    14.9   0.037   0.040 -99.000 -99.000 -99.000    19.3    19.2 -9999.0 -9999.0 -9999.0
53131 20120306  2.413 -111.17   32.24    27.1    10.7    18.9    19.2     0.0    21.39 C    40.4     7.1    20.2    22.6     4.1    11.5   0.037   0.040 -99.000 -99.000 -99.000    20.2    20.2 -9999.0 -9999.0 -9999.0
53131 20120307  2.413 -111.17   32.24    17.8     5.3    11.6    11.7     0.0    18.05 C    33.0     3.7    14.8    35.9    12.0    19.3   0.036   0.038 -99.000 -99.000 -99.000    18.2    18.5 -9999.0 -9999.0 -9999.0
53131 20120308  2.413 -111.17   32.24    17.8    -0.2     8.8     9.9     0.0    21.80 C    36.3    -0.2    14.4    44.2    14.4    24.2   0.034   0.035 -99.000 -99.000 -99.000    16.1    16.1 -9999.0 -9999.0 -9999.0
53131 20120309  2.413 -111.17   32.24    17.9     9.5    13.7    13.2     0.0    20.68 C    34.0     6.5    15.8    26.5    13.0    20.4   0.034   0.036 -99.000 -99.000 -99.000    17.4    17.5 -9999.0 -9999.0 -9999.0
53131 20120310  2.413 -111.17   32.24    17.6     4.9    11.3    12.0     0.0    21.82 C    37.3     3.9    16.7    47.6    17.9    29.8   0.035   0.035 -99.000 -99.000 -99.000    17.8    17.8 -9999.0 -9999.0 -9999.0
53131 20120311  2.413 -111.17   32.24    23.7     5.0    14.4    15.3     0.0    20.04 C    40.2     3.9    17.9    43.9     8.1    20.2   0.035   0.034 -99.000 -99.000 -99.000    18.1    18.1 -9999.0 -9999.0 -9999.0
53131 20120312  2.413 -111.17   32.24    26.4     6.2    16.3    17.3     0.0    23.09 C    44.1     3.6    19.9    24.8     2.6     9.9   0.035   0.035 -99.000 -99.000 -99.000    19.4    19.4 -9999.0 -9999.0 -9999.0
53131 20120313  2.413 -111.17   32.24    27.7     6.5    17.1    18.3     0.0    23.23 C    45.0     4.6    20.8    22.0     2.0     8.5   0.036   0.035 -99.000 -99.000 -99.000    20.4    20.4 -9999.0 -9999.0 -9999.0
53131 20120314  2.413 -111.17   32.24    26.9     5.5    16.2    17.8     0.0    23.32 C    45.7     5.1    21.4    24.7     2.9    10.4   0.036   0.035 -99.000 -99.000 -99.000    21.2    21.2 -9999.0 -9999.0 -9999.0
53131 20120315  2.413 -111.17   32.24    28.4     7.4    17.9    19.0     0.0    23.55 C    46.6     6.2    22.4    24.8     3.0    11.0   0.034   0.034 -99.000 -99.000 -99.000    21.9    21.8 -9999.0 -9999.0 -9999.0
53131 20120316  2.413 -111.17   32.24    28.7     7.7    18.2    18.8     0.0    23.59 C    47.0     6.5    22.4    24.1     3.6    10.6   0.034   0.034 -99.000 -99.000 -99.000    22.3    22.4 -9999.0 -9999.0 -9999.0
53131 20120317  2.413 -111.17   32.24    26.3    12.7    19.5    19.9     0.0    20.34 C    40.0     9.7    21.0    33.1     8.8    14.8   0.033   0.033 -99.000 -99.000 -99.000    22.0    22.0 -9999.0 -9999.0 -9999.0
53131 20120318  2.413 -111.17   32.24    16.1     4.0    10.0     9.0    10.5     9.53 C    21.0     4.1    10.9    93.4    30.0    61.8   0.083   0.070 -99.000 -99.000 -99.000    16.4    16.9 -9999.0 -9999.0 -9999.0
53131 20120319  2.413 -111.17   32.24     9.7     2.0     5.9     5.9     3.4    14.75 C    20.8     2.3     8.2    87.8    38.6    63.5   0.105   0.086 -99.000 -99.000 -99.000    12.3    12.2 -9999.0 -9999.0 -9999.0
53131 20120320  2.413 -111.17   32.24    13.8    -0.4     6.7     7.4     0.0    23.74 C    28.0    -0.4    10.9    92.4    26.6    55.3   0.098   0.088 -99.000 -99.000 -99.000    12.6    12.6 -9999.0 -9999.0 -9999.0
53131 20120321  2.413 -111.17   32.24    21.1     2.7    11.9    12.5     0.0    23.98 C    35.9     1.7    15.6    73.0    18.2    37.9   0.089   0.081 -99.000 -99.000 -99.000    15.3    15.3 -9999.0 -9999.0 -9999.0
53131 20120322  2.413 -111.17   32.24    26.5     7.2    16.9    17.3     0.0    24.28 C    42.1     5.7    20.4    63.5    10.4    32.1   0.085   0.079 -99.000 -99.000 -99.000    18.8    18.9 -9999.0 -9999.0 -9999.0
53131 20120323  2.413 -111.17   32.24    28.3    11.4    19.9    20.2     0.0    24.15 C    44.0     9.1    22.8    49.0     9.0    23.3   0.082   0.078 -99.000 -99.000 -99.000    21.3    21.5 -9999.0 -9999.0 -9999.0
53131 20120324  2.413 -111.17   32.24    30.4     9.2    19.8    20.6     0.0    23.56 C    46.0     8.8    23.6    51.6     5.6    22.2   0.079   0.076 -99.000 -99.000 -99.000    22.5    22.7 -9999.0 -9999.0 -9999.0
53131 20120325  2.413 -111.17   32.24    28.3    13.1    20.7    20.8     0.0    17.72 C    39.9    11.3    21.5    36.7     5.4    18.6   0.075   0.073 -99.000 -99.000 -99.000    22.2    22.4 -9999.0 -9999.0 -9999.0
53131 20120326  2.413 -111.17   32.24    23.4     9.3    16.3    16.6     0.0    24.03 C    42.2     9.2    21.9    68.4    19.9    40.0   0.072   0.070 -99.000 -99.000 -99.000    22.5    22.6 -9999.0 -9999.0 -9999.0
53131 20120327  2.413 -111.17   32.24    28.2     7.6    17.9    18.1     0.0    24.63 C    45.7     7.6    22.7    60.2     7.0    29.4   0.069   0.068 -99.000 -99.000 -99.000    22.7    22.8 -9999.0 -9999.0 -9999.0
53131 20120328  2.413 -111.17   32.24    28.5     8.7    18.6    20.1     0.0    24.81 C    47.4     8.6    24.1    47.4     7.9    20.5   0.065   0.067 -99.000 -99.000 -99.000    23.7    23.9 -9999.0 -9999.0 -9999.0
53131 20120329  2.413 -111.17   32.24    28.1     9.6    18.8    19.7     0.0    24.76 C    46.3     9.3    24.1    38.0     6.6    17.6   0.059   0.065 -99.000 -99.000 -99.000    24.2    24.3 -9999.0 -9999.0 -9999.0
53131 20120330  2.413 -111.17   32.24    29.5    10.0    19.7    20.9     0.0    24.50 C    48.1     9.7    25.2    34.9     7.1    17.1   0.055   0.063 -99.000 -99.000 -99.000    24.8    24.8 -9999.0 -9999.0 -9999.0
53131 20120331  2.413 -111.17   32.24    32.3    11.9    22.1    22.5     0.0    25.09 C    49.7    11.3    26.5    40.3     5.1    18.2   0.051   0.061 -99.000 -99.000 -99.000    26.0    26.0 -9999.0 -9999.0 -9999.0
53131 20120401  2.413 -111.17   32.24    23.2    12.0    17.6    17.7     0.0    25.10 C    42.5    10.5    22.2    26.8    11.4    20.2   0.048   0.057 -99.000 -99.000 -99.000    24.7    24.9 -9999.0 -9999.0 -9999.0
53131 20120402  2.413 -111.17   32.24    18.7     8.1    13.4    13.5     0.0    25.91 C    37.3     7.0    18.5    24.6     6.9    16.2   0.044   0.052 -99.000 -99.000 -99.000    22.1    22.3 -9999.0 -9999.0 -9999.0
53131 20120403  2.413 -111.17   32.24    23.6     5.0    14.3    15.5     0.0    25.98 C    44.2     4.7    20.9    26.2     7.4    13.7   0.043   0.051 -99.000 -99.000 -99.000    22.1    22.1 -9999.0 -9999.0 -9999.0
53131 20120404  2.413 -111.17   32.24    26.8     7.5    17.1    18.2     0.0    24.40 C    45.4     7.0    22.7    30.6     5.7    14.1   0.043   0.050 -99.000 -99.000 -99.000    23.4    23.4 -9999.0 -9999.0 -9999.0
53131 20120405  2.413 -111.17   32.24    30.1    10.5    20.3    21.0     0.0    25.26 C    46.4     9.9    24.5    24.2     4.6    12.2   0.042   0.049 -99.000 -99.000 -99.000    24.9    24.9 -9999.0 -9999.0 -9999.0
53131 20120406  2.413 -111.17   32.24    26.1    10.1    18.1    19.9     0.0    22.28 C    47.6     9.6    24.8    33.1     7.9    14.5   0.041   0.047 -99.000 -99.000 -99.000    25.7    25.8 -9999.0 -9999.0 -9999.0
53131 20120407  2.413 -111.17   32.24    29.9    10.5    20.2    21.1     0.0    23.25 C    50.7     9.7    24.6    18.8     5.8     9.7   0.040   0.045 -99.000 -99.000 -99.000    25.3    25.2 -9999.0 -9999.0 -9999.0
53131 20120408  2.413 -111.17   32.24    32.9    11.8    22.3    23.5     0.0    25.52 C    51.3    10.5    27.2    19.2     5.1     9.6   0.040   0.044 -99.000 -99.000 -99.000    26.8    26.7 -9999.0 -9999.0 -9999.0
53131 20120409  2.413 -111.17   32.24    32.7    14.0    23.3    24.3     0.0    25.52 C    53.3    13.3    28.5    18.7     4.7     8.9   0.040   0.042 -99.000 -99.000 -99.000    28.1    28.0 -9999.0 -9999.0 -9999.0
53131 20120410  2.413 -111.17   32.24    32.6    12.5    22.5    23.0     0.0    22.27 C    49.5    11.8    26.2    29.4     4.2    14.0   0.038   0.040 -99.000 -99.000 -99.000    27.4    27.5 -9999.0 -9999.0 -9999.0
53131 20120411  2.413 -111.17   32.24    25.1    12.6    18.8    19.3     0.0    22.49 C    43.0    12.9    23.0    46.6    16.7    29.9   0.037   0.038 -99.000 -99.000 -99.000    26.3    26.6 -9999.0 -9999.0 -9999.0
53131 20120412  2.413 -111.17   32.24    20.9     8.5    14.7    15.0     0.0    22.34 C    43.1     9.1    21.4    57.1    17.7    34.6   0.036   0.036 -99.000 -99.000 -99.000    24.8    24.9 -9999.0 -9999.0 -9999.0
53131 20120413  2.413 -111.17   32.24    24.5     6.5    15.5    16.7     0.0    26.95 C    45.6     6.7    22.6    39.0     5.1    17.7   0.036   0.035 -99.000 -99.000 -99.000    24.8    24.8 -9999.0 -9999.0 -9999.0
53131 20120414  2.413 -111.17   32.24    16.3     5.7    11.0    10.9     8.4    18.85 C    26.7     6.7    14.2    91.8    14.8    47.3   0.078   0.038 -99.000 -99.000 -99.000    19.6    20.3 -9999.0 -9999.0 -9999.0
53131 20120415  2.413 -111.17   32.24    18.6     4.0    11.3    11.8     0.0    26.95 C    37.6     3.9    17.7    84.0    24.0    46.5   0.081   0.045 -99.000 -99.000 -99.000    19.5    19.5 -9999.0 -9999.0 -9999.0
53131 20120416  2.413 -111.17   32.24    26.1     7.0    16.6    17.8     0.0    27.33 C    44.6     6.9    22.6    69.4    12.0    30.3   0.077   0.051 -99.000 -99.000 -99.000    22.5    22.6 -9999.0 -9999.0 -9999.0
53131 20120417  2.413 -111.17   32.24    32.0    10.1    21.0    22.4     0.0    27.79 C    49.0     9.6    26.3    48.5     3.4    17.6   0.074   0.056 -99.000 -99.000 -99.000    25.5    25.6 -9999.0 -9999.0 -9999.0
53131 20120418  2.413 -111.17   32.24    33.5    12.8    23.1    23.6     0.0    27.95 C    50.5    11.6    27.7    33.0     3.3    13.8   0.068   0.059 -99.000 -99.000 -99.000    27.3    27.5 -9999.0 -9999.0 -9999.0
53131 20120419  2.413 -111.17   32.24    31.8    14.3    23.1    24.7     0.0    27.20 C    50.2    12.2    28.4    22.1     5.8    10.2   0.061   0.060 -99.000 -99.000 -99.000    28.2    28.2 -9999.0 -9999.0 -9999.0
53131 20120420  2.413 -111.17   32.24    34.1    14.5    24.3    25.6     0.0    27.48 C    52.8    13.9    30.3    27.3     8.0    14.1   0.055   0.059 -99.000 -99.000 -99.000    29.6    29.5 -9999.0 -9999.0 -9999.0
53131 20120421  2.413 -111.17   32.24    36.2    15.7    25.9    27.5     0.0    27.59 C    55.4    15.0    31.9    31.2     5.7    14.1   0.050   0.057 -99.000 -99.000 -99.000    31.0    30.9 -9999.0 -9999.0 -9999.0
53131 20120422  2.413 -111.17   32.24    37.5    16.8    27.2    29.1     0.0    27.81 C    56.9    16.2    33.3    27.3     4.0    11.0   0.048   0.056 -99.000 -99.000 -99.000    32.1    32.0 -9999.0 -9999.0 -9999.0
53131 20120423  2.413 -111.17   32.24    37.4    20.5    28.9    28.5     0.0    25.29 C    56.6    18.0    32.4    25.6     6.5    13.5   0.046   0.052 -99.000 -99.000 -99.000    32.7    32.6 -9999.0 -9999.0 -9999.0
53131 20120424  2.413 -111.17   32.24    34.0    16.5    25.3    26.6     0.0    28.06 C    55.0    16.1    32.1    39.0     6.5    17.7   0.044   0.050 -99.000 -99.000 -99.000    32.5    32.4 -9999.0 -9999.0 -9999.0
53131 20120425  2.413 -111.17   32.24    34.2    17.9    26.1    26.5     0.0    16.74 C    47.8    18.0    29.0    22.8     5.7    12.6   0.042   0.046 -99.000 -99.000 -99.000    30.4    30.5 -9999.0 -9999.0 -9999.0
53131 20120426  2.413 -111.17   32.24    26.0    15.0    20.5    22.4     0.0    23.17 C    42.4    15.8    27.1    41.1    11.7    20.7   0.041   0.043 -99.000 -99.000 -99.000    29.7    29.8 -9999.0 -9999.0 -9999.0
53131 20120427  2.413 -111.17   32.24    27.7    10.8    19.2    20.6     0.0    28.42 C    49.5    11.3    27.4    51.5    14.0    27.9   0.039   0.041 -99.000 -99.000 -99.000    29.2    29.1 -9999.0 -9999.0 -9999.0
53131 20120428  2.413 -111.17   32.24    30.9    11.9    21.4    22.6     0.0    28.17 C    52.2    12.4    29.1    45.0     9.6    22.9   0.039   0.040 -99.000 -99.000 -99.000    30.2    30.0 -9999.0 -9999.0 -9999.0
53131 20120429  2.413 -111.17   32.24    31.1    14.3    22.7    24.1     0.0    28.18 C    52.8    14.4    30.2    38.7     8.4    20.4   0.038   0.039 -99.000 -99.000 -99.000    31.1    31.0 -9999.0 -9999.0 -9999.0
53131 20120430  2.413 -111.17   32.24    31.9    15.7    23.8    24.7     0.0    28.07 C    53.7    15.2    31.1    44.1    11.1    24.0   0.038   0.038 -99.000 -99.000 -99.000    31.8    31.6 -9999.0 -9999.0 -9999.0
53131 20120501  2.413 -111.17   32.24    32.5    15.9    24.2    24.8     0.0    28.99 C    52.6    14.9    30.8    37.1     5.8    19.3   0.037   0.037 -99.000 -99.000 -99.000    32.1    32.0 -9999.0 -9999.0 -9999.0
53131 20120502  2.413 -111.17   32.24    31.6    17.6    24.6    24.5     0.0    29.20 C    51.9    14.9    30.1    30.5     5.7    15.9   0.036   0.035 -99.000 -99.000 -99.000    31.8    31.8 -9999.0 -9999.0 -9999.0
53131 20120503  2.413 -111.17   32.24    33.6    15.9    24.8    25.1     0.0    29.03 C    53.7    14.7    30.6    30.6     4.4    14.5   0.035   0.034 -99.000 -99.000 -99.000    32.0    31.9 -9999.0 -9999.0 -9999.0
53131 20120504  2.413 -111.17   32.24    33.8    14.1    24.0    24.9     0.0    29.15 C    54.3    13.7    30.8    25.4     4.9    12.1   0.034   0.033 -99.000 -99.000 -99.000    32.3    32.1 -9999.0 -9999.0 -9999.0
53131 20120505  2.413 -111.17   32.24    34.0    15.5    24.7    25.2     0.0    28.94 C    52.6    14.2    30.1    25.5     3.1    11.7   0.033   0.032 -99.000 -99.000 -99.000    32.3    32.2 -9999.0 -9999.0 -9999.0
53131 20120506  2.413 -111.17   32.24    33.3    14.3    23.8    24.6     0.0    29.34 C    52.2    13.6    29.9    26.4     3.3    11.3   0.033   0.031 -99.000 -99.000 -99.000    32.1    32.1 -9999.0 -9999.0 -9999.0
53131 20120507  2.413 -111.17   32.24    30.6    12.4    21.5    22.8     0.0    29.42 C    51.8    11.0    28.4    16.3     3.6     6.7   0.033   0.029 -99.000 -99.000 -99.000    31.2    31.2 -9999.0 -9999.0 -9999.0
53131 20120508  2.413 -111.17   32.24    30.4    11.5    21.0    23.5     0.0    24.65 C    51.1    11.4    27.6    24.3     2.3     6.5   0.032   0.028 -99.000 -99.000 -99.000    30.4    30.4 -9999.0 -9999.0 -9999.0
53131 20120509  2.413 -111.17   32.24    26.8    14.1    20.5    21.1     0.0    16.36 C    41.1    14.1    23.5    50.8    13.6    32.0   0.032   0.026 -99.000 -99.000 -99.000    27.8    28.1 -9999.0 -9999.0 -9999.0
53131 20120510  2.413 -111.17   32.24    31.3    15.5    23.4    23.6     0.0    28.52 C    51.2    13.4    29.3    50.1    10.3    26.4   0.032   0.026 -99.000 -99.000 -99.000    30.0    29.6 -9999.0 -9999.0 -9999.0
53131 20120511  2.413 -111.17   32.24    34.7    17.1    25.9    26.4     0.0    29.26 C    55.3    15.3    31.8    31.9     4.5    14.8   0.033   0.028 -99.000 -99.000 -99.000    32.5    32.2 -9999.0 -9999.0 -9999.0
53131 20120512  2.413 -111.17   32.24    34.8    15.5    25.2    26.6     0.0    30.02 C    55.2    13.6    31.6    15.8     3.4     7.2   0.035   0.027 -99.000 -99.000 -99.000    32.9    32.7 -9999.0 -9999.0 -9999.0
53131 20120513  2.413 -111.17   32.24    36.2    15.5    25.8    28.0     0.0    29.61 C    56.3    15.2    33.1    18.6     3.6     7.9   0.034   0.027 -99.000 -99.000 -99.000    33.9    33.6 -9999.0 -9999.0 -9999.0
53131 20120514  2.413 -111.17   32.24    36.1    17.7    26.9    28.7     0.0    30.08 C    56.8    16.3    33.6    18.0     2.4     7.3   0.035   0.027 -99.000 -99.000 -99.000    34.6    34.4 -9999.0 -9999.0 -9999.0
53131 20120515  2.413 -111.17   32.24    36.9    23.0    30.0    30.8     0.0    29.52 C    54.9    21.2    34.5    23.9     5.5    11.3   0.034   0.026 -99.000 -99.000 -99.000    35.1    34.9 -9999.0 -9999.0 -9999.0
53131 20120516  2.413 -111.17   32.24    38.6    23.8    31.2    31.0     0.0    29.31 C    57.5    21.3    35.3    17.2     2.9     9.4   0.034   0.026 -99.000 -99.000 -99.000    36.2    36.0 -9999.0 -9999.0 -9999.0
53131 20120517  2.413 -111.17   32.24    37.3    17.3    27.3    29.2     0.0    29.98 C    56.2    17.2    34.1    20.7     2.6     9.5   0.032   0.026 -99.000 -99.000 -99.000    35.8    35.7 -9999.0 -9999.0 -9999.0
53131 20120518  2.413 -111.17   32.24    35.3    20.7    28.0    28.6     0.0    29.24 C    53.3    19.9    33.0    25.2     5.1    13.8   0.033   0.025 -99.000 -99.000 -99.000    35.7    35.6 -9999.0 -9999.0 -9999.0
53131 20120519  2.413 -111.17   32.24    33.7    15.5    24.6    25.8     0.0    29.94 C    55.2    15.3    32.3    26.6     4.4    13.0   0.031   0.024 -99.000 -99.000 -99.000    34.8    34.7 -9999.0 -9999.0 -9999.0
53131 20120520  2.413 -111.17   32.24    37.5    16.2    26.9    28.3     0.0    29.98 C    58.0    15.8    34.1    19.6     2.9     8.6   0.032   0.024 -99.000 -99.000 -99.000    35.4    35.2 -9999.0 -9999.0 -9999.0
53131 20120521  2.413 -111.17   32.24    40.4    18.3    29.4    30.6     0.0    30.48 C    60.1    17.2    35.6    15.0     0.7     6.2   0.031   0.024 -99.000 -99.000 -99.000    36.6    36.3 -9999.0 -9999.0 -9999.0
53131 20120522  2.413 -111.17   32.24    40.5    18.8    29.6    30.9     0.0    30.52 C    59.6    17.8    35.5    13.5     1.1     5.9   0.032   0.024 -99.000 -99.000 -99.000    37.0    36.8 -9999.0 -9999.0 -9999.0
53131 20120523  2.413 -111.17   32.24    38.0    21.6    29.8    30.6     0.0    29.96 C    53.4    18.6    33.7    14.8     2.4     7.5   0.031   0.023 -99.000 -99.000 -99.000    36.4    36.3 -9999.0 -9999.0 -9999.0
53131 20120524  2.413 -111.17   32.24    35.1    19.4    27.2    28.6     0.0    29.76 C    51.6    17.8    32.6    21.8     8.8    13.9   0.033   0.022 -99.000 -99.000 -99.000    35.9    35.8 -9999.0 -9999.0 -9999.0
53131 20120525  2.413 -111.17   32.24    34.2    22.3    28.3    27.8     0.0    29.76 C    49.2    19.5    31.6    24.5     8.7    15.1   0.032   0.022 -99.000 -99.000 -99.000    35.2    35.2 -9999.0 -9999.0 -9999.0
53131 20120526  2.413 -111.17   32.24    27.7    17.8    22.7    22.2     0.0    29.79 C    48.2    16.2    28.9    43.6     7.9    21.5   0.036   0.021 -99.000 -99.000 -99.000    33.7    33.8 -9999.0 -9999.0 -9999.0
53131 20120527  2.413 -111.17   32.24    28.2    10.8    19.5    21.4     0.0    31.21 C    51.2    11.0    28.4    23.2     4.1     9.8   0.036   0.020 -99.000 -99.000 -99.000    32.3    32.2 -9999.0 -9999.0 -9999.0
53131 20120528  2.413 -111.17   32.24    33.3    11.9    22.6    24.1     0.0    31.17 C    55.0    11.5    30.5    20.9     2.8     8.7   0.033   0.020 -99.000 -99.000 -99.000    33.1    32.9 -9999.0 -9999.0 -9999.0
53131 20120529  2.413 -111.17   32.24    36.3    14.5    25.4    26.9     0.0    31.14 C    56.8    13.6    32.4    15.0     2.3     6.3   0.035   0.021 -99.000 -99.000 -99.000    34.3    34.1 -9999.0 -9999.0 -9999.0
53131 20120530  2.413 -111.17   32.24    35.3    16.8    26.1    27.4     0.0    30.94 C    56.8    15.4    33.2    16.4     2.8     7.9   0.035   0.021 -99.000 -99.000 -99.000    35.1    34.9 -9999.0 -9999.0 -9999.0
53131 20120531  2.413 -111.17   32.24    38.3    19.1    28.7    30.2     0.0    28.73 C    54.9    17.3    33.9    15.7     2.1     6.8   0.034   0.021 -99.000 -99.000 -99.000    35.5    35.3 -9999.0 -9999.0 -9999.0
53131 20120601  2.413 -111.17   32.24    41.0    20.7    30.9    32.6     0.0    28.94 C    60.3    19.2    36.6    13.0     2.3     5.5   0.031   0.021 -99.000 -99.000 -99.000    37.3    37.0 -9999.0 -9999.0 -9999.0
53131 20120602  2.413 -111.17   32.24    38.2    20.7    29.5    30.6     0.0    23.71 C    56.7    19.6    33.8    16.2     3.5     8.2   0.033   0.021 -99.000 -99.000 -99.000    36.2    36.2 -9999.0 -9999.0 -9999.0
53131 20120603  2.413 -111.17   32.24    36.9    19.1    28.0    29.3     0.0    27.76 C    55.9    17.8    33.9    18.1     4.9    11.4   0.033   0.020 -99.000 -99.000 -99.000    36.1    35.9 -9999.0 -9999.0 -9999.0
53131 20120604  2.413 -111.17   32.24    37.3    20.7    29.0    29.9     0.0    30.35 C    57.7    18.0    35.1    19.5     4.9    10.9   0.029   0.021 -99.000 -99.000 -99.000    37.0    36.8 -9999.0 -9999.0 -9999.0
53131 20120605  2.413 -111.17   32.24    37.2    17.8    27.5    28.8     0.0    30.39 C    58.3    17.7    35.1    25.4     5.7    13.6   0.031   0.021 -99.000 -99.000 -99.000    37.2    37.0 -9999.0 -9999.0 -9999.0
53131 20120606  2.413 -111.17   32.24    38.8    17.6    28.2    29.2     0.0    30.85 C    57.0    17.5    34.9    32.0     1.7    12.8   0.033   0.021 -99.000 -99.000 -99.000    37.3    37.1 -9999.0 -9999.0 -9999.0
53131 20120607  2.413 -111.17   32.24    38.6    17.0    27.8    29.2     0.0    31.05 C    57.1    16.1    34.5    19.2     1.2     8.4   0.033   0.020 -99.000 -99.000 -99.000    37.0    36.9 -9999.0 -9999.0 -9999.0
53131 20120608  2.413 -111.17   32.24    38.9    18.3    28.6    29.9     0.0    30.92 C    58.3    18.0    35.3    27.5     1.9    11.2   0.032   0.020 -99.000 -99.000 -99.000    37.6    37.4 -9999.0 -9999.0 -9999.0
53131 20120609  2.413 -111.17   32.24    38.8    20.9    29.8    30.6     0.0    31.07 C    56.2    18.3    34.5    12.4     2.2     6.8   0.032   0.020 -99.000 -99.000 -99.000    37.4    37.3 -9999.0 -9999.0 -9999.0
53131 20120610  2.413 -111.17   32.24    37.2    20.5    28.8    29.8     0.0    30.36 C    57.3    18.7    35.1    21.7     6.5    11.0   0.033   0.020 -99.000 -99.000 -99.000    37.5    37.4 -9999.0 -9999.0 -9999.0
53131 20120611  2.413 -111.17   32.24    38.0    19.7    28.8    30.2     0.0    29.74 C    58.7    19.8    36.4    27.9     5.6    13.1   0.032   0.020 -99.000 -99.000 -99.000    38.2    38.0 -9999.0 -9999.0 -9999.0
53131 20120612  2.413 -111.17   32.24    39.0    19.6    29.3    30.9     0.0    30.11 C    59.6    19.1    36.7    23.4     3.7    10.3   0.032   0.020 -99.000 -99.000 -99.000    38.6    38.4 -9999.0 -9999.0 -9999.0
53131 20120613  2.413 -111.17   32.24    39.3    20.1    29.7    31.3     0.0    30.72 C    60.5    19.8    37.2    18.8     3.1     8.3   0.030   0.020 -99.000 -99.000 -99.000    39.1    38.9 -9999.0 -9999.0 -9999.0
53131 20120614  2.413 -111.17   32.24    37.8    20.6    29.2    30.2     0.0    30.50 C    57.7    19.0    35.8    22.2     4.3    11.7   0.032   0.020 -99.000 -99.000 -99.000    38.5    38.3 -9999.0 -9999.0 -9999.0
53131 20120615  2.413 -111.17   32.24    37.5    22.8    30.2    30.3     0.0    30.41 C    56.6    20.5    35.5    29.1     4.4    15.3   0.031   0.020 -99.000 -99.000 -99.000    38.3    38.3 -9999.0 -9999.0 -9999.0
53131 20120616  2.413 -111.17   32.24    37.9    19.3    28.6    27.7    11.4    23.79 C    60.9    19.6    31.2    77.0    13.4    26.1   0.043   0.044 -99.000 -99.000 -99.000    34.6    34.8 -9999.0 -9999.0 -9999.0
53131 20120617  2.413 -111.17   32.24    38.9    21.8    30.4    32.1     0.0    29.58 C    54.1    18.2    33.8    51.0     9.1    21.2   0.066   0.090 -99.000 -99.000 -99.000    33.4    33.4 -9999.0 -9999.0 -9999.0
53131 20120618  2.413 -111.17   32.24    39.7    21.9    30.8    33.1     0.0    30.00 C    56.2    21.5    36.6    45.8     5.5    15.2   0.067   0.087 -99.000 -99.000 -99.000    36.5    36.6 -9999.0 -9999.0 -9999.0
53131 20120619  2.413 -111.17   32.24    39.4    22.2    30.8    32.3     0.0    31.50 C    56.0    20.9    36.0    22.4     1.4     6.8   0.068   0.084 -99.000 -99.000 -99.000    37.3    37.4 -9999.0 -9999.0 -9999.0
53131 20120620  2.413 -111.17   32.24    40.0    18.4    29.2    31.3     0.0    31.25 C    58.3    18.4    36.1    21.8     2.1     6.4   0.061   0.080 -99.000 -99.000 -99.000    37.3    37.2 -9999.0 -9999.0 -9999.0
53131 20120621  2.413 -111.17   32.24    40.6    21.3    30.9    32.2     0.0    30.04 C    59.1    20.7    37.8    25.1     5.1    12.1   0.054   0.076 -99.000 -99.000 -99.000    38.4    38.2 -9999.0 -9999.0 -9999.0
53131 20120622  2.413 -111.17   32.24    40.7    23.2    32.0    33.2     0.0    29.30 C    59.9    23.2    38.9    34.7     9.1    17.4   0.048   0.072 -99.000 -99.000 -99.000    39.6    39.4 -9999.0 -9999.0 -9999.0
53131 20120623  2.413 -111.17   32.24    40.0    24.7    32.3    33.0     0.0    28.89 C    59.5    23.6    39.1    24.5    10.2    15.4   0.043   0.065 -99.000 -99.000 -99.000    40.0    39.7 -9999.0 -9999.0 -9999.0
53131 20120624  2.413 -111.17   32.24    37.9    26.4    32.1    31.4     0.0    23.21 C    60.5    26.4    37.5    47.0    18.6    31.5   0.042   0.060 -99.000 -99.000 -99.000    39.4    39.3 -9999.0 -9999.0 -9999.0
53131 20120625  2.413 -111.17   32.24    38.4    25.1    31.8    31.7     0.0    27.85 C    60.5    24.8    39.3    45.5    15.8    29.0   0.042   0.056 -99.000 -99.000 -99.000    40.0    39.6 -9999.0 -9999.0 -9999.0
53131 20120626  2.413 -111.17   32.24    39.6    26.6    33.1    31.2     0.4    23.17 C    62.7    26.8    37.4    60.2    16.0    34.6   0.042   0.053 -99.000 -99.000 -99.000    39.6    39.6 -9999.0 -9999.0 -9999.0
53131 20120627  2.413 -111.17   32.24    40.7    24.1    32.4    31.6     0.0    24.24 C    61.1    24.0    37.6    51.3    13.9    29.9   0.041   0.050 -99.000 -99.000 -99.000    38.9    38.5 -9999.0 -9999.0 -9999.0
53131 20120628  2.413 -111.17   32.24    39.6    25.5    32.5    32.7     0.0    28.72 C    59.9    25.0    39.9    44.5    16.4    28.3   0.040   0.048 -99.000 -99.000 -99.000    40.6    40.1 -9999.0 -9999.0 -9999.0
53131 20120629  2.413 -111.17   32.24    40.6    26.6    33.6    33.9     0.0    28.47 C    60.8    25.9    40.4    37.4    13.5    23.2   0.039   0.046 -99.000 -99.000 -99.000    41.3    40.9 -9999.0 -9999.0 -9999.0
53131 20120630  2.413 -111.17   32.24    39.4    26.5    33.0    33.2     0.0    28.53 C    58.8    26.1    39.6    45.9    11.5    23.8   0.038   0.043 -99.000 -99.000 -99.000    41.1    40.8 -9999.0 -9999.0 -9999.0
53131 20120701  2.413 -111.17   32.24    39.7    27.3    33.5    33.5     0.0    23.59 C    58.5    26.7    38.8    32.5     8.8    17.6   0.037   0.040 -99.000 -99.000 -99.000    40.4    40.2 -9999.0 -9999.0 -9999.0
53131 20120702  2.413 -111.17   32.24    39.0    25.7    32.3    31.6     0.0    24.96 C    61.8    26.2    38.0    39.4    14.7    27.2   0.036   0.038 -99.000 -99.000 -99.000    40.2    40.1 -9999.0 -9999.0 -9999.0
53131 20120703  2.413 -111.17   32.24    33.9    21.3    27.6    27.4     8.5    17.84 C    52.0    22.5    33.3    90.5    27.9    48.4   0.035   0.035 -99.000 -99.000 -99.000    36.8    37.1 -9999.0 -9999.0 -9999.0
53131 20120704  2.413 -111.17   32.24    27.3    19.9    23.6    22.5    17.9     9.63 C    33.7    19.8    24.3    92.8    54.7    79.4   0.088   0.100 -99.000 -99.000 -99.000    28.5    28.6 -9999.0 -9999.0 -9999.0
53131 20120705  2.413 -111.17   32.24    33.5    19.7    26.6    27.0     0.0    26.85 C    46.6    18.9    30.2    88.5    23.5    51.8   0.115   0.136 -99.000 -99.000 -99.000    30.3    30.3 -9999.0 -9999.0 -9999.0
53131 20120706  2.413 -111.17   32.24    36.1    23.0    29.5    29.9     0.0    28.14 C    52.2    22.9    34.5    67.1    13.9    33.0   0.099   0.117 -99.000 -99.000 -99.000    33.7    33.8 -9999.0 -9999.0 -9999.0
53131 20120707  2.413 -111.17   32.24    37.7    24.2    31.0    31.8     0.0    28.26 C    54.2    24.1    36.6    38.3     7.5    17.2   0.100   0.107 -99.000 -99.000 -99.000    35.8    35.8 -9999.0 -9999.0 -9999.0
53131 20120708  2.413 -111.17   32.24    38.2    26.3    32.2    31.5     0.0    19.80 C    57.7    26.6    36.3    47.9    18.3    31.3   0.091   0.098 -99.000 -99.000 -99.000    36.0    36.1 -9999.0 -9999.0 -9999.0
53131 20120709  2.413 -111.17   32.24    39.3    25.0    32.2    32.8     0.0    24.09 C    57.3    25.9    38.3    56.6    12.7    28.8   0.093   0.092 -99.000 -99.000 -99.000    37.2    37.2 -9999.0 -9999.0 -9999.0
53131 20120710  2.413 -111.17   32.24    39.9    26.5    33.2    32.8     1.3    25.73 C    59.5    26.6    38.6    60.9    14.9    30.0   0.082   0.088 -99.000 -99.000 -99.000    38.4    38.4 -9999.0 -9999.0 -9999.0
53131 20120711  2.413 -111.17   32.24    39.1    24.9    32.0    32.0     0.0    26.38 C    57.4    25.4    38.1    66.9    16.9    36.7   0.078   0.083 -99.000 -99.000 -99.000    37.8    37.7 -9999.0 -9999.0 -9999.0
53131 20120712  2.413 -111.17   32.24    39.0    24.3    31.7    29.6     0.7    21.37 C    60.1    25.9    36.1    80.7    17.4    48.7   0.069   0.079 -99.000 -99.000 -99.000    37.7    37.8 -9999.0 -9999.0 -9999.0
53131 20120713  2.413 -111.17   32.24    33.9    21.8    27.9    26.9     0.0    17.60 C    56.0    23.2    32.9    75.1    34.4    55.2   0.068   0.074 -99.000 -99.000 -99.000    34.7    34.8 -9999.0 -9999.0 -9999.0
53131 20120714  2.413 -111.17   32.24    31.1    22.4    26.7    26.0     0.6    10.66 C    46.5    23.8    29.7    86.5    43.0    64.1   0.066   0.069 -99.000 -99.000 -99.000    32.7    32.9 -9999.0 -9999.0 -9999.0
53131 20120715  2.413 -111.17   32.24    35.4    21.4    28.4    27.0     0.0    23.34 C    56.4    22.1    34.0    82.4    30.1    55.4   0.065   0.068 -99.000 -99.000 -99.000    34.6    34.4 -9999.0 -9999.0 -9999.0
53131 20120716  2.413 -111.17   32.24    35.0    22.9    28.9    28.8     0.0    21.40 C    56.0    23.0    34.2    62.1    25.7    39.6   0.060   0.066 -99.000 -99.000 -99.000    35.2    35.1 -9999.0 -9999.0 -9999.0
53131 20120717  2.413 -111.17   32.24    35.8    22.8    29.3    30.1     0.0    27.64 C    57.8    22.8    36.7    47.1    14.8    26.5   0.052   0.063 -99.000 -99.000 -99.000    37.0    36.8 -9999.0 -9999.0 -9999.0
53131 20120718  2.413 -111.17   32.24    37.2    21.3    29.2    31.0     0.0    28.46 C    57.9    21.8    37.3    40.0    11.0    19.2   0.046   0.059 -99.000 -99.000 -99.000    37.9    37.6 -9999.0 -9999.0 -9999.0
53131 20120719  2.413 -111.17   32.24    37.0    24.2    30.6    30.9     0.0    19.86 C    54.4    24.2    35.4    41.0    12.1    24.2   0.043   0.055 -99.000 -99.000 -99.000    36.8    36.7 -9999.0 -9999.0 -9999.0
53131 20120720  2.413 -111.17   32.24    37.2    22.3    29.8    28.5     2.4    21.73 C    58.2    23.0    34.7    83.7    20.2    44.7   0.043   0.052 -99.000 -99.000 -99.000    36.6    36.6 -9999.0 -9999.0 -9999.0
53131 20120721  2.413 -111.17   32.24    36.6    22.0    29.3    27.5     0.0    20.28 C    57.6    21.4    32.3    81.4    25.4    52.8   0.054   0.050 -99.000 -99.000 -99.000    34.0    34.2 -9999.0 -9999.0 -9999.0
53131 20120722  2.413 -111.17   32.24    33.7    23.0    28.3    26.0     1.7    13.19 C    54.4    23.5    29.3    86.4    33.0    62.4   0.059   0.051 -99.000 -99.000 -99.000    32.2    32.5 -9999.0 -9999.0 -9999.0
53131 20120723  2.413 -111.17   32.24    37.0    23.2    30.1    29.5     0.0    26.47 C    56.4    21.4    35.5    68.1    21.8    44.5   0.060   0.052 -99.000 -99.000 -99.000    34.9    34.5 -9999.0 -9999.0 -9999.0
53131 20120724  2.413 -111.17   32.24    35.4    25.7    30.6    29.2     0.0    17.97 C    55.6    25.4    33.8    57.3    25.5    41.1   0.053   0.052 -99.000 -99.000 -99.000    35.3    35.4 -9999.0 -9999.0 -9999.0
53131 20120725  2.413 -111.17   32.24    37.2    24.7    31.0    30.9     0.0    25.25 C    57.0    24.7    36.9    54.2    15.4    29.1   0.045   0.050 -99.000 -99.000 -99.000    37.0    36.6 -9999.0 -9999.0 -9999.0
53131 20120726  2.413 -111.17   32.24    36.7    25.1    30.9    30.9     0.0    25.58 C    55.7    25.6    37.3    45.5    16.9    28.8   0.044   0.048 -99.000 -99.000 -99.000    38.1    37.8 -9999.0 -9999.0 -9999.0
53131 20120727  2.413 -111.17   32.24    37.5    25.3    31.4    31.3     0.0    20.08 C    53.7    25.7    36.5    51.4    16.7    29.5   0.045   0.045 -99.000 -99.000 -99.000    37.4    37.3 -9999.0 -9999.0 -9999.0
53131 20120728  2.413 -111.17   32.24    35.5    21.5    28.5    27.2    10.9    17.33 C    59.2    24.2    33.3    90.9    28.8    58.0   0.054   0.052 -99.000 -99.000 -99.000    35.3    35.3 -9999.0 -9999.0 -9999.0
53131 20120729  2.413 -111.17   32.24    33.0    21.9    27.5    24.6    17.9    15.34 C    45.2    21.9    26.9    89.6    38.3    74.7   0.080   0.113 -99.000 -99.000 -99.000    29.5    29.6 -9999.0 -9999.0 -9999.0
53131 20120730  2.413 -111.17   32.24    34.0    21.1    27.5    27.7     0.0    26.90 C    46.4    21.1    30.9    90.1    25.8    52.5   0.094   0.133 -99.000 -99.000 -99.000    30.4    30.5 -9999.0 -9999.0 -9999.0
53131 20120731  2.413 -111.17   32.24    35.1    22.6    28.8    28.5     0.0    24.85 C    51.4    21.2    33.3    63.0    25.1    42.7   0.092   0.112 -99.000 -99.000 -99.000    32.5    32.6 -9999.0 -9999.0 -9999.0
53131 20120801  2.413 -111.17   32.24    35.4    22.1    28.7    29.3     0.0    27.19 C    54.4    22.8    35.7    77.4    15.2    39.7   0.094   0.102 -99.000 -99.000 -99.000    35.0    35.0 -9999.0 -9999.0 -9999.0
53131 20120802  2.413 -111.17   32.24    37.2    22.5    29.8    30.5     0.0    25.89 C    55.8    23.3    36.3    57.4    17.7    30.6   0.089   0.095 -99.000 -99.000 -99.000    36.0    36.1 -9999.0 -9999.0 -9999.0
53131 20120803  2.413 -111.17   32.24    38.3    23.2    30.7    30.9     0.0    27.09 C    56.8    23.2    37.2    40.7    14.2    25.3   0.084   0.090 -99.000 -99.000 -99.000    36.8    36.7 -9999.0 -9999.0 -9999.0
53131 20120804  2.413 -111.17   32.24    38.1    22.9    30.5    31.5     0.0    23.55 C    57.2    23.8    37.1    49.1    14.0    25.8   0.075   0.086 -99.000 -99.000 -99.000    36.8    36.7 -9999.0 -9999.0 -9999.0
53131 20120805  2.413 -111.17   32.24    38.2    23.0    30.6    30.8     4.7    24.61 C    58.4    24.5    37.5    74.1    18.6    35.9   0.069   0.082 -99.000 -99.000 -99.000    37.4    37.4 -9999.0 -9999.0 -9999.0
53131 20120806  2.413 -111.17   32.24    38.8    23.1    30.9    30.0     0.0    23.92 C    55.8    22.4    34.5    77.4    19.3    46.5   0.078   0.078 -99.000 -99.000 -99.000    34.9    35.1 -9999.0 -9999.0 -9999.0
53131 20120807  2.413 -111.17   32.24    38.9    23.6    31.2    32.4     0.0    27.01 C    56.9    23.9    38.0    63.8    17.6    34.2   0.079   0.079 -99.000 -99.000 -99.000    36.9    36.8 -9999.0 -9999.0 -9999.0
53131 20120808  2.413 -111.17   32.24    40.8    27.9    34.3    33.6     0.0    26.63 C    60.1    28.3    40.2    50.9    15.6    30.2   0.072   0.078 -99.000 -99.000 -99.000    39.2    39.0 -9999.0 -9999.0 -9999.0
53131 20120809  2.413 -111.17   32.24    40.1    27.1    33.6    33.5     0.0    26.55 C    59.3    26.8    40.1    53.0    13.6    30.7   0.063   0.073 -99.000 -99.000 -99.000    39.5    39.3 -9999.0 -9999.0 -9999.0
53131 20120810  2.413 -111.17   32.24    41.2    24.5    32.8    33.3     0.0    25.60 C    59.8    25.2    39.2    61.6    11.7    28.8   0.056   0.068 -99.000 -99.000 -99.000    39.3    39.2 -9999.0 -9999.0 -9999.0
53131 20120811  2.413 -111.17   32.24    40.5    23.1    31.8    30.8     3.7    16.36 C    62.1    24.9    33.4    73.5    15.5    37.1   0.050   0.062 -99.000 -99.000 -99.000    35.7    36.1 -9999.0 -9999.0 -9999.0
53131 20120812  2.413 -111.17   32.24    42.2    22.9    32.5    33.0     0.0    26.20 C    58.4    21.4    36.4    68.8     9.1    29.3   0.064   0.061 -99.000 -99.000 -99.000    35.9    35.8 -9999.0 -9999.0 -9999.0
53131 20120813  2.413 -111.17   32.24    42.5    25.5    34.0    34.0     0.0    22.51 C    60.9    25.0    38.2    46.2    10.2    24.6   0.061   0.061 -99.000 -99.000 -99.000    38.2    38.1 -9999.0 -9999.0 -9999.0
53131 20120814  2.413 -111.17   32.24    40.6    24.3    32.4    32.0     0.3    22.93 C    59.8    25.6    38.0    67.8    13.9    30.6   0.048   0.058 -99.000 -99.000 -99.000    38.9    38.8 -9999.0 -9999.0 -9999.0
53131 20120815  2.413 -111.17   32.24    35.3    23.9    29.6    29.5     0.0    23.71 C    55.9    24.9    36.6    66.0    25.0    41.6   0.042   0.055 -99.000 -99.000 -99.000    37.7    37.5 -9999.0 -9999.0 -9999.0
53131 20120816  2.413 -111.17   32.24    32.2    25.2    28.7    28.0     0.0    13.25 C    48.7    26.9    33.4    56.8    38.2    48.7   0.038   0.051 -99.000 -99.000 -99.000    35.7    35.7 -9999.0 -9999.0 -9999.0
53131 20120817  2.413 -111.17   32.24    30.6    22.0    26.3    24.8     0.5     9.20 C    42.8    22.6    28.5    91.4    45.9    71.9   0.036   0.047 -99.000 -99.000 -99.000    32.1    32.5 -9999.0 -9999.0 -9999.0
53131 20120818  2.413 -111.17   32.24    33.6    22.0    27.8    27.7     0.0    24.29 C    55.4    22.6    35.3    80.8    34.6    56.9   0.040   0.049 -99.000 -99.000 -99.000    34.9    34.5 -9999.0 -9999.0 -9999.0
53131 20120819  2.413 -111.17   32.24    37.3    23.8    30.5    29.4     0.0    23.53 C    57.0    24.8    36.9    80.2    24.8    52.4   0.039   0.049 -99.000 -99.000 -99.000    37.0    36.7 -9999.0 -9999.0 -9999.0
53131 20120820  2.413 -111.17   32.24    37.5    24.1    30.8    29.5     0.0    25.14 C    57.6    25.3    37.8    74.0    24.9    50.4   0.039   0.047 -99.000 -99.000 -99.000    38.0    37.8 -9999.0 -9999.0 -9999.0
53131 20120821  2.413 -111.17   32.24    36.0    19.2    27.6    27.5    40.3    20.47 C    58.4    18.6    34.2    88.5    33.2    60.5   0.066   0.084 -99.000 -99.000 -99.000    35.6    35.5 -9999.0 -9999.0 -9999.0
53131 20120822  2.413 -111.17   32.24    29.0    20.0    24.5    23.8    19.5    10.17 C    36.9    21.4    25.5    94.1    51.3    76.5   0.117   0.169 -99.000 -99.000 -99.000    27.8    28.0 -9999.0 -9999.0 -9999.0
53131 20120823  2.413 -111.17   32.24    31.2    22.7    26.9    26.5     0.0    22.57 C    42.1    22.4    29.7    93.0    46.8    68.2   0.106   0.156 -99.000 -99.000 -99.000    29.7    29.8 -9999.0 -9999.0 -9999.0
53131 20120824  2.413 -111.17   32.24    33.4    22.0    27.7    27.8     0.0    23.23 C    48.6    21.4    31.4    85.0    24.8    53.1   0.087   0.131 -99.000 -99.000 -99.000    30.7    30.9 -9999.0 -9999.0 -9999.0
53131 20120825  2.413 -111.17   32.24    34.7    22.0    28.4    28.6     0.0    25.38 C    52.0    21.6    33.7    74.7    23.2    45.1   0.093   0.117 -99.000 -99.000 -99.000    32.7    32.7 -9999.0 -9999.0 -9999.0
53131 20120826  2.413 -111.17   32.24    35.9    22.6    29.3    30.0     0.0    25.18 C    53.6    22.8    35.6    68.9    21.8    39.6   0.094   0.108 -99.000 -99.000 -99.000    34.4    34.4 -9999.0 -9999.0 -9999.0
53131 20120827  2.413 -111.17   32.24    38.1    24.2    31.1    30.0     9.4    23.21 C    56.9    24.9    35.4    78.2    20.7    44.8   0.093   0.115 -99.000 -99.000 -99.000    34.9    35.0 -9999.0 -9999.0 -9999.0
53131 20120828  2.413 -111.17   32.24    37.1    23.5    30.3    30.9     0.0    24.68 C    50.2    22.0    32.0    75.6    13.5    34.5   0.087   0.135 -99.000 -99.000 -99.000    31.9    32.0 -9999.0 -9999.0 -9999.0
53131 20120829  2.413 -111.17   32.24    37.1    20.9    29.0    29.6     0.0    25.04 C    53.7    21.4    34.1    82.7    13.6    39.3   0.086   0.114 -99.000 -99.000 -99.000    33.1    33.1 -9999.0 -9999.0 -9999.0
53131 20120830  2.413 -111.17   32.24    35.2    22.3    28.8    27.8     0.0    22.15 C    52.8    23.6    33.9    77.9    25.6    51.1   0.085   0.103 -99.000 -99.000 -99.000    34.1    34.2 -9999.0 -9999.0 -9999.0
53131 20120831  2.413 -111.17   32.24    35.4    21.9    28.6    27.9     0.0    21.84 C    53.5    23.3    34.2    71.5    28.8    49.6   0.079   0.095 -99.000 -99.000 -99.000    34.1    34.1 -9999.0 -9999.0 -9999.0
53131 20120901  2.413 -111.17   32.24    37.9    22.7    30.3    29.9     0.0    21.81 C    55.2    24.1    35.9    71.5    21.0    44.1   0.075   0.091 -99.000 -99.000 -99.000    35.5    35.4 -9999.0 -9999.0 -9999.0
53131 20120902  2.413 -111.17   32.24    37.8    23.2    30.5    29.1     0.0    22.78 C    55.8    24.5    35.6    70.9    22.6    47.4   0.067   0.086 -99.000 -99.000 -99.000    36.0    35.9 -9999.0 -9999.0 -9999.0
53131 20120903  2.413 -111.17   32.24    34.6    22.0    28.3    28.3     0.0    23.35 C    54.4    23.5    34.9    74.2    29.2    47.6   0.062   0.082 -99.000 -99.000 -99.000    35.6    35.5 -9999.0 -9999.0 -9999.0
53131 20120904  2.413 -111.17   32.24    31.8    21.2    26.5    26.2     0.0    15.67 C    49.0    25.4    32.3    77.2    37.0    55.9   0.057   0.076 -99.000 -99.000 -99.000    34.0    34.0 -9999.0 -9999.0 -9999.0
53131 20120905  2.413 -111.17   32.24    33.3    22.5    27.9    27.9     0.0    20.78 C    52.2    23.9    34.3    81.9    35.3    55.4   0.050   0.073 -99.000 -99.000 -99.000    34.8    34.6 -9999.0 -9999.0 -9999.0
53131 20120906  2.413 -111.17   32.24    33.7    19.6    26.7    25.4     9.8    15.10 C    55.5    24.1    30.5    90.0    36.9    70.0   0.057   0.087 -99.000 -99.000 -99.000    32.4    32.6 -9999.0 -9999.0 -9999.0
53131 20120907  2.413 -111.17   32.24    27.1    20.4    23.7    23.8     1.6    16.63 C    38.0    22.6    27.3    94.0    64.4    78.9   0.072   0.130 -99.000 -99.000 -99.000    28.9    29.0 -9999.0 -9999.0 -9999.0
53131 20120908  2.413 -111.17   32.24    31.6    22.5    27.1    26.3     0.0    14.53 C    40.8    23.0    28.5    89.5    36.5    58.2   0.062   0.113 -99.000 -99.000 -99.000    28.8    29.0 -9999.0 -9999.0 -9999.0
53131 20120909  2.413 -111.17   32.24    33.4    21.7    27.6    26.5     0.0    16.99 C    49.8    22.2    29.9    78.8    27.9    46.8   0.074   0.101 -99.000 -99.000 -99.000    30.2    30.3 -9999.0 -9999.0 -9999.0
53131 20120910  2.413 -111.17   32.24    32.0    20.6    26.3    23.9     2.6    14.33 C    48.3    21.4    27.4    91.7    35.2    66.5   0.072   0.094 -99.000 -99.000 -99.000    29.1    29.4 -9999.0 -9999.0 -9999.0
53131 20120911  2.413 -111.17   32.24    26.9    19.1    23.0    22.3     4.7    10.13 C    37.6    20.4    24.1    90.9    50.9    74.3   0.069   0.092 -99.000 -99.000 -99.000    26.0    26.1 -9999.0 -9999.0 -9999.0
53131 20120912  2.413 -111.17   32.24    30.0    19.4    24.7    24.3     0.0    21.97 C    44.3    19.5    28.5    94.8    40.6    66.1   0.070   0.101 -99.000 -99.000 -99.000    28.5    28.5 -9999.0 -9999.0 -9999.0
53131 20120913  2.413 -111.17   32.24    32.6    18.8    25.7    26.1     0.0    23.57 C    49.5    18.9    31.0    85.9    26.0    51.2   0.078   0.098 -99.000 -99.000 -99.000    30.3    30.4 -9999.0 -9999.0 -9999.0
53131 20120914  2.413 -111.17   32.24    30.3    21.1    25.7    25.4     0.0    23.46 C    46.4    19.2    29.3    44.6    24.0    33.4   0.074   0.093 -99.000 -99.000 -99.000    30.4    30.6 -9999.0 -9999.0 -9999.0
53131 20120915  2.413 -111.17   32.24    31.7    20.3    26.0    25.1     0.0    23.81 C    48.1    18.1    29.2    38.9    15.2    27.5   0.070   0.088 -99.000 -99.000 -99.000    30.2    30.4 -9999.0 -9999.0 -9999.0
53131 20120916  2.413 -111.17   32.24    33.3    16.2    24.8    25.7     0.0    23.78 C    49.8    16.6    29.9    56.5    13.7    27.6   0.065   0.084 -99.000 -99.000 -99.000    30.7    30.7 -9999.0 -9999.0 -9999.0
53131 20120917  2.413 -111.17   32.24    32.5    17.7    25.1    25.6     0.0    23.08 C    51.3    18.5    31.0    70.5    19.2    40.8   0.060   0.081 -99.000 -99.000 -99.000    31.5    31.5 -9999.0 -9999.0 -9999.0
53131 20120918  2.413 -111.17   32.24    34.8    18.9    26.8    27.4     0.0    23.08 C    52.4    19.1    32.5    73.0    16.1    38.7   0.056   0.077 -99.000 -99.000 -99.000    32.4    32.4 -9999.0 -9999.0 -9999.0
53131 20120919  2.413 -111.17   32.24    36.6    19.6    28.1    29.0     0.0    23.39 C    53.1    19.2    32.7    47.9     7.1    22.3   0.052   0.073 -99.000 -99.000 -99.000    33.0    33.0 -9999.0 -9999.0 -9999.0
53131 20120920  2.413 -111.17   32.24    37.1    20.5    28.8    29.5     0.0    22.37 C    55.6    21.4    33.9    44.8     8.7    20.1   0.043   0.069 -99.000 -99.000 -99.000    34.1    33.9 -9999.0 -9999.0 -9999.0
53131 20120921  2.413 -111.17   32.24    37.4    21.3    29.4    29.6     0.0    22.40 C    54.7    22.5    34.1    47.2     8.8    19.6   0.040   0.064 -99.000 -99.000 -99.000    34.4    34.2 -9999.0 -9999.0 -9999.0
53131 20120922  2.413 -111.17   32.24    38.2    22.7    30.4    29.7     0.0    18.60 C    56.1    22.5    33.0    32.5     7.3    18.3   0.038   0.060 -99.000 -99.000 -99.000    34.0    34.0 -9999.0 -9999.0 -9999.0
53131 20120923  2.413 -111.17   32.24    37.6    20.3    29.0    29.6     0.0    19.91 C    53.2    20.6    32.4    41.3     7.4    19.4   0.041   0.058 -99.000 -99.000 -99.000    33.6    33.5 -9999.0 -9999.0 -9999.0
53131 20120924  2.413 -111.17   32.24    35.5    20.5    28.0    28.2     0.0    19.24 C    54.3    20.3    31.6    37.6    10.4    22.1   0.043   0.056 -99.000 -99.000 -99.000    32.9    32.9 -9999.0 -9999.0 -9999.0
53131 20120925  2.413 -111.17   32.24    34.1    19.4    26.8    27.3     0.0    21.24 C    53.2    19.0    31.7    48.0    14.8    26.9   0.043   0.054 -99.000 -99.000 -99.000    32.9    32.9 -9999.0 -9999.0 -9999.0
53131 20120926  2.413 -111.17   32.24    33.3    18.7    26.0    26.6     0.0    21.81 C    51.1    18.9    31.7    64.9    12.2    30.9   0.043   0.053 -99.000 -99.000 -99.000    32.9    32.9 -9999.0 -9999.0 -9999.0
53131 20120927  2.413 -111.17   32.24    32.8    19.6    26.2    26.0     0.0    19.39 C    48.8    19.5    30.4    45.9    16.2    29.5   0.042   0.051 -99.000 -99.000 -99.000    32.1    32.1 -9999.0 -9999.0 -9999.0
53131 20120928  2.413 -111.17   32.24    30.8    21.4    26.1    25.0     0.0    16.23 C    47.2    21.1    29.4    54.2    21.0    37.6   0.040   0.049 -99.000 -99.000 -99.000    31.5    31.6 -9999.0 -9999.0 -9999.0
53131 20120929  2.413 -111.17   32.24    33.4    20.7    27.0    26.7     0.0    21.34 C    51.0    18.8    30.7    46.1    17.2    30.4   0.041   0.048 -99.000 -99.000 -99.000    31.7    31.6 -9999.0 -9999.0 -9999.0
53131 20120930  2.413 -111.17   32.24    35.3    18.2    26.8    27.2     0.0    21.57 C    52.1    17.4    30.7    46.3     8.3    23.7   0.039   0.047 -99.000 -99.000 -99.000    31.8    31.8 -9999.0 -9999.0 -9999.0
53131 20121001  2.413 -111.17   32.24    36.2    16.6    26.4    27.8     0.0    21.92 C    52.9    16.0    31.0    33.0     5.7    15.4   0.040   0.046 -99.000 -99.000 -99.000    31.9    31.9 -9999.0 -9999.0 -9999.0
53131 20121002  2.413 -111.17   32.24    37.2    22.3    29.7    29.2     0.0    21.49 C    53.5    19.6    31.6    21.8     6.2    13.5   0.039   0.045 -99.000 -99.000 -99.000    32.5    32.6 -9999.0 -9999.0 -9999.0
53131 20121003  2.413 -111.17   32.24    36.3    17.4    26.9    27.6     0.0    21.36 C    52.2    17.1    30.6    31.4     6.8    15.0   0.037   0.043 -99.000 -99.000 -99.000    32.0    32.0 -9999.0 -9999.0 -9999.0
53131 20121004  2.413 -111.17   32.24    34.8    17.5    26.1    26.7     0.0    21.19 C    51.3    16.8    29.7    32.5    10.5    18.7   0.037   0.042 -99.000 -99.000 -99.000    31.5    31.6 -9999.0 -9999.0 -9999.0
53131 20121005  2.413 -111.17   32.24    33.4    16.7    25.0    25.2     0.0    21.09 C    50.2    15.3    28.7    35.1     8.7    19.2   0.036   0.041 -99.000 -99.000 -99.000    30.8    30.9 -9999.0 -9999.0 -9999.0
53131 20121006  2.413 -111.17   32.24    31.5    16.1    23.8    24.6     0.0    18.72 C    48.2    15.8    27.5    38.1     9.5    20.0   0.036   0.039 -99.000 -99.000 -99.000    29.9    30.0 -9999.0 -9999.0 -9999.0
53131 20121007  2.413 -111.17   32.24    32.0    17.5    24.8    24.5     0.0    20.35 C    49.3    16.6    29.0    41.7    13.5    24.8   0.035   0.039 -99.000 -99.000 -99.000    30.3    30.3 -9999.0 -9999.0 -9999.0
53131 20121008  2.413 -111.17   32.24    32.6    15.7    24.2    24.5     0.0    19.78 C    48.9    15.9    28.3    40.7    11.3    23.6   0.036   0.038 -99.000 -99.000 -99.000    30.1    30.0 -9999.0 -9999.0 -9999.0
53131 20121009  2.413 -111.17   32.24    32.4    15.8    24.1    24.2     0.0    20.55 C    49.0    15.6    28.2    46.0     7.5    24.0   0.041   0.037 -99.000 -99.000 -99.000    29.9    29.9 -9999.0 -9999.0 -9999.0
53131 20121010  2.413 -111.17   32.24    31.7    14.7    23.2    24.0     0.0    20.24 C    47.8    15.2    27.5    46.5    12.0    25.5   0.038   0.036 -99.000 -99.000 -99.000    29.3    29.4 -9999.0 -9999.0 -9999.0
53131 20121011  2.413 -111.17   32.24    29.3    17.3    23.3    23.4     0.0    12.46 C    42.4    17.4    25.5    46.0    19.2    35.7   0.035   0.035 -99.000 -99.000 -99.000    28.0    28.2 -9999.0 -9999.0 -9999.0
53131 20121012  2.413 -111.17   32.24    22.9    14.8    18.8    18.4     0.0    18.77 C    43.2    13.7    23.4    68.2    26.9    41.9   0.034   0.035 -99.000 -99.000 -99.000    27.0    27.2 -9999.0 -9999.0 -9999.0
53131 20121013  2.413 -111.17   32.24    24.1     8.7    16.4    17.5     0.0    20.01 C    42.2     9.2    22.1    60.6    19.6    34.3   0.036   0.033 -99.000 -99.000 -99.000    25.3    25.4 -9999.0 -9999.0 -9999.0
53131 20121014  2.413 -111.17   32.24    31.8    11.2    21.5    22.2     0.0    20.07 C    46.5    10.6    24.8    49.4     6.8    23.4   0.039   0.033 -99.000 -99.000 -99.000    26.3    26.2 -9999.0 -9999.0 -9999.0
53131 20121015  2.413 -111.17   32.24    33.1    18.3    25.7    25.9     0.0    19.32 C    48.2    15.7    27.2    21.9     4.4    12.1   0.038   0.034 -99.000 -99.000 -99.000    28.0    27.9 -9999.0 -9999.0 -9999.0
53131 20121016  2.413 -111.17   32.24    31.4    13.7    22.6    22.8     0.0    17.92 C    48.6    12.8    25.0    37.4     6.3    19.1   0.037   0.033 -99.000 -99.000 -99.000    27.2    27.3 -9999.0 -9999.0 -9999.0
53131 20121017  2.413 -111.17   32.24    31.2    15.6    23.4    24.0     0.0    17.70 C    48.0    13.5    25.9    37.5    11.8    23.2   0.038   0.033 -99.000 -99.000 -99.000    27.4    27.3 -9999.0 -9999.0 -9999.0
53131 20121018  2.413 -111.17   32.24    28.9    19.1    24.0    23.6     0.0    18.21 C    46.6    17.4    27.2    77.1    27.2    49.1   0.033   0.035 -99.000 -99.000 -99.000    28.4    28.3 -9999.0 -9999.0 -9999.0
53131 20121019  2.413 -111.17   32.24    31.4    15.3    23.4    24.3     0.0    18.73 C    47.2    14.7    27.3    70.7    13.9    34.4   0.035   0.035 -99.000 -99.000 -99.000    28.4    28.3 -9999.0 -9999.0 -9999.0
53131 20121020  2.413 -111.17   32.24    31.7    16.0    23.9    23.4     0.0    18.41 C    47.2    14.9    26.7    44.5    16.2    27.5   0.033   0.035 -99.000 -99.000 -99.000    28.3    28.3 -9999.0 -9999.0 -9999.0
53131 20121021  2.413 -111.17   32.24    28.6    16.5    22.5    22.3     0.0    15.80 C    42.3    14.6    23.4    45.2    17.7    29.9   0.036   0.033 -99.000 -99.000 -99.000    26.5    26.7 -9999.0 -9999.0 -9999.0
53131 20121022  2.413 -111.17   32.24    28.6    12.5    20.5    20.7     0.0    18.40 C    44.3    11.8    24.0    69.0    17.4    39.7   0.040   0.033 -99.000 -99.000 -99.000    26.1    26.1 -9999.0 -9999.0 -9999.0
53131 20121023  2.413 -111.17   32.24    29.3    13.1    21.2    21.8     0.0    17.37 C    46.2    12.4    24.9    63.3    18.7    35.8   0.041   0.033 -99.000 -99.000 -99.000    26.5    26.5 -9999.0 -9999.0 -9999.0
53131 20121024  2.413 -111.17   32.24    27.7    13.6    20.6    20.9     0.0    18.18 C    43.0    13.2    24.0    54.7    12.7    29.9   0.036   0.033 -99.000 -99.000 -99.000    26.5    26.6 -9999.0 -9999.0 -9999.0
53131 20121025  2.413 -111.17   32.24    25.9     8.7    17.3    18.2     0.0    18.35 C    41.1     8.5    20.8    41.6     5.1    19.3   0.038   0.031 -99.000 -99.000 -99.000    24.2    24.3 -9999.0 -9999.0 -9999.0
53131 20121026  2.413 -111.17   32.24    27.0    10.4    18.7    19.1     0.0    18.39 C    41.2     8.6    20.9    23.7     7.2    13.2   0.042   0.030 -99.000 -99.000 -99.000    23.6    23.7 -9999.0 -9999.0 -9999.0
53131 20121027  2.413 -111.17   32.24    29.7    11.7    20.7    21.1     0.0    17.85 C    43.3    10.9    22.5    26.8     9.8    17.7   0.044   0.031 -99.000 -99.000 -99.000    24.4    24.4 -9999.0 -9999.0 -9999.0
53131 20121028  2.413 -111.17   32.24    31.2    12.9    22.1    23.1     0.0    17.57 C    45.2    12.0    24.1    32.3     9.7    17.5   0.044   0.031 -99.000 -99.000 -99.000    25.3    25.3 -9999.0 -9999.0 -9999.0
53131 20121029  2.413 -111.17   32.24    30.8    13.6    22.2    22.7     0.0    17.33 C    45.1    12.0    24.1    33.5    10.8    20.0   0.044   0.031 -99.000 -99.000 -99.000    25.6    25.6 -9999.0 -9999.0 -9999.0
53131 20121030  2.413 -111.17   32.24    30.6    13.3    21.9    21.7     0.0    17.36 C    44.4    11.5    23.5    36.2     6.9    21.2   0.045   0.031 -99.000 -99.000 -99.000    25.4    25.5 -9999.0 -9999.0 -9999.0
53131 20121031  2.413 -111.17   32.24    30.6    12.4    21.5    21.2     0.0    17.29 C    43.8    10.5    23.0    33.3     7.3    18.8   0.045   0.030 -99.000 -99.000 -99.000    25.0    25.0 -9999.0 -9999.0 -9999.0
53131 20121101  2.413 -111.17   32.24    30.8    12.5    21.6    21.9     0.0    16.79 C    43.7    10.7    22.9    26.7     7.7    15.8   0.044   0.030 -99.000 -99.000 -99.000    24.8    24.9 -9999.0 -9999.0 -9999.0
53131 20121102  2.413 -111.17   32.24    27.9    12.0    20.0    20.0     0.0    14.80 C    41.6    11.2    21.8    33.6    14.6    22.3   0.044   0.029 -99.000 -99.000 -99.000    24.3    24.4 -9999.0 -9999.0 -9999.0
53131 20121103  2.413 -111.17   32.24    27.5    13.5    20.5    21.1     0.0    15.11 C    41.3    11.5    22.2    46.8    17.1    27.9   0.041   0.029 -99.000 -99.000 -99.000    24.0    24.1 -9999.0 -9999.0 -9999.0
53131 20121104  2.413 -111.17   32.24    29.5    12.0    20.7    21.5     0.0    16.15 C    42.6    10.6    22.6    42.3    11.9    23.1   0.039   0.029 -99.000 -99.000 -99.000    24.3    24.4 -9999.0 -9999.0 -9999.0
53131 20121105  2.413 -111.17   32.24    30.4    12.4    21.4    22.4     0.0    16.35 C    43.6    10.6    22.8    32.9     7.8    16.0   0.040   0.029 -99.000 -99.000 -99.000    24.4    24.5 -9999.0 -9999.0 -9999.0
53131 20121106  2.413 -111.17   32.24    31.5    12.6    22.1    22.2     0.0    16.23 C    43.8    10.5    22.7    27.2     6.8    14.9   0.041   0.029 -99.000 -99.000 -99.000    24.3    24.4 -9999.0 -9999.0 -9999.0
53131 20121107  2.413 -111.17   32.24    32.2    12.8    22.5    22.7     0.0    15.84 C    44.1    11.0    23.3    27.5     7.1    16.0   0.040   0.028 -99.000 -99.000 -99.000    24.5    24.6 -9999.0 -9999.0 -9999.0
53131 20121108  2.413 -111.17   32.24    28.8    15.3    22.0    21.2     0.3    13.37 C    42.1    14.8    22.8    50.4     9.8    24.0   0.038   0.029 -99.000 -99.000 -99.000    24.7    24.8 -9999.0 -9999.0 -9999.0
53131 20121109  2.413 -111.17   32.24    25.1    14.6    19.9    19.3     2.3    10.26 C    31.4    13.9    19.3    87.1    30.7    49.1   0.032   0.027 -99.000 -99.000 -99.000    21.7    22.0 -9999.0 -9999.0 -9999.0
53131 20121110  2.413 -111.17   32.24    15.4     7.0    11.2    11.1     1.4    14.19 C    27.0     7.4    14.5    89.2    25.0    47.3   0.035   0.028 -99.000 -99.000 -99.000    18.7    19.2 -9999.0 -9999.0 -9999.0
53131 20121111  2.413 -111.17   32.24    14.0     2.3     8.1     8.8     0.0    15.98 C    28.4     1.5    11.1    61.7    13.5    31.6   0.036   0.028 -99.000 -99.000 -99.000    15.7    16.0 -9999.0 -9999.0 -9999.0
53131 20121112  2.413 -111.17   32.24    21.1     2.4    11.8    11.9     0.0    14.71 C    31.8     1.5    12.4    49.3     6.8    20.3   0.035   0.029 -99.000 -99.000 -99.000    15.6    15.7 -9999.0 -9999.0 -9999.0
53131 20121113  2.413 -111.17   32.24    23.2     5.5    14.4    14.3     0.0    15.88 C    33.8     3.0    14.0    27.8     5.1    14.6   0.033   0.031 -99.000 -99.000 -99.000    16.5    16.7 -9999.0 -9999.0 -9999.0
53131 20121114  2.413 -111.17   32.24    27.6    11.2    19.4    19.5     0.0    15.60 C    38.0     8.0    18.2    19.4     4.3     8.5   0.031   0.034 -99.000 -99.000 -99.000    18.8    18.8 -9999.0 -9999.0 -9999.0
53131 20121115  2.413 -111.17   32.24    25.5    10.3    17.9    17.8     0.0     8.75 C    34.9     7.1    16.7    22.8     8.7    14.6   0.023   0.033 -99.000 -99.000 -99.000    18.4    18.5 -9999.0 -9999.0 -9999.0
53131 20121116  2.413 -111.17   32.24    24.2    11.7    17.9    17.3     0.0    10.72 C    35.7     9.9    17.5    29.6     8.4    17.3   0.025   0.034 -99.000 -99.000 -99.000    19.3    19.4 -9999.0 -9999.0 -9999.0
53131 20121117  2.413 -111.17   32.24    24.0    10.1    17.0    18.5     0.0     7.49 C    28.9     9.8    17.9    32.8    18.1    23.5   0.027   0.033 -99.000 -99.000 -99.000    19.3    19.2 -9999.0 -9999.0 -9999.0
53131 20121118  2.413 -111.17   32.24    24.5    11.8    18.1    18.1     0.0    14.53 C    37.7    10.7    20.4    74.9    28.4    49.0   0.027   0.033 -99.000 -99.000 -99.000    21.3    21.3 -9999.0 -9999.0 -9999.0
53131 20121119  2.413 -111.17   32.24    24.1     9.7    16.9    16.9     0.0    13.99 C    37.3     8.4    18.2    70.5    23.3    44.7   0.028   0.032 -99.000 -99.000 -99.000    20.2    20.3 -9999.0 -9999.0 -9999.0
53131 20121120  2.413 -111.17   32.24    25.6     9.0    17.3    17.6     0.0    13.22 C    36.1     6.8    18.1    59.6    16.8    34.9   0.027   0.031 -99.000 -99.000 -99.000    19.8    19.8 -9999.0 -9999.0 -9999.0
53131 20121121  2.413 -111.17   32.24    26.0    11.2    18.6    18.5     0.0    13.29 C    38.0    10.3    19.5    47.3    14.5    29.2   0.028   0.032 -99.000 -99.000 -99.000    20.8    20.9 -9999.0 -9999.0 -9999.0
53131 20121122  2.413 -111.17   32.24    26.3     7.8    17.1    17.4     0.0    14.30 C    37.3     7.1    17.9    48.9    11.7    27.8   0.028   0.031 -99.000 -99.000 -99.000    19.7    19.8 -9999.0 -9999.0 -9999.0
53131 20121123  2.413 -111.17   32.24    29.1     9.7    19.4    20.0     0.0    13.97 C    38.7     7.8    19.4    42.2    10.1    22.4   0.028   0.031 -99.000 -99.000 -99.000    20.3    20.3 -9999.0 -9999.0 -9999.0
53131 20121124  2.413 -111.17   32.24    28.3    14.7    21.5    21.1     0.0    14.05 C    38.9    12.4    20.7    30.9    12.8    20.4   0.029   0.031 -99.000 -99.000 -99.000    21.6    21.7 -9999.0 -9999.0 -9999.0
53131 20121125  2.413 -111.17   32.24    27.4    12.2    19.8    18.7     0.0    14.39 C    37.6     9.0    18.6    39.0     6.1    22.3   0.029   0.030 -99.000 -99.000 -99.000    20.5    20.7 -9999.0 -9999.0 -9999.0
53131 20121126  2.413 -111.17   32.24    25.2     8.1    16.6    16.9     0.0    14.18 C    36.3     6.9    17.4    45.3    12.2    25.0   0.029   0.029 -99.000 -99.000 -99.000    19.5    19.7 -9999.0 -9999.0 -9999.0
53131 20121127  2.413 -111.17   32.24    26.9     9.4    18.2    18.8     0.0    13.99 C    37.2     7.4    18.6    38.0    12.1    21.7   0.029   0.028 -99.000 -99.000 -99.000    19.9    19.9 -9999.0 -9999.0 -9999.0
53131 20121128  2.413 -111.17   32.24    25.0    10.9    17.9    18.0     0.0    10.51 C    33.4     8.7    17.2    40.3    16.0    26.5   0.030   0.028 -99.000 -99.000 -99.000    19.5    19.6 -9999.0 -9999.0 -9999.0
53131 20121129  2.413 -111.17   32.24    22.9     8.0    15.4    15.6     0.0    13.61 C    34.7     6.4    16.6    52.5    13.3    34.9   0.028   0.027 -99.000 -99.000 -99.000    18.9    19.0 -9999.0 -9999.0 -9999.0
53131 20121130  2.413 -111.17   32.24    24.0     8.6    16.3    16.0     0.0    13.77 C    34.9     6.5    16.7    59.7    20.9    40.4   0.028   0.027 -99.000 -99.000 -99.000    18.8    18.8 -9999.0 -9999.0 -9999.0
53131 20121201  2.413 -111.17   32.24    23.5     7.3    15.4    15.1     0.0    13.58 C    34.2     6.2    16.1    68.1    17.5    42.3   0.027   0.027 -99.000 -99.000 -99.000    18.4    18.5 -9999.0 -9999.0 -9999.0
53131 20121202  2.413 -111.17   32.24    24.7     7.7    16.2    16.2     0.0    13.56 C    35.7     5.9    16.5    59.4    12.1    34.6   0.029   0.026 -99.000 -99.000 -99.000    18.2    18.3 -9999.0 -9999.0 -9999.0
53131 20121203  2.413 -111.17   32.24    22.7     8.0    15.3    15.7     0.0    13.07 C    34.1     6.8    16.6    56.1    23.0    37.8   0.027   0.026 -99.000 -99.000 -99.000    18.3    18.3 -9999.0 -9999.0 -9999.0
53131 20121204  2.413 -111.17   32.24    24.6     8.4    16.5    16.0     0.0    12.39 C    34.3     6.9    16.5    63.4    18.3    41.3   0.028   0.026 -99.000 -99.000 -99.000    18.3    18.4 -9999.0 -9999.0 -9999.0
53131 20121205  2.413 -111.17   32.24    27.0    11.0    19.0    19.6     0.0    13.05 C    36.4     9.7    18.7    51.7    11.6    24.2   0.028   0.027 -99.000 -99.000 -99.000    19.4    19.4 -9999.0 -9999.0 -9999.0
53131 20121206  2.413 -111.17   32.24    24.4     9.3    16.9    16.8     0.0    12.77 C    34.5     7.3    17.0    46.7    16.0    29.0   0.028   0.026 -99.000 -99.000 -99.000    18.6    18.7 -9999.0 -9999.0 -9999.0
53131 20121207  2.413 -111.17   32.24    22.8     7.8    15.3    15.3     0.0    13.12 C    34.6     6.8    16.5    53.1    21.3    35.2   0.028   0.026 -99.000 -99.000 -99.000    18.4    18.5 -9999.0 -9999.0 -9999.0
53131 20121208  2.413 -111.17   32.24    21.3     6.7    14.0    13.4     0.0    13.09 C    32.9     5.4    14.8    63.7    20.8    40.9   0.028   0.025 -99.000 -99.000 -99.000    17.3    17.5 -9999.0 -9999.0 -9999.0
53131 20121209  2.413 -111.17   32.24    20.7     4.9    12.8    12.8     0.0    13.30 C    31.3     3.9    13.4    59.1    10.1    30.6   0.028   0.024 -99.000 -99.000 -99.000    16.2    16.3 -9999.0 -9999.0 -9999.0
53131 20121210  2.413 -111.17   32.24    15.6     3.7     9.7    10.1     0.0    13.29 C    27.8     2.4    11.1    34.8    10.2    18.2   0.027   0.023 -99.000 -99.000 -99.000    14.8    15.0 -9999.0 -9999.0 -9999.0
53131 20121211  2.413 -111.17   32.24    18.8     0.3     9.6     9.6     0.0    13.21 C    29.5    -0.6    10.2    27.5     9.3    17.0   0.030   0.022 -99.000 -99.000 -99.000    13.4    13.6 -9999.0 -9999.0 -9999.0
53131 20121212  2.413 -111.17   32.24    22.9     5.0    14.0    14.5     0.0    13.18 C    31.7     2.1    12.9    25.5    10.5    17.3   0.034   0.022 -99.000 -99.000 -99.000    14.6    14.6 -9999.0 -9999.0 -9999.0
53131 20121213  2.413 -111.17   32.24    20.2     6.6    13.4    14.5    15.8     9.66 C    27.7     4.0    13.7    89.9    18.9    41.3   0.038   0.034 -99.000 -99.000 -99.000    15.2    15.2 -9999.0 -9999.0 -9999.0
53131 20121214  2.413 -111.17   32.24    12.3     4.8     8.5     8.8     5.0     7.46 C    17.6     5.9     9.9    91.7    51.9    71.5   0.113   0.171 -99.000 -99.000 -99.000    12.7    12.8 -9999.0 -9999.0 -9999.0
53131 20121215  2.413 -111.17   32.24    12.8     8.0    10.4    10.2     0.3     5.19 C    16.5     7.9    10.1    81.9    55.9    67.4   0.094   0.149 -99.000 -99.000 -99.000    11.8    11.9 -9999.0 -9999.0 -9999.0
53131 20121216  2.413 -111.17   32.24    12.4     3.5     8.0     8.4     2.0    12.05 C    20.5     3.4    10.3    91.9    37.7    69.7   0.094   0.149 -99.000 -99.000 -99.000    12.3    12.3 -9999.0 -9999.0 -9999.0
53131 20121217  2.413 -111.17   32.24    15.4     2.3     8.8     8.1     0.0    12.94 C    22.3     1.3     8.6    89.7    37.9    66.8   0.085   0.139 -99.000 -99.000 -99.000    10.6    10.6 -9999.0 -9999.0 -9999.0
53131 20121218  2.413 -111.17   32.24    19.2     3.3    11.3    11.3     0.0     9.98 C    23.5     2.4    10.3    89.9    32.4    61.9   0.092   0.130 -99.000 -99.000 -99.000    11.2    11.1 -9999.0 -9999.0 -9999.0
53131 20121219  2.413 -111.17   32.24    12.9     2.6     7.8     6.7     5.0    13.26 C    18.4     1.4     8.3    89.7    39.8    60.7   0.100   0.156 -99.000 -99.000 -99.000    10.7    10.8 -9999.0 -9999.0 -9999.0
53131 20121220  2.413 -111.17   32.24    17.5    -0.7     8.4     9.3     0.0    13.16 C    20.5    -1.4     6.6    87.0     9.8    35.9   0.091   0.141 -99.000 -99.000 -99.000     8.3     8.4 -9999.0 -9999.0 -9999.0
53131 20121221  2.413 -111.17   32.24    20.5     8.5    14.5    13.2     0.0    12.49 C    24.4     2.6    10.5    46.1    11.1    19.0   0.104   0.129 -99.000 -99.000 -99.000     9.9     9.9 -9999.0 -9999.0 -9999.0
53131 20121222  2.413 -111.17   32.24    20.9     8.2    14.5    14.9     0.0    11.22 C    27.6     7.0    13.7    63.0    17.2    33.1   0.104   0.121 -99.000 -99.000 -99.000    12.6    12.6 -9999.0 -9999.0 -9999.0
53131 20121223  2.413 -111.17   32.24    18.8     3.8    11.3    11.1     0.0    12.80 C    26.7     2.9    11.5    79.0    26.7    50.5   0.098   0.114 -99.000 -99.000 -99.000    12.1    12.2 -9999.0 -9999.0 -9999.0
53131 20121224  2.413 -111.17   32.24    16.1     6.5    11.3    11.0     0.0    11.81 C    25.6     5.6    12.1    72.1    33.9    52.7   0.098   0.108 -99.000 -99.000 -99.000    12.4    12.5 -9999.0 -9999.0 -9999.0
53131 20121225  2.413 -111.17   32.24    12.0     5.9     9.0     8.6     0.0    10.22 C    22.9     3.6     9.7    72.6    27.5    48.6   0.093   0.102 -99.000 -99.000 -99.000    11.4    11.5 -9999.0 -9999.0 -9999.0
53131 20121226  2.413 -111.17   32.24    17.1     2.9    10.0     9.9     0.0    11.81 C    26.3     2.1    10.0    67.5    10.1    35.6   0.089   0.098 -99.000 -99.000 -99.000    11.3    11.4 -9999.0 -9999.0 -9999.0
53131 20121227  2.413 -111.17   32.24    12.2     0.7     6.4     5.3     0.3    10.01 C    21.4    -0.2     6.5    85.1    29.2    61.2   0.085   0.093 -99.000 -99.000 -99.000     9.7     9.9 -9999.0 -9999.0 -9999.0
53131 20121228  2.413 -111.17   32.24    12.2    -1.0     5.6     5.4     0.0    13.30 C    22.4    -1.9     6.5    88.3    31.5    60.9   0.082   0.089 -99.000 -99.000 -99.000     8.9     8.9 -9999.0 -9999.0 -9999.0
53131 20121229  2.413 -111.17   32.24    17.3     0.5     8.9     9.3     0.0    13.46 C    24.8    -0.7     9.0    76.5    15.4    34.7   0.080   0.087 -99.000 -99.000 -99.000     9.7     9.7 -9999.0 -9999.0 -9999.0
53131 20121230  2.413 -111.17   32.24    13.8     3.2     8.5     7.0     1.3     7.89 C    19.8     2.5     7.9    90.7    22.3    51.1   0.078   0.085 -99.000 -99.000 -99.000     9.7     9.7 -9999.0 -9999.0 -9999.0
53131 20121231  2.413 -111.17   32.24     9.9     0.1     5.0     5.2     2.2     8.96 C    17.7    -0.6     6.5    92.6    38.4    68.5   0.081   0.084 -99.000 -99.000 -99.000     8.9     9.0 -9999.0 -9999.0 -9999.0
