92826 20230101  2.623  -81.32   25.90    31.0    18.1    24.6    23.0     0.0    14.14 U -9999.0 -9999.0 -9999.0   100.0    56.0    87.9   0.095   0.121 -99.000 -99.000 -99.000    22.4    22.2 -9999.0 -9999.0 -9999.0
92826 20230102  2.623  -81.32   25.90    30.6    18.6    24.6    23.4     0.0    13.62 U -9999.0 -9999.0 -9999.0   100.0    54.3    83.6   0.093   0.117 -99.000 -99.000 -99.000    22.8    22.6 -9999.0 -9999.0 -9999.0
92826 20230103  2.623  -81.32   25.90    30.8    18.9    24.8    23.4     0.0    12.84 U -9999.0 -9999.0 -9999.0   100.0    60.9    86.4   0.091   0.115 -99.000 -99.000 -99.000    22.9    22.7 -9999.0 -9999.0 -9999.0
92826 20230104  2.623  -81.32   25.90    30.0    19.4    24.7    23.5     0.0    12.47 U -9999.0 -9999.0 -9999.0   100.0    64.5    89.1   0.090   0.113 -99.000 -99.000 -99.000    23.2    23.0 -9999.0 -9999.0 -9999.0
92826 20230105  2.623  -81.32   25.90    28.9    18.5    23.7    23.1     0.0    12.72 U -9999.0 -9999.0 -9999.0   100.0    64.4    87.6   0.089   0.111 -99.000 -99.000 -99.000    23.3    23.1 -9999.0 -9999.0 -9999.0
92826 20230106  2.623  -81.32   25.90    24.3    12.4    18.3    18.8     0.0    14.75 U -9999.0 -9999.0 -9999.0    89.4    30.8    59.2   0.088   0.109 -99.000 -99.000 -99.000    22.5    22.4 -9999.0 -9999.0 -9999.0
92826 20230107  2.623  -81.32   25.90    26.5    10.1    18.3    17.5     0.0    15.07 U -9999.0 -9999.0 -9999.0    91.9    42.8    69.9   0.087   0.107 -99.000 -99.000 -99.000    20.9    20.9 -9999.0 -9999.0 -9999.0
92826 20230108  2.623  -81.32   25.90    28.0    12.5    20.2    19.1     0.0    14.34 U -9999.0 -9999.0 -9999.0   100.0    47.6    80.3   0.085   0.105 -99.000 -99.000 -99.000    21.0    21.0 -9999.0 -9999.0 -9999.0
92826 20230109  2.623  -81.32   25.90    26.8    14.4    20.6    19.7     0.0    14.86 U -9999.0 -9999.0 -9999.0    98.3    41.8    78.0   0.084   0.104 -99.000 -99.000 -99.000    21.4    21.3 -9999.0 -9999.0 -9999.0
92826 20230110  2.623  -81.32   25.90    26.1    11.9    19.0    17.7     0.0    14.36 U -9999.0 -9999.0 -9999.0    96.8    26.4    73.6   0.083   0.102 -99.000 -99.000 -99.000    21.2    21.2 -9999.0 -9999.0 -9999.0
92826 20230111  2.623  -81.32   25.90    25.4     7.9    16.6    15.5     0.0    15.78 U -9999.0 -9999.0 -9999.0    98.1    28.0    74.8   0.082   0.100 -99.000 -99.000 -99.000    20.0    20.1 -9999.0 -9999.0 -9999.0
92826 20230112  2.623  -81.32   25.90    28.2    10.1    19.2    18.0     0.0    15.32 U -9999.0 -9999.0 -9999.0    98.2    45.9    77.5   0.081   0.098 -99.000 -99.000 -99.000    20.2    20.1 -9999.0 -9999.0 -9999.0
92826 20230113  2.623  -81.32   25.90    24.6    12.5    18.6    17.2     5.3     8.46 U -9999.0 -9999.0 -9999.0    98.8    66.2    86.1   0.083   0.107 -99.000 -99.000 -99.000    20.2    20.2 -9999.0 -9999.0 -9999.0
92826 20230114  2.623  -81.32   25.90    16.0     7.0    11.5    11.1     0.0    15.44 U -9999.0 -9999.0 -9999.0    90.9    46.6    70.8   0.088   0.112 -99.000 -99.000 -99.000    18.8    19.0 -9999.0 -9999.0 -9999.0
92826 20230115  2.623  -81.32   25.90    18.3     3.8    11.0     9.6     0.0    16.30 U -9999.0 -9999.0 -9999.0    95.3    28.2    71.3   0.088   0.110 -99.000 -99.000 -99.000    17.1    17.3 -9999.0 -9999.0 -9999.0
92826 20230116  2.623  -81.32   25.90    23.1     3.7    13.4    12.2     0.0    15.82 U -9999.0 -9999.0 -9999.0    99.8    40.7    78.3   0.087   0.109 -99.000 -99.000 -99.000    16.7    16.8 -9999.0 -9999.0 -9999.0
92826 20230117  2.623  -81.32   25.90    26.2     8.2    17.2    16.2     0.0    15.44 U -9999.0 -9999.0 -9999.0    97.3    49.1    78.2   0.086   0.107 -99.000 -99.000 -99.000    17.8    17.8 -9999.0 -9999.0 -9999.0
92826 20230118  2.623  -81.32   25.90    28.5    10.8    19.6    18.6     0.0    15.67 U -9999.0 -9999.0 -9999.0    99.1    46.2    80.4   0.084   0.105 -99.000 -99.000 -99.000    18.9    18.7 -9999.0 -9999.0 -9999.0
92826 20230119  2.623  -81.32   25.90    29.5    14.8    22.1    20.8     0.0    14.49 U -9999.0 -9999.0 -9999.0    97.3    50.9    81.3   0.083   0.102 -99.000 -99.000 -99.000    20.0    19.8 -9999.0 -9999.0 -9999.0
92826 20230120  2.623  -81.32   25.90    29.2    16.3    22.7    21.0     0.0    10.02 U -9999.0 -9999.0 -9999.0    99.9    51.8    84.5   0.082   0.101 -99.000 -99.000 -99.000    21.0    20.8 -9999.0 -9999.0 -9999.0
92826 20230121  2.623  -81.32   25.90    29.7    16.4    23.0    21.8     0.0    13.94 U -9999.0 -9999.0 -9999.0   100.0    55.5    83.5   0.081   0.099 -99.000 -99.000 -99.000    21.8    21.5 -9999.0 -9999.0 -9999.0
92826 20230122  2.623  -81.32   25.90    27.9    16.9    22.4    21.7     0.0    12.77 U -9999.0 -9999.0 -9999.0    99.6    69.7    89.0   0.080   0.098 -99.000 -99.000 -99.000    22.1    21.9 -9999.0 -9999.0 -9999.0
92826 20230123  2.623  -81.32   25.90    26.2    16.6    21.4    21.0     0.2     8.73 U -9999.0 -9999.0 -9999.0    99.8    69.6    87.4   0.079   0.097 -99.000 -99.000 -99.000    22.1    22.0 -9999.0 -9999.0 -9999.0
92826 20230124  2.623  -81.32   25.90    29.3    14.6    21.9    20.8     0.0    11.75 U -9999.0 -9999.0 -9999.0    95.1    56.5    78.0   0.078   0.096 -99.000 -99.000 -99.000    22.1    21.9 -9999.0 -9999.0 -9999.0
92826 20230125  2.623  -81.32   25.90 -9999.0 -9999.0 -9999.0 -9999.0     0.0 -9999.00 U -9999.0 -9999.0 -9999.0 -9999.0 -9999.0 -9999.0 -99.000 -99.000 -99.000 -99.000 -99.000 -9999.0 -9999.0 -9999.0 -9999.0 -9999.0
92826 20230126  2.623  -81.32   25.90    24.0    16.6    20.3    20.2     1.7     7.18 C    35.0    15.7    20.9   100.0    62.1    85.3   0.053   0.068 -99.000 -99.000 -99.000    21.5    21.6 -9999.0 -9999.0 -9999.0
92826 20230127  2.623  -81.32   25.90    16.9    12.9    14.9    15.2     0.0     3.22 C    22.2    12.3    16.2    73.7    54.2    64.7 -99.000 -99.000 -99.000 -99.000 -99.000 -9999.0 -9999.0 -9999.0 -9999.0 -9999.0
92826 20230128  2.623  -81.32   25.90    27.4    14.5    20.9    20.0     0.0    13.07 C    41.3    13.6    21.8    92.4    61.3    77.1 -99.000 -99.000 -99.000 -99.000 -99.000 -9999.0 -9999.0 -9999.0 -9999.0 -9999.0
92826 20230129  2.623  -81.32   25.90    29.9    16.9    23.4    22.3     0.0    14.91 C    44.4    14.1    23.1    99.1    53.7    80.9 -99.000 -99.000 -99.000 -99.000 -99.000 -9999.0 -9999.0 -9999.0 -9999.0 -9999.0
92826 20230130  2.623  -81.32   25.90    31.7    17.6    24.6    23.1     0.0    14.05 C    46.1    14.4    23.9   100.0    47.7    81.3 -99.000 -99.000 -99.000 -99.000 -99.000 -9999.0 -9999.0 -9999.0 -9999.0 -9999.0
92826 20230131  2.623  -81.32   25.90    31.0    16.1    23.5    22.5     0.0    14.75 C    45.7    13.0    23.1   100.0    52.6    83.8 -99.000 -99.000 -99.000 -99.000 -99.000 -9999.0 -9999.0 -9999.0 -9999.0 -9999.0
92826 20230201  2.623  -81.32   25.90    30.2    16.3    23.3    22.2     0.0    15.07 C    47.6    13.9    23.4   100.0    56.8    86.2 -99.000 -99.000 -99.000 -99.000 -99.000 -9999.0 -9999.0 -9999.0 -9999.0 -9999.0
92826 20230202  2.623  -81.32   25.90    31.5    16.7    24.1    22.5     0.0    15.47 C    46.8    13.8    23.9   100.0    55.6    87.8 -99.000 -99.000 -99.000 -99.000 -99.000 -9999.0 -9999.0 -9999.0 -9999.0 -9999.0
92826 20230203  2.623  -81.32   25.90    28.1    16.3    22.2    21.5     0.0    15.30 C    45.2    14.0    23.7   100.0    65.3    86.5 -99.000 -99.000 -99.000 -99.000 -99.000 -9999.0 -9999.0 -9999.0 -9999.0 -9999.0
92826 20230204  2.623  -81.32   25.90    25.3    13.9    19.6    19.3     0.0    10.28 C    38.8    13.3    21.3    88.5    63.6    76.5 -99.000 -99.000 -99.000 -99.000 -99.000 -9999.0 -9999.0 -9999.0 -9999.0 -9999.0
92826 20230205  2.623  -81.32   25.90    29.3    18.7    24.0    22.4     0.5    16.01 C    45.8    16.9    24.9    98.7    59.4    84.8 -99.000 -99.000 -99.000 -99.000 -99.000 -9999.0 -9999.0 -9999.0 -9999.0 -9999.0
92826 20230206  2.623  -81.32   25.90    28.5    16.3    22.4    21.9     0.0    14.00 C    42.5    14.1    23.9    96.6    48.2    73.2 -99.000 -99.000 -99.000 -99.000 -99.000 -9999.0 -9999.0 -9999.0 -9999.0 -9999.0
92826 20230207  2.623  -81.32   25.90    28.1    16.3    22.2    20.9     0.0    16.90 C    42.9    12.9    22.7    90.3    50.1    72.7 -99.000 -99.000 -99.000 -99.000 -99.000 -9999.0 -9999.0 -9999.0 -9999.0 -9999.0
92826 20230208  2.623  -81.32   25.90    29.2    14.3    21.7    20.6     0.0    15.76 C    44.7    10.8    21.9    97.0    45.8    73.5 -99.000 -99.000 -99.000 -99.000 -99.000 -9999.0 -9999.0 -9999.0 -9999.0 -9999.0
92826 20230209  2.623  -81.32   25.90    31.2    16.1    23.7    22.8     0.0    16.20 C    47.8    13.5    24.1    98.4    56.8    81.4 -99.000 -99.000 -99.000 -99.000 -99.000 -9999.0 -9999.0 -9999.0 -9999.0 -9999.0
92826 20230210  2.623  -81.32   25.90    31.1    19.0    25.0    23.3     0.4    16.27 C    46.3    15.2    24.4    99.3    50.5    83.4 -99.000 -99.000 -99.000 -99.000 -99.000 -9999.0 -9999.0 -9999.0 -9999.0 -9999.0
92826 20230211  2.623  -81.32   25.90    30.4    16.1    23.3    23.3     0.0    16.52 C    46.1    14.6    25.3   100.0    58.0    85.7 -99.000 -99.000 -99.000 -99.000 -99.000 -9999.0 -9999.0 -9999.0 -9999.0 -9999.0
92826 20230212  2.623  -81.32   25.90    23.9    16.4    20.2    20.4     0.0    10.72 C    34.7    12.3    21.2    93.7    51.8    74.0 -99.000 -99.000 -99.000 -99.000 -99.000 -9999.0 -9999.0 -9999.0 -9999.0 -9999.0
92826 20230213  2.623  -81.32   25.90    24.9    10.9    17.9    16.9     0.0    18.87 C    40.8     6.5    18.9    92.9    39.2    70.9 -99.000 -99.000 -99.000 -99.000 -99.000 -9999.0 -9999.0 -9999.0 -9999.0 -9999.0
92826 20230214  2.623  -81.32   25.90    28.4     7.6    18.0    17.4     0.0    18.45 C    44.4     4.3    18.7    97.1    42.2    73.6 -99.000 -99.000 -99.000 -99.000 -99.000 -9999.0 -9999.0 -9999.0 -9999.0 -9999.0
92826 20230215  2.623  -81.32   25.90    30.9    12.5    21.7    21.0     0.0    16.81 C    48.6     9.6    21.8    99.0    46.0    76.5 -99.000 -99.000 -99.000 -99.000 -99.000 -9999.0 -9999.0 -9999.0 -9999.0 -9999.0
92826 20230216  2.623  -81.32   25.90    32.2    17.4    24.8    23.3     0.0    17.98 C    51.1    12.8    24.8    95.4    46.5    75.9 -99.000 -99.000 -99.000 -99.000 -99.000 -9999.0 -9999.0 -9999.0 -9999.0 -9999.0
92826 20230217  2.623  -81.32   25.90    29.9    15.9    22.9    22.3     0.0     9.79 C    44.5    14.4    22.9   100.0    60.1    89.5 -99.000 -99.000 -99.000 -99.000 -99.000 -9999.0 -9999.0 -9999.0 -9999.0 -9999.0
92826 20230218  2.623  -81.32   25.90    27.1    17.7    22.4    21.4     0.0    12.75 C    43.2    15.8    23.6   100.0    58.9    85.7 -99.000 -99.000 -99.000 -99.000 -99.000 -9999.0 -9999.0 -9999.0 -9999.0 -9999.0
92826 20230219  2.623  -81.32   25.90    33.2    15.9    24.5    22.6     0.0    14.32 C    51.8    13.2    24.9    99.6    49.8    83.3 -99.000 -99.000 -99.000 -99.000 -99.000 -9999.0 -9999.0 -9999.0 -9999.0 -9999.0
92826 20230220  2.623  -81.32   25.90    31.0    17.2    24.1    23.3     0.0    18.82 C    47.6    15.0    25.9   100.0    50.8    81.6 -99.000 -99.000 -99.000 -99.000 -99.000 -9999.0 -9999.0 -9999.0 -9999.0 -9999.0
92826 20230221  2.623  -81.32   25.90    29.2    18.5    23.9    22.7     0.0    18.54 C    46.7    15.2    26.5   100.0    54.4    84.7 -99.000 -99.000 -99.000 -99.000 -99.000 -9999.0 -9999.0 -9999.0 -9999.0 -9999.0
92826 20230222  2.623  -81.32   25.90    32.9    15.6    24.2    23.3     0.0    19.10 C    51.5    13.4    25.3   100.0    47.8    81.7 -99.000 -99.000 -99.000 -99.000 -99.000 -9999.0 -9999.0 -9999.0 -9999.0 -9999.0
92826 20230223  2.623  -81.32   25.90    33.1    18.1    25.6    23.9     0.0    16.99 C    51.5    15.6    25.8   100.0    50.7    83.7 -99.000 -99.000 -99.000 -99.000 -99.000 -9999.0 -9999.0 -9999.0 -9999.0 -9999.0
92826 20230224  2.623  -81.32   25.90    33.0    16.6    24.8    23.5     0.0    16.87 C    49.8    13.9    25.2   100.0    44.3    77.2 -99.000 -99.000 -99.000 -99.000 -99.000 -9999.0 -9999.0 -9999.0 -9999.0 -9999.0
92826 20230225  2.623  -81.32   25.90    32.3    15.5    23.9    22.4     0.0    20.35 C    49.5    12.7    24.9   100.0    36.6    76.4 -99.000 -99.000 -99.000 -99.000 -99.000 -9999.0 -9999.0 -9999.0 -9999.0 -9999.0
92826 20230226  2.623  -81.32   25.90    31.0    15.4    23.2    21.7     0.0    19.99 C    48.5    13.3    24.9   100.0    43.3    79.9 -99.000 -99.000 -99.000 -99.000 -99.000 -9999.0 -9999.0 -9999.0 -9999.0 -9999.0
92826 20230227  2.623  -81.32   25.90    29.9    13.6    21.8    21.0     0.0    20.30 C    48.8    11.9    23.6   100.0    46.3    81.4 -99.000 -99.000 -99.000 -99.000 -99.000 -9999.0 -9999.0 -9999.0 -9999.0 -9999.0
92826 20230228  2.623  -81.32   25.90    30.0    13.3    21.6    21.1     0.0    20.81 C    48.2    11.2    23.1   100.0    44.0    80.3 -99.000 -99.000 -99.000 -99.000 -99.000 -9999.0 -9999.0 -9999.0 -9999.0 -9999.0
92826 20230301  2.623  -81.32   25.90    31.4    11.6    21.5    20.5     0.0    19.76 C    48.8    10.4    23.1   100.0    40.4    78.8 -99.000 -99.000 -99.000 -99.000 -99.000 -9999.0 -9999.0 -9999.0 -9999.0 -9999.0
92826 20230302  2.623  -81.32   25.90    31.9    12.6    22.3    21.6     0.0    20.93 C    50.0     9.9    24.1   100.0    45.4    79.6 -99.000 -99.000 -99.000 -99.000 -99.000 -9999.0 -9999.0 -9999.0 -9999.0 -9999.0
92826 20230303  2.623  -81.32   25.90    31.0    16.9    23.9    23.6     0.0    19.98 C    47.0    14.5    25.9    97.5    45.7    78.2 -99.000 -99.000 -99.000 -99.000 -99.000 -9999.0 -9999.0 -9999.0 -9999.0 -9999.0
92826 20230304  2.623  -81.32   25.90    30.2    17.5    23.8    23.8     0.0    20.53 C    48.3    14.8    26.4    99.9    50.9    78.1 -99.000 -99.000 -99.000 -99.000 -99.000 -9999.0 -9999.0 -9999.0 -9999.0 -9999.0
92826 20230305  2.623  -81.32   25.90    32.9    14.8    23.8    23.5     0.0    20.96 C    50.9    13.5    26.5   100.0    36.0    74.6 -99.000 -99.000 -99.000 -99.000 -99.000 -9999.0 -9999.0 -9999.0 -9999.0 -9999.0
92826 20230306  2.623  -81.32   25.90    33.2    16.8    25.0    23.9     0.0    19.30 C    53.2    15.5    27.2   100.0    40.0    77.8 -99.000 -99.000 -99.000 -99.000 -99.000 -9999.0 -9999.0 -9999.0 -9999.0 -9999.0
92826 20230307  2.623  -81.32   25.90    33.5    18.6    26.1    24.3     0.0    18.91 C    52.1    15.2    27.2    98.1    35.9    76.7 -99.000 -99.000 -99.000 -99.000 -99.000 -9999.0 -9999.0 -9999.0 -9999.0 -9999.0
92826 20230308  2.623  -81.32   25.90    31.9    17.2    24.6    23.5     0.0    17.29 C    50.7    14.1    27.0   100.0    37.0    79.8 -99.000 -99.000 -99.000 -99.000 -99.000 -9999.0 -9999.0 -9999.0 -9999.0 -9999.0
92826 20230309  2.623  -81.32   25.90    29.8    16.7    23.2    22.8     0.0    14.50 C    48.7    13.1    25.4    89.7    42.8    70.5 -99.000 -99.000 -99.000 -99.000 -99.000 -9999.0 -9999.0 -9999.0 -9999.0 -9999.0
92826 20230310  2.623  -81.32   25.90    29.5    13.1    21.3    21.0     0.0    21.08 C    49.4    10.8    24.5    98.6    43.3    74.6 -99.000 -99.000 -99.000 -99.000 -99.000 -9999.0 -9999.0 -9999.0 -9999.0 -9999.0
92826 20230311  2.623  -81.32   25.90    29.2    17.3    23.2    22.5     1.6    18.14 C    46.7    14.3    24.7    99.4    52.5    80.2 -99.000 -99.000 -99.000 -99.000 -99.000 -9999.0 -9999.0 -9999.0 -9999.0 -9999.0
92826 20230312  2.623  -81.32   25.90    30.3    13.5    21.9    21.8     0.0    21.62 C    49.4    12.0    25.2   100.0    42.5    81.9 -99.000 -99.000 -99.000 -99.000 -99.000 -9999.0 -9999.0 -9999.0 -9999.0 -9999.0
92826 20230313  2.623  -81.32   25.90    29.0    18.2    23.6    23.4     2.2    17.15 C    46.1    16.2    26.7   100.0    62.8    85.2 -99.000 -99.000 -99.000 -99.000 -99.000 -9999.0 -9999.0 -9999.0 -9999.0 -9999.0
92826 20230314  2.623  -81.32   25.90    27.8    17.2    22.5    21.9     0.0    16.38 C    45.3    14.5    24.6    98.2    48.2    77.4 -99.000 -99.000 -99.000 -99.000 -99.000 -9999.0 -9999.0 -9999.0 -9999.0 -9999.0
92826 20230315  2.623  -81.32   25.90    23.3    12.8    18.1    16.8     0.2     9.39 C    39.9     9.9    17.8    90.9    55.0    75.4 -99.000 -99.000 -99.000 -99.000 -99.000 -9999.0 -9999.0 -9999.0 -9999.0 -9999.0
92826 20230316  2.623  -81.32   25.90    27.7    11.2    19.4    18.3     0.0    22.69 C    49.1     9.6    21.9    98.3    34.7    69.7 -99.000 -99.000 -99.000 -99.000 -99.000 -9999.0 -9999.0 -9999.0 -9999.0 -9999.0
92826 20230317  2.623  -81.32   25.90    31.0    11.6    21.3    20.2     0.0    17.59 C    52.8     8.9    22.5    95.2    38.4    72.7 -99.000 -99.000 -99.000 -99.000 -99.000 -9999.0 -9999.0 -9999.0 -9999.0 -9999.0
92826 20230318  2.623  -81.32   25.90    30.8    14.3    22.6    22.3     0.0    21.09 C    51.2    11.8    25.9    99.0    50.0    81.6 -99.000 -99.000 -99.000 -99.000 -99.000 -9999.0 -9999.0 -9999.0 -9999.0 -9999.0
92826 20230319  2.623  -81.32   25.90    25.0    12.8    18.9    19.1     2.1    11.26 C    42.9    13.8    22.5    98.6    56.5    82.1 -99.000 -99.000 -99.000 -99.000 -99.000 -9999.0 -9999.0 -9999.0 -9999.0 -9999.0
92826 20230320  2.623  -81.32   25.90    25.0    11.5    18.2    16.9    11.3    20.90 C    42.0    11.7    21.0    97.9    47.4    72.6 -99.000 -99.000 -99.000 -99.000 -99.000 -9999.0 -9999.0 -9999.0 -9999.0 -9999.0
92826 20230321  2.623  -81.32   25.90    29.5     9.1    19.3    19.2     0.0    20.10 C    51.0     9.3    23.1    90.1    40.8    69.8 -99.000 -99.000 -99.000 -99.000 -99.000 -9999.0 -9999.0 -9999.0 -9999.0 -9999.0
92826 20230322  2.623  -81.32   25.90    32.3    13.5    22.9    22.0     0.0    21.27 C    51.5    11.7    25.6    99.8    40.1    72.4 -99.000 -99.000 -99.000 -99.000 -99.000 -9999.0 -9999.0 -9999.0 -9999.0 -9999.0
92826 20230323  2.623  -81.32   25.90    32.3    15.5    23.9    22.6     0.0    22.41 C    51.0    13.8    26.1    97.6    36.9    70.1 -99.000 -99.000 -99.000 -99.000 -99.000 -9999.0 -9999.0 -9999.0 -9999.0 -9999.0
92826 20230324  2.623  -81.32   25.90    33.0    15.1    24.1    22.7     0.0    20.88 C    52.9    13.2    26.2    98.7    45.3    79.3 -99.000 -99.000 -99.000 -99.000 -99.000 -9999.0 -9999.0 -9999.0 -9999.0 -9999.0
92826 20230325  2.623  -81.32   25.90    33.2    19.1    26.2    24.8     0.0    22.14 C    52.9    17.1    28.7   100.0    56.1    83.5 -99.000 -99.000 -99.000 -99.000 -99.000 -9999.0 -9999.0 -9999.0 -9999.0 -9999.0
92826 20230326  2.623  -81.32   25.90    33.0    18.6    25.8    24.5     0.0    21.42 C    51.7    15.1    27.9   100.0    53.7    81.4 -99.000 -99.000 -99.000 -99.000 -99.000 -9999.0 -9999.0 -9999.0 -9999.0 -9999.0
92826 20230327  2.623  -81.32   25.90    33.2    18.1    25.6    24.6     0.0    22.68 C    53.1    14.9    28.6   100.0    52.8    83.4 -99.000 -99.000 -99.000 -99.000 -99.000 -9999.0 -9999.0 -9999.0 -9999.0 -9999.0
92826 20230328  2.623  -81.32   25.90    32.4    19.0    25.7    24.8     0.0    21.66 C    52.6    17.4    29.5   100.0    56.2    82.6 -99.000 -99.000 -99.000 -99.000 -99.000 -9999.0 -9999.0 -9999.0 -9999.0 -9999.0
92826 20230329  2.623  -81.32   25.90    31.9    17.8    24.9    23.8     0.0    16.64 C    53.7    17.5    27.3   100.0    47.3    81.5 -99.000 -99.000 -99.000 -99.000 -99.000 -9999.0 -9999.0 -9999.0 -9999.0 -9999.0
92826 20230330  2.623  -81.32   25.90    31.0    18.3    24.7    23.4     0.0    17.76 C    53.1    17.3    27.1    98.6    51.9    76.7 -99.000 -99.000 -99.000 -99.000 -99.000 -9999.0 -9999.0 -9999.0 -9999.0 -9999.0
92826 20230331  2.623  -81.32   25.90    32.4    17.4    24.9    23.8     0.0    22.80 C    53.1    15.0    28.1    95.2    40.4    69.7 -99.000 -99.000 -99.000 -99.000 -99.000 -9999.0 -9999.0 -9999.0 -9999.0 -9999.0
92826 20230401  2.623  -81.32   25.90    32.8    17.4    25.1    24.5     0.0    22.25 C    53.4    15.8    28.9    99.6    51.0    78.9 -99.000 -99.000 -99.000 -99.000 -99.000 -9999.0 -9999.0 -9999.0 -9999.0 -9999.0
92826 20230402  2.623  -81.32   25.90    32.5    17.5    25.0    24.2     0.0    22.85 C    55.0    17.1    30.0   100.0    49.7    78.9 -99.000 -99.000 -99.000 -99.000 -99.000 -9999.0 -9999.0 -9999.0 -9999.0 -9999.0
92826 20230403  2.623  -81.32   25.90    33.2    17.7    25.4    24.6     0.0    23.37 C    55.0    17.1    29.8   100.0    51.1    81.0 -99.000 -99.000 -99.000 -99.000 -99.000 -9999.0 -9999.0 -9999.0 -9999.0 -9999.0
92826 20230404  2.623  -81.32   25.90    34.1    18.2    26.1    24.7     0.0    16.22 C    55.6    16.7    27.6   100.0    44.5    79.5 -99.000 -99.000 -99.000 -99.000 -99.000 -9999.0 -9999.0 -9999.0 -9999.0 -9999.0
92826 20230405  2.623  -81.32   25.90    34.4    19.4    26.9    25.8     0.0    22.09 C    55.1    16.9    30.0    99.2    35.5    71.7 -99.000 -99.000 -99.000 -99.000 -99.000 -9999.0 -9999.0 -9999.0 -9999.0 -9999.0
92826 20230406  2.623  -81.32   25.90    35.9    19.9    27.9    25.6     0.0    19.29 C    58.2    17.3    29.6    96.9    38.7    74.4 -99.000 -99.000 -99.000 -99.000 -99.000 -9999.0 -9999.0 -9999.0 -9999.0 -9999.0
92826 20230407  2.623  -81.32   25.90    34.4    18.3    26.3    24.6     0.0    21.77 C    58.2    15.7    29.3    99.6    39.4    76.2 -99.000 -99.000 -99.000 -99.000 -99.000 -9999.0 -9999.0 -9999.0 -9999.0 -9999.0
92826 20230408  2.623  -81.32   25.90    33.7    16.0    24.9    23.7     0.0    19.44 C    57.4    14.7    28.3    97.0    46.6    77.9 -99.000 -99.000 -99.000 -99.000 -99.000 -9999.0 -9999.0 -9999.0 -9999.0 -9999.0
92826 20230409  2.623  -81.32   25.90    29.9    19.1    24.5    22.4    36.8    12.75 C    46.2    17.2    24.6    99.1    57.3    88.4 -99.000 -99.000 -99.000 -99.000 -99.000 -9999.0 -9999.0 -9999.0 -9999.0 -9999.0
92826 20230410  2.623  -81.32   25.90    29.6    18.7    24.1    22.4     0.0    15.58 C    49.8    19.4    25.8    99.2    58.0    85.1 -99.000 -99.000 -99.000 -99.000 -99.000 -9999.0 -9999.0 -9999.0 -9999.0 -9999.0
92826 20230411  2.623  -81.32   25.90    28.6    20.4    24.5    23.0     0.0    14.36 C    44.8    19.6    25.4    87.8    56.7    76.8 -99.000 -99.000 -99.000 -99.000 -99.000 -9999.0 -9999.0 -9999.0 -9999.0 -9999.0
92826 20230412  2.623  -81.32   25.90    25.5    19.5    22.5    21.3    23.0     7.10 C    33.7    17.9    22.1    99.8    80.4    93.2 -99.000 -99.000 -99.000 -99.000 -99.000 -9999.0 -9999.0 -9999.0 -9999.0 -9999.0
92826 20230413  2.623  -81.32   25.90    31.2    17.6    24.4    23.8     0.0    20.86 C    50.7    17.0    27.7   100.0    62.3    85.8 -99.000 -99.000 -99.000 -99.000 -99.000 -9999.0 -9999.0 -9999.0 -9999.0 -9999.0
92826 20230414  2.623  -81.32   25.90    32.8    18.3    25.5    25.0     0.0    23.75 C    51.3    18.1    29.5   100.0    53.5    82.3 -99.000 -99.000 -99.000 -99.000 -99.000 -9999.0 -9999.0 -9999.0 -9999.0 -9999.0
92826 20230415  2.623  -81.32   25.90    34.9    18.9    26.9    26.0     0.0    24.46 C    53.7    18.8    30.9   100.0    45.2    80.3 -99.000 -99.000 -99.000 -99.000 -99.000 -9999.0 -9999.0 -9999.0 -9999.0 -9999.0
92826 20230416  2.623  -81.32   25.90    33.5    20.4    26.9    26.3     4.7    23.93 C    52.4    20.9    31.5    95.0    56.2    79.7 -99.000 -99.000 -99.000 -99.000 -99.000 -9999.0 -9999.0 -9999.0 -9999.0 -9999.0
92826 20230417  2.623  -81.32   25.90    30.0    19.9    24.9    23.8    15.3    21.11 C    46.5    19.1    27.6    99.9    60.2    83.1 -99.000 -99.000 -99.000 -99.000 -99.000 -9999.0 -9999.0 -9999.0 -9999.0 -9999.0
92826 20230418  2.623  -81.32   25.90    30.2    14.3    22.3    22.0     0.0    26.06 C    48.7    14.1    26.6    94.7    38.0    66.6 -99.000 -99.000 -99.000 -99.000 -99.000 -9999.0 -9999.0 -9999.0 -9999.0 -9999.0
92826 20230419  2.623  -81.32   25.90    31.0    15.8    23.4    22.3     0.0    20.51 C    50.4    15.2    25.7    89.4    40.2    67.6 -99.000 -99.000 -99.000 -99.000 -99.000 -9999.0 -9999.0 -9999.0 -9999.0 -9999.0
92826 20230420  2.623  -81.32   25.90    32.2    16.5    24.4    22.8     0.6    19.20 C    53.7    16.1    26.1    89.8    40.9    74.4 -99.000 -99.000 -99.000 -99.000 -99.000 -9999.0 -9999.0 -9999.0 -9999.0 -9999.0
92826 20230421  2.623  -81.32   25.90    32.3    18.1    25.2    23.7     0.0    20.19 C    52.9    17.5    27.6    98.7    43.8    79.3 -99.000 -99.000 -99.000 -99.000 -99.000 -9999.0 -9999.0 -9999.0 -9999.0 -9999.0
92826 20230422  2.623  -81.32   25.90    31.4    17.8    24.6    24.3     0.0    23.39 C    53.3    17.0    28.6    99.8    48.1    79.4 -99.000 -99.000 -99.000 -99.000 -99.000 -9999.0 -9999.0 -9999.0 -9999.0 -9999.0
92826 20230423  2.623  -81.32   25.90    33.7    17.8    25.8    25.2     0.0    23.78 C    53.2    17.3    29.6   100.0    36.0    75.7 -99.000 -99.000 -99.000 -99.000 -99.000 -9999.0 -9999.0 -9999.0 -9999.0 -9999.0
92826 20230424  2.623  -81.32   25.90    33.9    19.7    26.8    25.2     0.0    20.60 C    53.0    18.7    29.4   100.0    46.4    78.3 -99.000 -99.000 -99.000 -99.000 -99.000 -9999.0 -9999.0 -9999.0 -9999.0 -9999.0
92826 20230425  2.623  -81.32   25.90    32.2    20.2    26.2    24.8     0.0    21.12 C    53.5    19.7    29.6    98.3    51.9    81.8 -99.000 -99.000 -99.000 -99.000 -99.000 -9999.0 -9999.0 -9999.0 -9999.0 -9999.0
92826 20230426  2.623  -81.32   25.90    33.8    18.5    26.1    25.5     0.0    22.85 C    54.0    17.6    30.1    99.9    46.2    78.6 -99.000 -99.000 -99.000 -99.000 -99.000 -9999.0 -9999.0 -9999.0 -9999.0 -9999.0
92826 20230427  2.623  -81.32   25.90    33.8    19.3    26.5    26.0     0.0    23.72 C    54.3    17.8    30.7    99.6    50.4    79.6 -99.000 -99.000 -99.000 -99.000 -99.000 -9999.0 -9999.0 -9999.0 -9999.0 -9999.0
92826 20230428  2.623  -81.32   25.90    33.9    19.0    26.4    26.0     0.0    22.77 C    55.6    18.7    31.2    96.6    53.5    78.5 -99.000 -99.000 -99.000 -99.000 -99.000 -9999.0 -9999.0 -9999.0 -9999.0 -9999.0
92826 20230429  2.623  -81.32   25.90    33.5    21.8    27.7    27.2     0.9    20.12 C    54.6    20.6    31.7    99.1    58.1    80.7 -99.000 -99.000 -99.000 -99.000 -99.000 -9999.0 -9999.0 -9999.0 -9999.0 -9999.0
92826 20230430  2.623  -81.32   25.90    28.9    21.2    25.0    25.4     4.8    18.60 C    44.5    18.8    27.1    95.1    48.9    72.8 -99.000 -99.000 -99.000 -99.000 -99.000 -9999.0 -9999.0 -9999.0 -9999.0 -9999.0
92826 20230501  2.623  -81.32   25.90    32.3    17.6    25.0    24.0     0.0    26.45 C    52.0    15.6    28.5    93.2    42.1    69.9 -99.000 -99.000 -99.000 -99.000 -99.000 -9999.0 -9999.0 -9999.0 -9999.0 -9999.0
92826 20230502  2.623  -81.32   25.90    30.1    15.9    23.0    23.3     0.0    26.02 C    51.9    14.9    28.1    99.4    45.8    76.3 -99.000 -99.000 -99.000 -99.000 -99.000 -9999.0 -9999.0 -9999.0 -9999.0 -9999.0
92826 20230503  2.623  -81.32   25.90    32.1    16.4    24.2    23.8     0.0    25.12 C    54.0    15.0    28.5    99.7    46.3    74.7 -99.000 -99.000 -99.000 -99.000 -99.000 -9999.0 -9999.0 -9999.0 -9999.0 -9999.0
92826 20230504  2.623  -81.32   25.90    31.8    14.2    23.0    23.1     0.0    26.39 C    53.5    11.7    27.9    94.9    29.6    64.4 -99.000 -99.000 -99.000 -99.000 -99.000 -9999.0 -9999.0 -9999.0 -9999.0 -9999.0
92826 20230505  2.623  -81.32   25.90    33.8    15.1    24.5    24.1     0.0    24.89 C    54.2    14.1    29.5    97.9    37.4    70.2 -99.000 -99.000 -99.000 -99.000 -99.000 -9999.0 -9999.0 -9999.0 -9999.0 -9999.0
92826 20230506  2.623  -81.32   25.90    33.9    18.1    26.0    25.5     0.0    19.96 C    56.5    16.9    30.2    98.5    41.2    71.7 -99.000 -99.000 -99.000 -99.000 -99.000 -9999.0 -9999.0 -9999.0 -9999.0 -9999.0
92826 20230507  2.623  -81.32   25.90    32.9    19.8    26.3    25.1     0.0    20.05 C    55.2    17.7    29.3    99.0    46.7    74.4 -99.000 -99.000 -99.000 -99.000 -99.000 -9999.0 -9999.0 -9999.0 -9999.0 -9999.0
92826 20230508  2.623  -81.32   25.90    33.5    16.3    24.9    24.6     0.0    24.68 C    56.4    14.6    30.1    99.7    34.3    70.6 -99.000 -99.000 -99.000 -99.000 -99.000 -9999.0 -9999.0 -9999.0 -9999.0 -9999.0
92826 20230509  2.623  -81.32   25.90    33.6    17.2    25.4    25.6     0.0    23.07 C    56.4    15.8    30.1   100.0    37.5    72.4 -99.000 -99.000 -99.000 -99.000 -99.000 -9999.0 -9999.0 -9999.0 -9999.0 -9999.0
92826 20230510  2.623  -81.32   25.90    34.0    20.1    27.1    26.5     0.0    20.60 C    55.6    18.4    31.1    99.2    49.4    76.5 -99.000 -99.000 -99.000 -99.000 -99.000 -9999.0 -9999.0 -9999.0 -9999.0 -9999.0
92826 20230511  2.623  -81.32   25.90    33.9    20.1    27.0    26.3     0.0    18.92 C    51.2    18.1    29.7    96.0    45.1    69.4 -99.000 -99.000 -99.000 -99.000 -99.000 -9999.0 -9999.0 -9999.0 -9999.0 -9999.0
92826 20230512  2.623  -81.32   25.90    34.2    18.7    26.5    26.1     0.0    22.14 C    54.8    16.7    30.3   100.0    38.2    71.2 -99.000 -99.000 -99.000 -99.000 -99.000 -9999.0 -9999.0 -9999.0 -9999.0 -9999.0
92826 20230513  2.623  -81.32   25.90    34.7    20.5    27.6    26.4     0.0    21.79 C    56.8    19.0    31.0    98.9    39.9    67.8 -99.000 -99.000 -99.000 -99.000 -99.000 -9999.0 -9999.0 -9999.0 -9999.0 -9999.0
92826 20230514  2.623  -81.32   25.90    33.6    18.4    26.0    25.6     0.0    19.77 C    56.6    17.5    31.0    96.4    39.3    71.1 -99.000 -99.000 -99.000 -99.000 -99.000 -9999.0 -9999.0 -9999.0 -9999.0 -9999.0
92826 20230515  2.623  -81.32   25.90    33.8    19.5    26.7    24.2    29.3    15.28 C    56.7    18.5    28.5    99.1    46.9    85.4 -99.000 -99.000 -99.000 -99.000 -99.000 -9999.0 -9999.0 -9999.0 -9999.0 -9999.0
92826 20230516  2.623  -81.32   25.90    33.4    19.4    26.4    25.8     0.0    24.77 C    52.8    19.0    30.2   100.0    54.9    81.6 -99.000 -99.000 -99.000 -99.000 -99.000 -9999.0 -9999.0 -9999.0 -9999.0 -9999.0
92826 20230517  2.623  -81.32   25.90    32.0    20.3    26.2    26.1     0.0    25.81 C    51.4    20.2    30.8   100.0    56.0    79.1 -99.000 -99.000 -99.000 -99.000 -99.000 -9999.0 -9999.0 -9999.0 -9999.0 -9999.0
92826 20230518  2.623  -81.32   25.90    33.0    19.0    26.0    25.9     0.0    25.34 C    52.6    19.0    30.7    99.0    46.9    75.8 -99.000 -99.000 -99.000 -99.000 -99.000 -9999.0 -9999.0 -9999.0 -9999.0 -9999.0
92826 20230519  2.623  -81.32   25.90    35.7    19.6    27.6    26.0     0.0    21.15 C    55.8    19.8    30.6    99.1    45.0    78.9 -99.000 -99.000 -99.000 -99.000 -99.000 -9999.0 -9999.0 -9999.0 -9999.0 -9999.0
92826 20230520  2.623  -81.32   25.90    35.8    20.9    28.4    26.3    32.4    21.48 C    56.1    20.3    31.9    99.8    43.1    82.1 -99.000 -99.000 -99.000 -99.000 -99.000 -9999.0 -9999.0 -9999.0 -9999.0 -9999.0
92826 20230521  2.623  -81.32   25.90    34.4    21.0    27.7    26.2    19.1    23.26 C    53.1    18.3    31.0   100.0    49.0    83.9 -99.000 -99.000 -99.000 -99.000 -99.000 -9999.0 -9999.0 -9999.0 -9999.0 -9999.0
92826 20230522  2.623  -81.32   25.90    34.6    21.7    28.2    26.2    34.0    20.55 C    53.2    21.5    29.7    99.3    49.4    84.1 -99.000 -99.000 -99.000 -99.000 -99.000 -9999.0 -9999.0 -9999.0 -9999.0 -9999.0
92826 20230523  2.623  -81.32   25.90    32.4    20.3    26.4    25.2     0.0    20.94 C    49.8    19.1    29.0   100.0    53.6    85.1 -99.000 -99.000 -99.000 -99.000 -99.000 -9999.0 -9999.0 -9999.0 -9999.0 -9999.0
92826 20230524  2.623  -81.32   25.90    32.8    19.7    26.2    24.8     0.0    24.89 C    51.7    19.8    29.9   100.0    53.1    82.2 -99.000 -99.000 -99.000 -99.000 -99.000 -9999.0 -9999.0 -9999.0 -9999.0 -9999.0
92826 20230525  2.623  -81.32   25.90    32.7    18.9    25.8    24.6     0.0    23.07 C    51.9    19.7    29.6   100.0    50.7    82.3 -99.000 -99.000 -99.000 -99.000 -99.000 -9999.0 -9999.0 -9999.0 -9999.0 -9999.0
92826 20230526  2.623  -81.32   25.90    32.4    19.9    26.2    23.3    21.4    16.00 C    52.8    20.4    26.7    99.1    54.5    87.5 -99.000 -99.000 -99.000 -99.000 -99.000 -9999.0 -9999.0 -9999.0 -9999.0 -9999.0
92826 20230527  2.623  -81.32   25.90    31.8    18.8    25.3    24.7     0.0    26.19 C    51.2    18.9    29.4   100.0    52.0    79.8 -99.000 -99.000 -99.000 -99.000 -99.000 -9999.0 -9999.0 -9999.0 -9999.0 -9999.0
92826 20230528  2.623  -81.32   25.90    32.7    20.0    26.4    26.2     0.0    26.13 C    50.9    19.2    30.3    96.5    46.2    73.2 -99.000 -99.000 -99.000 -99.000 -99.000 -9999.0 -9999.0 -9999.0 -9999.0 -9999.0
92826 20230529  2.623  -81.32   25.90    32.5    19.6    26.1    25.7     0.0    23.13 C    53.0    19.3    29.9    91.5    47.7    73.3 -99.000 -99.000 -99.000 -99.000 -99.000 -9999.0 -9999.0 -9999.0 -9999.0 -9999.0
92826 20230530  2.623  -81.32   25.90    33.9    21.8    27.9    26.1     0.0    20.20 C    54.7    21.8    30.3    98.5    51.2    80.6 -99.000 -99.000 -99.000 -99.000 -99.000 -9999.0 -9999.0 -9999.0 -9999.0 -9999.0
92826 20230531  2.623  -81.32   25.90    32.9    21.4    27.2    25.0     5.5    15.61 C    52.4    21.2    28.2    99.2    59.9    88.4 -99.000 -99.000 -99.000 -99.000 -99.000 -9999.0 -9999.0 -9999.0 -9999.0 -9999.0
92826 20230601  2.623  -81.32   25.90    33.0    20.9    26.9    26.0     0.0    23.45 C    54.9    19.2    31.0   100.0    60.1    83.7 -99.000 -99.000 -99.000 -99.000 -99.000 -9999.0 -9999.0 -9999.0 -9999.0 -9999.0
92826 20230602  2.623  -81.32   25.90    33.1    22.0    27.5    25.9     0.0    19.10 C    51.7    22.2    30.2   100.0    55.7    82.3 -99.000 -99.000 -99.000 -99.000 -99.000 -9999.0 -9999.0 -9999.0 -9999.0 -9999.0
92826 20230603  2.623  -81.32   25.90    32.6    21.6    27.1    25.7     0.0    18.27 C    52.0    21.8    29.7    99.8    55.0    83.8 -99.000 -99.000 -99.000 -99.000 -99.000 -9999.0 -9999.0 -9999.0 -9999.0 -9999.0
92826 20230604  2.623  -81.32   25.90    32.6    21.0    26.8    25.8     6.9    21.20 C    52.0    21.8    30.4    98.0    52.2    81.8 -99.000 -99.000 -99.000 -99.000 -99.000 -9999.0 -9999.0 -9999.0 -9999.0 -9999.0
92826 20230605  2.623  -81.32   25.90    33.2    19.9    26.6    25.4    12.6    21.54 C    53.6    21.6    30.9    99.9    50.2    82.6 -99.000 -99.000 -99.000 -99.000 -99.000 -9999.0 -9999.0 -9999.0 -9999.0 -9999.0
92826 20230606  2.623  -81.32   25.90    32.1    21.2    26.6    25.9     0.0    19.09 C    49.8    21.8    29.8    97.2    60.7    81.2 -99.000 -99.000 -99.000 -99.000 -99.000 -9999.0 -9999.0 -9999.0 -9999.0 -9999.0
92826 20230607  2.623  -81.32   25.90    31.4    22.7    27.0    26.3     0.7    19.31 C    48.0    21.7    29.0    99.9    60.5    84.7 -99.000 -99.000 -99.000 -99.000 -99.000 -9999.0 -9999.0 -9999.0 -9999.0 -9999.0
92826 20230608  2.623  -81.32   25.90    31.0    24.0    27.5    27.6     4.4    21.20 C    46.0    22.6    29.9    98.2    66.2    82.3 -99.000 -99.000 -99.000 -99.000 -99.000 -9999.0 -9999.0 -9999.0 -9999.0 -9999.0
92826 20230609  2.623  -81.32   25.90    32.1    23.2    27.7    27.7     8.1    24.46 C    48.5    23.6    32.2    95.7    58.0    77.7 -99.000 -99.000 -99.000 -99.000 -99.000 -9999.0 -9999.0 -9999.0 -9999.0 -9999.0
92826 20230610  2.623  -81.32   25.90    33.3    22.7    28.0    27.8     0.0    26.40 C    51.2    22.5    32.1    96.2    50.2    76.3 -99.000 -99.000 -99.000 -99.000 -99.000 -9999.0 -9999.0 -9999.0 -9999.0 -9999.0
92826 20230611  2.623  -81.32   25.90    33.8    23.5    28.7    28.3     3.2    24.84 C    52.1    23.1    32.5    97.8    56.9    79.1 -99.000 -99.000 -99.000 -99.000 -99.000 -9999.0 -9999.0 -9999.0 -9999.0 -9999.0
92826 20230612  2.623  -81.32   25.90    32.7    24.0    28.4    28.5    23.5    22.55 C    49.8    23.2    32.6    96.7    63.4    80.4 -99.000 -99.000 -99.000 -99.000 -99.000 -9999.0 -9999.0 -9999.0 -9999.0 -9999.0
92826 20230613  2.623  -81.32   25.90    33.0    24.0    28.5    28.2    17.0    24.43 C    51.5    24.4    32.4    98.1    62.7    83.1 -99.000 -99.000 -99.000 -99.000 -99.000 -9999.0 -9999.0 -9999.0 -9999.0 -9999.0
92826 20230614  2.623  -81.32   25.90    33.5    24.7    29.1    29.4     0.0    24.47 C    50.6    24.0    32.9    98.4    63.5    80.3 -99.000 -99.000 -99.000 -99.000 -99.000 -9999.0 -9999.0 -9999.0 -9999.0 -9999.0
92826 20230615  2.623  -81.32   25.90    34.4    25.9    30.2    29.6     0.0    24.38 C    52.9    25.4    33.7    97.5    59.9    79.8 -99.000 -99.000 -99.000 -99.000 -99.000 -9999.0 -9999.0 -9999.0 -9999.0 -9999.0
92826 20230616  2.623  -81.32   25.90    32.8    25.3    29.0    29.5     0.0    21.39 C    50.5    24.4    32.3    99.3    63.9    82.1 -99.000 -99.000 -99.000 -99.000 -99.000 -9999.0 -9999.0 -9999.0 -9999.0 -9999.0
92826 20230617  2.623  -81.32   25.90    33.7    25.9    29.8    29.6     0.0    21.70 C    51.5    24.8    32.9    98.8    61.1    79.8 -99.000 -99.000 -99.000 -99.000 -99.000 -9999.0 -9999.0 -9999.0 -9999.0 -9999.0
92826 20230618  2.623  -81.32   25.90    29.9    23.3    26.6    26.4    10.6     5.38 C    37.8    23.4    26.9    97.3    74.6    89.6 -99.000 -99.000 -99.000 -99.000 -99.000 -9999.0 -9999.0 -9999.0 -9999.0 -9999.0
92826 20230619  2.623  -81.32   25.90    33.0    23.1    28.1    27.9     8.9    23.09 C    50.8    22.2    31.9    99.5    63.9    84.2 -99.000 -99.000 -99.000 -99.000 -99.000 -9999.0 -9999.0 -9999.0 -9999.0 -9999.0
92826 20230620  2.623  -81.32   25.90    33.8    22.7    28.3    27.4     0.7    22.28 C    51.5    23.3    31.5    99.8    58.6    82.5 -99.000 -99.000 -99.000 -99.000 -99.000 -9999.0 -9999.0 -9999.0 -9999.0 -9999.0
92826 20230621  2.623  -81.32   25.90    34.0    23.0    28.5    27.2     0.0    19.38 C    50.5    23.2    30.4    94.4    57.0    78.0 -99.000 -99.000 -99.000 -99.000 -99.000 -9999.0 -9999.0 -9999.0 -9999.0 -9999.0
92826 20230622  2.623  -81.32   25.90    33.8    22.6    28.2    27.5     0.0    16.42 C    51.0    22.6    30.5    97.9    60.7    81.7 -99.000 -99.000 -99.000 -99.000 -99.000 -9999.0 -9999.0 -9999.0 -9999.0 -9999.0
92826 20230623  2.623  -81.32   25.90    36.4    24.8    30.6    29.1     0.0    21.69 C    55.3    24.8    33.0    96.5    55.4    79.2 -99.000 -99.000 -99.000 -99.000 -99.000 -9999.0 -9999.0 -9999.0 -9999.0 -9999.0
92826 20230624  2.623  -81.32   25.90    35.5    22.8    29.1    26.7    46.2    14.43 C    54.0    22.4    30.1    98.6    54.3    87.8 -99.000 -99.000 -99.000 -99.000 -99.000 -9999.0 -9999.0 -9999.0 -9999.0 -9999.0
92826 20230625  2.623  -81.32   25.90    34.7    22.4    28.6    26.4     3.6    18.70 C    46.5    22.1    29.1   100.0    51.4    86.7 -99.000 -99.000 -99.000 -99.000 -99.000 -9999.0 -9999.0 -9999.0 -9999.0 -9999.0
92826 20230626  2.623  -81.32   25.90    35.6    23.0    29.3    27.9     0.0    20.10 C    50.8    23.1    30.7    99.9    50.6    81.3 -99.000 -99.000 -99.000 -99.000 -99.000 -9999.0 -9999.0 -9999.0 -9999.0 -9999.0
92826 20230627  2.623  -81.32   25.90    34.9    24.5    29.7    29.2     0.0    21.69 C    54.4    23.7    32.3    97.5    54.6    78.1 -99.000 -99.000 -99.000 -99.000 -99.000 -9999.0 -9999.0 -9999.0 -9999.0 -9999.0
92826 20230628  2.623  -81.32   25.90    35.8    24.1    29.9    29.2     0.0    23.53 C    53.0    23.2    32.8    95.3    50.3    76.1 -99.000 -99.000 -99.000 -99.000 -99.000 -9999.0 -9999.0 -9999.0 -9999.0 -9999.0
92826 20230629  2.623  -81.32   25.90    35.2    24.3    29.7    27.8     2.1    16.03 C    53.2    24.5    30.9    96.6    59.4    85.7 -99.000 -99.000 -99.000 -99.000 -99.000 -9999.0 -9999.0 -9999.0 -9999.0 -9999.0
92826 20230630  2.623  -81.32   25.90    34.9    24.4    29.6    27.4     0.0    17.63 C    51.6    23.9    30.3    98.7    56.6    84.5 -99.000 -99.000 -99.000 -99.000 -99.000 -9999.0 -9999.0 -9999.0 -9999.0 -9999.0
92826 20230701  2.623  -81.32   25.90    35.4    24.2    29.8    27.9     0.0    20.52 C    54.6    23.9    31.7   100.0    57.6    84.2 -99.000 -99.000 -99.000 -99.000 -99.000 -9999.0 -9999.0 -9999.0 -9999.0 -9999.0
92826 20230702  2.623  -81.32   25.90    35.1    24.5    29.8    27.8     1.7    16.83 C    55.2    24.1    30.4   100.0    55.8    86.0 -99.000 -99.000 -99.000 -99.000 -99.000 -9999.0 -9999.0 -9999.0 -9999.0 -9999.0
92826 20230703  2.623  -81.32   25.90    34.7    25.1    29.9    28.9     0.9    22.21 C    52.2    24.2    31.9   100.0    55.7    82.2 -99.000 -99.000 -99.000 -99.000 -99.000 -9999.0 -9999.0 -9999.0 -9999.0 -9999.0
92826 20230704  2.623  -81.32   25.90    36.3    25.0    30.6    29.0    20.8    21.64 C    55.2    23.0    32.7    99.5    49.8    82.0 -99.000 -99.000 -99.000 -99.000 -99.000 -9999.0 -9999.0 -9999.0 -9999.0 -9999.0
92826 20230705  2.623  -81.32   25.90    37.1    26.1    31.6    29.6     6.1    21.77 C    52.0    24.6    33.0    99.8    46.7    82.6 -99.000 -99.000 -99.000 -99.000 -99.000 -9999.0 -9999.0 -9999.0 -9999.0 -9999.0
92826 20230706  2.623  -81.32   25.90    34.9    25.7    30.3    29.4     0.0    20.41 C    53.3    25.8    32.8    99.0    58.0    81.9 -99.000 -99.000 -99.000 -99.000 -99.000 -9999.0 -9999.0 -9999.0 -9999.0 -9999.0
92826 20230707  2.623  -81.32   25.90    33.2    24.6    28.9    29.0     1.8    16.30 C    42.7    24.9    31.0    93.4    58.6    78.0 -99.000 -99.000 -99.000 -99.000 -99.000 -9999.0 -9999.0 -9999.0 -9999.0 -9999.0
92826 20230708  2.623  -81.32   25.90    32.5    24.6    28.6    28.1     3.0    12.03 C    48.4    25.4    29.4    97.8    63.3    86.7 -99.000 -99.000 -99.000 -99.000 -99.000 -9999.0 -9999.0 -9999.0 -9999.0 -9999.0
92826 20230709  2.623  -81.32   25.90    34.2    25.6    29.9    29.5     0.0    24.03 C    50.7    25.3    33.3    99.5    54.3    79.3 -99.000 -99.000 -99.000 -99.000 -99.000 -9999.0 -9999.0 -9999.0 -9999.0 -9999.0
92826 20230710  2.623  -81.32   25.90    34.6    26.1    30.4    30.4     0.0    23.19 C    51.3    24.8    33.4    98.2    59.7    78.0 -99.000 -99.000 -99.000 -99.000 -99.000 -9999.0 -9999.0 -9999.0 -9999.0 -9999.0
92826 20230711  2.623  -81.32   25.90    36.5    27.1    31.8    31.1     0.0    25.08 C    53.2    25.3    34.7    95.1    41.1    72.4 -99.000 -99.000 -99.000 -99.000 -99.000 -9999.0 -9999.0 -9999.0 -9999.0 -9999.0
92826 20230712  2.623  -81.32   25.90    36.3    26.2    31.2    30.4     0.0    22.32 C    56.7    25.2    34.0    95.8    50.4    77.0 -99.000 -99.000 -99.000 -99.000 -99.000 -9999.0 -9999.0 -9999.0 -9999.0 -9999.0
92826 20230713  2.623  -81.32   25.90    37.3    24.4    30.8    28.8    19.2    17.15 C    56.8    24.0    32.2    97.2    52.4    84.8 -99.000 -99.000 -99.000 -99.000 -99.000 -9999.0 -9999.0 -9999.0 -9999.0 -9999.0
92826 20230714  2.623  -81.32   25.90    35.2    24.7    30.0    28.0     2.4    14.62 C    51.0    25.3    29.7    97.4    55.9    84.7 -99.000 -99.000 -99.000 -99.000 -99.000 -9999.0 -9999.0 -9999.0 -9999.0 -9999.0
92826 20230715  2.623  -81.32   25.90    34.7    25.6    30.2    29.2     0.0    18.56 C    49.6    24.6    31.8    98.5    58.0    81.6 -99.000 -99.000 -99.000 -99.000 -99.000 -9999.0 -9999.0 -9999.0 -9999.0 -9999.0
92826 20230716  2.623  -81.32   25.90    35.1    26.4    30.8    30.2     0.0    22.03 C    52.5    25.4    33.5    98.5    59.7    80.6 -99.000 -99.000 -99.000 -99.000 -99.000 -9999.0 -9999.0 -9999.0 -9999.0 -9999.0
92826 20230717  2.623  -81.32   25.90    34.2    24.6    29.4    28.6    25.5    10.57 C    44.9    22.8    30.1    97.2    63.1    84.5 -99.000 -99.000 -99.000 -99.000 -99.000 -9999.0 -9999.0 -9999.0 -9999.0 -9999.0
92826 20230718  2.623  -81.32   25.90    35.2    25.4    30.3    27.7     0.4    15.24 C    50.4    24.7    29.6    99.5    51.8    86.8 -99.000 -99.000 -99.000 -99.000 -99.000 -9999.0 -9999.0 -9999.0 -9999.0 -9999.0
92826 20230719  2.623  -81.32   25.90    35.8    25.0    30.4    29.1     0.0    20.64 C    52.2    24.9    32.3    98.2    51.8    81.9 -99.000 -99.000 -99.000 -99.000 -99.000 -9999.0 -9999.0 -9999.0 -9999.0 -9999.0
92826 20230720  2.623  -81.32   25.90    36.6    25.7    31.2    29.6     0.2    17.59 C    52.5    25.8    32.2    99.6    53.9    82.0 -99.000 -99.000 -99.000 -99.000 -99.000 -9999.0 -9999.0 -9999.0 -9999.0 -9999.0
92826 20230721  2.623  -81.32   25.90    35.1    25.9    30.5    29.1     0.0    12.71 C    53.7    25.1    31.0    99.4    60.8    85.4 -99.000 -99.000 -99.000 -99.000 -99.000 -9999.0 -9999.0 -9999.0 -9999.0 -9999.0
92826 20230722  2.623  -81.32   25.90    34.2    26.6    30.4    30.3     0.0    24.57 C    51.1    25.6    33.8    97.9    60.9    80.0 -99.000 -99.000 -99.000 -99.000 -99.000 -9999.0 -9999.0 -9999.0 -9999.0 -9999.0
92826 20230723  2.623  -81.32   25.90    34.6    27.6    31.1    30.8     0.0    23.99 C    51.5    25.6    34.1    95.5    56.1    76.1 -99.000 -99.000 -99.000 -99.000 -99.000 -9999.0 -9999.0 -9999.0 -9999.0 -9999.0
92826 20230724  2.623  -81.32   25.90    36.1    25.6    30.8    30.4     0.0    22.83 C    52.7    24.1    33.8    98.3    51.1    75.4 -99.000 -99.000 -99.000 -99.000 -99.000 -9999.0 -9999.0 -9999.0 -9999.0 -9999.0
92826 20230725  2.623  -81.32   25.90    37.0    23.4    30.2    28.7     8.1    19.42 C    55.0    23.7    32.6    97.5    46.4    77.8 -99.000 -99.000 -99.000 -99.000 -99.000 -9999.0 -9999.0 -9999.0 -9999.0 -9999.0
92826 20230726  2.623  -81.32   25.90    31.4    22.9    27.1    26.1     0.0     7.65 C    37.3    23.6    27.4    96.9    68.3    87.1 -99.000 -99.000 -99.000 -99.000 -99.000 -9999.0 -9999.0 -9999.0 -9999.0 -9999.0
92826 20230727  2.623  -81.32   25.90    33.5    22.8    28.2    27.0     0.0    15.74 C    50.7    23.3    30.3    98.4    56.0    83.1 -99.000 -99.000 -99.000 -99.000 -99.000 -9999.0 -9999.0 -9999.0 -9999.0 -9999.0
92826 20230728  2.623  -81.32   25.90    30.3    24.4    27.4    26.1     0.9     4.91 C    33.4    24.1    26.6    99.4    79.1    93.3 -99.000 -99.000 -99.000 -99.000 -99.000 -9999.0 -9999.0 -9999.0 -9999.0 -9999.0
92826 20230729  2.623  -81.32   25.90    35.8    24.5    30.1    28.9     0.2    15.90 C    52.0    24.0    30.9   100.0    55.2    84.0 -99.000 -99.000 -99.000 -99.000 -99.000 -9999.0 -9999.0 -9999.0 -9999.0 -9999.0
92826 20230730  2.623  -81.32   25.90    36.7    24.8    30.7    30.2     0.0    24.76 C    54.9    24.1    34.1    97.8    49.3    76.6 -99.000 -99.000 -99.000 -99.000 -99.000 -9999.0 -9999.0 -9999.0 -9999.0 -9999.0
92826 20230731  2.623  -81.32   25.90    34.8    23.5    29.2    28.5    11.2    15.54 C    52.6    22.7    31.4    98.7    58.2    83.3 -99.000 -99.000 -99.000 -99.000 -99.000 -9999.0 -9999.0 -9999.0 -9999.0 -9999.0
92826 20230801  2.623  -81.32   25.90    34.3    23.7    29.0    27.7     0.0    17.38 C    50.6    23.8    30.4    99.8    60.5    85.9 -99.000 -99.000 -99.000 -99.000 -99.000 -9999.0 -9999.0 -9999.0 -9999.0 -9999.0
92826 20230802  2.623  -81.32   25.90    35.4    24.9    30.1    28.0     0.0    15.35 C    52.1    24.5    30.1    99.9    55.6    84.8 -99.000 -99.000 -99.000 -99.000 -99.000 -9999.0 -9999.0 -9999.0 -9999.0 -9999.0
92826 20230803  2.623  -81.32   25.90    35.7    24.5    30.1    27.7     0.0    18.50 C    48.3    23.9    30.6   100.0    50.8    86.7 -99.000 -99.000 -99.000 -99.000 -99.000 -9999.0 -9999.0 -9999.0 -9999.0 -9999.0
92826 20230804  2.623  -81.32   25.90    35.1    24.6    29.9    27.9    46.3    15.53 C    49.8    23.9    29.5   100.0    58.3    87.3 -99.000 -99.000 -99.000 -99.000 -99.000 -9999.0 -9999.0 -9999.0 -9999.0 -9999.0
92826 20230805  2.623  -81.32   25.90    33.7    25.3    29.5    28.4    15.9    12.95 C    45.0    24.8    29.4   100.0    60.5    87.3 -99.000 -99.000 -99.000 -99.000 -99.000 -9999.0 -9999.0 -9999.0 -9999.0 -9999.0
92826 20230806  2.623  -81.32   25.90    35.0    25.9    30.4    30.3     0.0    24.84 C    49.5    24.8    33.1   100.0    56.0    79.6 -99.000 -99.000 -99.000 -99.000 -99.000 -9999.0 -9999.0 -9999.0 -9999.0 -9999.0
92826 20230807  2.623  -81.32   25.90    36.9    26.1    31.5    30.6     1.3    23.05 C    51.2    26.2    33.8    99.3    52.5    80.8 -99.000 -99.000 -99.000 -99.000 -99.000 -9999.0 -9999.0 -9999.0 -9999.0 -9999.0
92826 20230808  2.623  -81.32   25.90    36.8    26.6    31.7    29.6     0.0    18.38 C    50.4    26.1    32.0    99.4    57.9    83.8 -99.000 -99.000 -99.000 -99.000 -99.000 -9999.0 -9999.0 -9999.0 -9999.0 -9999.0
92826 20230809  2.623  -81.32   25.90    35.9    26.9    31.4    30.4     0.0    18.80 C    52.1    26.2    33.1    96.7    55.0    82.8 -99.000 -99.000 -99.000 -99.000 -99.000 -9999.0 -9999.0 -9999.0 -9999.0 -9999.0
92826 20230810  2.623  -81.32   25.90    35.6    25.2    30.4    29.3     0.0    16.03 C    51.1    25.1    31.5    98.2    61.8    84.9 -99.000 -99.000 -99.000 -99.000 -99.000 -9999.0 -9999.0 -9999.0 -9999.0 -9999.0
92826 20230811  2.623  -81.32   25.90    36.6    25.4    31.0    29.9     0.0    22.96 C    51.7    24.7    33.4    99.0    51.0    81.0 -99.000 -99.000 -99.000 -99.000 -99.000 -9999.0 -9999.0 -9999.0 -9999.0 -9999.0
92826 20230812  2.623  -81.32   25.90    37.1    27.0    32.0    31.1     0.0    20.89 C    53.4    25.8    34.2    97.7    43.9    76.1 -99.000 -99.000 -99.000 -99.000 -99.000 -9999.0 -9999.0 -9999.0 -9999.0 -9999.0
92826 20230813  2.623  -81.32   25.90    33.3    24.3    28.8    27.8    34.3     9.88 C    41.9    24.3    28.4    98.0    67.3    90.9 -99.000 -99.000 -99.000 -99.000 -99.000 -9999.0 -9999.0 -9999.0 -9999.0 -9999.0
92826 20230814  2.623  -81.32   25.90    36.5    26.2    31.4    30.0     0.0    24.02 C    49.4    25.5    32.9   100.0    58.1    81.5 -99.000 -99.000 -99.000 -99.000 -99.000 -9999.0 -9999.0 -9999.0 -9999.0 -9999.0
92826 20230815  2.623  -81.32   25.90    35.7    26.2    31.0    29.3     0.0    17.06 C    49.3    25.5    31.6    99.0    50.5    80.8 -99.000 -99.000 -99.000 -99.000 -99.000 -9999.0 -9999.0 -9999.0 -9999.0 -9999.0
92826 20230816  2.623  -81.32   25.90    31.4    24.6    28.0    27.3    10.0     7.20 C    37.2    24.4    27.6    98.4    73.8    90.1 -99.000 -99.000 -99.000 -99.000 -99.000 -9999.0 -9999.0 -9999.0 -9999.0 -9999.0
92826 20230817  2.623  -81.32   25.90    33.1    24.1    28.6    27.7    43.5    14.79 C    43.4    23.4    28.8    98.9    66.3    87.1 -99.000 -99.000 -99.000 -99.000 -99.000 -9999.0 -9999.0 -9999.0 -9999.0 -9999.0
92826 20230818  2.623  -81.32   25.90    34.0    24.1    29.0    26.0     1.6     8.18 C    43.2    23.4    27.3    99.9    65.2    93.7 -99.000 -99.000 -99.000 -99.000 -99.000 -9999.0 -9999.0 -9999.0 -9999.0 -9999.0
92826 20230819  2.623  -81.32   25.90    35.0    24.3    29.7    27.6     3.6    17.48 C    47.8    25.1    31.2   100.0    57.3    87.9 -99.000 -99.000 -99.000 -99.000 -99.000 -9999.0 -9999.0 -9999.0 -9999.0 -9999.0
92826 20230820  2.623  -81.32   25.90    32.2    24.8    28.5    26.2     0.7    10.69 C    44.1    24.2    28.1    98.0    69.4    91.6 -99.000 -99.000 -99.000 -99.000 -99.000 -9999.0 -9999.0 -9999.0 -9999.0 -9999.0
92826 20230821  2.623  -81.32   25.90    33.6    25.2    29.4    28.6     0.0    17.76 C    47.4    24.6    30.8    98.2    61.9    81.1 -99.000 -99.000 -99.000 -99.000 -99.000 -9999.0 -9999.0 -9999.0 -9999.0 -9999.0
92826 20230822  2.623  -81.32   25.90    34.5    25.3    29.9    28.9     8.6    22.63 C    50.0    24.6    31.9    95.1    50.4    78.6 -99.000 -99.000 -99.000 -99.000 -99.000 -9999.0 -9999.0 -9999.0 -9999.0 -9999.0
92826 20230823  2.623  -81.32   25.90    34.8    25.0    29.9    29.2     0.0    18.94 C    49.2    25.2    31.7    98.7    55.9    79.1 -99.000 -99.000 -99.000 -99.000 -99.000 -9999.0 -9999.0 -9999.0 -9999.0 -9999.0
92826 20230824  2.623  -81.32   25.90    35.6    24.8    30.2    28.5     0.0    18.19 C    49.3    24.2    31.2    97.4    51.3    80.4   0.088   0.136 -99.000 -99.000 -99.000    30.7    30.4 -9999.0 -9999.0 -9999.0
92826 20230825  2.623  -81.32   25.90    34.3    23.6    29.0    28.9     0.0    20.53 C    49.2    23.6    31.8    97.0    48.0    76.0 -99.000 -99.000 -99.000 -99.000 -99.000 -9999.0 -9999.0 -9999.0 -9999.0 -9999.0
92826 20230826  2.623  -81.32   25.90    34.7    24.2    29.4    29.0     0.6    21.51 C    52.4    23.0    32.0    96.5    52.2    76.7 -99.000 -99.000 -99.000 -99.000 -99.000 -9999.0 -9999.0 -9999.0 -9999.0 -9999.0
92826 20230827  2.623  -81.32   25.90    35.7    24.7    30.2    27.9    17.4    13.38 C    50.3    24.4    29.4    97.3    52.2    85.7 -99.000 -99.000 -99.000 -99.000 -99.000 -9999.0 -9999.0 -9999.0 -9999.0 -9999.0
92826 20230828  2.623  -81.32   25.90    33.4    25.6    29.5    29.2     0.0    19.69 C    46.5    24.8    31.5    99.0    65.7    84.2 -99.000 -99.000 -99.000 -99.000 -99.000 -9999.0 -9999.0 -9999.0 -9999.0 -9999.0
92826 20230829  2.623  -81.32   25.90    32.1    25.1    28.6    28.0    13.0     8.22 C    36.6    24.5    27.8    97.5    69.7    89.0 -99.000 -99.000 -99.000 -99.000 -99.000 -9999.0 -9999.0 -9999.0 -9999.0 -9999.0
92826 20230830  2.623  -81.32   25.90    31.8    27.7    29.7    29.9     0.6    18.71 C    42.2    26.5    31.2    91.3    71.3    80.4   0.106   0.162 -99.000 -99.000 -99.000    29.8    29.6 -9999.0 -9999.0 -9999.0
92826 20230831  2.623  -81.32   25.90    32.3    26.3    29.3    28.8    16.7    18.35 C    41.6    25.7    30.0    96.2    69.6    85.4   0.121   0.186 -99.000 -99.000 -99.000    30.2    30.0 -9999.0 -9999.0 -9999.0
92826 20230901  2.623  -81.32   25.90    36.4    24.8    30.6    29.2     1.1    17.62 C    46.5    24.9    31.3    99.4    52.2    84.3   0.111   0.170 -99.000 -99.000 -99.000    30.4    30.2 -9999.0 -9999.0 -9999.0
92826 20230902  2.623  -81.32   25.90    32.1    24.2    28.1    27.5     0.2    15.52 C    41.6    23.5    29.3    98.1    65.6    84.4   0.106   0.158 -99.000 -99.000 -99.000    29.6    29.6 -9999.0 -9999.0 -9999.0
92826 20230903  2.623  -81.32   25.90    32.9    22.3    27.6    27.7     0.0    21.06 C    42.7    21.9    29.8    95.8    50.2    73.0   0.096   0.148 -99.000 -99.000 -99.000    29.7    29.6 -9999.0 -9999.0 -9999.0
92826 20230904  2.623  -81.32   25.90    34.5    24.8    29.6    28.4     0.0    18.08 C    43.4    24.7    30.7    90.2    53.9    74.7   0.090   0.140 -99.000 -99.000 -99.000    30.3    30.0 -9999.0 -9999.0 -9999.0
92826 20230905  2.623  -81.32   25.90    35.6    24.9    30.3    29.1     0.0    19.50 C    46.0    24.5    31.7    97.4    47.5    74.8   0.084   0.133 -99.000 -99.000 -99.000    30.9    30.4 -9999.0 -9999.0 -9999.0
92826 20230906  2.623  -81.32   25.90    35.0    25.5    30.3    29.1     0.0    17.35 C    45.3    25.0    31.5    95.3    46.1    74.3   0.077   0.126 -99.000 -99.000 -99.000    30.8    30.5 -9999.0 -9999.0 -9999.0
92826 20230907  2.623  -81.32   25.90    35.8    24.6    30.2    29.2     0.0    20.85 C    44.4    23.6    31.6    96.1    44.1    73.0   0.069   0.120 -99.000 -99.000 -99.000    30.9    30.4 -9999.0 -9999.0 -9999.0
92826 20230908  2.623  -81.32   25.90    34.2    23.2    28.7    27.6     0.0    16.65 C    43.1    22.3    29.4    96.2    51.4    79.2   0.064   0.115 -99.000 -99.000 -99.000    30.0    29.9 -9999.0 -9999.0 -9999.0
92826 20230909  2.623  -81.32   25.90    35.5    22.1    28.8    27.0     0.3    22.48 C    43.9    21.5    29.5   100.0    46.1    81.9   0.061   0.110 -99.000 -99.000 -99.000    30.3    29.9 -9999.0 -9999.0 -9999.0
92826 20230910  2.623  -81.32   25.90    35.7    24.2    30.0    28.5     0.0    23.72 C    44.8    23.7    31.1    99.4    53.0    81.6   0.058   0.104 -99.000 -99.000 -99.000    30.9    30.4 -9999.0 -9999.0 -9999.0
92826 20230911  2.623  -81.32   25.90    36.4    24.8    30.6    29.7     0.0    22.99 C    45.3    24.3    32.7   100.0    44.7    77.3   0.052   0.097 -99.000 -99.000 -99.000    31.7    31.0 -9999.0 -9999.0 -9999.0
92826 20230912  2.623  -81.32   25.90    36.0    25.6    30.8    29.8     0.0    21.12 C    45.3    25.3    32.4    97.9    44.1    76.2   0.046   0.089 -99.000 -99.000 -99.000    31.9    31.3 -9999.0 -9999.0 -9999.0
92826 20230913  2.623  -81.32   25.90    35.1    25.0    30.0    28.1     0.6    13.85 C    43.5    24.4    29.6   100.0    52.2    83.2   0.043   0.084 -99.000 -99.000 -99.000    30.6    30.4 -9999.0 -9999.0 -9999.0
92826 20230914  2.623  -81.32   25.90    35.8    24.0    29.9    28.7     0.0    20.09 C    44.5    23.4    30.8    99.9    49.9    79.5   0.043   0.081 -99.000 -99.000 -99.000    30.7    30.4 -9999.0 -9999.0 -9999.0
92826 20230915  2.623  -81.32   25.90    35.3    24.3    29.8    28.8     0.0    21.45 C    44.7    23.9    31.4    99.1    53.5    80.4   0.040   0.076 -99.000 -99.000 -99.000    31.5    30.9 -9999.0 -9999.0 -9999.0
92826 20230916  2.623  -81.32   25.90    33.4    25.0    29.2    28.2     0.0    12.71 C    41.0    24.4    29.7    98.5    60.9    84.0   0.037   0.073 -99.000 -99.000 -99.000    30.5    30.3 -9999.0 -9999.0 -9999.0
92826 20230917  2.623  -81.32   25.90    33.6    25.6    29.6    28.5     0.0    18.22 C    40.8    24.8    30.3    99.9    60.6    82.9   0.037   0.069 -99.000 -99.000 -99.000    31.4    30.7 -9999.0 -9999.0 -9999.0
92826 20230918  2.623  -81.32   25.90    35.4    24.3    29.8    28.0     0.8    19.52 C    44.8    24.0    29.9    99.3    55.1    84.4   0.034   0.065 -99.000 -99.000 -99.000    30.7    30.4 -9999.0 -9999.0 -9999.0
92826 20230919  2.623  -81.32   25.90    35.1    23.7    29.4    27.3     0.0    19.68 C    43.8    23.2    29.8   100.0    57.0    84.5   0.033   0.061 -99.000 -99.000 -99.000    31.0    30.5 -9999.0 -9999.0 -9999.0
92826 20230920  2.623  -81.32   25.90    35.0    22.5    28.8    26.4     0.0    13.33 C    45.1    22.3    28.3    99.4    58.6    86.3   0.032   0.057 -99.000 -99.000 -99.000    29.9    29.8 -9999.0 -9999.0 -9999.0
92826 20230921  2.623  -81.32   25.90    35.3    22.6    28.9    25.8    31.0    14.78 C    45.0    21.3    27.2   100.0    49.1    88.2   0.056   0.116 -99.000 -99.000 -99.000    28.6    28.6 -9999.0 -9999.0 -9999.0
92826 20230922  2.623  -81.32   25.90    33.0    21.8    27.4    26.6     0.0    19.83 C    41.9    20.9    28.4   100.0    50.2    79.4   0.083   0.147 -99.000 -99.000 -99.000    28.6    28.5 -9999.0 -9999.0 -9999.0
92826 20230923  2.623  -81.32   25.90    33.5    22.1    27.8    26.7     0.0    17.83 C    41.3    21.7    28.7    95.5    51.6    76.3   0.078   0.128 -99.000 -99.000 -99.000    28.9    28.8 -9999.0 -9999.0 -9999.0
92826 20230924  2.623  -81.32   25.90    34.6    22.6    28.6    26.8    10.5    13.78 C    42.7    22.1    28.3    99.0    53.7    84.2   0.077   0.124 -99.000 -99.000 -99.000    28.7    28.6 -9999.0 -9999.0 -9999.0
92826 20230925  2.623  -81.32   25.90    35.3    22.6    29.0    26.9     8.9    18.19 C    45.3    22.7    29.2   100.0    55.8    87.0   0.103   0.167 -99.000 -99.000 -99.000    28.7    28.7 -9999.0 -9999.0 -9999.0
92826 20230926  2.623  -81.32   25.90    32.1    24.3    28.2    26.6    27.5     7.21 C    38.9    24.0    27.4    99.6    73.6    93.1   0.112   0.184 -99.000 -99.000 -99.000    27.9    28.1 -9999.0 -9999.0 -9999.0
92826 20230927  2.623  -81.32   25.90    31.4    24.6    28.0    26.7     4.6     8.63 C    39.3    24.4    28.0    99.3    66.6    90.7   0.112   0.177 -99.000 -99.000 -99.000    28.0    28.1 -9999.0 -9999.0 -9999.0
92826 20230928  2.623  -81.32   25.90    33.8    24.8    29.3    27.5     0.0    16.26 C    42.5    24.6    29.6   100.0    61.6    87.1   0.097   0.151 -99.000 -99.000 -99.000    28.9    28.7 -9999.0 -9999.0 -9999.0
92826 20230929  2.623  -81.32   25.90    34.7    24.8    29.7    27.7     2.5    17.60 C    43.5    24.4    30.1    99.7    53.9    84.5   0.093   0.138 -99.000 -99.000 -99.000    29.2    29.0 -9999.0 -9999.0 -9999.0
92826 20230930  2.623  -81.32   25.90    34.0    24.1    29.1    26.1    35.8     7.76 C    41.8    23.8    27.0   100.0    63.9    93.7   0.115   0.181 -99.000 -99.000 -99.000    27.8    28.0 -9999.0 -9999.0 -9999.0
92826 20231001  2.623  -81.32   25.90    35.1    24.1    29.6    26.3     7.5    14.41 C    43.8    23.9    28.6   100.0    56.2    90.8   0.116   0.180 -99.000 -99.000 -99.000    28.2    28.2 -9999.0 -9999.0 -9999.0
92826 20231002  2.623  -81.32   25.90    30.8    24.0    27.4    26.8     0.0    13.20 C    37.0    23.7    28.0    98.8    64.9    83.1   0.105   0.162 -99.000 -99.000 -99.000    28.0    28.1 -9999.0 -9999.0 -9999.0
92826 20231003  2.623  -81.32   25.90    31.4    22.8    27.1    26.4     0.0    16.06 C    38.0    22.5    27.7    97.1    54.7    77.6   0.097   0.147 -99.000 -99.000 -99.000    27.7    27.7 -9999.0 -9999.0 -9999.0
92826 20231004  2.623  -81.32   25.90    32.8    22.7    27.8    26.8     0.0    17.57 C    40.2    22.3    28.6    99.7    51.0    80.1   0.091   0.140 -99.000 -99.000 -99.000    28.1    28.0 -9999.0 -9999.0 -9999.0
92826 20231005  2.623  -81.32   25.90    34.1    23.5    28.8    27.9     0.0    17.72 C    42.9    23.1    29.8    99.8    49.9    79.5   0.088   0.134 -99.000 -99.000 -99.000    28.6    28.4 -9999.0 -9999.0 -9999.0
92826 20231006  2.623  -81.32   25.90    34.8    24.2    29.5    27.8     0.0    20.22 C    43.1    23.9    30.2   100.0    52.0    80.8   0.085   0.130 -99.000 -99.000 -99.000    29.0    28.7 -9999.0 -9999.0 -9999.0
92826 20231007  2.623  -81.32   25.90    33.0    24.9    28.9    28.1     0.0    18.87 C    40.1    24.1    29.7    99.7    58.6    82.1   0.082   0.127 -99.000 -99.000 -99.000    29.1    28.8 -9999.0 -9999.0 -9999.0
92826 20231008  2.623  -81.32   25.90    31.8    23.3    27.6    26.8     0.0    14.00 C    39.6    23.2    28.3    98.6    63.7    82.2   0.080   0.126 -99.000 -99.000 -99.000    28.6    28.5 -9999.0 -9999.0 -9999.0
92826 20231009  2.623  -81.32   25.90    28.4    21.8    25.1    23.9     0.0     5.87 C    34.4    21.2    24.7    95.2    68.4    80.4   0.079   0.126 -99.000 -99.000 -99.000    27.0    27.3 -9999.0 -9999.0 -9999.0
92826 20231010  2.623  -81.32   25.90    32.0    20.9    26.4    25.5     0.0    15.10 C    40.3    20.4    27.3    97.4    54.3    81.4   0.078   0.124 -99.000 -99.000 -99.000    27.5    27.4 -9999.0 -9999.0 -9999.0
92826 20231011  2.623  -81.32   25.90    33.6    24.0    28.8    27.6     0.0    14.44 C    40.4    23.4    29.0    97.7    65.3    86.8   0.075   0.122 -99.000 -99.000 -99.000    28.3    28.1 -9999.0 -9999.0 -9999.0
92826 20231012  2.623  -81.32   25.90    32.0    27.5    29.7    29.6     0.0    17.54 C    37.3    27.1    30.6    95.0    71.2    84.2   0.072   0.119 -99.000 -99.000 -99.000    29.6    29.1 -9999.0 -9999.0 -9999.0
92826 20231013  2.623  -81.32   25.90    31.2    26.2    28.7    28.4     1.9     5.73 C    36.1    25.3    28.5    97.6    77.1    89.0   0.074   0.121 -99.000 -99.000 -99.000    28.8    28.7 -9999.0 -9999.0 -9999.0
92826 20231014  2.623  -81.32   25.90    30.7    25.3    28.0    27.3     6.7     6.30 C    34.1    25.3    27.7   100.0    76.1    92.8   0.094   0.143 -99.000 -99.000 -99.000    28.0    28.1 -9999.0 -9999.0 -9999.0
92826 20231015  2.623  -81.32   25.90    31.3    21.5    26.4    25.9     0.0    15.28 C    38.1    20.9    27.7    97.0    58.7    81.7   0.092   0.144 -99.000 -99.000 -99.000    27.6    27.6 -9999.0 -9999.0 -9999.0
92826 20231016  2.623  -81.32   25.90    26.6    17.4    22.0    21.7     0.0    13.91 C    31.9    16.8    22.6    88.4    56.0    73.3   0.090   0.139 -99.000 -99.000 -99.000    25.9    26.3 -9999.0 -9999.0 -9999.0
92826 20231017  2.623  -81.32   25.90    24.4    14.2    19.3    18.7     0.0    19.93 C    30.3    13.6    19.8    88.5    41.3    65.9   0.087   0.135 -99.000 -99.000 -99.000    24.4    24.8 -9999.0 -9999.0 -9999.0
92826 20231018  2.623  -81.32   25.90    28.7    13.8    21.2    20.3     0.0    19.73 C    35.4    12.9    21.6    96.2    37.1    71.2   0.083   0.132 -99.000 -99.000 -99.000    24.4    24.6 -9999.0 -9999.0 -9999.0
92826 20231019  2.623  -81.32   25.90    30.4    17.8    24.1    23.3     0.0    16.56 C    37.8    17.1    24.6    98.6    45.9    75.7   0.081   0.128 -99.000 -99.000 -99.000    25.5    25.4 -9999.0 -9999.0 -9999.0
92826 20231020  2.623  -81.32   25.90    31.1    21.0    26.1    24.7     0.0    18.57 C    39.7    19.8    26.4    92.1    44.2    71.8   0.077   0.124 -99.000 -99.000 -99.000    26.5    26.2 -9999.0 -9999.0 -9999.0
92826 20231021  2.623  -81.32   25.90    31.0    20.3    25.6    24.6     0.0    16.80 C    38.9    18.7    25.5    96.3    56.2    80.9   0.073   0.120 -99.000 -99.000 -99.000    26.0    25.9 -9999.0 -9999.0 -9999.0
92826 20231022  2.623  -81.32   25.90    30.7    20.4    25.5    24.4     0.0    14.34 C    38.1    19.3    25.5    99.4    52.1    83.3   0.070   0.118 -99.000 -99.000 -99.000    25.9    25.9 -9999.0 -9999.0 -9999.0
92826 20231023  2.623  -81.32   25.90    31.6    17.8    24.7    24.0     0.0    18.35 C    38.8    16.7    25.4    96.2    45.8    74.0   0.067   0.115 -99.000 -99.000 -99.000    26.2    26.0 -9999.0 -9999.0 -9999.0
92826 20231024  2.623  -81.32   25.90    30.2    20.4    25.3    24.4     0.0    15.87 C    37.0    19.6    25.4    96.8    56.4    78.4   0.064   0.112 -99.000 -99.000 -99.000    26.3    26.2 -9999.0 -9999.0 -9999.0
92826 20231025  2.623  -81.32   25.90    29.8    19.9    24.9    24.6     0.0    16.15 C    37.7    19.1    25.9    94.6    52.5    73.0   0.061   0.109 -99.000 -99.000 -99.000    26.3    26.2 -9999.0 -9999.0 -9999.0
92826 20231026  2.623  -81.32   25.90    29.6    19.8    24.7    24.6     0.0    13.60 C    35.2    19.1    25.5    95.8    49.3    73.9   0.059   0.105 -99.000 -99.000 -99.000    26.3    26.2 -9999.0 -9999.0 -9999.0
92826 20231027  2.623  -81.32   25.90    30.7    20.2    25.4    24.8     0.0    16.03 C    37.1    19.5    25.9    92.7    55.2    74.1   0.056   0.102 -99.000 -99.000 -99.000    26.5    26.3 -9999.0 -9999.0 -9999.0
92826 20231028  2.623  -81.32   25.90    31.3    20.0    25.6    24.5     0.0    15.76 C    38.6    19.3    25.4    97.2    51.2    76.9   0.054   0.099 -99.000 -99.000 -99.000    26.5    26.3 -9999.0 -9999.0 -9999.0
92826 20231029  2.623  -81.32   25.90    30.6    20.1    25.3    24.6     0.0    12.64 C    36.6    19.3    25.5    95.4    60.0    79.2   0.053   0.096 -99.000 -99.000 -99.000    26.3    26.2 -9999.0 -9999.0 -9999.0
92826 20231030  2.623  -81.32   25.90    33.1    20.2    26.7    25.5     0.0    15.72 C    41.7    19.5    27.6    97.6    49.6    79.5   0.051   0.093 -99.000 -99.000 -99.000    26.9    26.7 -9999.0 -9999.0 -9999.0
92826 20231031  2.623  -81.32   25.90    32.7    21.7    27.2    25.8     0.0    15.44 C    40.1    20.9    27.5    99.0    53.1    79.7   0.049   0.089 -99.000 -99.000 -99.000    27.3    27.1 -9999.0 -9999.0 -9999.0
92826 20231101  2.623  -81.32   25.90    29.5    18.4    23.9    23.0     0.0    15.64 C    35.3    18.0    24.3    98.1    51.7    78.2   0.047   0.087 -99.000 -99.000 -99.000    26.5    26.4 -9999.0 -9999.0 -9999.0
92826 20231102  2.623  -81.32   25.90    27.5    16.5    22.0    21.8     0.0    15.12 C    31.8    16.2    22.6    85.3    58.4    71.9   0.046   0.084 -99.000 -99.000 -99.000    25.6    25.8 -9999.0 -9999.0 -9999.0
92826 20231103  2.623  -81.32   25.90    28.4    17.1    22.8    22.5     0.0    15.03 C    34.1    16.5    23.4    93.2    54.0    72.6   0.045   0.083 -99.000 -99.000 -99.000    25.6    25.7 -9999.0 -9999.0 -9999.0
92826 20231104  2.623  -81.32   25.90    28.3    18.8    23.5    22.7     0.0    11.38 C    33.3    18.6    23.6    92.4    61.6    78.9   0.044   0.081 -99.000 -99.000 -99.000    25.7    25.7 -9999.0 -9999.0 -9999.0
92826 20231105  2.623  -81.32   25.90    29.1    17.5    23.3    22.6     0.0    14.70 C    35.7    15.8    23.7    94.2    47.7    73.6   0.043   0.080 -99.000 -99.000 -99.000    25.9    25.8 -9999.0 -9999.0 -9999.0
92826 20231106  2.623  -81.32   25.90    28.4    13.2    20.8    21.0     0.0    16.66 C    35.3    12.0    21.8    91.9    43.3    71.1   0.041   0.078 -99.000 -99.000 -99.000    24.7    24.9 -9999.0 -9999.0 -9999.0
92826 20231107  2.623  -81.32   25.90    32.0    17.7    24.9    23.4     0.0    12.48 C    39.2    17.1    24.7    98.1    46.8    80.6   0.039   0.076 -99.000 -99.000 -99.000    25.5    25.3 -9999.0 -9999.0 -9999.0
92826 20231108  2.623  -81.32   25.90    31.4    18.7    25.1    23.8     0.0    12.31 C    39.2    18.0    24.8    99.1    50.0    78.6   0.038   0.075 -99.000 -99.000 -99.000    25.3    25.3 -9999.0 -9999.0 -9999.0
92826 20231109  2.623  -81.32   25.90    29.3    19.2    24.3    23.3     0.0    11.58 C    36.5    18.1    24.3    99.5    61.8    86.0   0.037   0.073 -99.000 -99.000 -99.000    25.2    25.2 -9999.0 -9999.0 -9999.0
92826 20231110  2.623  -81.32   25.90    33.6    20.2    26.9    25.6     0.0    16.39 C    42.2    19.5    27.6    99.9    54.0    84.7   0.036   0.072 -99.000 -99.000 -99.000    26.7    26.2 -9999.0 -9999.0 -9999.0
92826 20231111  2.623  -81.32   25.90    32.6    22.3    27.4    25.8     0.0     8.71 C    38.2    21.2    26.7    99.9    60.1    86.9   0.036   0.070 -99.000 -99.000 -99.000    26.4    26.3 -9999.0 -9999.0 -9999.0
92826 20231112  2.623  -81.32   25.90    32.9    21.3    27.1    26.0     0.0    12.79 C    41.4    20.7    27.8    99.2    50.7    79.1   0.036   0.069 -99.000 -99.000 -99.000    26.7    26.4 -9999.0 -9999.0 -9999.0
92826 20231113  2.623  -81.32   25.90    28.8    22.5    25.7    24.6     0.0     8.89 C    33.7    22.2    25.4    97.2    69.8    86.9   0.035   0.067 -99.000 -99.000 -99.000    26.8    26.7 -9999.0 -9999.0 -9999.0
92826 20231114  2.623  -81.32   25.90    28.4    22.4    25.4    24.4     0.0     6.37 C    31.4    21.9    25.0    98.9    65.3    89.7   0.035   0.068 -99.000 -99.000 -99.000    26.2    26.2 -9999.0 -9999.0 -9999.0
92826 20231115  2.623  -81.32   25.90    23.6    19.0    21.3    21.4   157.0     0.11 C    23.3    18.2    20.9    99.5    89.0    96.4   0.128   0.233 -99.000 -99.000 -99.000    22.8    23.3 -9999.0 -9999.0 -9999.0
92826 20231116  2.623  -81.32   25.90    27.9    19.7    23.8    23.3     0.5    10.79 C    32.5    17.6    22.8    97.4    69.5    84.9   0.114   0.191 -99.000 -99.000 -99.000    23.5    23.5 -9999.0 -9999.0 -9999.0
92826 20231117  2.623  -81.32   25.90    28.6    21.1    24.8    23.6     0.0    12.78 C    38.0    20.5    25.1   100.0    66.6    88.9   0.100   0.161 -99.000 -99.000 -99.000    24.7    24.6 -9999.0 -9999.0 -9999.0
92826 20231118  2.623  -81.32   25.90    27.6    20.6    24.1    23.1     0.0    12.61 C    32.9    20.1    24.2    97.9    59.7    83.4   0.096   0.149 -99.000 -99.000 -99.000    24.3    24.4 -9999.0 -9999.0 -9999.0
92826 20231119  2.623  -81.32   25.90    28.6    18.6    23.6    22.8     0.0    15.89 C    35.9    17.9    24.4    98.5    47.8    79.1   0.094   0.143 -99.000 -99.000 -99.000    24.2    24.2 -9999.0 -9999.0 -9999.0
92826 20231120  2.623  -81.32   25.90    30.9    19.2    25.0    23.6     0.0    13.76 C    38.9    18.1    25.4    99.5    51.7    80.1   0.092   0.138 -99.000 -99.000 -99.000    24.3    24.3 -9999.0 -9999.0 -9999.0
92826 20231121  2.623  -81.32   25.90    29.9    21.3    25.6    24.6     0.0    14.64 C    38.3    20.0    26.3    97.7    55.0    79.4   0.089   0.135 -99.000 -99.000 -99.000    25.1    24.9 -9999.0 -9999.0 -9999.0
92826 20231122  2.623  -81.32   25.90    29.5    20.2    24.9    24.4     0.0    14.90 C    37.3    19.3    25.9    99.6    61.9    85.1   0.088   0.133 -99.000 -99.000 -99.000    25.2    25.0 -9999.0 -9999.0 -9999.0
92826 20231123  2.623  -81.32   25.90    28.7    19.9    24.3    23.3     0.0    13.96 C    37.9    19.4    25.7    94.3    62.2    82.9   0.087   0.132 -99.000 -99.000 -99.000    25.9    25.5 -9999.0 -9999.0 -9999.0
92826 20231124  2.623  -81.32   25.90    26.5    18.9    22.7    22.0     0.0    12.10 C    32.1    18.4    23.3    97.4    68.5    84.1   0.088   0.132 -99.000 -99.000 -99.000    25.0    24.9 -9999.0 -9999.0 -9999.0
92826 20231125  2.623  -81.32   25.90    28.1    19.0    23.5    23.1     0.3    11.32 C    35.4    18.3    24.4    97.9    64.0    83.8   0.088   0.132 -99.000 -99.000 -99.000    25.1    25.0 -9999.0 -9999.0 -9999.0
92826 20231126  2.623  -81.32   25.90    29.8    21.3    25.5    24.8     0.0    12.96 C    36.1    20.7    26.1   100.0    69.6    89.4   0.088   0.132 -99.000 -99.000 -99.000    25.9    25.6 -9999.0 -9999.0 -9999.0
92826 20231127  2.623  -81.32   25.90    25.8    16.7    21.3    22.8     0.0    14.48 C    31.9    16.0    24.2    98.6    60.3    81.6   0.087   0.131 -99.000 -99.000 -99.000    25.3    25.2 -9999.0 -9999.0 -9999.0
92826 20231128  2.623  -81.32   25.90    22.3    13.4    17.9    16.7     0.0    11.79 C    29.3    12.8    17.8    91.5    48.7    68.2   0.087   0.131 -99.000 -99.000 -99.000    22.2    22.7 -9999.0 -9999.0 -9999.0
92826 20231129  2.623  -81.32   25.90    20.1    11.3    15.7    15.5     0.0     9.18 C    25.0    10.9    16.1    91.8    56.6    72.9   0.087   0.130 -99.000 -99.000 -99.000    20.5    21.1 -9999.0 -9999.0 -9999.0
92826 20231130  2.623  -81.32   25.90    27.3    14.2    20.8    19.9     0.0    12.92 C    35.5    13.7    21.7    98.4    53.7    79.4   0.086   0.129 -99.000 -99.000 -99.000    22.0    22.0 -9999.0 -9999.0 -9999.0
92826 20231201  2.623  -81.32   25.90    30.6    17.9    24.2    23.6     0.0    10.75 C    38.1    16.6    24.9    97.3    63.0    83.8   0.086   0.127 -99.000 -99.000 -99.000    23.7    23.4 -9999.0 -9999.0 -9999.0
92826 20231202  2.623  -81.32   25.90    30.5    22.1    26.3    25.1     0.0    10.89 C    37.0    21.3    26.1   100.0    67.4    90.0   0.085   0.126 -99.000 -99.000 -99.000    25.0    24.7 -9999.0 -9999.0 -9999.0
92826 20231203  2.623  -81.32   25.90    28.5    21.4    25.0    24.2     0.0    11.56 C    35.4    20.6    25.4   100.0    77.0    93.4   0.084   0.124 -99.000 -99.000 -99.000    25.3    25.0 -9999.0 -9999.0 -9999.0
92826 20231204  2.623  -81.32   25.90    28.4    21.5    25.0    24.1     0.0     9.37 C    35.8    21.3    25.1   100.0    70.8    92.1   0.085   0.123 -99.000 -99.000 -99.000    25.6    25.3 -9999.0 -9999.0 -9999.0
92826 20231205  2.623  -81.32   25.90    27.9    16.9    22.4    21.4     0.0    12.75 C    36.1    16.4    22.7    99.3    28.3    67.6   0.084   0.122 -99.000 -99.000 -99.000    24.1    24.2 -9999.0 -9999.0 -9999.0
92826 20231206  2.623  -81.32   25.90    21.2    11.3    16.3    16.3     0.0     9.29 C    27.5     9.8    16.6    93.7    38.7    66.2   0.083   0.122 -99.000 -99.000 -99.000    21.1    21.8 -9999.0 -9999.0 -9999.0
92826 20231207  2.623  -81.32   25.90    23.9     9.9    16.9    16.1     0.0    13.52 C    31.1     9.1    17.3    89.0    51.5    73.6   0.082   0.121 -99.000 -99.000 -99.000    20.7    20.9 -9999.0 -9999.0 -9999.0
92826 20231208  2.623  -81.32   25.90    25.6    14.4    20.0    19.6     0.0     6.31 C    30.9    13.7    20.4    95.3    57.4    80.8   0.083   0.121 -99.000 -99.000 -99.000    21.6    21.7 -9999.0 -9999.0 -9999.0
92826 20231209  2.623  -81.32   25.90    29.2    18.7    23.9    22.9     0.0    12.09 C    36.0    17.6    24.0    96.0    57.2    80.7 -99.000 -99.000 -99.000 -99.000 -99.000 -9999.0 -9999.0 -9999.0 -9999.0 -9999.0
92826 20231210  2.623  -81.32   25.90    29.0    19.1    24.0    23.2     7.1    11.51 C    35.9    17.9    24.1    99.5    65.2    86.0 -99.000 -99.000 -99.000 -99.000 -99.000 -9999.0 -9999.0 -9999.0 -9999.0 -9999.0
92826 20231211  2.623  -81.32   25.90    21.3    12.7    17.0    17.8     0.0    11.21 C    26.4    12.1    18.7    97.5    43.5    70.5 -99.000 -99.000 -99.000 -99.000 -99.000 -9999.0 -9999.0 -9999.0 -9999.0 -9999.0
92826 20231212  2.623  -81.32   25.90    23.3    12.0    17.6    17.4     0.0     7.10 C    25.2    11.5    17.7    87.0    57.5    74.8 -99.000 -99.000 -99.000 -99.000 -99.000 -9999.0 -9999.0 -9999.0 -9999.0 -9999.0
92826 20231213  2.623  -81.32   25.90    22.1    17.7    19.9    20.5     0.2     2.07 C    22.8    17.4    20.2    95.8    77.2    88.0 -99.000 -99.000 -99.000 -99.000 -99.000 -9999.0 -9999.0 -9999.0 -9999.0 -9999.0
92826 20231214  2.623  -81.32   25.90    22.9    19.8    21.3    20.8     0.0     4.15 C    24.3    19.2    20.8    95.6    80.0    88.5 -99.000 -99.000 -99.000 -99.000 -99.000 -9999.0 -9999.0 -9999.0 -9999.0 -9999.0
92826 20231215  2.623  -81.32   25.90    22.7    20.0    21.3    21.2     0.0     2.73 C    23.6    19.0    21.0    85.6    66.8    77.0 -99.000 -99.000 -99.000 -99.000 -99.000 -9999.0 -9999.0 -9999.0 -9999.0 -9999.0
92826 20231216  2.623  -81.32   25.90    23.4    20.2    21.8    21.7    15.0     1.77 C    27.7    17.0    23.6    98.5    78.9    93.6 -99.000 -99.000 -99.000 -99.000 -99.000 -9999.0 -9999.0 -9999.0 -9999.0 -9999.0
92826 20231217  2.623  -81.32   25.90    24.4    17.0    20.7    21.5    11.5    10.54 C    35.5    19.9    26.0    97.5    67.2    86.0   0.133   0.204 -99.000 -99.000 -99.000    22.0    22.2 -9999.0 -9999.0 -9999.0
92826 20231218  2.623  -81.32   25.90    22.9    13.7    18.3    17.6     0.0    13.43 C    33.1    12.8    21.7    97.5    56.7    83.2 -99.000 -99.000 -99.000 -99.000 -99.000 -9999.0 -9999.0 -9999.0 -9999.0 -9999.0
92826 20231219  2.623  -81.32   25.90    20.8     9.8    15.3    14.9     0.0    15.01 C    27.8     9.5    16.7    96.1    50.7    74.7 -99.000 -99.000 -99.000 -99.000 -99.000 -9999.0 -9999.0 -9999.0 -9999.0 -9999.0
92826 20231220  2.623  -81.32   25.90    21.3    10.3    15.8    15.8     0.0     7.78 C    24.1     9.9    16.3    94.9    55.7    78.1 -99.000 -99.000 -99.000 -99.000 -99.000 -9999.0 -9999.0 -9999.0 -9999.0 -9999.0
92826 20231221  2.623  -81.32   25.90    23.9    14.8    19.3    18.5     0.0     9.98 C    28.8    14.2    19.2    90.5    50.2    75.1 -99.000 -99.000 -99.000 -99.000 -99.000 -9999.0 -9999.0 -9999.0 -9999.0 -9999.0
92826 20231222  2.623  -81.32   25.90    22.5    15.4    18.9    18.3     0.0     7.57 C    27.1    15.1    18.8    92.7    60.9    79.9 -99.000 -99.000 -99.000 -99.000 -99.000 -9999.0 -9999.0 -9999.0 -9999.0 -9999.0
92826 20231223  2.623  -81.32   25.90    25.3    15.3    20.3    19.1     0.0    11.02 C    32.0    14.7    20.0    98.5    56.0    83.7 -99.000 -99.000 -99.000 -99.000 -99.000 -9999.0 -9999.0 -9999.0 -9999.0 -9999.0
92826 20231224  2.623  -81.32   25.90    25.9    15.9    20.9    20.4     0.0     7.24 C    31.7    15.2    21.1    97.0    64.5    83.4 -99.000 -99.000 -99.000 -99.000 -99.000 -9999.0 -9999.0 -9999.0 -9999.0 -9999.0
92826 20231225  2.623  -81.32   25.90    23.4    20.0    21.7    21.3     5.8     1.26 C    24.4    19.1    20.9    98.9    81.2    91.6 -99.000 -99.000 -99.000 -99.000 -99.000 -9999.0 -9999.0 -9999.0 -9999.0 -9999.0
92826 20231226  2.623  -81.32   25.90    26.6    18.5    22.6    22.2     0.0    12.68 C    34.2    17.7    23.9   100.0    74.5    91.9 -99.000 -99.000 -99.000 -99.000 -99.000 -9999.0 -9999.0 -9999.0 -9999.0 -9999.0
92826 20231227  2.623  -81.32   25.90    24.9    16.1    20.5    19.1     0.0    11.18 C    31.9    15.2    20.4    99.8    62.8    89.7 -99.000 -99.000 -99.000 -99.000 -99.000 -9999.0 -9999.0 -9999.0 -9999.0 -9999.0
92826 20231228  2.623  -81.32   25.90    20.0    14.7    17.3    16.7    22.5     3.50 C    26.9    13.4    16.7    99.8    74.7    91.3 -99.000 -99.000 -99.000 -99.000 -99.000 -9999.0 -9999.0 -9999.0 -9999.0 -9999.0
92826 20231229  2.623  -81.32   25.90    21.6    13.9    17.8    17.5     0.0     9.36 C    26.8    12.5    18.1   100.0    55.9    83.6 -99.000 -99.000 -99.000 -99.000 -99.000 -9999.0 -9999.0 -9999.0 -9999.0 -9999.0
92826 20231230  2.623  -81.32   25.90    19.1    11.9    15.5    15.2     0.0     5.71 C    25.0    11.0    15.7    98.1    62.3    85.3 -99.000 -99.000 -99.000 -99.000 -99.000 -9999.0 -9999.0 -9999.0 -9999.0 -9999.0
92826 20231231  2.623  -81.32   25.90    22.0    10.6    16.3    15.6     0.0    14.88 C    30.4     8.8    17.1    98.7    52.2    80.1 -99.000 -99.000 -99.000 -99.000 -99.000 -9999.0 -9999.0 -9999.0 -9999.0 -9999.0
