96407 20230101  2.515 -159.00   66.56   -10.5   -22.7   -16.6   -14.4     0.0     0.00 C   -11.3   -27.0   -18.0    82.2    56.8    70.6 -99.000 -99.000 -99.000 -99.000 -99.000 -9999.0 -9999.0 -9999.0 -9999.0 -9999.0
96407 20230102  2.515 -159.00   66.56   -10.4   -21.0   -15.7   -15.6     0.3     0.00 C   -10.6   -24.4   -18.6    83.1    75.1    79.7 -99.000 -99.000 -99.000 -99.000 -99.000 -9999.0 -9999.0 -9999.0 -9999.0 -9999.0
96407 20230103  2.515 -159.00   66.56   -10.9   -18.6   -14.7   -14.9     0.0     0.01 C   -13.2   -23.0   -17.4    84.9    80.6    82.6 -99.000 -99.000 -99.000 -99.000 -99.000 -9999.0 -9999.0 -9999.0 -9999.0 -9999.0
96407 20230104  2.515 -159.00   66.56   -11.7   -18.3   -15.0   -13.6     0.0     0.00 C   -12.8   -23.0   -16.6    85.7    78.9    81.9 -99.000 -99.000 -99.000 -99.000 -99.000 -9999.0 -9999.0 -9999.0 -9999.0 -9999.0
96407 20230105  2.515 -159.00   66.56   -10.6   -18.2   -14.4   -13.4     0.0     0.01 C   -12.1   -21.7   -16.3    84.7    78.3    81.1 -99.000 -99.000 -99.000 -99.000 -99.000 -9999.0 -9999.0 -9999.0 -9999.0 -9999.0
96407 20230106  2.515 -159.00   66.56 -9999.0 -9999.0 -9999.0 -9999.0 -9999.0 -9999.00 U -9999.0 -9999.0 -9999.0 -9999.0 -9999.0 -9999.0 -99.000 -99.000 -99.000 -99.000 -99.000 -9999.0 -9999.0 -9999.0 -9999.0 -9999.0
96407 20230107 -9.000 -159.00   66.56 -9999.0 -9999.0 -9999.0 -9999.0 -9999.0 -9999.00 U -9999.0 -9999.0 -9999.0 -9999.0 -9999.0 -9999.0 -99.000 -99.000 -99.000 -99.000 -99.000 -9999.0 -9999.0 -9999.0 -9999.0 -9999.0
96407 20230108 -9.000 -159.00   66.56 -9999.0 -9999.0 -9999.0 -9999.0 -9999.0 -9999.00 U -9999.0 -9999.0 -9999.0 -9999.0 -9999.0 -9999.0 -99.000 -99.000 -99.000 -99.000 -99.000 -9999.0 -9999.0 -9999.0 -9999.0 -9999.0
96407 20230109 -9.000 -159.00   66.56 -9999.0 -9999.0 -9999.0 -9999.0 -9999.0 -9999.00 U -9999.0 -9999.0 -9999.0 -9999.0 -9999.0 -9999.0 -99.000 -99.000 -99.000 -99.000 -99.000 -9999.0 -9999.0 -9999.0 -9999.0 -9999.0
96407 20230110  2.515 -159.00   66.56 -9999.0 -9999.0 -9999.0 -9999.0 -9999.0 -9999.00 U -9999.0 -9999.0 -9999.0 -9999.0 -9999.0 -9999.0 -99.000 -99.000 -99.000 -99.000 -99.000 -9999.0 -9999.0 -9999.0 -9999.0 -9999.0
96407 20230111  2.515 -159.00   66.56 -9999.0 -9999.0 -9999.0 -9999.0 -9999.0 -9999.00 U -9999.0 -9999.0 -9999.0 -9999.0 -9999.0 -9999.0 -99.000 -99.000 -99.000 -99.000 -99.000 -9999.0 -9999.0 -9999.0 -9999.0 -9999.0
96407 20230112 -9.000 -159.00   66.56 -9999.0 -9999.0 -9999.0 -9999.0 -9999.0 -9999.00 U -9999.0 -9999.0 -9999.0 -9999.0 -9999.0 -9999.0 -99.000 -99.000 -99.000 -99.000 -99.000 -9999.0 -9999.0 -9999.0 -9999.0 -9999.0
96407 20230113 -9.000 -159.00   66.56 -9999.0 -9999.0 -9999.0 -9999.0 -9999.0 -9999.00 U -9999.0 -9999.0 -9999.0 -9999.0 -9999.0 -9999.0 -99.000 -99.000 -99.000 -99.000 -99.000 -9999.0 -9999.0 -9999.0 -9999.0 -9999.0
96407 20230114 -9.000 -159.00   66.56 -9999.0 -9999.0 -9999.0 -9999.0 -9999.0 -9999.00 U -9999.0 -9999.0 -9999.0 -9999.0 -9999.0 -9999.0 -99.000 -99.000 -99.000 -99.000 -99.000 -9999.0 -9999.0 -9999.0 -9999.0 -9999.0
96407 20230115  2.515 -159.00   66.56 -9999.0 -9999.0 -9999.0 -9999.0 -9999.0 -9999.00 U -9999.0 -9999.0 -9999.0 -9999.0 -9999.0 -9999.0 -99.000 -99.000 -99.000 -99.000 -99.000 -9999.0 -9999.0 -9999.0 -9999.0 -9999.0
96407 20230116  2.515 -159.00   66.56   -14.9   -17.3   -16.1   -16.1     2.7     0.00 C   -15.2   -17.4   -16.5    77.9    58.0    65.5 -99.000 -99.000 -99.000 -99.000 -99.000 -9999.0 -9999.0 -9999.0 -9999.0 -9999.0
96407 20230117  2.515 -159.00   66.56 -9999.0 -9999.0 -9999.0 -9999.0 -9999.0 -9999.00 U -9999.0 -9999.0 -9999.0 -9999.0 -9999.0 -9999.0 -99.000 -99.000 -99.000 -99.000 -99.000 -9999.0 -9999.0 -9999.0 -9999.0 -9999.0
96407 20230118 -9.000 -159.00   66.56 -9999.0 -9999.0 -9999.0 -9999.0 -9999.0 -9999.00 U -9999.0 -9999.0 -9999.0 -9999.0 -9999.0 -9999.0 -99.000 -99.000 -99.000 -99.000 -99.000 -9999.0 -9999.0 -9999.0 -9999.0 -9999.0
96407 20230119 -9.000 -159.00   66.56 -9999.0 -9999.0 -9999.0 -9999.0 -9999.0 -9999.00 U -9999.0 -9999.0 -9999.0 -9999.0 -9999.0 -9999.0 -99.000 -99.000 -99.000 -99.000 -99.000 -9999.0 -9999.0 -9999.0 -9999.0 -9999.0
96407 20230120  2.515 -159.00   66.56 -9999.0 -9999.0 -9999.0 -9999.0 -9999.0 -9999.00 U -9999.0 -9999.0 -9999.0 -9999.0 -9999.0 -9999.0 -99.000 -99.000 -99.000 -99.000 -99.000 -9999.0 -9999.0 -9999.0 -9999.0 -9999.0
96407 20230121  2.515 -159.00   66.56 -9999.0 -9999.0 -9999.0 -9999.0 -9999.0 -9999.00 U -9999.0 -9999.0 -9999.0 -9999.0 -9999.0 -9999.0 -99.000 -99.000 -99.000 -99.000 -99.000 -9999.0 -9999.0 -9999.0 -9999.0 -9999.0
96407 20230122  2.515 -159.00   66.56 -9999.0 -9999.0 -9999.0 -9999.0 -9999.0 -9999.00 U -9999.0 -9999.0 -9999.0 -9999.0 -9999.0 -9999.0 -99.000 -99.000 -99.000 -99.000 -99.000 -9999.0 -9999.0 -9999.0 -9999.0 -9999.0
96407 20230123  2.515 -159.00   66.56 -9999.0 -9999.0 -9999.0 -9999.0 -9999.0 -9999.00 U -9999.0 -9999.0 -9999.0 -9999.0 -9999.0 -9999.0 -99.000 -99.000 -99.000 -99.000 -99.000 -9999.0 -9999.0 -9999.0 -9999.0 -9999.0
96407 20230124  2.515 -159.00   66.56 -9999.0 -9999.0 -9999.0 -9999.0 -9999.0 -9999.00 U -9999.0 -9999.0 -9999.0 -9999.0 -9999.0 -9999.0 -99.000 -99.000 -99.000 -99.000 -99.000 -9999.0 -9999.0 -9999.0 -9999.0 -9999.0
96407 20230125 -9.000 -159.00   66.56 -9999.0 -9999.0 -9999.0 -9999.0 -9999.0 -9999.00 U -9999.0 -9999.0 -9999.0 -9999.0 -9999.0 -9999.0 -99.000 -99.000 -99.000 -99.000 -99.000 -9999.0 -9999.0 -9999.0 -9999.0 -9999.0
96407 20230126  2.515 -159.00   66.56 -9999.0 -9999.0 -9999.0 -9999.0 -9999.0 -9999.00 U -9999.0 -9999.0 -9999.0 -9999.0 -9999.0 -9999.0 -99.000 -99.000 -99.000 -99.000 -99.000 -9999.0 -9999.0 -9999.0 -9999.0 -9999.0
96407 20230127 -9.000 -159.00   66.56 -9999.0 -9999.0 -9999.0 -9999.0 -9999.0 -9999.00 U -9999.0 -9999.0 -9999.0 -9999.0 -9999.0 -9999.0 -99.000 -99.000 -99.000 -99.000 -99.000 -9999.0 -9999.0 -9999.0 -9999.0 -9999.0
96407 20230128  2.515 -159.00   66.56 -9999.0 -9999.0 -9999.0 -9999.0 -9999.0 -9999.00 U -9999.0 -9999.0 -9999.0 -9999.0 -9999.0 -9999.0 -99.000 -99.000 -99.000 -99.000 -99.000 -9999.0 -9999.0 -9999.0 -9999.0 -9999.0
96407 20230129  2.515 -159.00   66.56 -9999.0 -9999.0 -9999.0 -9999.0 -9999.0 -9999.00 U -9999.0 -9999.0 -9999.0 -9999.0 -9999.0 -9999.0 -99.000 -99.000 -99.000 -99.000 -99.000 -9999.0 -9999.0 -9999.0 -9999.0 -9999.0
96407 20230130 -9.000 -159.00   66.56 -9999.0 -9999.0 -9999.0 -9999.0 -9999.0 -9999.00 U -9999.0 -9999.0 -9999.0 -9999.0 -9999.0 -9999.0 -99.000 -99.000 -99.000 -99.000 -99.000 -9999.0 -9999.0 -9999.0 -9999.0 -9999.0
96407 20230131 -9.000 -159.00   66.56 -9999.0 -9999.0 -9999.0 -9999.0 -9999.0 -9999.00 U -9999.0 -9999.0 -9999.0 -9999.0 -9999.0 -9999.0 -99.000 -99.000 -99.000 -99.000 -99.000 -9999.0 -9999.0 -9999.0 -9999.0 -9999.0
96407 20230201 -9.000 -159.00   66.56 -9999.0 -9999.0 -9999.0 -9999.0 -9999.0 -9999.00 U -9999.0 -9999.0 -9999.0 -9999.0 -9999.0 -9999.0 -99.000 -99.000 -99.000 -99.000 -99.000 -9999.0 -9999.0 -9999.0 -9999.0 -9999.0
96407 20230202  2.515 -159.00   66.56 -9999.0 -9999.0 -9999.0 -9999.0 -9999.0 -9999.00 U -9999.0 -9999.0 -9999.0 -9999.0 -9999.0 -9999.0 -99.000 -99.000 -99.000 -99.000 -99.000 -9999.0 -9999.0 -9999.0 -9999.0 -9999.0
96407 20230203  2.515 -159.00   66.56 -9999.0 -9999.0 -9999.0 -9999.0 -9999.0 -9999.00 U -9999.0 -9999.0 -9999.0 -9999.0 -9999.0 -9999.0 -99.000 -99.000 -99.000 -99.000 -99.000 -9999.0 -9999.0 -9999.0 -9999.0 -9999.0
96407 20230204 -9.000 -159.00   66.56 -9999.0 -9999.0 -9999.0 -9999.0 -9999.0 -9999.00 U -9999.0 -9999.0 -9999.0 -9999.0 -9999.0 -9999.0 -99.000 -99.000 -99.000 -99.000 -99.000 -9999.0 -9999.0 -9999.0 -9999.0 -9999.0
96407 20230205  2.515 -159.00   66.56 -9999.0 -9999.0 -9999.0 -9999.0 -9999.0 -9999.00 U -9999.0 -9999.0 -9999.0 -9999.0 -9999.0 -9999.0 -99.000 -99.000 -99.000 -99.000 -99.000 -9999.0 -9999.0 -9999.0 -9999.0 -9999.0
96407 20230206  2.515 -159.00   66.56   -19.3   -33.3   -26.3   -25.9     0.0     0.75 C   -22.1   -39.6   -31.1    83.2    61.6    71.7 -99.000 -99.000 -99.000 -99.000 -99.000 -9999.0 -9999.0 -9999.0 -9999.0 -9999.0
96407 20230207  2.515 -159.00   66.56 -9999.0 -9999.0 -9999.0 -9999.0 -9999.0 -9999.00 U -9999.0 -9999.0 -9999.0 -9999.0 -9999.0 -9999.0 -99.000 -99.000 -99.000 -99.000 -99.000 -9999.0 -9999.0 -9999.0 -9999.0 -9999.0
96407 20230208  2.515 -159.00   66.56 -9999.0 -9999.0 -9999.0 -9999.0 -9999.0 -9999.00 U -9999.0 -9999.0 -9999.0 -9999.0 -9999.0 -9999.0 -99.000 -99.000 -99.000 -99.000 -99.000 -9999.0 -9999.0 -9999.0 -9999.0 -9999.0
96407 20230209  2.515 -159.00   66.56 -9999.0 -9999.0 -9999.0 -9999.0 -9999.0 -9999.00 U -9999.0 -9999.0 -9999.0 -9999.0 -9999.0 -9999.0 -99.000 -99.000 -99.000 -99.000 -99.000 -9999.0 -9999.0 -9999.0 -9999.0 -9999.0
96407 20230210  2.515 -159.00   66.56 -9999.0 -9999.0 -9999.0 -9999.0 -9999.0 -9999.00 U -9999.0 -9999.0 -9999.0 -9999.0 -9999.0 -9999.0 -99.000 -99.000 -99.000 -99.000 -99.000 -9999.0 -9999.0 -9999.0 -9999.0 -9999.0
96407 20230211  2.515 -159.00   66.56 -9999.0 -9999.0 -9999.0 -9999.0 -9999.0 -9999.00 U -9999.0 -9999.0 -9999.0 -9999.0 -9999.0 -9999.0 -99.000 -99.000 -99.000 -99.000 -99.000 -9999.0 -9999.0 -9999.0 -9999.0 -9999.0
96407 20230212  2.515 -159.00   66.56 -9999.0 -9999.0 -9999.0 -9999.0 -9999.0 -9999.00 U -9999.0 -9999.0 -9999.0 -9999.0 -9999.0 -9999.0 -99.000 -99.000 -99.000 -99.000 -99.000 -9999.0 -9999.0 -9999.0 -9999.0 -9999.0
96407 20230213  2.515 -159.00   66.56 -9999.0 -9999.0 -9999.0 -9999.0 -9999.0 -9999.00 U -9999.0 -9999.0 -9999.0 -9999.0 -9999.0 -9999.0 -99.000 -99.000 -99.000 -99.000 -99.000 -9999.0 -9999.0 -9999.0 -9999.0 -9999.0
96407 20230214  2.515 -159.00   66.56 -9999.0 -9999.0 -9999.0 -9999.0 -9999.0 -9999.00 U -9999.0 -9999.0 -9999.0 -9999.0 -9999.0 -9999.0 -99.000 -99.000 -99.000 -99.000 -99.000 -9999.0 -9999.0 -9999.0 -9999.0 -9999.0
96407 20230215  2.515 -159.00   66.56 -9999.0 -9999.0 -9999.0 -9999.0 -9999.0 -9999.00 U -9999.0 -9999.0 -9999.0 -9999.0 -9999.0 -9999.0 -99.000 -99.000 -99.000 -99.000 -99.000 -9999.0 -9999.0 -9999.0 -9999.0 -9999.0
96407 20230216  2.515 -159.00   66.56 -9999.0 -9999.0 -9999.0 -9999.0 -9999.0 -9999.00 U -9999.0 -9999.0 -9999.0 -9999.0 -9999.0 -9999.0 -99.000 -99.000 -99.000 -99.000 -99.000 -9999.0 -9999.0 -9999.0 -9999.0 -9999.0
96407 20230217  2.515 -159.00   66.56 -9999.0 -9999.0 -9999.0 -9999.0 -9999.0 -9999.00 U -9999.0 -9999.0 -9999.0 -9999.0 -9999.0 -9999.0 -99.000 -99.000 -99.000 -99.000 -99.000 -9999.0 -9999.0 -9999.0 -9999.0 -9999.0
96407 20230218  2.515 -159.00   66.56 -9999.0 -9999.0 -9999.0 -9999.0 -9999.0 -9999.00 U -9999.0 -9999.0 -9999.0 -9999.0 -9999.0 -9999.0 -99.000 -99.000 -99.000 -99.000 -99.000 -9999.0 -9999.0 -9999.0 -9999.0 -9999.0
96407 20230219  2.515 -159.00   66.56 -9999.0 -9999.0 -9999.0 -9999.0 -9999.0 -9999.00 U -9999.0 -9999.0 -9999.0 -9999.0 -9999.0 -9999.0 -99.000 -99.000 -99.000 -99.000 -99.000 -9999.0 -9999.0 -9999.0 -9999.0 -9999.0
96407 20230220  2.515 -159.00   66.56 -9999.0 -9999.0 -9999.0 -9999.0 -9999.0 -9999.00 U -9999.0 -9999.0 -9999.0 -9999.0 -9999.0 -9999.0 -99.000 -99.000 -99.000 -99.000 -99.000 -9999.0 -9999.0 -9999.0 -9999.0 -9999.0
96407 20230221  2.515 -159.00   66.56 -9999.0 -9999.0 -9999.0 -9999.0 -9999.0 -9999.00 U -9999.0 -9999.0 -9999.0 -9999.0 -9999.0 -9999.0 -99.000 -99.000 -99.000 -99.000 -99.000 -9999.0 -9999.0 -9999.0 -9999.0 -9999.0
96407 20230222  2.515 -159.00   66.56    -4.1    -7.9    -6.0    -6.3     2.5     1.30 C    -4.5    -9.3    -6.9    88.9    77.8    83.2 -99.000 -99.000 -99.000 -99.000 -99.000 -9999.0 -9999.0 -9999.0 -9999.0 -9999.0
96407 20230223  2.515 -159.00   66.56     2.1    -5.5    -1.7    -2.3     0.0     3.83 C     0.0    -7.7    -3.7    88.1    62.7    78.7 -99.000 -99.000 -99.000 -99.000 -99.000 -9999.0 -9999.0 -9999.0 -9999.0 -9999.0
96407 20230224  2.515 -159.00   66.56    -4.1   -10.7    -7.4    -6.1     0.0     2.01 C    -6.4   -16.6    -8.7    85.6    62.0    73.5 -99.000 -99.000 -99.000 -99.000 -99.000 -9999.0 -9999.0 -9999.0 -9999.0 -9999.0
96407 20230225  2.515 -159.00   66.56    -7.3   -25.6   -16.5   -17.0     0.0     2.90 C    -8.3   -27.9   -18.1    82.3    68.4    74.3 -99.000 -99.000 -99.000 -99.000 -99.000 -9999.0 -9999.0 -9999.0 -9999.0 -9999.0
96407 20230226  2.515 -159.00   66.56   -24.9   -31.5   -28.2   -26.8     0.0     4.49 C   -27.0   -36.7   -30.3    79.7    70.3    73.1 -99.000 -99.000 -99.000 -99.000 -99.000 -9999.0 -9999.0 -9999.0 -9999.0 -9999.0
96407 20230227  2.515 -159.00   66.56 -9999.0 -9999.0 -9999.0 -9999.0 -9999.0 -9999.00 U -9999.0 -9999.0 -9999.0 -9999.0 -9999.0 -9999.0 -99.000 -99.000 -99.000 -99.000 -99.000 -9999.0 -9999.0 -9999.0 -9999.0 -9999.0
96407 20230228  2.515 -159.00   66.56   -14.6   -30.4   -22.5   -20.6     0.7     2.47 C   -15.1   -33.2   -21.4    80.9    68.8    75.6 -99.000 -99.000 -99.000 -99.000 -99.000 -9999.0 -9999.0 -9999.0 -9999.0 -9999.0
96407 20230301  2.515 -159.00   66.56   -12.1   -20.1   -16.1   -14.0     1.4     2.85 C   -12.7   -19.6   -14.9    83.1    73.8    79.3 -99.000 -99.000 -99.000 -99.000 -99.000 -9999.0 -9999.0 -9999.0 -9999.0 -9999.0
96407 20230302  2.515 -159.00   66.56   -20.1   -26.9   -23.5   -25.0     0.0     3.38 C   -19.6   -28.7   -24.9    76.0    68.9    71.9 -99.000 -99.000 -99.000 -99.000 -99.000 -9999.0 -9999.0 -9999.0 -9999.0 -9999.0
96407 20230303  2.515 -159.00   66.56   -26.8   -35.0   -30.9   -29.2     0.0     4.60 C   -26.8   -39.3   -31.7    75.3    67.4    70.1 -99.000 -99.000 -99.000 -99.000 -99.000 -9999.0 -9999.0 -9999.0 -9999.0 -9999.0
96407 20230304  2.515 -159.00   66.56   -15.2   -36.8   -26.0   -23.6     0.0     1.91 C   -15.4   -39.1   -23.8    80.5    64.2    73.8 -99.000 -99.000 -99.000 -99.000 -99.000 -9999.0 -9999.0 -9999.0 -9999.0 -9999.0
96407 20230305  2.515 -159.00   66.56    -6.5   -15.3   -10.9   -10.7     1.6     1.57 C    -6.9   -15.5   -10.8    85.5    69.5    78.0 -99.000 -99.000 -99.000 -99.000 -99.000 -9999.0 -9999.0 -9999.0 -9999.0 -9999.0
96407 20230306  2.515 -159.00   66.56    -1.8    -6.7    -4.2    -4.1     2.0     1.72 C    -2.9    -7.0    -4.6    86.7    69.7    79.5 -99.000 -99.000 -99.000 -99.000 -99.000 -9999.0 -9999.0 -9999.0 -9999.0 -9999.0
96407 20230307  2.515 -159.00   66.56    -1.0    -7.4    -4.2    -2.9     0.0     2.97 C    -2.0   -11.7    -5.2    81.5    69.8    73.8 -99.000 -99.000 -99.000 -99.000 -99.000 -9999.0 -9999.0 -9999.0 -9999.0 -9999.0
96407 20230308  2.515 -159.00   66.56    -0.4   -15.8    -8.1    -7.5     0.0     3.54 C    -1.5   -15.2    -7.5    90.9    75.2    81.6 -99.000 -99.000 -99.000 -99.000 -99.000 -9999.0 -9999.0 -9999.0 -9999.0 -9999.0
96407 20230309  2.515 -159.00   66.56   -15.8   -24.7   -20.3   -18.6     0.0     6.15 C   -15.2   -29.7   -20.7    83.5    75.2    78.9 -99.000 -99.000 -99.000 -99.000 -99.000 -9999.0 -9999.0 -9999.0 -9999.0 -9999.0
96407 20230310  2.515 -159.00   66.56   -18.7   -25.6   -22.1   -22.0     0.0     5.92 C   -18.8   -30.2   -23.7    81.2    76.5    78.5 -99.000 -99.000 -99.000 -99.000 -99.000 -9999.0 -9999.0 -9999.0 -9999.0 -9999.0
96407 20230311  2.515 -159.00   66.56   -11.4   -19.1   -15.3   -15.6     1.8     4.87 C   -10.6   -20.1   -15.3    83.5    74.1    79.3 -99.000 -99.000 -99.000 -99.000 -99.000 -9999.0 -9999.0 -9999.0 -9999.0 -9999.0
96407 20230312  2.515 -159.00   66.56   -17.7   -25.2   -21.5   -21.8     0.0     7.78 C   -18.8   -28.2   -24.0    78.7    67.4    73.4 -99.000 -99.000 -99.000 -99.000 -99.000 -9999.0 -9999.0 -9999.0 -9999.0 -9999.0
96407 20230313  2.515 -159.00   66.56   -21.3   -29.4   -25.4   -24.8     0.0     5.14 C   -20.1   -33.3   -26.3    77.1    63.4    70.8 -99.000 -99.000 -99.000 -99.000 -99.000 -9999.0 -9999.0 -9999.0 -9999.0 -9999.0
96407 20230314  2.515 -159.00   66.56   -16.9   -30.4   -23.6   -23.4     0.0     7.89 C   -19.6   -33.9   -26.9    74.1    55.4    63.6 -99.000 -99.000 -99.000 -99.000 -99.000 -9999.0 -9999.0 -9999.0 -9999.0 -9999.0
96407 20230315  2.515 -159.00   66.56   -20.6   -35.0   -27.8   -27.8     0.0     8.48 C   -25.3   -37.8   -31.9    77.8    56.6    68.3 -99.000 -99.000 -99.000 -99.000 -99.000 -9999.0 -9999.0 -9999.0 -9999.0 -9999.0
96407 20230316  2.515 -159.00   66.56   -26.4   -37.2   -31.8   -32.1     0.0     8.58 C   -26.9   -40.2   -35.1    74.5    67.4    71.1 -99.000 -99.000 -99.000 -99.000 -99.000 -9999.0 -9999.0 -9999.0 -9999.0 -9999.0
96407 20230317  2.515 -159.00   66.56   -23.1   -36.4   -29.8   -30.9     0.0     9.36 C   -24.5   -39.0   -33.0    74.9    56.9    69.2 -99.000 -99.000 -99.000 -99.000 -99.000 -9999.0 -9999.0 -9999.0 -9999.0 -9999.0
96407 20230318  2.515 -159.00   66.56   -16.8   -33.8   -25.3   -26.5     0.0     6.78 C   -17.4   -35.7   -28.6    75.1    57.4    67.1 -99.000 -99.000 -99.000 -99.000 -99.000 -9999.0 -9999.0 -9999.0 -9999.0 -9999.0
96407 20230319  2.515 -159.00   66.56    -4.4   -25.6   -15.0   -16.0     0.0     7.99 C    -6.7   -27.9   -17.7    77.4    67.4    71.8 -99.000 -99.000 -99.000 -99.000 -99.000 -9999.0 -9999.0 -9999.0 -9999.0 -9999.0
96407 20230320  2.515 -159.00   66.56    -0.6    -7.6    -4.1    -3.3     0.0     6.98 C    -2.5   -11.7    -6.5    82.1    53.5    66.8 -99.000 -99.000 -99.000 -99.000 -99.000 -9999.0 -9999.0 -9999.0 -9999.0 -9999.0
96407 20230321  2.515 -159.00   66.56    -1.5    -9.9    -5.7    -3.7     0.0     8.81 C    -4.3   -13.9    -7.3    84.2    61.1    71.3 -99.000 -99.000 -99.000 -99.000 -99.000 -9999.0 -9999.0 -9999.0 -9999.0 -9999.0
96407 20230322  2.515 -159.00   66.56    -2.6   -14.4    -8.5    -8.3     0.0     7.30 C    -4.8   -19.4   -11.3    87.4    62.0    74.8 -99.000 -99.000 -99.000 -99.000 -99.000 -9999.0 -9999.0 -9999.0 -9999.0 -9999.0
96407 20230323  2.515 -159.00   66.56    -7.5   -11.9    -9.7    -9.2     1.3     6.58 C    -7.3   -17.7   -10.5    86.7    57.1    77.4 -99.000 -99.000 -99.000 -99.000 -99.000 -9999.0 -9999.0 -9999.0 -9999.0 -9999.0
96407 20230324  2.515 -159.00   66.56    -8.9   -24.2   -16.6   -15.4     1.8     7.65 C    -9.4   -31.1   -17.4    86.6    63.0    75.7 -99.000 -99.000 -99.000 -99.000 -99.000 -9999.0 -9999.0 -9999.0 -9999.0 -9999.0
96407 20230325  2.515 -159.00   66.56    -6.4   -30.3   -18.4   -16.9     2.0     5.87 C    -6.7   -34.0   -19.1    88.1    68.9    77.1 -99.000 -99.000 -99.000 -99.000 -99.000 -9999.0 -9999.0 -9999.0 -9999.0 -9999.0
96407 20230326  2.515 -159.00   66.56     0.6    -6.4    -2.9    -2.2     5.0     3.93 C     0.0    -6.7    -2.7    95.0    83.0    88.7 -99.000 -99.000 -99.000 -99.000 -99.000 -9999.0 -9999.0 -9999.0 -9999.0 -9999.0
96407 20230327  2.515 -159.00   66.56    -0.4   -14.2    -7.3    -4.7     0.3     9.50 C    -2.3   -16.3    -7.1    88.4    64.8    76.8 -99.000 -99.000 -99.000 -99.000 -99.000 -9999.0 -9999.0 -9999.0 -9999.0 -9999.0
96407 20230328  2.515 -159.00   66.56    -9.9   -21.8   -15.9   -14.0     0.0     9.73 C    -9.8   -26.4   -15.6    76.4    62.7    69.9 -99.000 -99.000 -99.000 -99.000 -99.000 -9999.0 -9999.0 -9999.0 -9999.0 -9999.0
96407 20230329  2.515 -159.00   66.56    -5.3   -12.0    -8.7    -8.3     0.0     9.17 C    -6.8   -13.4   -10.2    74.4    60.5    67.3 -99.000 -99.000 -99.000 -99.000 -99.000 -9999.0 -9999.0 -9999.0 -9999.0 -9999.0
96407 20230330  2.515 -159.00   66.56    -3.1    -8.9    -6.0    -5.4     0.0     8.93 C    -3.6   -12.1    -6.3    85.5    61.2    75.3 -99.000 -99.000 -99.000 -99.000 -99.000 -9999.0 -9999.0 -9999.0 -9999.0 -9999.0
96407 20230331  2.515 -159.00   66.56    -7.7   -12.5   -10.1   -10.2     0.0    11.79 C    -8.1   -15.3   -11.3    85.9    58.4    76.6 -99.000 -99.000 -99.000 -99.000 -99.000 -9999.0 -9999.0 -9999.0 -9999.0 -9999.0
96407 20230401  2.515 -159.00   66.56    -2.4   -17.5   -10.0    -9.6     1.7     7.38 C    -3.3   -22.1   -10.6    92.4    75.7    83.0 -99.000 -99.000 -99.000 -99.000 -99.000 -9999.0 -9999.0 -9999.0 -9999.0 -9999.0
96407 20230402  2.515 -159.00   66.56    -2.7   -19.3   -11.0   -11.1     0.2    11.22 C    -3.6   -23.9   -11.8    88.3    71.0    79.7 -99.000 -99.000 -99.000 -99.000 -99.000 -9999.0 -9999.0 -9999.0 -9999.0 -9999.0
96407 20230403  2.515 -159.00   66.56   -12.4   -23.1   -17.8   -17.3     1.4     9.96 C   -11.8   -27.1   -18.0    82.9    76.5    80.4 -99.000 -99.000 -99.000 -99.000 -99.000 -9999.0 -9999.0 -9999.0 -9999.0 -9999.0
96407 20230404  2.515 -159.00   66.56   -17.6   -25.8   -21.7   -21.5     0.0    14.44 C   -17.8   -29.0   -22.9    80.0    68.6    73.7 -99.000 -99.000 -99.000 -99.000 -99.000 -9999.0 -9999.0 -9999.0 -9999.0 -9999.0
96407 20230405  2.515 -159.00   66.56   -18.3   -26.7   -22.5   -22.5     0.0    14.38 C   -18.5   -30.6   -24.3    77.8    69.1    73.6 -99.000 -99.000 -99.000 -99.000 -99.000 -9999.0 -9999.0 -9999.0 -9999.0 -9999.0
96407 20230406  2.515 -159.00   66.56   -21.7   -32.6   -27.2   -25.2     0.0    14.64 C   -20.5   -36.3   -27.7    80.4    68.1    72.9 -99.000 -99.000 -99.000 -99.000 -99.000 -9999.0 -9999.0 -9999.0 -9999.0 -9999.0
96407 20230407  2.515 -159.00   66.56   -22.3   -36.2   -29.2   -29.5     0.2    15.07 C   -21.9   -38.0   -31.3    78.6    67.6    71.8 -99.000 -99.000 -99.000 -99.000 -99.000 -9999.0 -9999.0 -9999.0 -9999.0 -9999.0
96407 20230408  2.515 -159.00   66.56   -23.2   -35.7   -29.5   -28.6     0.6    15.26 C   -22.5   -39.3   -31.8    79.0    67.2    72.2 -99.000 -99.000 -99.000 -99.000 -99.000 -9999.0 -9999.0 -9999.0 -9999.0 -9999.0
96407 20230409  2.515 -159.00   66.56   -22.4   -37.6   -30.0   -29.2     0.0    15.07 C   -21.3   -41.4   -30.6    76.7    59.9    69.1 -99.000 -99.000 -99.000 -99.000 -99.000 -9999.0 -9999.0 -9999.0 -9999.0 -9999.0
96407 20230410  2.515 -159.00   66.56   -22.1   -32.2   -27.2   -26.8     0.3    15.54 C   -21.0   -35.8   -28.6    78.4    62.8    69.6 -99.000 -99.000 -99.000 -99.000 -99.000 -9999.0 -9999.0 -9999.0 -9999.0 -9999.0
96407 20230411  2.515 -159.00   66.56   -23.4   -36.5   -29.9   -29.6     0.0    16.31 C   -21.3   -40.2   -31.6    77.9    67.1    72.2 -99.000 -99.000 -99.000 -99.000 -99.000 -9999.0 -9999.0 -9999.0 -9999.0 -9999.0
96407 20230412  2.515 -159.00   66.56   -20.8   -37.6   -29.2   -28.0     0.0    16.88 C   -19.6   -41.4   -30.3    77.4    62.6    70.5 -99.000 -99.000 -99.000 -99.000 -99.000 -9999.0 -9999.0 -9999.0 -9999.0 -9999.0
96407 20230413  2.515 -159.00   66.56   -16.5   -34.7   -25.6   -25.6     0.0    16.67 C   -15.0   -37.0   -26.3    77.9    61.9    72.0 -99.000 -99.000 -99.000 -99.000 -99.000 -9999.0 -9999.0 -9999.0 -9999.0 -9999.0
96407 20230414  2.515 -159.00   66.56   -12.9   -29.6   -21.2   -20.2     0.0    16.63 C   -12.7   -33.0   -22.0    82.8    56.3    72.2 -99.000 -99.000 -99.000 -99.000 -99.000 -9999.0 -9999.0 -9999.0 -9999.0 -9999.0
96407 20230415  2.515 -159.00   66.56   -14.8   -24.3   -19.6   -18.4     0.0    17.21 C   -13.9   -27.6   -20.3    82.3    71.5    77.5 -99.000 -99.000 -99.000 -99.000 -99.000 -9999.0 -9999.0 -9999.0 -9999.0 -9999.0
96407 20230416  2.515 -159.00   66.56   -13.2   -23.5   -18.4   -18.3     0.0    17.04 C   -14.0   -26.4   -19.8    82.2    71.7    77.2 -99.000 -99.000 -99.000 -99.000 -99.000 -9999.0 -9999.0 -9999.0 -9999.0 -9999.0
96407 20230417  2.515 -159.00   66.56   -13.7   -24.2   -19.0   -18.7     0.0    18.15 C   -13.5   -27.6   -20.5    83.2    68.0    75.1 -99.000 -99.000 -99.000 -99.000 -99.000 -9999.0 -9999.0 -9999.0 -9999.0 -9999.0
96407 20230418  2.515 -159.00   66.56   -12.6   -28.5   -20.6   -19.9     0.0    18.24 C   -12.3   -30.5   -21.2    83.9    68.4    78.3 -99.000 -99.000 -99.000 -99.000 -99.000 -9999.0 -9999.0 -9999.0 -9999.0 -9999.0
96407 20230419  2.515 -159.00   66.56   -11.7   -25.5   -18.6   -17.8     0.0    18.94 C    -9.5   -29.2   -19.8    85.3    66.7    75.9 -99.000 -99.000 -99.000 -99.000 -99.000 -9999.0 -9999.0 -9999.0 -9999.0 -9999.0
96407 20230420  2.515 -159.00   66.56    -7.3   -24.4   -15.9   -15.5     0.0    18.24 C    -6.1   -27.0   -16.9    83.0    54.3    71.0 -99.000 -99.000 -99.000 -99.000 -99.000 -9999.0 -9999.0 -9999.0 -9999.0 -9999.0
96407 20230421  2.515 -159.00   66.56    -2.0   -19.7   -10.9    -9.0     0.0    15.72 C    -3.7   -22.5   -10.4    84.2    55.9    75.3 -99.000 -99.000 -99.000 -99.000 -99.000 -9999.0 -9999.0 -9999.0 -9999.0 -9999.0
96407 20230422  2.515 -159.00   66.56    -3.5   -11.9    -7.7    -6.7     0.0    20.02 C    -4.6   -18.4    -9.5    65.0    44.9    54.7 -99.000 -99.000 -99.000 -99.000 -99.000 -9999.0 -9999.0 -9999.0 -9999.0 -9999.0
96407 20230423  2.515 -159.00   66.56    -5.1   -15.5   -10.3   -10.0     0.0    20.22 C    -5.5   -19.1   -12.5    64.8    42.7    53.0 -99.000 -99.000 -99.000 -99.000 -99.000 -9999.0 -9999.0 -9999.0 -9999.0 -9999.0
96407 20230424  2.515 -159.00   66.56    -4.3   -14.1    -9.2    -9.1     0.0    20.74 C    -6.0   -21.1   -12.2    63.2    44.5    53.1 -99.000 -99.000 -99.000 -99.000 -99.000 -9999.0 -9999.0 -9999.0 -9999.0 -9999.0
96407 20230425  2.515 -159.00   66.56    -4.3   -15.1    -9.7    -9.0     0.0    16.69 C    -4.4   -18.2   -11.0    69.9    55.8    61.4 -99.000 -99.000 -99.000 -99.000 -99.000 -9999.0 -9999.0 -9999.0 -9999.0 -9999.0
96407 20230426  2.515 -159.00   66.56    -4.3   -12.7    -8.5    -8.7     0.0    20.00 C    -2.3   -15.8   -10.2    84.5    46.4    63.0 -99.000 -99.000 -99.000 -99.000 -99.000 -9999.0 -9999.0 -9999.0 -9999.0 -9999.0
96407 20230427  2.515 -159.00   66.56    -4.4   -16.5   -10.4    -9.8     0.0    18.73 C    -1.7   -20.7    -9.8    87.7    60.0    78.2 -99.000 -99.000 -99.000 -99.000 -99.000 -9999.0 -9999.0 -9999.0 -9999.0 -9999.0
96407 20230428  2.515 -159.00   66.56     4.0    -4.8    -0.4     0.2     0.0    17.72 C     0.5    -6.8    -1.9    86.2    61.3    76.2 -99.000 -99.000 -99.000 -99.000 -99.000 -9999.0 -9999.0 -9999.0 -9999.0 -9999.0
96407 20230429  2.515 -159.00   66.56     3.6    -2.9     0.3     0.7     0.0    20.20 C     0.2    -3.8    -1.2    89.2    65.9    78.2 -99.000 -99.000 -99.000 -99.000 -99.000 -9999.0 -9999.0 -9999.0 -9999.0 -9999.0
96407 20230430  2.515 -159.00   66.56     4.8    -3.0     0.9     0.9     0.0    21.85 C     0.3    -5.3    -1.6    80.3    55.9    68.2 -99.000 -99.000 -99.000 -99.000 -99.000 -9999.0 -9999.0 -9999.0 -9999.0 -9999.0
96407 20230501  2.515 -159.00   66.56     4.4    -0.8     1.8     1.8     0.6    14.48 C     1.3    -3.6    -0.2    92.1    65.6    80.6 -99.000 -99.000 -99.000 -99.000 -99.000 -9999.0 -9999.0 -9999.0 -9999.0 -9999.0
96407 20230502  2.515 -159.00   66.56     4.7    -1.4     1.6     1.9     0.4    16.56 C     3.1    -3.7     0.2    86.7    64.0    76.6 -99.000 -99.000 -99.000 -99.000 -99.000 -9999.0 -9999.0 -9999.0 -9999.0 -9999.0
96407 20230503  2.515 -159.00   66.56     2.6    -1.0     0.8     0.8     0.9    11.85 C     2.8    -4.3     0.3    92.4    70.3    80.6 -99.000 -99.000 -99.000 -99.000 -99.000 -9999.0 -9999.0 -9999.0 -9999.0 -9999.0
96407 20230504  2.515 -159.00   66.56    -0.4    -3.1    -1.8    -1.7     0.0    15.10 C     2.9    -5.9    -0.4    90.8    69.1    79.7 -99.000 -99.000 -99.000 -99.000 -99.000 -9999.0 -9999.0 -9999.0 -9999.0 -9999.0
96407 20230505  2.515 -159.00   66.56     2.3    -6.9    -2.3    -1.8     0.0    19.22 C     5.9    -8.6    -1.2    88.2    71.9    80.7 -99.000 -99.000 -99.000 -99.000 -99.000 -9999.0 -9999.0 -9999.0 -9999.0 -9999.0
96407 20230506  2.515 -159.00   66.56     0.7    -6.9    -3.1    -3.3     0.0    18.88 C     4.1    -6.3    -1.6    90.3    71.2    81.4 -99.000 -99.000 -99.000 -99.000 -99.000 -9999.0 -9999.0 -9999.0 -9999.0 -9999.0
96407 20230507  2.515 -159.00   66.56    -0.7    -9.9    -5.3    -5.9     0.0    21.88 C     5.2    -8.7    -2.2    91.0    66.4    83.1 -99.000 -99.000 -99.000 -99.000 -99.000 -9999.0 -9999.0 -9999.0 -9999.0 -9999.0
96407 20230508  2.515 -159.00   66.56     2.3   -10.1    -3.9    -2.4     0.0    23.61 C     8.5    -8.6    -0.1    91.5    47.9    73.4 -99.000 -99.000 -99.000 -99.000 -99.000 -9999.0 -9999.0 -9999.0 -9999.0 -9999.0
96407 20230509  2.515 -159.00   66.56     0.3    -6.5    -3.1    -2.8     0.0    22.83 C     7.0    -4.9     0.3    87.2    70.5    80.1 -99.000 -99.000 -99.000 -99.000 -99.000 -9999.0 -9999.0 -9999.0 -9999.0 -9999.0
96407 20230510  2.515 -159.00   66.56    -0.2    -7.2    -3.7    -3.8     0.0    23.64 C     7.4    -5.2     0.0    88.9    75.7    81.7 -99.000 -99.000 -99.000 -99.000 -99.000 -9999.0 -9999.0 -9999.0 -9999.0 -9999.0
96407 20230511  2.515 -159.00   66.56    -1.2    -8.1    -4.6    -4.5     0.0    19.40 C     3.3    -5.9    -1.7    91.3    79.3    86.6 -99.000 -99.000 -99.000 -99.000 -99.000 -9999.0 -9999.0 -9999.0 -9999.0 -9999.0
96407 20230512  2.515 -159.00   66.56     0.9    -5.5    -2.3    -2.9     0.0    17.44 C     8.5    -4.4     0.9    93.0    73.5    85.2 -99.000 -99.000 -99.000 -99.000 -99.000 -9999.0 -9999.0 -9999.0 -9999.0 -9999.0
96407 20230513  2.515 -159.00   66.56    12.2    -4.8     3.7     4.4     0.0    18.84 C    16.4    -4.7     4.9    88.4    38.1    62.9 -99.000 -99.000 -99.000 -99.000 -99.000 -9999.0 -9999.0 -9999.0 -9999.0 -9999.0
96407 20230514  2.515 -159.00   66.56     6.5     1.8     4.2     4.7     3.4     5.08 C     6.8     1.0     3.7    92.5    60.6    73.5 -99.000 -99.000 -99.000 -99.000 -99.000 -9999.0 -9999.0 -9999.0 -9999.0 -9999.0
96407 20230515  2.515 -159.00   66.56     2.4    -1.0     0.7     0.5     4.1    11.91 C     8.3     0.4     2.6    94.2    73.8    86.4 -99.000 -99.000 -99.000 -99.000 -99.000 -9999.0 -9999.0 -9999.0 -9999.0 -9999.0
96407 20230516  2.515 -159.00   66.56     9.5     1.3     5.4     3.9     9.2    10.24 C    14.9    -0.2     4.7    94.7    60.1    84.7 -99.000 -99.000 -99.000 -99.000 -99.000 -9999.0 -9999.0 -9999.0 -9999.0 -9999.0
96407 20230517  2.515 -159.00   66.56     8.5     0.9     4.7     4.4     1.7    17.50 C    15.3    -3.4     5.8    94.3    50.5    75.9 -99.000 -99.000 -99.000 -99.000 -99.000 -9999.0 -9999.0 -9999.0 -9999.0 -9999.0
96407 20230518  2.515 -159.00   66.56     9.3    -2.3     3.5     4.7     0.0    25.71 C    17.7    -5.1     6.0    91.8    38.4    64.7 -99.000 -99.000 -99.000 -99.000 -99.000 -9999.0 -9999.0 -9999.0 -9999.0 -9999.0
96407 20230519  2.515 -159.00   66.56    12.3    -2.0     5.2     5.8     0.0    25.99 C    19.0    -6.6     6.4    88.8    38.1    57.6 -99.000 -99.000 -99.000 -99.000 -99.000 -9999.0 -9999.0 -9999.0 -9999.0 -9999.0
96407 20230520  2.515 -159.00   66.56    13.0    -2.0     5.5     6.0     0.0    25.08 C    19.9    -4.2     7.2    89.1    32.5    59.8 -99.000 -99.000 -99.000 -99.000 -99.000 -9999.0 -9999.0 -9999.0 -9999.0 -9999.0
96407 20230521  2.515 -159.00   66.56    15.5    -0.7     7.4     8.2     0.0    25.36 C    22.7    -4.1     9.4    89.3    30.6    57.1 -99.000 -99.000 -99.000 -99.000 -99.000 -9999.0 -9999.0 -9999.0 -9999.0 -9999.0
96407 20230522  2.515 -159.00   66.56    13.4     0.3     6.9     7.9     0.0    13.38 C    20.8    -3.2     8.0    89.9    39.8    59.3 -99.000 -99.000 -99.000 -99.000 -99.000 -9999.0 -9999.0 -9999.0 -9999.0 -9999.0
96407 20230523  2.515 -159.00   66.56    16.0     2.4     9.2     9.3     0.0    19.84 C    23.0     0.2    11.0    86.4    43.0    64.2 -99.000 -99.000 -99.000 -99.000 -99.000 -9999.0 -9999.0 -9999.0 -9999.0 -9999.0
96407 20230524  2.515 -159.00   66.56    12.6     1.4     7.0     7.8     0.0    23.57 C    20.8     0.1    10.2    90.2    46.2    63.1 -99.000 -99.000 -99.000 -99.000 -99.000 -9999.0 -9999.0 -9999.0 -9999.0 -9999.0
96407 20230525  2.515 -159.00   66.56    16.5     3.7    10.1     9.6     0.0    17.21 C    23.7     1.8    10.8    79.9    50.9    65.1 -99.000 -99.000 -99.000 -99.000 -99.000 -9999.0 -9999.0 -9999.0 -9999.0 -9999.0
96407 20230526  2.515 -159.00   66.56    15.9     5.5    10.7    10.3     0.0    10.75 C    25.5     4.0    11.1    88.8    50.9    67.9 -99.000 -99.000 -99.000 -99.000 -99.000 -9999.0 -9999.0 -9999.0 -9999.0 -9999.0
96407 20230527  2.515 -159.00   66.56    17.8     4.5    11.1    12.0     0.0    25.37 C    27.4     1.9    14.1    94.1    33.3    59.9 -99.000 -99.000 -99.000 -99.000 -99.000 -9999.0 -9999.0 -9999.0 -9999.0 -9999.0
96407 20230528  2.515 -159.00   66.56    10.4     1.7     6.0     5.7     0.0    23.19 C    16.8    -1.4     7.3    92.9    61.6    77.8 -99.000 -99.000 -99.000 -99.000 -99.000 -9999.0 -9999.0 -9999.0 -9999.0 -9999.0
96407 20230529  2.515 -159.00   66.56    10.2    -1.5     4.4     4.3     0.0    12.20 C    15.4    -2.1     6.3    95.0    53.6    76.1 -99.000 -99.000 -99.000 -99.000 -99.000 -9999.0 -9999.0 -9999.0 -9999.0 -9999.0
96407 20230530  2.515 -159.00   66.56     8.1     0.2     4.1     4.5     0.0    16.60 C    16.8    -1.2     6.4    87.3    58.7    74.0 -99.000 -99.000 -99.000 -99.000 -99.000 -9999.0 -9999.0 -9999.0 -9999.0 -9999.0
96407 20230531  2.515 -159.00   66.56     5.2    -0.7     2.2     1.7     0.0    22.76 C    11.9    -1.8     3.5    91.0    59.6    74.9 -99.000 -99.000 -99.000 -99.000 -99.000 -9999.0 -9999.0 -9999.0 -9999.0 -9999.0
96407 20230601  2.515 -159.00   66.56     4.0    -1.7     1.2     1.1     1.1     9.58 C     9.6    -2.9     2.1    91.8    54.3    79.0 -99.000 -99.000 -99.000 -99.000 -99.000 -9999.0 -9999.0 -9999.0 -9999.0 -9999.0
96407 20230602  2.515 -159.00   66.56     4.4    -2.3     1.1     0.9     0.0    15.95 C    15.2    -3.4     3.1    85.3    44.3    65.8 -99.000 -99.000 -99.000 -99.000 -99.000 -9999.0 -9999.0 -9999.0 -9999.0 -9999.0
96407 20230603  2.515 -159.00   66.56     6.4     0.4     3.4     3.6     0.5     7.50 C    12.1    -0.1     4.1    92.9    57.0    74.1 -99.000 -99.000 -99.000 -99.000 -99.000 -9999.0 -9999.0 -9999.0 -9999.0 -9999.0
96407 20230604  2.515 -159.00   66.56    14.6    -1.9     6.3     6.5     0.0    27.10 C    23.8    -4.0     9.5    89.5    32.2    56.3 -99.000 -99.000 -99.000 -99.000 -99.000 -9999.0 -9999.0 -9999.0 -9999.0 -9999.0
96407 20230605  2.515 -159.00   66.56    19.5     4.4    12.0    12.9     0.0    21.75 C    29.8     0.1    13.7    86.3    33.3    54.4 -99.000 -99.000 -99.000 -99.000 -99.000 -9999.0 -9999.0 -9999.0 -9999.0 -9999.0
96407 20230606  2.515 -159.00   66.56    24.0     9.5    16.8    16.6     0.6    20.66 C    31.9     6.8    16.8    81.8    24.0    45.4 -99.000 -99.000 -99.000 -99.000 -99.000 -9999.0 -9999.0 -9999.0 -9999.0 -9999.0
96407 20230607  2.515 -159.00   66.56    21.1     7.0    14.0    14.0     0.3    19.36 C    31.9     2.5    15.1    93.4    41.0    69.2 -99.000 -99.000 -99.000 -99.000 -99.000 -9999.0 -9999.0 -9999.0 -9999.0 -9999.0
96407 20230608  2.515 -159.00   66.56    21.1     6.4    13.8    13.6     9.7    14.19 C    25.9     4.4    13.5    92.9    40.1    71.4 -99.000 -99.000 -99.000 -99.000 -99.000 -9999.0 -9999.0 -9999.0 -9999.0 -9999.0
96407 20230609  2.515 -159.00   66.56    22.2     8.8    15.5    15.5     8.2    23.52 C    28.2     6.9    16.4    90.9    38.8    68.9 -99.000 -99.000 -99.000 -99.000 -99.000 -9999.0 -9999.0 -9999.0 -9999.0 -9999.0
96407 20230610  2.515 -159.00   66.56    12.2     8.3    10.2    10.0     5.6     5.52 C    13.7     2.9     9.7    93.3    64.6    80.2 -99.000 -99.000 -99.000 -99.000 -99.000 -9999.0 -9999.0 -9999.0 -9999.0 -9999.0
96407 20230611  2.515 -159.00   66.56    20.9     5.9    13.4    13.4     0.5    18.50 C    26.9     0.4    12.8    95.4    32.0    69.9 -99.000 -99.000 -99.000 -99.000 -99.000 -9999.0 -9999.0 -9999.0 -9999.0 -9999.0
96407 20230612  2.515 -159.00   66.56    18.2    10.0    14.1    13.0     5.1    13.52 C    24.6     4.7    12.8    91.0    36.6    69.4 -99.000 -99.000 -99.000 -99.000 -99.000 -9999.0 -9999.0 -9999.0 -9999.0 -9999.0
96407 20230613  2.515 -159.00   66.56    13.3     6.5     9.9    10.0     3.6    13.75 C    18.5     3.4    10.0    89.2    58.5    75.6 -99.000 -99.000 -99.000 -99.000 -99.000 -9999.0 -9999.0 -9999.0 -9999.0 -9999.0
96407 20230614  2.515 -159.00   66.56    14.0     6.5    10.2     9.7     0.9    17.01 C    22.3     0.4    10.6    85.4    41.7    63.4 -99.000 -99.000 -99.000 -99.000 -99.000 -9999.0 -9999.0 -9999.0 -9999.0 -9999.0
96407 20230615  2.515 -159.00   66.56    18.5     5.6    12.0    12.9     0.0    23.58 C    26.1     0.4    13.2    89.8    25.0    52.3 -99.000 -99.000 -99.000 -99.000 -99.000 -9999.0 -9999.0 -9999.0 -9999.0 -9999.0
96407 20230616  2.515 -159.00   66.56    19.1     6.6    12.8    13.2     0.0    27.50 C    23.7    -1.4    13.3    82.7    40.0    59.0 -99.000 -99.000 -99.000 -99.000 -99.000 -9999.0 -9999.0 -9999.0 -9999.0 -9999.0
96407 20230617  2.515 -159.00   66.56    18.8     3.9    11.3    11.0     0.0    24.23 C    25.6     4.1    12.4    94.8    32.3    62.9 -99.000 -99.000 -99.000 -99.000 -99.000 -9999.0 -9999.0 -9999.0 -9999.0 -9999.0
96407 20230618  2.515 -159.00   66.56    10.1     7.4     8.7     8.7     5.9     5.83 C    10.8     4.6     8.3    92.4    56.9    81.3 -99.000 -99.000 -99.000 -99.000 -99.000 -9999.0 -9999.0 -9999.0 -9999.0 -9999.0
96407 20230619  2.515 -159.00   66.56    16.9     6.8    11.8    11.6     0.0    25.30 C    23.8     2.1    13.4    91.9    38.3    62.6 -99.000 -99.000 -99.000 -99.000 -99.000 -9999.0 -9999.0 -9999.0 -9999.0 -9999.0
96407 20230620  2.515 -159.00   66.56    16.9     6.5    11.7    11.8     0.0    24.33 C    22.2     0.5    11.6    87.8    41.5    64.7 -99.000 -99.000 -99.000 -99.000 -99.000 -9999.0 -9999.0 -9999.0 -9999.0 -9999.0
96407 20230621  2.515 -159.00   66.56    17.6     5.0    11.3    11.1     0.0    20.22 C    24.6     2.6    12.6    93.9    46.2    70.3 -99.000 -99.000 -99.000 -99.000 -99.000 -9999.0 -9999.0 -9999.0 -9999.0 -9999.0
96407 20230622  2.515 -159.00   66.56    19.2     8.1    13.6    13.9     0.0    21.10 C    27.1     6.6    15.2    88.1    37.1    60.5 -99.000 -99.000 -99.000 -99.000 -99.000 -9999.0 -9999.0 -9999.0 -9999.0 -9999.0
96407 20230623  2.515 -159.00   66.56    21.6    12.8    17.2    16.5     0.6    17.03 C    30.5     9.3    16.9    87.1    50.2    69.2 -99.000 -99.000 -99.000 -99.000 -99.000 -9999.0 -9999.0 -9999.0 -9999.0 -9999.0
96407 20230624  2.515 -159.00   66.56    24.1    14.3    19.2    18.7     0.0    18.38 C    31.1    11.9    18.7    87.8    35.9    65.6 -99.000 -99.000 -99.000 -99.000 -99.000 -9999.0 -9999.0 -9999.0 -9999.0 -9999.0
96407 20230625  2.515 -159.00   66.56    24.5    12.9    18.7    16.6    10.0    12.73 C    32.1     9.8    16.0    91.5    46.3    77.5 -99.000 -99.000 -99.000 -99.000 -99.000 -9999.0 -9999.0 -9999.0 -9999.0 -9999.0
96407 20230626  2.515 -159.00   66.56    17.6    11.6    14.6    14.6     0.0    17.36 C    23.2     7.3    14.6    81.3    44.3    62.8 -99.000 -99.000 -99.000 -99.000 -99.000 -9999.0 -9999.0 -9999.0 -9999.0 -9999.0
96407 20230627  2.515 -159.00   66.56    20.0    11.4    15.7    14.8     0.7    20.90 C    28.3     7.9    15.8    92.6    42.1    68.7 -99.000 -99.000 -99.000 -99.000 -99.000 -9999.0 -9999.0 -9999.0 -9999.0 -9999.0
96407 20230628  2.515 -159.00   66.56    19.5     9.4    14.5    14.2     2.2    12.94 C    25.0     3.1    13.9    95.0    50.6    80.7 -99.000 -99.000 -99.000 -99.000 -99.000 -9999.0 -9999.0 -9999.0 -9999.0 -9999.0
96407 20230629  2.515 -159.00   66.56    16.5     9.9    13.2    12.4     1.3    12.35 C    20.2     7.1    12.7    94.8    70.5    87.1 -99.000 -99.000 -99.000 -99.000 -99.000 -9999.0 -9999.0 -9999.0 -9999.0 -9999.0
96407 20230630  2.515 -159.00   66.56    14.1     9.5    11.8    11.7    24.2     7.58 C    14.6     8.3    11.2    92.1    56.9    80.5 -99.000 -99.000 -99.000 -99.000 -99.000 -9999.0 -9999.0 -9999.0 -9999.0 -9999.0
96407 20230701  2.515 -159.00   66.56    21.1     9.1    15.1    15.9     0.0    27.00 C    26.2     4.0    16.1    89.5    32.3    60.3 -99.000 -99.000 -99.000 -99.000 -99.000 -9999.0 -9999.0 -9999.0 -9999.0 -9999.0
96407 20230702  2.515 -159.00   66.56    26.2    10.2    18.2    18.4     0.0    20.42 C    31.1     3.4    17.2    93.9    29.6    62.1 -99.000 -99.000 -99.000 -99.000 -99.000 -9999.0 -9999.0 -9999.0 -9999.0 -9999.0
96407 20230703  2.515 -159.00   66.56    18.7    13.1    15.9    15.6     3.3     9.30 C    21.4    10.7    15.3    89.4    56.9    78.3 -99.000 -99.000 -99.000 -99.000 -99.000 -9999.0 -9999.0 -9999.0 -9999.0 -9999.0
96407 20230704  2.515 -159.00   66.56    16.7    11.0    13.8    13.2     3.3    11.18 C    22.8     6.4    12.9    93.8    56.9    82.2 -99.000 -99.000 -99.000 -99.000 -99.000 -9999.0 -9999.0 -9999.0 -9999.0 -9999.0
96407 20230705  2.515 -159.00   66.56    13.4    10.4    11.9    12.1     4.8     6.52 C    14.1     7.5    11.6    90.8    78.4    85.3 -99.000 -99.000 -99.000 -99.000 -99.000 -9999.0 -9999.0 -9999.0 -9999.0 -9999.0
96407 20230706  2.515 -159.00   66.56    16.5    11.1    13.8    13.5     2.6     5.97 C    17.7     9.4    13.2    93.1    71.3    87.7 -99.000 -99.000 -99.000 -99.000 -99.000 -9999.0 -9999.0 -9999.0 -9999.0 -9999.0
96407 20230707  2.515 -159.00   66.56    18.0    12.1    15.1    14.5     6.2    16.31 C    22.4    11.0    15.2    93.9    57.7    79.1 -99.000 -99.000 -99.000 -99.000 -99.000 -9999.0 -9999.0 -9999.0 -9999.0 -9999.0
96407 20230708  2.515 -159.00   66.56    17.5    11.5    14.5    14.3     0.5    18.66 C    24.2    10.1    14.9    92.0    50.3    71.1 -99.000 -99.000 -99.000 -99.000 -99.000 -9999.0 -9999.0 -9999.0 -9999.0 -9999.0
96407 20230709  2.515 -159.00   66.56    13.7    10.7    12.2    12.1    10.2     7.95 C    15.2     9.5    11.9    90.7    80.2    86.7 -99.000 -99.000 -99.000 -99.000 -99.000 -9999.0 -9999.0 -9999.0 -9999.0 -9999.0
96407 20230710  2.515 -159.00   66.56    17.0    11.2    14.1    13.5     9.8    12.86 C    21.5    10.4    13.7    92.8    58.2    81.5 -99.000 -99.000 -99.000 -99.000 -99.000 -9999.0 -9999.0 -9999.0 -9999.0 -9999.0
96407 20230711  2.515 -159.00   66.56    16.8    11.5    14.1    13.7     0.9    16.98 C    21.3     9.4    14.1    93.0    65.8    80.6 -99.000 -99.000 -99.000 -99.000 -99.000 -9999.0 -9999.0 -9999.0 -9999.0 -9999.0
96407 20230712  2.515 -159.00   66.56    19.4     8.5    14.0    14.3     0.0    17.74 C    23.8     4.1    14.1    91.7    49.6    72.9 -99.000 -99.000 -99.000 -99.000 -99.000 -9999.0 -9999.0 -9999.0 -9999.0 -9999.0
96407 20230713  2.515 -159.00   66.56    13.4     9.2    11.3    11.4     9.3     4.34 C    14.3     8.2    11.2    91.5    78.7    86.8 -99.000 -99.000 -99.000 -99.000 -99.000 -9999.0 -9999.0 -9999.0 -9999.0 -9999.0
96407 20230714  2.515 -159.00   66.56    13.3     9.8    11.5    10.9    22.5     6.67 C    15.4     9.4    11.2    93.6    77.7    90.7 -99.000 -99.000 -99.000 -99.000 -99.000 -9999.0 -9999.0 -9999.0 -9999.0 -9999.0
96407 20230715  2.515 -159.00   66.56    16.2     9.4    12.8    12.0     5.9    11.06 C    19.8     8.9    12.7    93.7    56.1    80.4 -99.000 -99.000 -99.000 -99.000 -99.000 -9999.0 -9999.0 -9999.0 -9999.0 -9999.0
96407 20230716  2.515 -159.00   66.56    19.6     9.3    14.5    14.6     0.0    18.71 C    25.0     6.8    14.5    90.4    47.2    69.5 -99.000 -99.000 -99.000 -99.000 -99.000 -9999.0 -9999.0 -9999.0 -9999.0 -9999.0
96407 20230717  2.515 -159.00   66.56    20.5    12.5    16.5    15.9     0.0    20.26 C    25.2     6.7    16.3    89.7    45.1    70.3 -99.000 -99.000 -99.000 -99.000 -99.000 -9999.0 -9999.0 -9999.0 -9999.0 -9999.0
96407 20230718  2.515 -159.00   66.56    24.0     9.0    16.5    17.9     0.0    25.82 C    28.3     1.9    16.4    94.9    30.8    61.0 -99.000 -99.000 -99.000 -99.000 -99.000 -9999.0 -9999.0 -9999.0 -9999.0 -9999.0
96407 20230719  2.515 -159.00   66.56    22.9    10.7    16.8    17.2     0.0    20.25 C    28.6     2.1    16.6    90.3    52.8    72.1 -99.000 -99.000 -99.000 -99.000 -99.000 -9999.0 -9999.0 -9999.0 -9999.0 -9999.0
96407 20230720  2.515 -159.00   66.56    21.7    15.4    18.6    17.8    10.3     7.74 C    24.5    12.0    17.4    93.3    68.5    84.6 -99.000 -99.000 -99.000 -99.000 -99.000 -9999.0 -9999.0 -9999.0 -9999.0 -9999.0
96407 20230721  2.515 -159.00   66.56    19.3    15.3    17.3    17.0    10.5     8.73 C    20.7    14.8    16.9    93.8    70.0    84.7 -99.000 -99.000 -99.000 -99.000 -99.000 -9999.0 -9999.0 -9999.0 -9999.0 -9999.0
96407 20230722  2.515 -159.00   66.56    24.0    15.5    19.7    19.2     0.0    13.11 C    28.6    13.9    18.7    90.2    44.2    70.3 -99.000 -99.000 -99.000 -99.000 -99.000 -9999.0 -9999.0 -9999.0 -9999.0 -9999.0
96407 20230723  2.515 -159.00   66.56    28.2    14.6    21.4    22.0     0.0    22.01 C    32.4     9.1    20.9    90.6    33.7    59.4 -99.000 -99.000 -99.000 -99.000 -99.000 -9999.0 -9999.0 -9999.0 -9999.0 -9999.0
96407 20230724  2.515 -159.00   66.56    26.4    14.8    20.6    20.5     0.0    21.62 C    30.0     9.0    19.8    93.9    38.7    72.9 -99.000 -99.000 -99.000 -99.000 -99.000 -9999.0 -9999.0 -9999.0 -9999.0 -9999.0
96407 20230725  2.515 -159.00   66.56    23.6    14.3    18.9    19.4     0.0    21.35 C    28.3     9.4    19.0    95.0    51.0    71.0 -99.000 -99.000 -99.000 -99.000 -99.000 -9999.0 -9999.0 -9999.0 -9999.0 -9999.0
96407 20230726  2.515 -159.00   66.56    22.5    14.4    18.4    18.8     0.0    13.66 C    28.2     8.2    18.4    92.4    55.1    72.3 -99.000 -99.000 -99.000 -99.000 -99.000 -9999.0 -9999.0 -9999.0 -9999.0 -9999.0
96407 20230727  2.515 -159.00   66.56    23.1    15.1    19.1    18.6     1.9    10.37 C    26.2    10.9    17.8    92.2    56.1    78.5 -99.000 -99.000 -99.000 -99.000 -99.000 -9999.0 -9999.0 -9999.0 -9999.0 -9999.0
96407 20230728  2.515 -159.00   66.56    20.7    14.1    17.4    17.2     0.3    11.56 C    25.0    10.3    17.2    91.9    57.4    77.8 -99.000 -99.000 -99.000 -99.000 -99.000 -9999.0 -9999.0 -9999.0 -9999.0 -9999.0
96407 20230729  2.515 -159.00   66.56    20.7    12.0    16.3    16.3     2.4    15.03 C    25.5    10.8    16.5    92.9    52.8    78.1 -99.000 -99.000 -99.000 -99.000 -99.000 -9999.0 -9999.0 -9999.0 -9999.0 -9999.0
96407 20230730  2.515 -159.00   66.56    18.6    11.4    15.0    14.9     0.0    16.71 C    24.6     3.6    14.7    92.2    52.3    73.7 -99.000 -99.000 -99.000 -99.000 -99.000 -9999.0 -9999.0 -9999.0 -9999.0 -9999.0
96407 20230731  2.515 -159.00   66.56    19.1    10.2    14.6    15.1     0.0     7.46 C    23.0     2.7    13.7    95.2    46.6    77.4 -99.000 -99.000 -99.000 -99.000 -99.000 -9999.0 -9999.0 -9999.0 -9999.0 -9999.0
96407 20230801  2.515 -159.00   66.56    19.9    12.9    16.4    16.1     0.0     9.42 C    22.8     7.7    15.6    92.8    63.2    77.5 -99.000 -99.000 -99.000 -99.000 -99.000 -9999.0 -9999.0 -9999.0 -9999.0 -9999.0
96407 20230802  2.515 -159.00   66.56    19.3    12.8    16.0    15.9     0.0     9.66 C    24.2     7.4    15.6    93.5    62.7    80.4 -99.000 -99.000 -99.000 -99.000 -99.000 -9999.0 -9999.0 -9999.0 -9999.0 -9999.0
96407 20230803  2.515 -159.00   66.56    21.4    13.1    17.2    17.0     0.0    15.04 C    27.9     8.6    17.0    95.0    59.3    79.4 -99.000 -99.000 -99.000 -99.000 -99.000 -9999.0 -9999.0 -9999.0 -9999.0 -9999.0
96407 20230804  2.515 -159.00   66.56    25.0    13.6    19.3    18.6     1.2    16.35 C    29.9    10.3    18.5    93.9    51.2    78.6 -99.000 -99.000 -99.000 -99.000 -99.000 -9999.0 -9999.0 -9999.0 -9999.0 -9999.0
96407 20230805  2.515 -159.00   66.56    23.0    11.3    17.2    18.2     0.0    20.41 C    25.1     6.9    16.5    91.4    41.8    62.0 -99.000 -99.000 -99.000 -99.000 -99.000 -9999.0 -9999.0 -9999.0 -9999.0 -9999.0
96407 20230806  2.515 -159.00   66.56    24.5    12.9    18.7    18.4     0.0    15.04 C    28.4     7.9    17.9    87.5    38.2    64.9 -99.000 -99.000 -99.000 -99.000 -99.000 -9999.0 -9999.0 -9999.0 -9999.0 -9999.0
96407 20230807  2.515 -159.00   66.56    22.5    14.4    18.4    17.8     5.3    11.82 C    26.9    12.9    17.5    92.3    50.3    75.6 -99.000 -99.000 -99.000 -99.000 -99.000 -9999.0 -9999.0 -9999.0 -9999.0 -9999.0
96407 20230808  2.515 -159.00   66.56    21.8    13.2    17.5    17.4     1.2    16.79 C    27.3     8.1    17.4    93.0    47.5    73.1 -99.000 -99.000 -99.000 -99.000 -99.000 -9999.0 -9999.0 -9999.0 -9999.0 -9999.0
96407 20230809  2.515 -159.00   66.56    21.6    12.5    17.1    17.2     0.0    10.16 C    26.9     6.9    16.0    91.6    65.9    78.3 -99.000 -99.000 -99.000 -99.000 -99.000 -9999.0 -9999.0 -9999.0 -9999.0 -9999.0
96407 20230810  2.515 -159.00   66.56    23.4    14.5    18.9    18.3     8.1    12.94 C    28.2    12.3    18.0    92.4    59.3    81.2 -99.000 -99.000 -99.000 -99.000 -99.000 -9999.0 -9999.0 -9999.0 -9999.0 -9999.0
96407 20230811  2.515 -159.00   66.56    22.4    12.5    17.4    17.2     0.0     9.64 C    22.7     8.8    15.6    89.1    61.8    75.3 -99.000 -99.000 -99.000 -99.000 -99.000 -9999.0 -9999.0 -9999.0 -9999.0 -9999.0
96407 20230812  2.515 -159.00   66.56    22.7    12.3    17.5    17.2     0.0    16.62 C    24.1     8.9    15.9    79.8    38.2    59.1 -99.000 -99.000 -99.000 -99.000 -99.000 -9999.0 -9999.0 -9999.0 -9999.0 -9999.0
96407 20230813  2.515 -159.00   66.56    22.3     9.1    15.7    15.8     0.0    14.21 C    26.0     7.0    15.1    83.7    51.2    66.0 -99.000 -99.000 -99.000 -99.000 -99.000 -9999.0 -9999.0 -9999.0 -9999.0 -9999.0
96407 20230814  2.515 -159.00   66.56    18.7    12.5    15.6    15.7     0.0     9.18 C    22.0    10.0    15.2    89.2    63.7    79.2 -99.000 -99.000 -99.000 -99.000 -99.000 -9999.0 -9999.0 -9999.0 -9999.0 -9999.0
96407 20230815  2.515 -159.00   66.56    16.8    10.0    13.4    13.8     0.2    10.55 C    21.2     2.5    13.5    91.8    61.0    79.6 -99.000 -99.000 -99.000 -99.000 -99.000 -9999.0 -9999.0 -9999.0 -9999.0 -9999.0
96407 20230816  2.515 -159.00   66.56    17.0     8.1    12.6    13.0     0.0    11.34 C    22.8     1.4    12.3    95.3    53.2    75.6 -99.000 -99.000 -99.000 -99.000 -99.000 -9999.0 -9999.0 -9999.0 -9999.0 -9999.0
96407 20230817  2.515 -159.00   66.56    13.2    10.7    11.9    11.8     1.7     2.83 C    13.7     9.8    11.1    91.1    77.6    84.7 -99.000 -99.000 -99.000 -99.000 -99.000 -9999.0 -9999.0 -9999.0 -9999.0 -9999.0
96407 20230818  2.515 -159.00   66.56    13.7     9.9    11.8    11.5     2.2     6.26 C    16.7     9.5    11.6    93.6    68.3    82.3 -99.000 -99.000 -99.000 -99.000 -99.000 -9999.0 -9999.0 -9999.0 -9999.0 -9999.0
96407 20230819  2.515 -159.00   66.56    11.2     8.4     9.8     9.6    13.4     4.40 C    11.8     7.5     9.3    90.8    77.9    86.8 -99.000 -99.000 -99.000 -99.000 -99.000 -9999.0 -9999.0 -9999.0 -9999.0 -9999.0
96407 20230820  2.515 -159.00   66.56    12.2     8.0    10.1    10.5    21.3     4.62 C    14.6     7.2    10.7    94.6    83.3    90.7 -99.000 -99.000 -99.000 -99.000 -99.000 -9999.0 -9999.0 -9999.0 -9999.0 -9999.0
96407 20230821  2.515 -159.00   66.56    14.8     9.1    11.9    11.9     0.6    12.13 C    19.3     8.0    12.3    93.1    61.4    80.6 -99.000 -99.000 -99.000 -99.000 -99.000 -9999.0 -9999.0 -9999.0 -9999.0 -9999.0
96407 20230822  2.515 -159.00   66.56    14.5     8.4    11.5    11.5     0.0     4.32 C    18.1     7.3    11.1    91.8    71.1    83.6 -99.000 -99.000 -99.000 -99.000 -99.000 -9999.0 -9999.0 -9999.0 -9999.0 -9999.0
96407 20230823  2.515 -159.00   66.56    12.1     3.7     7.9     8.3     0.5    14.70 C    16.9     0.1     8.7    88.3    48.8    69.6 -99.000 -99.000 -99.000 -99.000 -99.000 -9999.0 -9999.0 -9999.0 -9999.0 -9999.0
96407 20230824  2.515 -159.00   66.56    10.8     6.1     8.5     8.6    11.6     2.76 C    11.4     5.8     8.6    93.2    79.7    90.5 -99.000 -99.000 -99.000 -99.000 -99.000 -9999.0 -9999.0 -9999.0 -9999.0 -9999.0
96407 20230825  2.515 -159.00   66.56    12.4     8.1    10.2    10.1    12.1     6.94 C    18.3     8.1    10.7    94.2    79.0    90.5 -99.000 -99.000 -99.000 -99.000 -99.000 -9999.0 -9999.0 -9999.0 -9999.0 -9999.0
96407 20230826  2.515 -159.00   66.56    13.6    11.2    12.4    12.2     6.7     1.96 C    14.3    10.2    11.8    94.7    89.2    91.9 -99.000 -99.000 -99.000 -99.000 -99.000 -9999.0 -9999.0 -9999.0 -9999.0 -9999.0
96407 20230827  2.515 -159.00   66.56    12.1     6.8     9.4     9.9     8.0     4.66 C    12.8     5.2     9.8    95.0    82.2    90.4 -99.000 -99.000 -99.000 -99.000 -99.000 -9999.0 -9999.0 -9999.0 -9999.0 -9999.0
96407 20230828  2.515 -159.00   66.56    11.3     3.9     7.6     7.5     0.0    12.13 C    19.2     0.4     7.8    91.7    49.4    73.9 -99.000 -99.000 -99.000 -99.000 -99.000 -9999.0 -9999.0 -9999.0 -9999.0 -9999.0
96407 20230829  2.515 -159.00   66.56    13.2     1.4     7.3     7.7     0.0    11.74 C    17.0    -2.2     7.2    94.2    52.5    76.5 -99.000 -99.000 -99.000 -99.000 -99.000 -9999.0 -9999.0 -9999.0 -9999.0 -9999.0
96407 20230830  2.515 -159.00   66.56    14.5     8.1    11.3    10.5     3.4     6.68 C    19.2     4.0    10.1    94.4    55.1    82.5 -99.000 -99.000 -99.000 -99.000 -99.000 -9999.0 -9999.0 -9999.0 -9999.0 -9999.0
96407 20230831  2.515 -159.00   66.56    14.3     7.4    10.9    10.9     1.6     5.66 C    14.8     3.4     9.9    91.4    58.6    81.5 -99.000 -99.000 -99.000 -99.000 -99.000 -9999.0 -9999.0 -9999.0 -9999.0 -9999.0
96407 20230901  2.515 -159.00   66.56    11.6     7.8     9.7     9.5    12.8     3.23 C    12.5     6.7     9.2    93.9    73.9    89.1 -99.000 -99.000 -99.000 -99.000 -99.000 -9999.0 -9999.0 -9999.0 -9999.0 -9999.0
96407 20230902  2.515 -159.00   66.56    12.2     5.1     8.6     8.3     6.2    10.16 C    15.3     4.5     8.4    92.6    35.9    74.7 -99.000 -99.000 -99.000 -99.000 -99.000 -9999.0 -9999.0 -9999.0 -9999.0 -9999.0
96407 20230903  2.515 -159.00   66.56    11.4     9.0    10.2    10.1    13.8     2.61 C    12.1     8.4     9.7    94.1    88.3    90.7 -99.000 -99.000 -99.000 -99.000 -99.000 -9999.0 -9999.0 -9999.0 -9999.0 -9999.0
96407 20230904  2.515 -159.00   66.56     9.0     3.3     6.1     6.2     0.0     7.37 C    11.8     2.0     6.1    91.1    60.2    76.2 -99.000 -99.000 -99.000 -99.000 -99.000 -9999.0 -9999.0 -9999.0 -9999.0 -9999.0
96407 20230905  2.515 -159.00   66.56    10.5     7.0     8.7     7.9    32.2     2.22 C    11.2     5.2     7.5    92.2    82.2    89.1 -99.000 -99.000 -99.000 -99.000 -99.000 -9999.0 -9999.0 -9999.0 -9999.0 -9999.0
96407 20230906  2.515 -159.00   66.56    10.9     5.2     8.0     7.6     0.6     8.57 C    15.8     3.1     7.7    92.0    60.0    81.9 -99.000 -99.000 -99.000 -99.000 -99.000 -9999.0 -9999.0 -9999.0 -9999.0 -9999.0
96407 20230907  2.515 -159.00   66.56    12.0     1.4     6.7     7.2     0.0     9.36 C    16.1    -1.7     6.4    93.3    48.7    70.2 -99.000 -99.000 -99.000 -99.000 -99.000 -9999.0 -9999.0 -9999.0 -9999.0 -9999.0
96407 20230908  2.515 -159.00   66.56    11.2    -1.1     5.1     4.9     0.0     8.36 C    13.3    -5.6     3.5    89.0    54.9    74.0 -99.000 -99.000 -99.000 -99.000 -99.000 -9999.0 -9999.0 -9999.0 -9999.0 -9999.0
96407 20230909  2.515 -159.00   66.56    10.4     5.7     8.0     7.6     7.4     2.30 C     9.9     4.1     6.9    91.7    72.5    85.1 -99.000 -99.000 -99.000 -99.000 -99.000 -9999.0 -9999.0 -9999.0 -9999.0 -9999.0
96407 20230910  2.515 -159.00   66.56    13.7     3.8     8.8     8.5     0.0     9.15 C    19.2    -0.4     7.6    94.5    48.3    80.5 -99.000 -99.000 -99.000 -99.000 -99.000 -9999.0 -9999.0 -9999.0 -9999.0 -9999.0
96407 20230911  2.515 -159.00   66.56    12.0     3.5     7.7     7.1     0.0     8.96 C    15.4    -2.4     5.4    95.5    55.2    82.2 -99.000 -99.000 -99.000 -99.000 -99.000 -9999.0 -9999.0 -9999.0 -9999.0 -9999.0
96407 20230912  2.515 -159.00   66.56    11.1     1.6     6.3     6.1     0.0     7.98 C    16.3    -3.5     4.3    95.8    51.3    80.6 -99.000 -99.000 -99.000 -99.000 -99.000 -9999.0 -9999.0 -9999.0 -9999.0 -9999.0
96407 20230913  2.515 -159.00   66.56    11.2     2.5     6.9     6.1     0.0     9.64 C    15.6    -3.9     4.7    94.6    50.6    78.5 -99.000 -99.000 -99.000 -99.000 -99.000 -9999.0 -9999.0 -9999.0 -9999.0 -9999.0
96407 20230914  2.515 -159.00   66.56    11.4     4.5     8.0     7.3     0.5     6.13 C    15.2     1.9     7.0    94.1    58.2    83.5 -99.000 -99.000 -99.000 -99.000 -99.000 -9999.0 -9999.0 -9999.0 -9999.0 -9999.0
96407 20230915  2.515 -159.00   66.56    10.1     5.0     7.6     7.3     4.7     7.55 C    12.9     3.4     6.8    94.0    62.0    80.7 -99.000 -99.000 -99.000 -99.000 -99.000 -9999.0 -9999.0 -9999.0 -9999.0 -9999.0
96407 20230916  2.515 -159.00   66.56     9.0     4.6     6.8     6.8     3.9     3.91 C    11.6     3.3     6.9    93.7    75.0    87.0 -99.000 -99.000 -99.000 -99.000 -99.000 -9999.0 -9999.0 -9999.0 -9999.0 -9999.0
96407 20230917  2.515 -159.00   66.56     8.9     3.9     6.4     6.3     0.0     6.36 C    11.3    -0.1     5.6    95.1    61.9    82.4 -99.000 -99.000 -99.000 -99.000 -99.000 -9999.0 -9999.0 -9999.0 -9999.0 -9999.0
96407 20230918  2.515 -159.00   66.56     8.4     2.4     5.4     4.8     1.5     4.97 C    10.7    -0.7     4.3    93.2    60.6    83.7 -99.000 -99.000 -99.000 -99.000 -99.000 -9999.0 -9999.0 -9999.0 -9999.0 -9999.0
96407 20230919  2.515 -159.00   66.56     5.8     2.8     4.3     4.2     7.0     2.75 C     6.9     1.4     3.9    92.7    77.6    87.0 -99.000 -99.000 -99.000 -99.000 -99.000 -9999.0 -9999.0 -9999.0 -9999.0 -9999.0
96407 20230920  2.515 -159.00   66.56 -9999.0 -9999.0 -9999.0 -9999.0    12.3 -9999.00 U -9999.0 -9999.0 -9999.0 -9999.0 -9999.0 -9999.0 -99.000 -99.000 -99.000 -99.000 -99.000 -9999.0 -9999.0 -9999.0 -9999.0 -9999.0
96407 20230921  2.515 -159.00   66.56     7.2    -1.3     3.0     2.8     0.0     8.86 C     8.5    -5.8     0.7    91.4    54.2    76.1 -99.000 -99.000 -99.000 -99.000 -99.000 -9999.0 -9999.0 -9999.0 -9999.0 -9999.0
96407 20230922  2.515 -159.00   66.56     5.6     0.4     3.0     3.1     0.5     3.14 C     8.8    -3.9     2.1    92.6    69.4    83.5 -99.000 -99.000 -99.000 -99.000 -99.000 -9999.0 -9999.0 -9999.0 -9999.0 -9999.0
96407 20230923  2.515 -159.00   66.56     6.8     0.7     3.7     2.8     0.0     6.30 C    11.3    -4.4     1.7    94.9    56.2    81.1 -99.000 -99.000 -99.000 -99.000 -99.000 -9999.0 -9999.0 -9999.0 -9999.0 -9999.0
96407 20230924  2.515 -159.00   66.56     8.1     0.5     4.3     3.9     0.0     6.40 C     8.0    -2.2     2.6    93.1    48.5    72.9 -99.000 -99.000 -99.000 -99.000 -99.000 -9999.0 -9999.0 -9999.0 -9999.0 -9999.0
96407 20230925  2.515 -159.00   66.56     6.2     1.4     3.8     3.6     0.0     2.16 C     7.1     0.1     2.9    79.4    52.3    68.0 -99.000 -99.000 -99.000 -99.000 -99.000 -9999.0 -9999.0 -9999.0 -9999.0 -9999.0
96407 20230926  2.515 -159.00   66.56     4.8     0.7     2.8     2.5     0.0     1.36 C     5.6    -1.0     1.6    88.5    59.5    78.9 -99.000 -99.000 -99.000 -99.000 -99.000 -9999.0 -9999.0 -9999.0 -9999.0 -9999.0
96407 20230927  2.515 -159.00   66.56     6.2    -0.2     3.0     3.1     0.0     3.93 C     8.5    -3.0     2.0    93.4    61.2    80.1 -99.000 -99.000 -99.000 -99.000 -99.000 -9999.0 -9999.0 -9999.0 -9999.0 -9999.0
96407 20230928  2.515 -159.00   66.56     5.4    -0.4     2.5     2.8     3.6     1.41 C     4.5    -3.1     1.6    90.1    58.3    78.7 -99.000 -99.000 -99.000 -99.000 -99.000 -9999.0 -9999.0 -9999.0 -9999.0 -9999.0
96407 20230929  2.515 -159.00   66.56     7.6    -0.5     3.5     3.5     0.0     3.45 C     9.1    -4.7     2.4    90.5    56.9    73.9 -99.000 -99.000 -99.000 -99.000 -99.000 -9999.0 -9999.0 -9999.0 -9999.0 -9999.0
96407 20230930  2.515 -159.00   66.56     6.3    -3.0     1.7     0.9     0.0     7.03 C     5.4    -6.1    -1.5    90.2    42.9    74.4 -99.000 -99.000 -99.000 -99.000 -99.000 -9999.0 -9999.0 -9999.0 -9999.0 -9999.0
96407 20231001  2.515 -159.00   66.56     4.9    -4.1     0.4    -0.3     0.0     4.53 C     5.0    -9.9    -2.5    86.5    52.4    73.6 -99.000 -99.000 -99.000 -99.000 -99.000 -9999.0 -9999.0 -9999.0 -9999.0 -9999.0
96407 20231002  2.515 -159.00   66.56     1.4    -5.8    -2.2    -1.5     0.7     2.44 C     2.1   -10.2    -2.7    93.0    75.4    85.6 -99.000 -99.000 -99.000 -99.000 -99.000 -9999.0 -9999.0 -9999.0 -9999.0 -9999.0
96407 20231003  2.515 -159.00   66.56     1.8    -5.6    -1.9    -1.5     0.0     6.64 C     1.4    -9.2    -3.1    94.8    54.3    85.0 -99.000 -99.000 -99.000 -99.000 -99.000 -9999.0 -9999.0 -9999.0 -9999.0 -9999.0
96407 20231004  2.515 -159.00   66.56     2.0    -6.8    -2.4    -3.1     0.0     6.06 C     1.7   -10.6    -4.7    90.8    59.2    81.0 -99.000 -99.000 -99.000 -99.000 -99.000 -9999.0 -9999.0 -9999.0 -9999.0 -9999.0
96407 20231005  2.515 -159.00   66.56     0.8    -7.6    -3.4    -4.1     0.0     5.84 C     0.1    -8.9    -5.6    86.7    40.7    66.5 -99.000 -99.000 -99.000 -99.000 -99.000 -9999.0 -9999.0 -9999.0 -9999.0 -9999.0
96407 20231006  2.515 -159.00   66.56     1.6    -7.8    -3.1    -3.8     0.0     5.29 C     0.8   -11.9    -5.6    75.8    35.9    58.9 -99.000 -99.000 -99.000 -99.000 -99.000 -9999.0 -9999.0 -9999.0 -9999.0 -9999.0
96407 20231007  2.515 -159.00   66.56     0.2    -9.1    -4.5    -4.9     0.0     4.85 C    -0.4   -10.7    -6.6    73.3    31.0    56.2 -99.000 -99.000 -99.000 -99.000 -99.000 -9999.0 -9999.0 -9999.0 -9999.0 -9999.0
96407 20231008  2.515 -159.00   66.56    -0.1   -10.0    -5.1    -5.9     0.0     5.25 C    -0.4   -11.5    -7.5    75.7    29.2    57.1 -99.000 -99.000 -99.000 -99.000 -99.000 -9999.0 -9999.0 -9999.0 -9999.0 -9999.0
96407 20231009  2.515 -159.00   66.56    -2.5   -12.4    -7.4    -7.5     0.0     4.92 C    -2.0   -17.2    -9.7    85.9    41.0    65.4 -99.000 -99.000 -99.000 -99.000 -99.000 -9999.0 -9999.0 -9999.0 -9999.0 -9999.0
96407 20231010  2.515 -159.00   66.56    -3.1   -13.6    -8.3    -7.9     0.0     3.38 C    -1.3   -18.0    -9.1    88.9    72.3    82.6 -99.000 -99.000 -99.000 -99.000 -99.000 -9999.0 -9999.0 -9999.0 -9999.0 -9999.0
96407 20231011  2.515 -159.00   66.56    -1.7    -6.0    -3.8    -3.8     0.0     1.53 C    -0.3    -8.3    -4.1    89.0    65.2    78.9 -99.000 -99.000 -99.000 -99.000 -99.000 -9999.0 -9999.0 -9999.0 -9999.0 -9999.0
96407 20231012  2.515 -159.00   66.56    -2.3    -9.8    -6.1    -4.0     1.1     1.64 C    -1.7   -16.5    -4.8    90.3    70.3    81.9 -99.000 -99.000 -99.000 -99.000 -99.000 -9999.0 -9999.0 -9999.0 -9999.0 -9999.0
96407 20231013  2.515 -159.00   66.56    -3.7   -15.6    -9.7    -8.5     1.2     1.64 C    -2.3   -23.6   -10.8    91.9    60.0    83.4 -99.000 -99.000 -99.000 -99.000 -99.000 -9999.0 -9999.0 -9999.0 -9999.0 -9999.0
96407 20231014  2.515 -159.00   66.56     0.1    -8.0    -4.0    -4.0     0.0     2.70 C    -1.9   -12.1    -5.9    92.9    75.2    87.3 -99.000 -99.000 -99.000 -99.000 -99.000 -9999.0 -9999.0 -9999.0 -9999.0 -9999.0
96407 20231015  2.515 -159.00   66.56    -0.8   -10.9    -5.8    -5.2     0.0     1.82 C    -0.1   -14.7    -6.3    91.2    79.9    87.1 -99.000 -99.000 -99.000 -99.000 -99.000 -9999.0 -9999.0 -9999.0 -9999.0 -9999.0
96407 20231016  2.515 -159.00   66.56     0.9    -6.6    -2.8    -2.2     0.0     1.27 C     0.0    -9.4    -3.1    94.7    71.9    86.0 -99.000 -99.000 -99.000 -99.000 -99.000 -9999.0 -9999.0 -9999.0 -9999.0 -9999.0
96407 20231017  2.515 -159.00   66.56    -0.8    -9.3    -5.0    -4.5     0.0     1.83 C    -1.5   -14.2    -6.2    94.8    78.6    87.9 -99.000 -99.000 -99.000 -99.000 -99.000 -9999.0 -9999.0 -9999.0 -9999.0 -9999.0
96407 20231018  2.515 -159.00   66.56    -3.7   -11.4    -7.6    -5.8     2.8     0.46 C    -3.7   -15.4    -6.6    91.2    84.8    89.8 -99.000 -99.000 -99.000 -99.000 -99.000 -9999.0 -9999.0 -9999.0 -9999.0 -9999.0
96407 20231019  2.515 -159.00   66.56    -4.5   -11.7    -8.1    -7.4     0.0     1.01 C    -5.5   -15.9    -9.2    90.0    79.5    85.8 -99.000 -99.000 -99.000 -99.000 -99.000 -9999.0 -9999.0 -9999.0 -9999.0 -9999.0
96407 20231020  2.515 -159.00   66.56    -3.4   -11.3    -7.4    -6.2     0.0     1.30 C    -4.0   -16.6    -8.4    93.2    79.4    87.2 -99.000 -99.000 -99.000 -99.000 -99.000 -9999.0 -9999.0 -9999.0 -9999.0 -9999.0
96407 20231021  2.515 -159.00   66.56    -2.1   -10.8    -6.5    -4.9     1.4     0.97 C    -2.3   -17.5    -6.1    92.6    76.9    85.0 -99.000 -99.000 -99.000 -99.000 -99.000 -9999.0 -9999.0 -9999.0 -9999.0 -9999.0
96407 20231022  2.515 -159.00   66.56     0.0    -2.1    -1.0    -0.9     5.1     0.98 C    -0.5    -2.3    -1.4    94.0    82.2    89.5 -99.000 -99.000 -99.000 -99.000 -99.000 -9999.0 -9999.0 -9999.0 -9999.0 -9999.0
96407 20231023  2.515 -159.00   66.56     0.4    -2.7    -1.2    -1.7     1.3     1.11 C    -0.1    -4.2    -2.3    90.4    76.7    84.4 -99.000 -99.000 -99.000 -99.000 -99.000 -9999.0 -9999.0 -9999.0 -9999.0 -9999.0
96407 20231024  2.515 -159.00   66.56     2.5    -1.2     0.7     1.1     1.2     1.04 C     0.2    -4.0    -0.3    93.1    84.8    89.7 -99.000 -99.000 -99.000 -99.000 -99.000 -9999.0 -9999.0 -9999.0 -9999.0 -9999.0
96407 20231025  2.515 -159.00   66.56    -0.2    -5.0    -2.6    -2.8     0.0     2.03 C    -0.9    -8.1    -4.7    94.1    76.1    85.5 -99.000 -99.000 -99.000 -99.000 -99.000 -9999.0 -9999.0 -9999.0 -9999.0 -9999.0
96407 20231026  2.515 -159.00   66.56    -0.7    -3.1    -1.9    -1.7     0.2     0.41 C    -1.2    -4.8    -2.4    84.0    75.9    78.8 -99.000 -99.000 -99.000 -99.000 -99.000 -9999.0 -9999.0 -9999.0 -9999.0 -9999.0
96407 20231027  2.515 -159.00   66.56    -0.9    -5.6    -3.3    -3.5     0.0     0.68 C    -1.8    -8.8    -4.5    90.6    77.6    85.5 -99.000 -99.000 -99.000 -99.000 -99.000 -9999.0 -9999.0 -9999.0 -9999.0 -9999.0
96407 20231028  2.515 -159.00   66.56     1.8    -1.3     0.2     0.1     0.9     1.56 C     0.0    -3.2    -1.3    88.6    74.1    80.2 -99.000 -99.000 -99.000 -99.000 -99.000 -9999.0 -9999.0 -9999.0 -9999.0 -9999.0
96407 20231029  2.515 -159.00   66.56     2.7    -0.6     1.1     1.2     0.6     0.78 C     0.2    -3.8    -0.3    93.5    73.2    85.1 -99.000 -99.000 -99.000 -99.000 -99.000 -9999.0 -9999.0 -9999.0 -9999.0 -9999.0
96407 20231030  2.515 -159.00   66.56     1.7    -0.7     0.5     1.0     3.4     0.38 C     0.1    -3.5    -0.1    94.2    82.9    90.2 -99.000 -99.000 -99.000 -99.000 -99.000 -9999.0 -9999.0 -9999.0 -9999.0 -9999.0
96407 20231031  2.515 -159.00   66.56     1.9    -1.3     0.3     0.6     0.9     0.51 C     0.3    -3.9    -0.5    95.4    85.5    92.6 -99.000 -99.000 -99.000 -99.000 -99.000 -9999.0 -9999.0 -9999.0 -9999.0 -9999.0
96407 20231101  2.515 -159.00   66.56    -0.4    -7.7    -4.0    -4.3     0.0     0.61 C    -3.2   -11.9    -6.8    94.3    87.2    91.7 -99.000 -99.000 -99.000 -99.000 -99.000 -9999.0 -9999.0 -9999.0 -9999.0 -9999.0
96407 20231102  2.515 -159.00   66.56    -7.4   -13.2   -10.3   -10.2     0.0     1.42 C   -10.9   -17.1   -13.3    89.1    82.8    85.7 -99.000 -99.000 -99.000 -99.000 -99.000 -9999.0 -9999.0 -9999.0 -9999.0 -9999.0
96407 20231103  2.515 -159.00   66.56    -8.2   -12.3   -10.3    -9.8     0.0     1.02 C    -9.4   -14.5   -11.6    84.3    61.8    72.3 -99.000 -99.000 -99.000 -99.000 -99.000 -9999.0 -9999.0 -9999.0 -9999.0 -9999.0
96407 20231104  2.515 -159.00   66.56    -9.7   -14.2   -11.9   -11.7     0.0     0.97 C   -10.1   -20.3   -13.4    74.9    54.7    64.6 -99.000 -99.000 -99.000 -99.000 -99.000 -9999.0 -9999.0 -9999.0 -9999.0 -9999.0
96407 20231105  2.515 -159.00   66.56    -8.8   -10.0    -9.4    -9.3     3.1     0.17 C    -8.9   -10.4    -9.4    87.8    67.5    82.2 -99.000 -99.000 -99.000 -99.000 -99.000 -9999.0 -9999.0 -9999.0 -9999.0 -9999.0
96407 20231106  2.515 -159.00   66.56    -7.8   -11.9    -9.9    -9.9     1.0     0.47 C    -7.7   -17.4   -10.9    89.1    83.8    86.8 -99.000 -99.000 -99.000 -99.000 -99.000 -9999.0 -9999.0 -9999.0 -9999.0 -9999.0
96407 20231107  2.515 -159.00   66.56    -6.5   -12.1    -9.3    -8.5     0.0     0.24 C    -7.1   -14.5    -9.4    87.5    73.5    80.7 -99.000 -99.000 -99.000 -99.000 -99.000 -9999.0 -9999.0 -9999.0 -9999.0 -9999.0
96407 20231108  2.515 -159.00   66.56    -6.4   -13.1    -9.7    -8.5     0.0     0.39 C    -7.8   -19.5   -10.9    80.2    61.1    70.1 -99.000 -99.000 -99.000 -99.000 -99.000 -9999.0 -9999.0 -9999.0 -9999.0 -9999.0
96407 20231109  2.515 -159.00   66.56    -2.7    -6.5    -4.6    -4.7     0.6     0.20 C    -4.2    -8.0    -5.7    85.9    59.8    70.3 -99.000 -99.000 -99.000 -99.000 -99.000 -9999.0 -9999.0 -9999.0 -9999.0 -9999.0
96407 20231110  2.515 -159.00   66.56    -3.7   -15.6    -9.7    -8.3     1.0     0.54 C    -4.3   -55.7   -14.0    90.4    74.5    84.2 -99.000 -99.000 -99.000 -99.000 -99.000 -9999.0 -9999.0 -9999.0 -9999.0 -9999.0
96407 20231111  2.515 -159.00   66.56   -12.8   -20.6   -16.7   -16.7     0.0     0.22 C   -14.4   -34.5   -20.4    84.2    75.8    79.7 -99.000 -99.000 -99.000 -99.000 -99.000 -9999.0 -9999.0 -9999.0 -9999.0 -9999.0
96407 20231112  2.515 -159.00   66.56    -6.3   -22.8   -14.6   -12.6     1.9     0.07 C    -6.5   -24.3   -13.3    88.4    74.4    82.7 -99.000 -99.000 -99.000 -99.000 -99.000 -9999.0 -9999.0 -9999.0 -9999.0 -9999.0
96407 20231113  2.515 -159.00   66.56    -0.4    -6.4    -3.4    -2.5     3.5     0.23 C    -2.9   -10.5    -5.1    90.6    70.0    81.1 -99.000 -99.000 -99.000 -99.000 -99.000 -9999.0 -9999.0 -9999.0 -9999.0 -9999.0
96407 20231114  2.515 -159.00   66.56    -3.1   -15.7    -9.4    -8.2     0.0     0.10 C    -6.3   -22.3   -11.3    90.9    79.3    85.5 -99.000 -99.000 -99.000 -99.000 -99.000 -9999.0 -9999.0 -9999.0 -9999.0 -9999.0
96407 20231115  2.515 -159.00   66.56    -0.8    -6.5    -3.6    -3.4     6.6     0.06 C    -1.4    -8.0    -4.1    92.7    78.0    87.1 -99.000 -99.000 -99.000 -99.000 -99.000 -9999.0 -9999.0 -9999.0 -9999.0 -9999.0
96407 20231116  2.515 -159.00   66.56    -4.6   -12.9    -8.7    -9.0     1.5     0.13 C    -5.1   -15.6   -10.0    92.7    64.7    75.7 -99.000 -99.000 -99.000 -99.000 -99.000 -9999.0 -9999.0 -9999.0 -9999.0 -9999.0
96407 20231117  2.515 -159.00   66.56   -12.9   -23.2   -18.1   -18.7     0.0     0.24 C   -15.3   -30.4   -22.2    86.5    64.6    75.9 -99.000 -99.000 -99.000 -99.000 -99.000 -9999.0 -9999.0 -9999.0 -9999.0 -9999.0
96407 20231118  2.515 -159.00   66.56    -9.2   -17.7   -13.4   -12.1     0.3     0.03 C   -10.2   -30.9   -12.9    86.2    78.6    83.4 -99.000 -99.000 -99.000 -99.000 -99.000 -9999.0 -9999.0 -9999.0 -9999.0 -9999.0
96407 20231119  2.515 -159.00   66.56    -9.1   -14.5   -11.8   -10.9     0.8     0.06 C    -8.9   -20.2   -11.6    86.4    78.7    82.3 -99.000 -99.000 -99.000 -99.000 -99.000 -9999.0 -9999.0 -9999.0 -9999.0 -9999.0
96407 20231120  2.515 -159.00   66.56    -8.3   -18.6   -13.4   -13.8     0.0     0.10 C    -8.5   -22.1   -15.5    85.5    75.7    80.9 -99.000 -99.000 -99.000 -99.000 -99.000 -9999.0 -9999.0 -9999.0 -9999.0 -9999.0
96407 20231121  2.515 -159.00   66.56    -6.8   -17.4   -12.1   -12.4     0.0     0.12 C   -10.8   -24.5   -17.6    80.5    48.7    67.9 -99.000 -99.000 -99.000 -99.000 -99.000 -9999.0 -9999.0 -9999.0 -9999.0 -9999.0
96407 20231122  2.515 -159.00   66.56    -7.1   -19.2   -13.1   -12.5     0.0     0.02 C    -7.5   -26.2   -15.4    86.0    66.1    75.5 -99.000 -99.000 -99.000 -99.000 -99.000 -9999.0 -9999.0 -9999.0 -9999.0 -9999.0
96407 20231123  2.515 -159.00   66.56    -3.8    -7.2    -5.5    -4.9     0.0     0.03 C    -3.8    -7.5    -5.1    91.7    83.3    88.8 -99.000 -99.000 -99.000 -99.000 -99.000 -9999.0 -9999.0 -9999.0 -9999.0 -9999.0
96407 20231124  2.515 -159.00   66.56    -0.5    -8.3    -4.4    -4.7     0.0     0.03 C    -2.7   -13.4    -6.9    91.8    76.4    87.8 -99.000 -99.000 -99.000 -99.000 -99.000 -9999.0 -9999.0 -9999.0 -9999.0 -9999.0
96407 20231125  2.515 -159.00   66.56    -0.5    -5.1    -2.8    -2.2     0.0     0.02 C    -1.5    -7.8    -4.2    90.3    75.0    84.5 -99.000 -99.000 -99.000 -99.000 -99.000 -9999.0 -9999.0 -9999.0 -9999.0 -9999.0
96407 20231126  2.515 -159.00   66.56    -3.3   -11.9    -7.6    -7.3     0.0     0.17 C    -3.8   -16.6   -10.4    90.7    86.2    88.2 -99.000 -99.000 -99.000 -99.000 -99.000 -9999.0 -9999.0 -9999.0 -9999.0 -9999.0
96407 20231127  2.515 -159.00   66.56    -3.9   -10.0    -7.0    -7.3     1.0     0.00 C    -5.1   -16.0   -10.3    89.4    82.1    85.9 -99.000 -99.000 -99.000 -99.000 -99.000 -9999.0 -9999.0 -9999.0 -9999.0 -9999.0
96407 20231128  2.515 -159.00   66.56    -3.2    -9.5    -6.4    -7.0     0.9     0.00 C    -3.8   -14.8    -9.1    90.1    81.0    85.0 -99.000 -99.000 -99.000 -99.000 -99.000 -9999.0 -9999.0 -9999.0 -9999.0 -9999.0
96407 20231129  2.515 -159.00   66.56    -1.8   -17.2    -9.5    -6.3     4.3     0.02 C    -2.6   -22.9    -8.5    91.9    78.9    88.0 -99.000 -99.000 -99.000 -99.000 -99.000 -9999.0 -9999.0 -9999.0 -9999.0 -9999.0
96407 20231130  2.515 -159.00   66.56   -12.8   -21.0   -16.9   -16.9     0.0     0.00 C   -12.9   -24.9   -18.7    84.1    76.9    80.5 -99.000 -99.000 -99.000 -99.000 -99.000 -9999.0 -9999.0 -9999.0 -9999.0 -9999.0
96407 20231201  2.515 -159.00   66.56    -5.5   -13.6    -9.6   -10.4     1.3     0.00 C    -6.2   -15.4   -10.5    89.3    83.0    85.4 -99.000 -99.000 -99.000 -99.000 -99.000 -9999.0 -9999.0 -9999.0 -9999.0 -9999.0
96407 20231202  2.515 -159.00   66.56    -5.1   -17.4   -11.2   -10.8     0.0     0.00 C    -6.0   -23.3   -14.3    87.3    75.4    83.1 -99.000 -99.000 -99.000 -99.000 -99.000 -9999.0 -9999.0 -9999.0 -9999.0 -9999.0
96407 20231203  2.515 -159.00   66.56   -16.2   -22.9   -19.6   -20.4     0.0     0.00 C   -18.7   -44.3   -24.1    84.7    77.0    80.2 -99.000 -99.000 -99.000 -99.000 -99.000 -9999.0 -9999.0 -9999.0 -9999.0 -9999.0
96407 20231204  2.515 -159.00   66.56   -12.4   -18.3   -15.3   -14.8     0.9     0.00 C   -12.7   -21.8   -15.7    83.2    79.4    81.2 -99.000 -99.000 -99.000 -99.000 -99.000 -9999.0 -9999.0 -9999.0 -9999.0 -9999.0
96407 20231205  2.515 -159.00   66.56   -14.8   -24.5   -19.7   -18.2     0.0     0.00 C   -15.2   -59.2   -23.1    84.8    78.2    81.0 -99.000 -99.000 -99.000 -99.000 -99.000 -9999.0 -9999.0 -9999.0 -9999.0 -9999.0
96407 20231206  2.515 -159.00   66.56    -9.8   -16.7   -13.2   -14.4     0.0     0.03 C   -11.8   -24.2   -16.7    87.9    79.8    82.0 -99.000 -99.000 -99.000 -99.000 -99.000 -9999.0 -9999.0 -9999.0 -9999.0 -9999.0
96407 20231207  2.515 -159.00   66.56   -10.3   -15.5   -12.9   -11.4     0.2     0.00 C   -11.2   -18.6   -12.7    83.9    69.5    75.7 -99.000 -99.000 -99.000 -99.000 -99.000 -9999.0 -9999.0 -9999.0 -9999.0 -9999.0
96407 20231208  2.515 -159.00   66.56   -14.1   -20.2   -17.1   -17.0     0.0     0.01 C   -15.1   -28.9   -21.1    82.5    73.2    78.9 -99.000 -99.000 -99.000 -99.000 -99.000 -9999.0 -9999.0 -9999.0 -9999.0 -9999.0
96407 20231209  2.515 -159.00   66.56   -14.9   -24.1   -19.5   -20.7     0.2     0.00 C   -15.3   -53.8   -30.2    82.3    75.3    78.7 -99.000 -99.000 -99.000 -99.000 -99.000 -9999.0 -9999.0 -9999.0 -9999.0 -9999.0
96407 20231210  2.515 -159.00   66.56   -20.5   -28.5   -24.5   -23.9     0.5     0.00 U -9999.0 -9999.0 -9999.0    79.2    72.9    76.2 -99.000 -99.000 -99.000 -99.000 -99.000 -9999.0 -9999.0 -9999.0 -9999.0 -9999.0
96407 20231211  2.515 -159.00   66.56   -18.2   -30.2   -24.2   -23.4     0.0     0.00 U -9999.0 -9999.0 -9999.0    80.4    64.2    71.8 -99.000 -99.000 -99.000 -99.000 -99.000 -9999.0 -9999.0 -9999.0 -9999.0 -9999.0
96407 20231212  2.515 -159.00   66.56   -17.7   -19.5   -18.6   -18.3     0.0     0.00 U -9999.0 -9999.0 -9999.0    65.2    56.0    59.5 -99.000 -99.000 -99.000 -99.000 -99.000 -9999.0 -9999.0 -9999.0 -9999.0 -9999.0
96407 20231213  2.515 -159.00   66.56   -16.5   -19.3   -17.9   -17.8     0.0     0.00 C   -17.7   -30.2   -19.7    60.5    51.9    55.3 -99.000 -99.000 -99.000 -99.000 -99.000 -9999.0 -9999.0 -9999.0 -9999.0 -9999.0
96407 20231214  2.515 -159.00   66.56   -19.1   -32.7   -25.9   -26.7     0.0     0.00 C   -22.4 -9999.0   -39.1    77.5    58.7    71.9 -99.000 -99.000 -99.000 -99.000 -99.000 -9999.0 -9999.0 -9999.0 -9999.0 -9999.0
96407 20231215  2.515 -159.00   66.56   -17.4   -33.7   -25.5   -26.9     0.0     0.00 C   -19.0   -57.2   -34.7    75.4    68.5    72.0 -99.000 -99.000 -99.000 -99.000 -99.000 -9999.0 -9999.0 -9999.0 -9999.0 -9999.0
96407 20231216  2.515 -159.00   66.56   -12.2   -24.6   -18.4   -19.2     0.6     0.00 C   -12.7   -54.6   -24.3    80.3    68.4    74.9 -99.000 -99.000 -99.000 -99.000 -99.000 -9999.0 -9999.0 -9999.0 -9999.0 -9999.0
96407 20231217  2.515 -159.00   66.56   -10.5   -13.1   -11.8   -12.2     1.5     0.00 C   -11.1   -14.7   -12.8    83.1    69.9    78.7 -99.000 -99.000 -99.000 -99.000 -99.000 -9999.0 -9999.0 -9999.0 -9999.0 -9999.0
96407 20231218  2.515 -159.00   66.56    -9.6   -18.9   -14.3   -12.4     0.4     0.00 C   -10.2   -26.0   -13.5    84.7    69.2    76.7 -99.000 -99.000 -99.000 -99.000 -99.000 -9999.0 -9999.0 -9999.0 -9999.0 -9999.0
96407 20231219  2.515 -159.00   66.56   -13.4   -22.1   -17.8   -16.6     0.6     0.00 C   -14.0   -31.9   -19.3    82.7    69.0    77.1 -99.000 -99.000 -99.000 -99.000 -99.000 -9999.0 -9999.0 -9999.0 -9999.0 -9999.0
96407 20231220  2.515 -159.00   66.56   -20.7   -34.2   -27.4   -30.9     0.0     0.00 U -9999.0 -9999.0 -9999.0    82.6    67.1    72.3 -99.000 -99.000 -99.000 -99.000 -99.000 -9999.0 -9999.0 -9999.0 -9999.0 -9999.0
96407 20231221  2.515 -159.00   66.56   -19.8   -33.8   -26.8   -25.0     1.0     0.00 C   -19.5 -9999.0   -36.4    77.6    67.3    73.3 -99.000 -99.000 -99.000 -99.000 -99.000 -9999.0 -9999.0 -9999.0 -9999.0 -9999.0
96407 20231222  2.515 -159.00   66.56   -20.2   -24.8   -22.5   -21.6     0.0     0.00 C   -19.5   -59.0   -22.5    76.5    71.3    75.5 -99.000 -99.000 -99.000 -99.000 -99.000 -9999.0 -9999.0 -9999.0 -9999.0 -9999.0
96407 20231223  2.515 -159.00   66.56   -16.1   -20.2   -18.1   -18.1     2.9     0.00 C   -16.0   -25.5   -18.0    80.0    76.5    78.1 -99.000 -99.000 -99.000 -99.000 -99.000 -9999.0 -9999.0 -9999.0 -9999.0 -9999.0
96407 20231224  2.515 -159.00   66.56   -15.1   -28.4   -21.8   -18.4     1.1     0.00 C   -15.1   -47.9   -20.7    82.4    70.0    77.9 -99.000 -99.000 -99.000 -99.000 -99.000 -9999.0 -9999.0 -9999.0 -9999.0 -9999.0
96407 20231225  2.515 -159.00   66.56   -17.8   -37.6   -27.7   -28.5     0.0     0.00 C   -20.7 -9999.0   -41.3    79.4    64.2    72.1 -99.000 -99.000 -99.000 -99.000 -99.000 -9999.0 -9999.0 -9999.0 -9999.0 -9999.0
96407 20231226  2.515 -159.00   66.56   -28.5   -41.2   -34.8   -37.9     0.0     0.00 C   -28.6   -49.1   -42.2    71.2    62.2    64.6 -99.000 -99.000 -99.000 -99.000 -99.000 -9999.0 -9999.0 -9999.0 -9999.0 -9999.0
96407 20231227  2.515 -159.00   66.56   -11.7   -29.2   -20.5   -18.8     1.4     0.00 C   -12.2 -9999.0   -22.9    82.6    68.6    76.2 -99.000 -99.000 -99.000 -99.000 -99.000 -9999.0 -9999.0 -9999.0 -9999.0 -9999.0
96407 20231228  2.515 -159.00   66.56   -12.8   -23.6   -18.2   -16.4     0.0     0.00 C   -14.0   -42.6   -20.7    84.1    73.9    77.7 -99.000 -99.000 -99.000 -99.000 -99.000 -9999.0 -9999.0 -9999.0 -9999.0 -9999.0
96407 20231229  2.515 -159.00   66.56   -17.9   -33.1   -25.5   -25.7     0.0     0.00 C   -18.9 -9999.0   -33.7    82.5    70.0    76.8 -99.000 -99.000 -99.000 -99.000 -99.000 -9999.0 -9999.0 -9999.0 -9999.0 -9999.0
96407 20231230  2.515 -159.00   66.56   -28.2   -35.0   -31.6   -33.5     0.0     0.00 U -9999.0 -9999.0 -9999.0    79.1    67.8    69.9 -99.000 -99.000 -99.000 -99.000 -99.000 -9999.0 -9999.0 -9999.0 -9999.0 -9999.0
96407 20231231  2.515 -159.00   66.56   -10.4   -28.2   -19.3   -17.5     0.0     0.00 C   -11.5   -45.1   -22.8    81.3    69.7    74.3 -99.000 -99.000 -99.000 -99.000 -99.000 -9999.0 -9999.0 -9999.0 -9999.0 -9999.0
