94077 20230101  2.622 -103.74   42.42     1.2    -3.2    -1.0    -0.6     1.0     2.41 C     1.9    -3.1    -0.7    93.3    87.0    90.9 -99.000 -99.000 -99.000   0.125   0.189    -1.3    -0.9    -0.6     1.1     3.6
94077 20230102  2.622 -103.74   42.42    -0.7    -4.0    -2.4    -2.2    11.0     1.91 C    -0.7    -4.2    -2.1    94.3    88.9    92.4 -99.000 -99.000 -99.000   0.126   0.189    -0.6    -0.3    -0.1     1.3     3.6
94077 20230103  2.622 -103.74   42.42    -2.6   -14.4    -8.5    -6.8     1.8     2.70 C     1.6   -14.9    -6.7    94.2    81.6    90.5 -99.000 -99.000 -99.000   0.126   0.188    -0.7    -0.3     0.1     1.5     3.7
94077 20230104  2.622 -103.74   42.42    -0.8   -15.0    -7.9    -8.3     0.0     7.36 C     0.6   -17.1    -9.2    90.4    58.2    76.4 -99.000 -99.000 -99.000   0.126   0.188    -1.1    -0.6     0.0     1.6     3.8
94077 20230105  2.622 -103.74   42.42     1.2   -21.0    -9.9    -9.5     0.0     8.34 C     3.4   -22.8    -9.8    88.7    55.3    73.9 -99.000 -99.000 -99.000   0.126   0.186    -2.2    -1.6    -0.5     1.7     3.8
94077 20230106  2.622 -103.74   42.42     0.5   -12.8    -6.1    -6.5     0.0     5.35 C     3.0   -13.7    -6.4    89.1    69.2    80.0 -99.000 -99.000 -99.000   0.126   0.185    -2.6    -2.1    -1.0     1.6     3.9
94077 20230107  2.622 -103.74   42.42     3.3   -12.8    -4.8    -4.3     0.0     7.36 C     5.0   -14.3    -4.8    92.2    61.5    79.5 -99.000 -99.000 -99.000   0.127   0.186    -2.3    -1.9    -1.0     1.4     3.9
94077 20230108  2.622 -103.74   42.42     6.8   -16.3    -4.8    -4.5     0.0     8.17 C     6.9   -17.1    -5.4    88.8    40.7    69.8 -99.000 -99.000 -99.000   0.126   0.186    -3.1    -2.6    -1.4     1.4     3.9
94077 20230109  2.622 -103.74   42.42     6.2    -5.5     0.4     0.8     0.0     9.10 C     6.8    -6.7    -0.3    86.8    46.5    64.9 -99.000 -99.000 -99.000   0.126   0.186    -2.3    -2.0    -1.3     1.2     3.9
94077 20230110  2.622 -103.74   42.42     5.7    -5.3     0.2     0.3     0.6     4.37 C     5.4    -5.1    -0.6    94.7    61.3    82.0 -99.000 -99.000 -99.000   0.126   0.185    -1.6    -1.3    -0.8     1.3     3.8
94077 20230111  2.622 -103.74   42.42     0.1    -6.1    -3.0    -1.4     9.0     3.56 C     0.7    -5.7    -1.5    96.0    88.7    92.9 -99.000 -99.000 -99.000   0.126   0.185    -0.7    -0.4    -0.1     1.4     3.8
94077 20230112  2.622 -103.74   42.42    -1.9   -15.1    -8.5    -9.2     0.0     8.50 C     2.6   -16.1    -9.0    93.8    76.7    89.4 -99.000 -99.000 -99.000   0.127   0.186    -0.6    -0.3     0.1     1.6     3.8
94077 20230113  2.622 -103.74   42.42     4.8   -15.9    -5.5    -5.9     0.0     8.49 C     7.0   -17.0    -5.8    92.7    62.4    83.1 -99.000 -99.000 -99.000   0.126   0.186    -0.9    -0.4     0.1     1.7     3.8
94077 20230114  2.622 -103.74   42.42     6.6    -4.9     0.8     1.9     0.0     5.93 C     8.8    -5.5     1.0    88.7    51.1    68.9 -99.000 -99.000 -99.000   0.126   0.186    -0.9    -0.5     0.1     1.8     3.8
94077 20230115  2.622 -103.74   42.42     5.8    -7.3    -0.8     0.1     0.9     3.25 C     5.2    -8.1    -0.6    92.3    58.7    81.8 -99.000 -99.000 -99.000   0.126   0.187    -0.9    -0.5     0.1     1.8     3.9
94077 20230116  2.622 -103.74   42.42     3.8    -5.6    -0.9    -0.7     0.0     8.93 C     4.9    -5.9    -1.1    94.1    68.0    85.0 -99.000 -99.000 -99.000   0.126   0.189    -0.6    -0.3     0.2     1.8     3.9
94077 20230117  2.622 -103.74   42.42    -0.2    -8.0    -4.1    -3.4     0.5     4.48 C     1.4    -8.3    -2.9    96.6    87.9    92.8 -99.000 -99.000 -99.000   0.127   0.189    -0.8    -0.3     0.3     1.9     3.9
94077 20230118  2.622 -103.74   42.42    -1.8   -10.7    -6.3    -3.3     6.5     5.03 C    -0.8   -12.3    -3.1    94.4    83.6    89.0 -99.000 -99.000 -99.000   0.126   0.189    -0.7    -0.2     0.3     1.9     3.9
94077 20230119  2.622 -103.74   42.42    -0.7   -16.7    -8.7   -10.1     0.0     9.89 C     1.5   -17.9   -10.3    90.7    58.8    78.2 -99.000 -99.000 -99.000   0.127   0.189    -2.3    -1.3    -0.1     2.0     3.9
94077 20230120  2.622 -103.74   42.42     0.4   -13.5    -6.6    -7.1     0.0     8.93 C     4.4   -14.9    -7.2    87.5    68.3    79.7 -99.000 -99.000 -99.000   0.126   0.189    -4.2    -3.2    -1.5     1.7     3.9
94077 20230121  2.622 -103.74   42.42    -0.6    -9.0    -4.8    -4.3     0.3     8.74 C     1.9    -9.9    -4.6    89.8    63.3    79.0 -99.000 -99.000 -99.000   0.127   0.189    -3.8    -3.0    -1.8     1.4     3.9
94077 20230122  2.622 -103.74   42.42     1.6    -8.4    -3.4    -2.0     0.0     6.19 C     3.6    -9.9    -2.1    93.0    63.3    78.4 -99.000 -99.000 -99.000   0.127   0.189    -2.9    -2.4    -1.5     1.2     3.8
94077 20230123  2.622 -103.74   42.42    -1.0   -12.0    -6.5    -3.2     0.0     3.71 C     1.0   -13.6    -3.7    92.1    73.4    82.5 -99.000 -99.000 -99.000   0.127   0.187    -2.2    -1.6    -1.0     1.2     3.8
94077 20230124  2.622 -103.74   42.42     0.7   -12.1    -5.7    -4.5     0.0     8.93 C     3.6   -13.6    -4.9    92.6    54.7    74.3 -99.000 -99.000 -99.000   0.127   0.186    -3.3    -2.6    -1.4     1.2     3.7
94077 20230125  2.622 -103.74   42.42    -0.3    -6.0    -3.1    -3.1     0.3     8.03 C     1.0    -7.1    -3.4    87.3    66.5    78.4 -99.000 -99.000 -99.000   0.127   0.186    -3.0    -2.5    -1.5     1.1     3.7
94077 20230126  2.622 -103.74   42.42     0.7    -5.8    -2.6    -1.9     0.5     8.21 C     1.6    -7.2    -2.4    89.9    51.6    72.4 -99.000 -99.000 -99.000   0.127   0.187    -2.7    -2.1    -1.3     1.1     3.6
94077 20230127  2.622 -103.74   42.42     3.2    -7.3    -2.1    -0.7     1.7     6.70 C     3.7    -8.6    -1.0    94.2    59.2    82.1 -99.000 -99.000 -99.000   0.126   0.187    -1.9    -1.5    -1.0     1.1     3.6
94077 20230128  2.622 -103.74   42.42    -3.6   -19.5   -11.6   -11.0     3.7     6.56 C    -4.2   -19.4   -10.4    91.8    78.3    84.9 -99.000 -99.000 -99.000   0.126   0.188    -2.3    -1.5    -0.7     1.2     3.5
94077 20230129  2.622 -103.74   42.42   -18.2   -20.0   -19.1   -19.1     2.8     7.16 C   -10.9   -20.0   -18.0    82.0    68.8    75.9 -99.000 -99.000 -99.000   0.127   0.188    -5.8    -3.9    -2.0     1.2     3.5
94077 20230130  2.622 -103.74   42.42   -18.0   -30.7   -24.4   -24.0     0.0    12.11 C   -11.0   -31.6   -22.7    82.4    69.6    76.4 -99.000 -99.000 -99.000   0.128   0.189    -7.4    -5.5    -3.3     0.9     3.4
94077 20230131  2.622 -103.74   42.42    -7.2   -32.3   -19.7   -19.2     0.0    12.14 C    -5.1   -33.3   -19.4    79.3    57.9    70.8 -99.000 -99.000 -99.000   0.138   0.189    -9.3    -7.2    -4.7     0.4     3.4
94077 20230201  2.622 -103.74   42.42    -2.1   -20.4   -11.2   -12.1     0.0    11.93 C     4.9   -21.7   -11.8    90.3    60.8    75.7 -99.000 -99.000 -99.000 -99.000   0.188    -8.7    -7.1    -5.2    -0.1     3.2
94077 20230202  2.622 -103.74   42.42    -1.0   -14.7    -7.9    -8.5     0.0    12.03 C     6.4   -15.5    -7.7    90.4    63.8    77.3 -99.000 -99.000 -99.000 -99.000   0.187    -7.5    -6.3    -4.9    -0.4     3.1
94077 20230203  2.622 -103.74   42.42     6.5   -14.5    -4.0    -2.7     0.0    11.76 C     9.6   -15.7    -3.5    86.7    44.1    64.1 -99.000 -99.000 -99.000 -99.000   0.188    -6.3    -5.4    -4.4    -0.6     2.9
94077 20230204  2.622 -103.74   42.42     6.4    -8.4    -1.0     1.1     0.0    11.79 C     9.0    -9.1     0.6    85.1    42.6    60.2 -99.000 -99.000 -99.000 -99.000   0.186    -3.4    -3.2    -3.2    -0.5     2.8
94077 20230205  2.622 -103.74   42.42     4.9   -11.2    -3.2    -3.1     0.3    11.13 C     7.5   -11.5    -3.3    87.6    50.9    72.6 -99.000 -99.000 -99.000 -99.000   0.187    -2.8    -2.5    -2.2    -0.2     2.7
94077 20230206  2.622 -103.74   42.42     2.7    -6.1    -1.7    -1.1     0.5     8.57 C     3.9    -6.7    -1.7    87.6    68.3    79.7 -99.000 -99.000 -99.000 -99.000   0.187    -2.2    -2.0    -1.7     0.0     2.6
94077 20230207  2.622 -103.74   42.42     4.5   -10.1    -2.8    -3.6     0.2    12.89 C     6.2   -10.4    -3.3    88.3    46.9    75.9 -99.000 -99.000 -99.000 -99.000   0.187    -1.7    -1.6    -1.2     0.3     2.6
94077 20230208  2.622 -103.74   42.42     4.6   -12.1    -3.8    -3.4     0.0    12.50 C     5.5   -12.0    -3.1    88.6    55.5    77.5 -99.000 -99.000 -99.000   0.138   0.187    -2.8    -2.4    -1.5     0.4     2.6
94077 20230209  2.622 -103.74   42.42    -1.7   -13.6    -7.6    -5.3     0.4    10.41 C     0.9   -13.2    -4.7    85.8    57.2    75.6 -99.000 -99.000 -99.000   0.137   0.188    -1.8    -1.3    -0.9     0.5     2.7
94077 20230210  2.622 -103.74   42.42     6.7   -17.6    -5.5    -6.3     0.0    13.33 C     7.3   -17.5    -5.6    86.4    37.2    71.8 -99.000 -99.000 -99.000 -99.000   0.188    -5.2    -4.4    -2.7     0.5     2.7
94077 20230211  2.622 -103.74   42.42    10.6   -12.0    -0.7    -2.5     0.0    13.24 C    10.2   -11.6    -1.8    89.9    30.0    70.9 -99.000 -99.000 -99.000 -99.000   0.187    -3.8    -3.2    -2.5     0.2     2.7
94077 20230212  2.622 -103.74   42.42     5.2    -7.7    -1.2    -1.9     0.2    10.47 C     7.5    -6.2    -0.9    89.2    48.8    74.7 -99.000 -99.000 -99.000 -99.000   0.188    -1.5    -1.0    -1.0     0.2     2.7
94077 20230213  2.622 -103.74   42.42    11.1   -11.2    -0.1     0.2     0.0    14.02 C    11.6    -9.8     0.5    89.4    27.2    62.0 -99.000 -99.000 -99.000   0.138   0.189    -2.2    -1.0    -0.8     0.5     2.6
94077 20230214  2.622 -103.74   42.42     2.7    -9.9    -3.6    -2.3     0.5     9.80 C     4.6    -8.3    -1.8    84.4    52.5    74.2 -99.000 -99.000 -99.000   0.134   0.188    -1.1    -0.7    -0.5     0.6     2.6
94077 20230215  2.622 -103.74   42.42    -7.8   -12.9   -10.4   -10.3     0.0     6.38 C    -2.8   -12.2    -8.1    76.4    50.5    67.4 -99.000 -99.000 -99.000   0.128   0.188    -5.0    -2.3    -1.0     0.8     2.7
94077 20230216  2.622 -103.74   42.42    -0.8   -17.1    -9.0    -9.4     0.0    14.48 C     2.1   -16.8    -7.9    82.6    41.2    59.4 -99.000 -99.000 -99.000   0.138   0.187    -8.1    -6.1    -3.7     0.5     2.7
94077 20230217  2.622 -103.74   42.42     8.0   -14.8    -3.4    -2.6     0.0    12.06 C     9.4   -14.4    -2.8    83.0    27.3    56.2 -99.000 -99.000 -99.000 -99.000   0.187    -5.8    -5.2    -4.0    -0.1     2.7
94077 20230218  2.622 -103.74   42.42     7.4    -5.8     0.8     0.1     0.4     7.51 C     7.5    -5.2    -0.5    80.6    26.1    52.2 -99.000 -99.000 -99.000 -99.000   0.188    -3.0    -2.2    -2.1    -0.2     2.6
94077 20230219  2.622 -103.74   42.42     4.0    -6.4    -1.2    -0.8     0.2    14.49 C     7.5    -6.3    -0.2    88.4    36.9    61.9 -99.000 -99.000 -99.000 -99.000   0.187    -2.5    -2.0    -1.6     0.0     2.5
94077 20230220  2.622 -103.74   42.42     8.0    -4.5     1.7     1.4     0.0     9.10 C    10.6    -3.8     1.4    90.2    46.3    66.3 -99.000 -99.000 -99.000 -99.000   0.186    -1.3    -0.8    -0.8     0.2     2.5
94077 20230221  2.622 -103.74   42.42     7.3   -16.6    -4.7    -0.6     1.3     2.33 C     6.6   -15.0    -0.8    93.4    48.7    72.7 -99.000 -99.000 -99.000   0.138   0.186    -0.8    -0.4    -0.3     0.5     2.5
94077 20230222  2.622 -103.74   42.42   -16.5   -23.9   -20.2   -20.6     2.1     6.47 C   -14.8   -25.2   -19.1    77.3    67.8    72.0 -99.000 -99.000 -99.000   0.127   0.187    -5.6    -2.6    -1.2     0.7     2.5
94077 20230223  2.622 -103.74   42.42   -17.3   -32.0   -24.7   -22.9     0.0    16.11 C    -6.4   -31.7   -20.0    79.2    52.0    68.1 -99.000 -99.000 -99.000 -99.000   0.187    -8.3    -6.9    -4.0     0.5     2.5
94077 20230224  2.622 -103.74   42.42    -7.9   -19.7   -13.8   -14.8     0.0    15.98 C    -4.3   -20.8   -13.9    83.5    63.9    73.7 -99.000 -99.000 -99.000 -99.000   0.188    -7.8    -7.0    -5.0    -0.2     2.5
94077 20230225  2.622 -103.74   42.42     7.4   -15.4    -4.0    -0.3     0.2    16.21 C     8.6   -15.7    -1.0    79.5    39.1    57.3 -99.000 -99.000 -99.000 -99.000   0.187    -4.6    -4.7    -4.4    -0.7     2.4
94077 20230226  2.622 -103.74   42.42     8.7    -6.1     1.3     2.1     0.5     9.76 C    10.3    -4.8     2.1    86.1    43.1    65.7 -99.000 -99.000 -99.000 -99.000   0.187    -1.5    -1.3    -1.7    -0.6     2.3
94077 20230227  2.622 -103.74   42.42     7.5    -2.9     2.3     2.6     0.0    16.11 C    11.9    -2.0     2.9    80.4    40.9    57.6 -99.000 -99.000 -99.000 -99.000   0.188    -0.2    -0.4    -0.7    -0.1     2.2
94077 20230228  2.622 -103.74   42.42     7.4    -7.1     0.1     1.2     0.3    12.99 C    10.4    -6.0     1.2    80.8    37.7    58.7 -99.000 -99.000 -99.000 -99.000   0.187     0.1     0.1    -0.1     0.3     2.2
94077 20230301  2.622 -103.74   42.42     2.0    -9.2    -3.6    -2.5     0.0     9.23 C     4.0    -8.2    -1.8    74.3    33.8    54.9 -99.000 -99.000 -99.000   0.129   0.188    -0.8    -0.3    -0.1     0.7     2.3
94077 20230302  2.622 -103.74   42.42     6.8    -6.3     0.2    -0.5     0.2    17.00 C    10.3    -6.0     0.7    83.5    29.7    61.8 -99.000 -99.000 -99.000   0.128   0.187    -0.8    -0.3    -0.1     0.8     2.3
94077 20230303  2.622 -103.74   42.42     1.6    -4.8    -1.6    -0.9     1.9     5.23 C     5.6    -4.8    -0.7    93.8    59.7    80.5 -99.000 -99.000 -99.000   0.127   0.187    -0.5    -0.3    -0.1     0.9     2.4
94077 20230304  2.622 -103.74   42.42     3.5    -8.8    -2.6    -1.5     0.2    13.52 C     8.2    -8.0    -0.3    88.7    24.4    63.9 -99.000 -99.000 -99.000   0.127   0.187    -0.6    -0.2     0.0     1.0     2.4
94077 20230305  2.622 -103.74   42.42     8.5    -4.1     2.2     0.0     0.0    13.41 C    10.7    -4.4     0.9    85.1    42.6    69.8 -99.000 -99.000 -99.000   0.128   0.187     0.1     0.7     0.4     1.1     2.5
94077 20230306  2.622 -103.74   42.42    -3.8    -5.8    -4.8    -4.6     0.0     2.58 C    -2.3    -4.8    -3.7    92.6    75.5    82.9 -99.000 -99.000 -99.000   0.128   0.187    -0.7    -0.1     0.3     1.2     2.5
94077 20230307  2.622 -103.74   42.42    -1.1    -8.8    -4.9    -3.8     0.6     4.02 C     0.1    -8.3    -3.1    93.2    80.0    87.2 -99.000 -99.000 -99.000   0.128   0.187    -1.0    -0.4     0.0     1.2     2.6
94077 20230308  2.622 -103.74   42.42    -1.1    -7.8    -4.5    -4.0     0.0     4.02 C     0.7    -7.5    -3.3    93.7    67.5    85.6 -99.000 -99.000 -99.000   0.129   0.187    -1.4    -0.9    -0.3     1.2     2.7
94077 20230309  2.622 -103.74   42.42    -0.2    -7.1    -3.7    -4.2     1.8    14.77 C     4.0    -5.9    -2.6    92.3    64.5    84.6 -99.000 -99.000 -99.000   0.129   0.186    -1.6    -1.1    -0.6     1.1     2.7
94077 20230310  2.622 -103.74   42.42     5.1    -6.3    -0.6    -0.2     0.0    10.28 C     6.5    -5.7    -0.1    89.3    61.5    79.2 -99.000 -99.000 -99.000   0.129   0.186    -1.1    -0.7    -0.4     1.1     2.7
94077 20230311  2.622 -103.74   42.42     5.9    -6.5    -0.3     0.9     0.2    19.13 C     9.0    -6.3     1.5    81.9    30.1    55.6 -99.000 -99.000 -99.000   0.129   0.186    -0.2    -0.2    -0.2     1.1     2.7
94077 20230312  2.622 -103.74   42.42     0.4   -10.5    -5.0    -5.2     0.0    18.69 C     7.0   -10.2    -2.8    87.1    43.2    64.6 -99.000 -99.000 -99.000   0.130   0.186    -1.1    -0.3     0.0     1.2     2.7
94077 20230313  2.622 -103.74   42.42     9.9    -8.5     0.7     0.1     0.2    18.43 C    14.4    -7.8     1.6    89.7    33.9    65.5 -99.000 -99.000 -99.000   0.129   0.187    -0.1     0.5     0.2     1.2     2.7
94077 20230314  2.622 -103.74   42.42    15.9    -4.9     5.5     5.7     0.2    18.58 C    18.7    -4.6     5.8    89.7    25.5    56.4 -99.000 -99.000   0.077   0.129   0.187     2.6     2.9     1.8     1.4     2.7
94077 20230315  2.622 -103.74   42.42    16.6    -1.8     7.4     7.2     0.0    10.62 C    18.5    -1.7     7.1    88.4    27.9    54.6   0.150   0.126   0.080   0.130   0.187     4.1     4.5     3.5     1.9     2.7
94077 20230316  2.622 -103.74   42.42     2.1    -7.9    -2.9    -2.9     0.5    14.81 C     9.1    -8.2    -1.1    82.2    40.1    67.3   0.142   0.122   0.081   0.130   0.189     1.7     3.0     3.2     2.5     2.8
94077 20230317  2.622 -103.74   42.42     0.9    -9.4    -4.3    -5.0     0.2    15.85 C     6.3   -10.1    -4.0    84.6    28.1    60.8 -99.000 -99.000   0.079   0.130   0.189    -0.5     0.7     1.5     2.6     2.9
94077 20230318  2.622 -103.74   42.42     3.2   -11.6    -4.2    -4.5     0.0    20.73 C    11.9   -12.7    -2.0    85.3    17.2    52.6 -99.000 -99.000   0.077   0.131   0.188    -1.1     0.1     0.6     2.3     3.0
94077 20230319  2.622 -103.74   42.42    12.2   -10.9     0.7     1.2     0.0    20.78 C    19.5   -11.7     2.5    82.8    10.9    40.3 -99.000 -99.000   0.077   0.132   0.187     0.4     1.3     1.0     2.0     3.1
94077 20230320  2.622 -103.74   42.42     9.8    -8.5     0.6     1.2     0.2    12.65 C    17.5    -8.8     2.7    88.6    27.3    56.8 -99.000 -99.000   0.081   0.131   0.187     1.6     2.1     1.8     2.1     3.1
94077 20230321  2.622 -103.74   42.42    10.7    -5.2     2.8     2.7     0.0    19.42 C    18.2    -5.5     4.3    84.0    16.6    53.3 -99.000   0.119   0.083   0.131   0.186     3.8     4.3     3.4     2.4     3.1
94077 20230322  2.622 -103.74   42.42     2.9    -4.1    -0.6    -1.6     2.0     6.49 C     9.6    -4.0    -0.3    92.1    51.1    76.6   0.124   0.117   0.083   0.132   0.187     2.0     2.8     3.1     2.8     3.2
94077 20230323  2.622 -103.74   42.42    10.3    -6.3     2.0     0.0     0.2    16.30 C    16.9    -7.2     2.0    93.7    33.9    76.7   0.127   0.117   0.084   0.132   0.189     3.9     4.1     3.4     2.9     3.3
94077 20230324  2.622 -103.74   42.42    11.6    -8.0     1.8     1.9     0.3    19.97 C    22.5    -8.8     3.8    93.2    20.8    59.6 -99.000   0.117   0.086   0.133   0.188     4.0     4.6     4.0     3.1     3.4
94077 20230325  2.622 -103.74   42.42     1.9    -4.3    -1.2    -1.5     3.3     6.02 C     5.1    -4.2    -1.1    90.7    40.4    74.4   0.124   0.115   0.085   0.134   0.189     1.3     2.4     3.2     3.4     3.5
94077 20230326  2.622 -103.74   42.42     4.4    -7.1    -1.4    -2.2     0.0    15.93 C    13.1    -7.4    -0.2    94.1    30.4    77.0   0.134   0.115   0.085   0.134   0.190     2.5     2.9     2.7     3.2     3.6
94077 20230327  2.622 -103.74   42.42     0.0    -9.4    -4.7    -3.4     0.0     8.33 C     3.1    -9.2    -2.4    93.4    53.8    75.3 -99.000   0.111   0.084   0.134   0.189     0.4     1.2     2.0     3.2     3.7
94077 20230328  2.622 -103.74   42.42     9.4   -13.3    -2.0    -1.0     0.0    17.55 C    16.9   -13.1     0.5    92.6    13.3    54.4 -99.000 -99.000   0.084   0.133   0.189     1.4     1.8     1.8     2.9     3.7
94077 20230329  2.622 -103.74   42.42     2.1    -7.5    -2.7    -4.0     0.0     9.27 C     7.0    -6.6    -2.4    94.3    53.1    80.2 -99.000   0.107   0.085   0.133   0.190     0.6     1.2     1.8     2.8     3.7
94077 20230330  2.622 -103.74   42.42    18.0    -5.9     6.1     4.4     4.1    17.79 C    30.6    -6.3     7.0    91.7    15.8    65.1 -99.000 -99.000   0.086   0.133   0.190     4.4     4.2     3.0     2.8     3.7
94077 20230331  2.622 -103.74   42.42     1.2    -4.7    -1.8    -1.2     2.8    10.40 C     4.6    -4.6    -0.4    95.9    75.0    85.4   0.162   0.125   0.088   0.134   0.190     2.4     3.3     3.9     3.3     3.7
94077 20230401  2.622 -103.74   42.42    15.5    -6.1     4.7     5.4     0.0    18.38 C    19.3    -6.0     5.3    89.3    21.9    49.0 -99.000   0.120   0.087   0.134   0.190     2.8     3.1     2.9     3.3     3.8
94077 20230402  2.622 -103.74   42.42    14.7     0.4     7.5     6.5     0.0    22.01 C    21.6    -0.9     7.7    73.0    21.6    43.5   0.147   0.128   0.090   0.133   0.191     5.5     5.7     4.7     3.4     3.8
94077 20230403  2.622 -103.74   42.42     2.4    -3.7    -0.7    -1.8    14.7     8.21 C     2.3    -3.8    -1.4    94.0    42.0    87.1   0.147   0.125   0.090   0.134   0.190     2.0     3.2     4.1     3.9     3.9
94077 20230404  2.622 -103.74   42.42    -3.7    -9.0    -6.4    -6.0     6.9    17.36 C    -0.6    -9.7    -4.8    92.1    73.8    82.8   0.152   0.127   0.088   0.135   0.191     0.8     1.3     2.1     3.7     4.0
94077 20230405  2.622 -103.74   42.42    -2.6   -14.3    -8.5    -7.3     0.0    23.41 C     2.9   -13.2    -5.3    88.4    60.2    74.0 -99.000   0.113   0.088   0.134   0.190     0.5     1.0     1.5     3.2     4.0
94077 20230406  2.622 -103.74   42.42     3.7   -16.0    -6.1    -4.3     0.0    24.63 C    10.9   -15.1    -2.0    89.5    42.6    67.7 -99.000 -99.000   0.088   0.134   0.190     1.1     1.5     1.7     3.0     4.0
94077 20230407  2.622 -103.74   42.42    13.7   -10.3     1.7     0.9     0.0    24.60 C    22.8    -9.3     4.4    91.0    25.7    66.5 -99.000   0.124   0.091   0.134   0.189     4.1     4.1     3.1     2.9     4.0
94077 20230408  2.622 -103.74   42.42    17.7    -4.0     6.8     6.4     0.3    18.86 C    22.8    -3.9     7.6    90.8    22.5    59.6   0.146   0.134   0.095   0.134   0.190     6.3     6.0     5.1     3.4     4.0
94077 20230409  2.622 -103.74   42.42    15.8    -2.8     6.5     6.6     0.3    23.26 C    23.9    -2.9     8.6    90.0    28.5    60.4   0.142   0.135   0.098   0.136   0.190     8.3     7.9     6.8     4.0     4.0
94077 20230410  2.622 -103.74   42.42    22.7    -3.4     9.7     9.6     0.3    23.96 C    30.8    -3.5    12.2    91.8    20.4    60.0   0.140   0.134   0.101   0.137   0.191    10.4     9.8     8.3     4.7     4.1
94077 20230411  2.622 -103.74   42.42    28.1     0.6    14.3    14.1     0.2    24.95 C    34.3     0.0    15.5    91.3     9.2    49.0   0.138   0.134   0.104   0.138   0.191    12.7    12.3    10.6     5.7     4.3
94077 20230412  2.622 -103.74   42.42    28.3     0.5    14.4    14.8     0.3    18.48 C    37.9     0.0    16.5    89.9    11.5    48.5   0.135   0.130   0.106   0.140   0.190    13.4    13.2    11.8     6.7     4.6
94077 20230413  2.622 -103.74   42.42    25.0     5.1    15.1    14.6     0.0    14.21 C    31.7     4.9    16.0    88.5    10.3    51.0   0.131   0.127   0.108   0.142   0.192    14.4    14.1    12.8     7.6     4.9
94077 20230414  2.622 -103.74   42.42     6.8    -1.3     2.8     2.2     2.7     6.02 C     7.2    -1.4     3.3    91.1    66.2    79.6   0.123   0.120   0.106   0.142   0.193     8.4     9.8    10.7     8.2     5.3
94077 20230415  2.622 -103.74   42.42     8.7    -4.2     2.3     2.0     0.2    16.75 C    16.9    -4.7     3.5    87.6    30.5    62.7   0.122   0.115   0.102   0.142   0.193     6.0     6.8     7.3     7.6     5.6
94077 20230416  2.622 -103.74   42.42    14.8    -6.9     4.0     5.0     0.3    25.51 C    27.4    -7.2     9.0    89.7    18.4    51.6   0.123   0.115   0.102   0.141   0.193     8.4     8.2     7.5     6.9     5.8
94077 20230417  2.622 -103.74   42.42    22.6    -3.5     9.6    10.9     0.3    22.72 C    34.1    -3.7    13.3    89.4    11.7    44.3   0.124   0.115   0.106   0.141   0.192    11.6    11.3    10.0     7.1     5.9
94077 20230418  2.622 -103.74   42.42    22.0     0.8    11.4    10.4     0.4     9.65 C    31.1     0.1    10.9    80.8    15.6    49.9   0.119   0.110   0.106   0.143   0.193    10.5    10.8    10.4     7.7     6.0
94077 20230419  2.622 -103.74   42.42    11.9    -1.3     5.3     5.3     0.0    12.70 C    21.0    -2.5     6.6    73.6    14.1    40.1   0.111   0.104   0.104   0.143   0.193     8.4     9.1     9.4     7.8     6.1
94077 20230420  2.622 -103.74   42.42     6.9    -5.8     0.5     0.6     1.6    13.91 C    16.8    -6.7     1.5    89.4    37.8    65.2   0.096   0.099   0.101   0.143   0.193     4.8     6.1     7.1     7.6     6.3
94077 20230421  2.622 -103.74   42.42     7.5    -5.9     0.8    -0.2     0.0    22.76 C    16.7    -6.8     2.0    78.9    30.6    56.3   0.090   0.097   0.100   0.142   0.196     4.5     5.3     5.7     6.9     6.3
94077 20230422  2.622 -103.74   42.42     6.5    -7.9    -0.7    -1.0     0.0    19.67 C    17.2    -8.8     1.8    84.5    27.5    53.6   0.091   0.096   0.100   0.141   0.197     5.0     5.6     5.8     6.4     6.3
94077 20230423  2.622 -103.74   42.42    12.9    -9.3     1.8     2.7     0.0    23.85 C    28.2    -9.7     6.9    85.5    20.4    49.6   0.093   0.096   0.100   0.141   0.196     7.5     7.2     6.5     6.3     6.3
94077 20230424  2.622 -103.74   42.42    19.1    -4.3     7.4     9.0     0.0    25.70 C    31.3    -4.9    13.2    81.9    16.7    42.4   0.099   0.096   0.103   0.142   0.193    11.4    10.7     9.1     6.6     6.2
94077 20230425  2.622 -103.74   42.42    13.8     0.9     7.3     7.5     0.0    11.35 C    22.4     0.3     9.0    91.8    42.3    69.9   0.094   0.094   0.105   0.143   0.194    10.8    11.0    10.5     7.4     6.3
94077 20230426  2.622 -103.74   42.42    17.9    -1.3     8.3     9.7     0.2    21.01 C    32.0    -2.2    13.0    99.1    26.5    61.8   0.089   0.093   0.104   0.143   0.196    12.5    12.0    10.7     7.8     6.4
94077 20230427  2.622 -103.74   42.42    17.3     1.7     9.5     8.0     1.7    14.94 C    28.4     0.9     9.4    90.2    26.2    66.2   0.077   0.090   0.104   0.143   0.194    10.9    11.5    11.2     8.3     6.5
94077 20230428  2.622 -103.74   42.42    14.5     0.1     7.3     6.9     0.0    16.27 C    21.6    -0.6     8.2    87.5    23.4    54.6   0.064   0.087   0.101   0.144   0.195     9.0     9.4     9.5     8.4     6.7
94077 20230429  2.622 -103.74   42.42    20.4     0.1    10.2    11.1     0.0    22.11 C    29.2    -0.7    12.9    76.0    19.5    40.9   0.066   0.087   0.101   0.144   0.196    11.3    11.0    10.0     8.3     6.9
94077 20230430  2.622 -103.74   42.42    16.9    -3.7     6.6     6.9     0.0    26.97 C    32.9    -4.5    12.1    85.0    18.4    47.7   0.062   0.087   0.101   0.144   0.197    12.7    12.7    11.3     8.5     7.0
94077 20230501  2.622 -103.74   42.42    19.5    -3.6     7.9     9.0     0.0    27.65 C    34.6    -4.1    13.8    83.8    16.5    41.0   0.052   0.087   0.102   0.145   0.195    14.4    14.1    12.5     9.0     7.2
94077 20230502  2.622 -103.74   42.42    20.7    -3.9     8.4    10.8     0.0    27.01 C    31.2    -3.8    14.2    82.2    21.9    41.2   0.053   0.086   0.102   0.147   0.194    15.0    14.5    13.2     9.5     7.3
94077 20230503  2.622 -103.74   42.42    27.8     4.3    16.0    15.7     0.0    21.50 C    42.5     4.2    18.7    86.7    15.7    42.5   0.048   0.086   0.102   0.147   0.196    16.9    16.4    14.5    10.0     7.5
94077 20230504  2.622 -103.74   42.42    25.5     1.1    13.3    13.7     0.8    18.91 C    37.5     1.2    16.0    93.0    20.5    58.2   0.043   0.085   0.101   0.148   0.197    15.8    16.0    14.8    10.6     7.7
94077 20230505  2.622 -103.74   42.42    23.4     5.0    14.2    12.4     4.8    17.91 C    39.1     5.0    15.1    94.2    30.1    72.0   0.047   0.084   0.099   0.150   0.198    15.2    15.5    14.6    11.0     8.0
94077 20230506  2.622 -103.74   42.42    20.8     2.6    11.7    11.7     0.2    24.31 C    27.8     2.7    13.5    98.4    15.8    56.7   0.079   0.082   0.097   0.150   0.197    14.3    14.1    13.5    11.0     8.2
94077 20230507  2.622 -103.74   42.42    18.3     1.5     9.9    11.4     0.0    17.42 C    26.7     1.0    13.2    91.7    24.2    55.6   0.079   0.082   0.096   0.149   0.199    13.8    13.7    13.2    11.0     8.4
94077 20230508  2.622 -103.74   42.42    23.0    -1.0    11.0    13.5     0.8    27.13 C    32.6    -1.1    16.4    92.0    14.1    47.1   0.078   0.083   0.097   0.149   0.199    15.8    15.2    13.7    10.9     8.6
94077 20230509  2.622 -103.74   42.42    23.5     4.8    14.1    14.4     0.9    21.56 C    36.2     4.6    16.4    94.6    29.5    61.9   0.073   0.083   0.098   0.149   0.197    16.4    16.2    15.0    11.2     8.7
94077 20230510  2.622 -103.74   42.42    23.2    10.6    16.9    16.2    18.3    23.47 C    32.9    10.0    18.2    86.9    34.1    60.3   0.090   0.091   0.098   0.150   0.198    17.7    16.8    15.3    11.5     8.9
94077 20230511  2.622 -103.74   42.42    16.6    11.1    13.9    12.6    15.3     8.59 C    23.0    10.8    13.1    92.7    65.6    86.4   0.195   0.160   0.118   0.151   0.199    14.4    14.7    14.6    11.8     9.0
94077 20230512  2.622 -103.74   42.42    12.5     9.7    11.1    10.8    25.1     8.17 C    14.0     9.4    10.9    93.3    76.8    86.3   0.228   0.224   0.208   0.151   0.199    11.7    12.3    12.7    11.7     9.2
94077 20230513  2.622 -103.74   42.42    15.0     8.7    11.9    11.4     0.8    11.95 C    17.5     8.2    11.9    94.3    68.1    82.0   0.193   0.195   0.198   0.180   0.200    11.9    11.9    11.8    11.3     9.3
94077 20230514  2.622 -103.74   42.42    10.7     9.2    10.0     9.9    10.9     2.91 C    10.9     9.2    10.0    94.9    90.4    92.5   0.201   0.198   0.198   0.200   0.200    10.9    11.3    11.6    11.1     9.4
94077 20230515  2.622 -103.74   42.42    18.4     4.1    11.2    12.2     0.0    26.71 C    25.4     4.3    14.6    97.5    42.6    69.9   0.194   0.194   0.199   0.208   0.199    14.6    13.8    12.5    10.8     9.4
94077 20230516  2.622 -103.74   42.42    23.4     5.5    14.5    15.3     0.0    26.17 C    31.0     5.3    17.5    93.4    40.3    65.5   0.175   0.178   0.184   0.218   0.199    16.2    15.8    14.4    11.3     9.4
94077 20230517  2.622 -103.74   42.42    23.7     6.7    15.2    14.4     8.9    18.16 C    31.4     6.3    15.5    94.0    38.0    73.4   0.183   0.176   0.178   0.237   0.201    15.3    15.4    14.9    12.1     9.6
94077 20230518  2.622 -103.74   42.42    16.8     7.6    12.2    12.3     2.7    10.91 C    20.8     6.8    13.0    94.0    38.8    70.5   0.193   0.184   0.182   0.245   0.200    13.5    14.0    13.9    12.3     9.8
94077 20230519  2.622 -103.74   42.42    16.5     1.9     9.2     9.7     0.0    27.28 C    25.4     1.5    12.7    93.0    35.7    67.3   0.176   0.175   0.177   0.246   0.199    13.8    13.9    13.4    12.1    10.0
94077 20230520  2.622 -103.74   42.42    21.0     3.0    12.0    13.5     0.0    23.22 C    28.5     2.6    15.2    92.4    27.3    61.7   0.162   0.163   0.171   0.247   0.199    15.1    14.7    14.1    12.2    10.1
94077 20230521  2.622 -103.74   42.42    25.0     4.0    14.5    15.2     0.2    23.21 C    33.0     3.8    17.7    92.7    23.8    62.9   0.152   0.154   0.165   0.248   0.202    16.8    16.3    15.2    12.5    10.2
94077 20230522  2.622 -103.74   42.42    24.9     5.8    15.3    16.7     0.2    24.10 C    32.6     5.8    19.3    93.9    27.1    61.8   0.143   0.146   0.160   0.247   0.201    18.7    17.9    16.5    13.0    10.3
94077 20230523  2.622 -103.74   42.42    25.5    10.1    17.8    18.3     0.0    24.49 C    34.0     9.7    21.0    90.5    33.6    62.5   0.132   0.136   0.156   0.248   0.202    20.4    19.5    17.9    13.7    10.6
94077 20230524  2.622 -103.74   42.42    23.8     8.9    16.3    17.4     0.0    22.08 C    30.1     8.6    19.2    94.7    46.9    70.1   0.120   0.125   0.149   0.248   0.201    19.9    19.3    18.2    14.4    10.9
94077 20230525  2.622 -103.74   42.42    24.5    10.7    17.6    17.6     0.0    25.17 C    32.7    10.1    20.2    93.7    39.9    67.7   0.111   0.116   0.142   0.248   0.202    20.9    20.0    18.6    14.7    11.2
94077 20230526  2.622 -103.74   42.42    23.7    11.8    17.7    17.4     0.0    18.46 C    31.4    11.5    19.4    90.6    49.7    71.6   0.103   0.109   0.134   0.248   0.203    20.7    20.0    18.8    15.1    11.4
94077 20230527  2.622 -103.74   42.42    24.9     7.9    16.4    15.9    25.4    24.42 C    32.5     7.4    17.7    93.9    46.6    74.7   0.121   0.122   0.131   0.246   0.204    19.4    19.0    18.4    15.4    11.8
94077 20230528  2.622 -103.74   42.42    22.9     8.8    15.9    15.5     0.0    21.40 C    30.3     8.8    17.1    95.2    37.4    69.6   0.201   0.195   0.167   0.245   0.203    17.4    17.4    17.0    15.2    12.0
94077 20230529  2.622 -103.74   42.42    25.3     7.1    16.2    16.8     0.2    26.35 C    29.4     7.1    17.8    94.7    29.7    60.3   0.176   0.175   0.161   0.243   0.205    17.8    17.6    17.2    15.0    12.2
94077 20230530  2.622 -103.74   42.42    27.2     6.2    16.7    16.6     3.9    21.99 C    36.3     6.2    17.9    93.4    24.7    59.9   0.165   0.160   0.154   0.242   0.204    18.2    18.0    17.5    15.1    12.3
94077 20230531  2.622 -103.74   42.42    26.3     7.2    16.8    16.7    20.3    25.42 C    33.8     7.3    18.8    94.3    32.0    67.5   0.180   0.167   0.153   0.242   0.204    19.0    18.6    17.9    15.2    12.4
94077 20230601  2.622 -103.74   42.42    21.0     9.3    15.2    14.8     5.8    16.14 C    24.6     9.4    15.9    94.4    56.7    80.5   0.211   0.206   0.189   0.242   0.204    17.2    17.3    17.2    15.4    12.6
94077 20230602  2.622 -103.74   42.42    21.9     8.1    15.0    14.9     5.7    24.21 C    26.8     8.4    16.5    97.5    43.3    77.6   0.204   0.202   0.198   0.245   0.206    18.1    17.8    17.1    15.3    12.7
94077 20230603  2.622 -103.74   42.42    20.1     8.1    14.1    15.1     0.0    16.89 C    23.9     7.9    16.4    96.5    57.8    80.2   0.197   0.197   0.197   0.249   0.205    17.4    17.1    16.9    15.3    12.8
94077 20230604  2.622 -103.74   42.42    23.5    11.6    17.5    17.1     0.0    25.06 C    28.3    11.4    18.5    96.9    46.4    74.4   0.180   0.183   0.187   0.251   0.207    19.3    18.8    17.8    15.3    12.9
94077 20230605  2.622 -103.74   42.42    23.7     7.7    15.7    17.3     0.0    28.78 C    29.4     7.7    19.2    95.8    35.8    65.4   0.165   0.168   0.175   0.252   0.208    19.9    19.1    18.2    15.6    13.0
94077 20230606  2.622 -103.74   42.42    25.1    11.4    18.2    19.0     0.0    28.90 C    31.5    10.9    21.1    89.6    38.5    63.0   0.153   0.157   0.167   0.253   0.221    21.8    20.8    19.6    16.0    13.3
94077 20230607  2.622 -103.74   42.42    26.2    11.4    18.8    19.8     0.0    28.96 C    34.9    11.4    22.7    89.3    34.8    60.6   0.141   0.150   0.162   0.253   0.222    23.1    22.3    20.8    16.6    13.4
94077 20230608  2.622 -103.74   42.42    26.6     9.8    18.2    18.5     0.2    26.02 C    36.1     9.9    21.8    93.9    36.4    64.3   0.127   0.143   0.156   0.253   0.220    23.2    22.8    21.5    17.2    13.7
94077 20230609  2.622 -103.74   42.42    27.2     7.2    17.2    16.8     3.5    23.88 C    37.0     7.5    19.5    94.8    32.4    68.9   0.112   0.135   0.149   0.254   0.222    21.7    22.0    21.2    17.7    14.0
94077 20230610  2.622 -103.74   42.42    22.0    11.3    16.6    16.1     3.3    23.96 C    30.4    11.5    18.6    93.4    48.0    76.0   0.102   0.129   0.142   0.253   0.224    20.8    21.0    20.4    17.7    14.2
94077 20230611  2.622 -103.74   42.42    18.2    11.8    15.0    14.4     8.1    15.05 C    23.5    12.1    15.6    93.8    57.2    78.1   0.171   0.154   0.138   0.252   0.222    18.0    18.6    18.9    17.6    14.4
94077 20230612  2.622 -103.74   42.42    17.9     9.1    13.5    14.0     3.7    12.51 C    21.2     9.0    14.8    91.4    70.0    78.7   0.172   0.163   0.137   0.252   0.223    16.6    16.8    17.3    17.0    14.6
94077 20230613  2.622 -103.74   42.42    22.1     9.0    15.5    15.3     0.0    26.79 C    31.1     9.2    18.5    97.4    39.2    72.7   0.171   0.168   0.140   0.249   0.221    20.0    19.7    18.5    16.5    14.6
94077 20230614  2.622 -103.74   42.42    25.8     6.3    16.0    17.4     0.7    26.53 C    32.5     6.6    19.8    94.9    33.5    63.3   0.157   0.161   0.141   0.249   0.222    21.0    20.7    19.6    16.8    14.5
94077 20230615  2.622 -103.74   42.42    22.8    10.1    16.5    16.0     9.7    13.57 C    30.4    10.2    17.1    91.6    50.0    76.5   0.151   0.155   0.139   0.250   0.222    19.0    19.8    19.7    17.2    14.6
94077 20230616  2.622 -103.74   42.42    16.3     6.5    11.4    11.9     0.6    13.04 C    21.3     6.3    13.1    94.1    57.4    80.7   0.185   0.175   0.141   0.248   0.225    15.8    16.6    17.2    17.0    14.7
94077 20230617  2.622 -103.74   42.42    23.1     4.4    13.7    14.5     1.1    27.17 C    31.2     4.3    16.9    95.9    33.8    68.5   0.172   0.171   0.143   0.248   0.225    17.7    17.6    17.0    16.3    14.7
94077 20230618  2.622 -103.74   42.42    27.5     6.4    16.9    19.1     0.0    26.83 C    33.8     7.1    21.1    94.6    29.3    57.5   0.162   0.166   0.143   0.247   0.225    20.6    20.1    18.9    16.4    14.7
94077 20230619  2.622 -103.74   42.42    31.1    12.1    21.6    22.9     0.0    29.29 C    37.2    12.7    25.2    83.2    21.9    48.9   0.150   0.159   0.143   0.247   0.226    23.7    23.0    21.3    17.0    14.6
94077 20230620  2.622 -103.74   42.42    28.0    12.8    20.4    21.5     0.5    22.87 C    35.1    12.8    24.0    92.6    39.0    68.8   0.135   0.150   0.140   0.246   0.222    23.6    23.5    22.2    17.9    14.7
94077 20230621  2.622 -103.74   42.42    25.2    15.0    20.1    18.1     6.2    12.18 C    31.2    13.8    19.1    91.6    55.2    82.6   0.125   0.142   0.136   0.245   0.223    21.0    21.4    21.2    18.3    15.0
94077 20230622  2.622 -103.74   42.42    21.9    12.2    17.1    17.5     4.8    18.43 C    27.4    12.4    18.7    92.3    58.2    79.4   0.154   0.140   0.132   0.245   0.223    20.0    20.3    20.0    18.1    15.2
94077 20230623  2.622 -103.74   42.42    24.2    12.8    18.5    18.0    15.7    15.68 C    28.5    12.3    18.6    94.4    31.4    75.9   0.209   0.191   0.169   0.246   0.226    19.3    19.3    19.2    17.8    15.3
94077 20230624  2.622 -103.74   42.42    21.1     7.2    14.1    15.1     0.0    29.19 C    24.0     7.5    16.3    96.0    44.0    67.8   0.188   0.187   0.171   0.244   0.221    17.6    18.4    18.4    17.5    15.4
94077 20230625  2.622 -103.74   42.42    24.4     5.9    15.2    16.1     0.0    28.98 C    33.1     6.8    19.8    95.4    36.1    66.6   0.171   0.174   0.163   0.242   0.227    20.3    20.0    19.0    17.2    15.5
94077 20230626  2.622 -103.74   42.42    25.7    11.9    18.8    18.9     0.0    23.25 C    30.3    11.9    20.5    82.2    44.3    61.9   0.159   0.163   0.158   0.242   0.220    21.5    21.2    20.4    17.6    15.4
94077 20230627  2.622 -103.74   42.42    28.6    11.9    20.3    20.6     0.2    27.87 C    37.3    12.3    23.6    87.9    38.0    66.3   0.148   0.156   0.154   0.242   0.218    24.4    23.8    22.1    18.1    15.4
94077 20230628  2.622 -103.74   42.42    27.1     8.8    18.0    18.0     0.7    26.74 C    36.6     8.9    21.4    95.4    39.7    66.0   0.131   0.145   0.149   0.242   0.228    23.7    23.7    22.7    18.8    15.6
94077 20230629  2.622 -103.74   42.42    25.4     8.4    16.9    16.6     9.4    16.95 C    33.2     8.8    18.5    93.3    46.3    74.6   0.135   0.134   0.141   0.240   0.221    21.0    21.8    21.7    19.1    15.8
94077 20230630  2.622 -103.74   42.42    22.9    10.2    16.6    15.5     5.9    18.66 C    30.3    10.0    17.7    95.3    48.8    80.3   0.183   0.151   0.135   0.239   0.217    19.5    20.1    20.1    18.8    15.9
94077 20230701  2.622 -103.74   42.42    26.2     7.2    16.7    18.3     0.3    29.39 C    33.8     7.2    21.1    94.9    33.2    65.1   0.184   0.170   0.140   0.238   0.225    20.8    20.8    19.9    18.4    16.1
94077 20230702  2.622 -103.74   42.42    28.0    11.8    19.9    20.0     0.0    27.26 C    35.1    12.0    22.7    94.6    32.3    64.0   0.165   0.161   0.141   0.237   0.229    22.8    22.9    21.8    18.6    16.1
94077 20230703  2.622 -103.74   42.42    30.1     9.9    20.0    21.1     0.2    29.08 C    38.2    10.1    24.4    95.8    26.6    62.0   0.148   0.151   0.139   0.237   0.231    24.6    24.3    22.9    19.0    16.2
94077 20230704  2.622 -103.74   42.42    19.2    10.4    14.8    14.0     2.0     8.84 C    25.5    10.4    15.2    93.3    69.4    85.6   0.131   0.138   0.135   0.238   0.228    20.0    21.3    21.8    19.6    16.3
94077 20230705  2.622 -103.74   42.42    14.4    10.7    12.6    12.1     0.5     6.88 C    16.5    10.6    12.8    93.2    76.3    86.6   0.125   0.130   0.129   0.236   0.230    16.5    17.4    18.4    19.0    16.5
94077 20230706  2.622 -103.74   42.42    20.5    11.8    16.1    15.5    38.3    12.22 C    24.8    11.8    16.6    92.8    71.5    85.3   0.135   0.132   0.131   0.234   0.227    18.1    17.8    17.8    18.1    16.5
94077 20230707  2.622 -103.74   42.42    22.7    10.0    16.4    16.5     0.0    25.30 C    28.9    10.1    18.8    93.9    43.8    71.5   0.220   0.198   0.184   0.237   0.227    18.9    19.0    18.6    17.7    16.4
94077 20230708  2.622 -103.74   42.42    18.9    11.2    15.1    15.0     0.6     9.00 C    21.5    11.2    15.7    93.7    65.7    84.1   0.195   0.185   0.171   0.236   0.227    17.6    17.9    18.3    17.8    16.3
94077 20230709  2.622 -103.74   42.42    27.3     7.6    17.4    18.4     0.9    28.87 C    34.4     7.5    21.7    97.4    34.0    69.0   0.183   0.180   0.166   0.235   0.227    20.6    20.2    18.9    17.4    16.2
94077 20230710  2.622 -103.74   42.42    30.7    11.9    21.3    21.5     0.3    27.03 C    38.4    12.0    24.5    95.4    29.2    65.7   0.169   0.168   0.161   0.236   0.227    23.6    23.4    21.9    18.0    16.2
94077 20230711  2.622 -103.74   42.42    28.8    16.0    22.4    22.5     0.2    27.22 C    36.6    16.1    25.7    89.1    43.7    68.8   0.156   0.157   0.156   0.236   0.230    25.4    25.1    23.4    18.9    16.2
94077 20230712  2.622 -103.74   42.42    28.7    14.2    21.4    21.5     0.2    27.61 C    37.3    14.4    25.0    95.2    37.7    68.8   0.141   0.144   0.151   0.236   0.231    26.0    25.9    24.5    19.8    16.4
94077 20230713  2.622 -103.74   42.42    28.8    13.4    21.1    21.3     0.5    24.73 C    36.0    13.7    24.2    93.2    27.3    66.2   0.124   0.131   0.144   0.235   0.229    25.3    25.4    24.4    20.4    16.7
94077 20230714  2.622 -103.74   42.42    26.3    13.5    19.9    19.7     1.0    23.93 C    33.7    13.9    22.1    92.0    37.4    62.9   0.111   0.122   0.137   0.233   0.223    24.2    24.6    23.8    20.7    16.9
94077 20230715  2.622 -103.74   42.42    29.1    10.6    19.8    19.8     0.0    23.96 C    34.9    10.5    22.4    91.0    24.7    61.4   0.095   0.115   0.131   0.230   0.220    23.8    23.9    23.1    20.6    17.1
94077 20230716  2.622 -103.74   42.42    30.5    12.7    21.6    21.6     0.0    24.69 C    37.6    13.2    24.3    90.6    26.0    58.7   0.087   0.111   0.125   0.226   0.217    25.0    24.8    23.6    20.6    17.2
94077 20230717  2.622 -103.74   42.42    32.0    10.4    21.2    21.7     0.2    23.99 C    36.4    10.6    24.1    97.2    21.4    68.5   0.078   0.107   0.122   0.221   0.218    25.7    25.3    24.0    20.7    17.4
94077 20230718  2.622 -103.74   42.42    33.4    14.6    24.0    22.8     3.7    20.17 C    40.8    14.6    25.1    95.7    24.8    67.0   0.072   0.105   0.119   0.215   0.218    25.9    26.2    24.9    21.0    17.5
94077 20230719  2.622 -103.74   42.42    27.3    12.8    20.0    20.3     0.0    24.13 C    33.7    13.0    22.3    94.6    45.0    72.6   0.084   0.102   0.116   0.211   0.218    24.2    24.3    23.7    21.1    17.7
94077 20230720  2.622 -103.74   42.42    18.6    10.1    14.3    14.7     4.0     6.37 C    24.6     9.6    15.0    96.3    63.5    81.6   0.091   0.098   0.113   0.208   0.217    19.2    20.9    22.0    20.9    17.8
94077 20230721  2.622 -103.74   42.42    28.6     8.1    18.3    18.0     0.4    27.27 C    35.6     8.0    20.9    97.8    28.1    68.8   0.116   0.099   0.111   0.206   0.216    21.9    21.5    20.8    20.2    17.9
94077 20230722  2.622 -103.74   42.42    32.1     9.1    20.6    20.8     0.2    26.32 C    40.1     8.9    23.7    96.5    19.1    60.5   0.100   0.100   0.112   0.204   0.216    24.0    23.9    22.6    20.0    17.8
94077 20230723  2.622 -103.74   42.42    35.0    10.0    22.5    23.2     0.0    22.90 C    43.1    10.4    25.7    92.8    16.3    51.2   0.089   0.100   0.112   0.200   0.218    24.9    24.9    23.6    20.3    17.8
94077 20230724  2.622 -103.74   42.42    35.7    11.2    23.5    24.4     0.2    23.19 C    45.5    11.6    27.3    88.0    17.2    50.0   0.081   0.099   0.111   0.196   0.219    26.2    25.7    24.2    20.7    17.8
94077 20230725  2.622 -103.74   42.42    34.9    13.2    24.0    24.4     0.0    25.85 C    39.9    13.8    26.7    92.2    20.0    55.3   0.071   0.098   0.111   0.190   0.219    26.9    26.7    25.1    21.0    17.9
94077 20230726  2.622 -103.74   42.42    35.6    10.5    23.0    23.8     0.3    25.21 C    43.2    10.8    26.1    93.3    11.0    49.1   0.062   0.096   0.109   0.188   0.218    26.5    26.4    25.0    21.3    18.0
94077 20230727  2.622 -103.74   42.42    35.8    12.4    24.1    22.0     1.8    20.90 C    44.3    12.4    24.0    88.6    11.7    56.3   0.056   0.095   0.108   0.184   0.219    25.2    25.9    25.1    21.5    18.1
94077 20230728  2.622 -103.74   42.42    32.2    14.9    23.5    23.1     2.6    23.22 C    40.3    15.3    25.3    86.0    28.0    57.1   0.069   0.094   0.106   0.181   0.218    25.4    25.1    24.1    21.5    18.2
94077 20230729  2.622 -103.74   42.42    29.7    15.4    22.5    22.9     0.0    24.71 C    34.7    15.5    24.8    92.9    37.6    64.3   0.078   0.094   0.106   0.177   0.219    26.3    25.7    24.6    21.4    18.3
94077 20230730  2.622 -103.74   42.42    34.1    17.0    25.5    24.4     0.0    22.20 C    43.0    17.0    27.2    91.6    28.5    62.9   0.079   0.095   0.107   0.176   0.218    28.2    27.6    25.7    21.6    18.4
94077 20230731  2.622 -103.74   42.42    31.5    15.8    23.6    23.6     3.3    24.00 C    39.1    16.2    26.2    90.0    38.1    62.4   0.068   0.094   0.107   0.174   0.218    28.3    27.9    26.3    21.9    18.5
94077 20230801  2.622 -103.74   42.42    30.6    16.9    23.8    22.7     0.3    23.03 C    37.9    17.0    24.8    92.6    35.3    68.5   0.071   0.094   0.106   0.173   0.220    27.1    27.3    26.2    22.2    18.6
94077 20230802  2.622 -103.74   42.42    30.8    15.7    23.2    22.1     0.0    18.37 C    38.1    16.0    24.2    94.8    39.9    69.1   0.076   0.092   0.105   0.173   0.219    25.9    26.4    25.7    22.3    18.7
94077 20230803  2.622 -103.74   42.42    28.4    13.3    20.9    20.8     3.6    18.72 C    36.4    13.7    23.3    95.0    39.1    70.7   0.074   0.092   0.104   0.172   0.219    25.7    25.7    24.9    22.2    18.8
94077 20230804  2.622 -103.74   42.42    28.9    10.7    19.8    19.9     0.0    23.34 C    34.9    10.9    22.1    95.5    35.5    68.1   0.077   0.091   0.103   0.171   0.220    23.7    24.4    24.2    22.0    18.9
94077 20230805  2.622 -103.74   42.42    25.3    12.1    18.7    17.3     0.2    21.02 C    31.3    12.0    19.1    93.4    43.0    71.8   0.076   0.089   0.102   0.170   0.219    22.3    23.2    23.2    21.7    18.9
94077 20230806  2.622 -103.74   42.42    24.7     8.5    16.6    16.8     0.6    21.26 C    34.5     8.4    19.7    95.5    32.8    67.3   0.074   0.089   0.101   0.169   0.219    22.3    22.8    22.5    21.3    18.9
94077 20230807  2.622 -103.74   42.42    24.0    10.7    17.4    15.8    12.5    17.80 C    31.1    10.9    17.8    95.9    40.6    76.3   0.151   0.090   0.101   0.168   0.218    20.3    21.6    22.0    21.0    18.8
94077 20230808  2.622 -103.74   42.42    26.1    11.0    18.6    17.6     0.7    17.70 C    33.7    11.5    19.8    97.8    37.6    73.2   0.158   0.103   0.100   0.168   0.217    21.0    21.3    21.2    20.6    18.8
94077 20230809  2.622 -103.74   42.42    27.1     9.1    18.1    18.9     0.0    24.74 C    35.1     9.0    22.2    94.6    30.1    61.8   0.142   0.109   0.100   0.168   0.216    21.6    21.9    21.4    20.3    18.7
94077 20230810  2.622 -103.74   42.42    30.3    10.9    20.6    21.0     0.0    21.39 C    38.5    11.3    23.0    89.0    22.9    52.8   0.122   0.109   0.102   0.168   0.216    22.9    23.3    22.5    20.4    18.6
94077 20230811  2.622 -103.74   42.42    30.7     8.5    19.6    20.2     0.0    25.77 C    40.5     8.6    23.8    95.1    25.6    59.3   0.094   0.105   0.103   0.170   0.217    23.9    24.0    22.9    20.5    18.5
94077 20230812  2.622 -103.74   42.42    31.6    10.8    21.2    22.1     0.0    24.62 C    41.0    11.4    26.5    89.5    23.6    57.5   0.083   0.102   0.104   0.169   0.219    25.5    25.5    24.0    20.8    18.5
94077 20230813  2.622 -103.74   42.42    22.4     6.8    14.6    15.8     0.0    11.50 C    28.3     7.0    17.0    89.2    29.2    60.9   0.069   0.094   0.103   0.168   0.219    21.0    22.5    23.1    21.1    18.5
94077 20230814  2.622 -103.74   42.42    26.1     4.6    15.3    16.2     0.6    25.98 C    35.2     4.8    19.5    91.9    22.5    54.3   0.064   0.091   0.100   0.168   0.219    21.4    21.7    21.3    20.6    18.6
94077 20230815  2.622 -103.74   42.42    33.9     3.1    18.5    21.1     0.0    26.02 C    42.2     3.2    24.6    94.0    10.2    44.0   0.060   0.091   0.101   0.167   0.219    23.6    23.5    22.3    20.4    18.6
94077 20230816  2.622 -103.74   42.42    37.0     8.2    22.6    23.2     0.5    24.23 C    44.0     8.8    25.8    86.5    12.9    45.5   0.055   0.091   0.102   0.166   0.218    25.0    24.9    23.6    20.6    18.5
94077 20230817  2.622 -103.74   42.42    30.8     8.9    19.9    21.1     0.0    22.93 C    36.9     9.3    23.6    93.4    32.1    58.6   0.051   0.090   0.101   0.165   0.218    25.4    25.1    24.0    20.9    18.5
94077 20230818  2.622 -103.74   42.42    36.8    15.5    26.1    26.6     0.5    21.98 C    41.9    15.7    28.0    79.2    17.8    43.5   0.051   0.090   0.102   0.164   0.217    27.0    26.3    24.8    21.2    18.6
94077 20230819  2.622 -103.74   42.42    33.4    14.9    24.1    24.5     0.0    23.83 C    42.4    14.8    27.2    77.9    21.8    46.3   0.049   0.089   0.102   0.164   0.217    26.6    26.4    25.1    21.5    18.6
94077 20230820  2.622 -103.74   42.42    29.5    14.8    22.2    22.1     0.0    19.14 C    35.5    15.6    24.0    92.6    41.9    71.2   0.048   0.089   0.101   0.163   0.218    26.9    26.5    25.3    21.7    18.7
94077 20230821  2.622 -103.74   42.42    37.6    13.8    25.7    25.9     0.0    24.44 C    48.2    14.2    29.2    86.3    12.1    36.8   0.048   0.088   0.101   0.162   0.218    27.2    26.7    25.3    21.8    18.8
94077 20230822  2.622 -103.74   42.42    38.4    10.4    24.4    26.6     0.0    22.35 C    46.7    11.4    29.2    83.4    12.8    36.7   0.046   0.088   0.101   0.161   0.218    27.8    27.4    26.0    22.1    18.9
94077 20230823  2.622 -103.74   42.42    35.6    10.4    23.0    24.2     0.0    21.87 C    42.4    10.8    27.0    92.1    15.9    48.6   0.045   0.087   0.101   0.162   0.217    27.6    27.3    26.0    22.3    18.9
94077 20230824  2.622 -103.74   42.42    33.8    16.9    25.4    25.4     0.6    15.11 C    44.3    17.8    27.9    74.5    20.9    47.1   0.045   0.086   0.100   0.160   0.217    28.2    27.7    26.3    22.5    19.1
94077 20230825  2.622 -103.74   42.42 -9999.0 -9999.0 -9999.0 -9999.0 -9999.0 -9999.00 U -9999.0 -9999.0 -9999.0 -9999.0 -9999.0 -9999.0 -99.000 -99.000 -99.000 -99.000 -99.000 -9999.0 -9999.0 -9999.0 -9999.0 -9999.0
94077 20230826  2.622 -103.74   42.42    26.0     5.6    15.8    17.9     0.0    23.38 C    36.3     5.8    21.1    95.8    30.7    56.9   0.044   0.080   0.096   0.159   0.218    22.6    22.8    22.7    22.0    19.3
94077 20230827  2.622 -103.74   42.42    30.9     7.5    19.2    20.3     0.5    20.45 C    40.7     8.2    23.4    88.9    25.8    55.0   0.043   0.081   0.096   0.158   0.220    23.8    24.0    23.2    21.6    19.3
94077 20230828  2.622 -103.74   42.42    28.4     7.7    18.1    19.1     0.3    17.23 C    40.0     7.9    21.8    92.7    20.5    63.4   0.043   0.080   0.096   0.157   0.218    23.3    23.9    23.4    21.5    19.3
94077 20230829  2.622 -103.74   42.42    30.3     4.8    17.5    18.5     0.0    22.97 C    43.1     4.7    22.4    96.5    19.3    54.2   0.043   0.080   0.096   0.157   0.219    23.2    23.5    22.9    21.3    19.2
94077 20230830  2.622 -103.74   42.42    35.7    10.8    23.2    24.1     0.0    21.85 C    43.2    11.7    26.1    74.6    12.5    37.9   0.042   0.080   0.096   0.156   0.216    24.9    24.7    23.6    21.3    19.1
94077 20230831  2.622 -103.74   42.42    34.9     3.1    19.0    21.5     0.0    24.07 C    40.7     3.5    23.7    87.6     6.8    38.4   0.039   0.080   0.096   0.155   0.217    24.0    24.4    23.7    21.3    19.1
94077 20230901  2.622 -103.74   42.42    36.0     7.8    21.9    22.7     0.0    21.69 C    45.3     8.2    25.8    85.2    12.5    43.5   0.039   0.080   0.096   0.154   0.216    25.5    25.3    24.0    21.4    19.1
94077 20230902  2.622 -103.74   42.42    35.8    13.2    24.5    26.3     0.0    21.64 C    44.6    14.2    29.1    77.7    16.4    36.3   0.041   0.080   0.097   0.154   0.215    27.5    26.7    25.0    21.6    19.1
94077 20230903  2.622 -103.74   42.42    33.6    10.4    22.0    22.5     0.0    19.76 C    44.2    10.8    25.3    88.9    20.7    53.3   0.039   0.079   0.097   0.154   0.216    26.8    26.8    25.6    21.9    19.1
94077 20230904  2.622 -103.74   42.42    30.6     9.0    19.8    18.3     2.9    10.87 C    43.7     9.5    19.8    92.7    26.2    63.8   0.037   0.076   0.096   0.154   0.215    22.7    24.3    24.5    22.1    19.2
94077 20230905  2.622 -103.74   42.42    21.3     3.9    12.6    14.0     0.0    16.77 C    27.6     4.7    15.4    91.1    27.3    61.8   0.042   0.071   0.092   0.154   0.217    18.3    20.2    21.4    21.6    19.3
94077 20230906  2.622 -103.74   42.42    29.3     4.7    17.0    17.0     0.0    21.27 C    38.2     4.5    19.5    91.3    17.5    54.9   0.051   0.071   0.091   0.153   0.217    19.6    20.2    20.2    20.8    19.3
94077 20230907  2.622 -103.74   42.42    30.8     5.9    18.3    19.0     0.0    21.72 C    36.6     6.5    20.9    91.0    14.2    49.7   0.053   0.074   0.092   0.152   0.216    20.9    21.7    21.2    20.4    19.1
94077 20230908  2.622 -103.74   42.42    30.8     3.3    17.0    19.1     0.0    22.21 C    38.5     3.5    21.7    92.9    17.7    49.7   0.048   0.074   0.092   0.152   0.214    21.8    22.0    21.4    20.3    18.9
94077 20230909  2.622 -103.74   42.42    25.9     8.1    17.0    18.2     2.8    19.43 C    35.7     8.7    21.1    92.2    36.4    63.9   0.043   0.076   0.093   0.151   0.215    22.9    23.3    22.3    20.3    18.9
94077 20230910  2.622 -103.74   42.42    19.6    10.6    15.1    14.6    22.5    11.24 C    26.0    10.7    15.8    94.0    50.9    81.1   0.133   0.102   0.092   0.152   0.215    18.8    20.4    21.3    20.5    18.8
94077 20230911  2.622 -103.74   42.42    20.5     6.7    13.6    13.7     0.6    19.11 C    27.6     7.2    16.3    96.2    34.5    71.2   0.191   0.165   0.120   0.151   0.215    17.6    18.3    19.1    19.9    18.8
94077 20230912  2.622 -103.74   42.42    24.0     6.1    15.0    15.8     0.0    21.52 C    29.5     5.8    17.5    94.9    29.8    62.6   0.173   0.162   0.119   0.150   0.215    17.3    17.9    18.4    19.3    18.7
94077 20230913  2.622 -103.74   42.42    25.5     5.2    15.3    17.5     0.0    20.57 C    31.0     5.6    19.2    94.5    30.1    58.7   0.162   0.154   0.117   0.150   0.215    17.9    18.6    18.6    18.9    18.6
94077 20230914  2.622 -103.74   42.42    16.0     9.3    12.7    13.3     6.9     3.61 C    17.1    10.1    13.3    92.9    72.1    85.6   0.169   0.153   0.116   0.150   0.215    15.9    16.9    17.9    18.8    18.4
94077 20230915  2.622 -103.74   42.42    22.8     4.1    13.4    13.5     0.0    20.69 C    31.0     4.7    15.8    95.2    25.4    64.1   0.179   0.163   0.120   0.150   0.212    15.8    16.5    16.7    18.2    18.2
94077 20230916  2.622 -103.74   42.42    26.2     1.9    14.1    13.8     0.0    21.21 C    33.2     1.9    16.0    95.7    20.0    62.2   0.166   0.155   0.121   0.150   0.213    15.7    16.6    16.8    17.8    18.1
94077 20230917  2.622 -103.74   42.42    29.3     3.5    16.4    16.6     0.0    21.30 C    34.4     4.0    18.2    91.2    12.1    51.6   0.156   0.147   0.121   0.150   0.210    16.6    17.5    17.5    17.7    17.9
94077 20230918  2.622 -103.74   42.42    29.2     3.3    16.2    16.1     0.0    20.18 C    36.4     3.8    18.2    88.9    11.7    52.3   0.143   0.139   0.121   0.150   0.213    17.1    18.1    18.0    17.8    17.7
94077 20230919  2.622 -103.74   42.42    28.3     5.1    16.7    18.1     0.0    18.23 C    35.5     5.7    19.6    83.6    17.4    45.6   0.131   0.129   0.120   0.150   0.215    17.8    18.5    18.3    17.8    17.6
94077 20230920  2.622 -103.74   42.42    27.0     6.0    16.5    17.3     0.0    18.14 C    33.7     6.4    19.0    90.5    16.6    49.9   0.120   0.122   0.120   0.150   0.212    18.5    19.3    19.0    18.0    17.5
94077 20230921  2.622 -103.74   42.42    25.3     8.4    16.9    15.9     0.0    12.80 C    30.6     8.4    17.0    91.7    28.0    68.6   0.112   0.114   0.117   0.152   0.211    17.9    18.5    18.6    18.1    17.5
94077 20230922  2.622 -103.74   42.42    19.4     9.8    14.6    13.7    19.4    11.31 C    22.5     9.6    14.3    96.0    61.7    84.0   0.149   0.111   0.115   0.151   0.212    16.5    17.3    17.9    18.0    17.4
94077 20230923  2.622 -103.74   42.42    18.7     3.3    11.0    11.1     0.2    16.63 C    21.0     3.5    11.5    91.9    38.8    66.1   0.200   0.161   0.148   0.150   0.212    12.9    14.1    15.4    17.5    17.4
94077 20230924  2.622 -103.74   42.42    22.2     2.2    12.2    11.7     0.0    19.56 C    25.8     2.4    12.9    94.5    24.4    67.0   0.180   0.159   0.150   0.149   0.212    12.7    13.6    14.2    16.7    17.2
94077 20230925  2.622 -103.74   42.42    24.7    -0.9    11.9    11.7     0.0    19.57 C    32.8    -0.9    14.1    96.3    25.3    67.1   0.169   0.153   0.145   0.149   0.211    13.2    14.0    14.3    16.1    17.1
94077 20230926  2.622 -103.74   42.42    24.8     0.4    12.6    14.0     0.0    19.28 C    31.4     0.5    15.9    96.8    31.8    66.4   0.160   0.147   0.142   0.149   0.212    14.3    15.1    15.1    16.0    16.9
94077 20230927  2.622 -103.74   42.42    29.3     4.0    16.6    17.5     0.2    19.14 C    35.6     4.0    19.2    96.4    15.5    55.7   0.151   0.140   0.139   0.149   0.212    15.8    16.6    16.3    16.1    16.7
94077 20230928  2.622 -103.74   42.42    22.5     4.5    13.5    15.6     0.7    18.36 C    28.7     4.9    17.2    93.5    40.4    66.8   0.142   0.132   0.136   0.150   0.211    16.4    17.4    17.1    16.4    16.6
94077 20230929  2.622 -103.74   42.42    23.5     6.9    15.2    14.5     0.0    14.88 C    29.6     7.5    16.2    91.9    40.4    69.1   0.133   0.124   0.133   0.149   0.210    16.4    17.2    17.1    16.6    16.5
94077 20230930  2.622 -103.74   42.42    26.9     7.2    17.1    17.5     0.6    15.89 C    32.9     6.6    18.8    96.4    31.5    70.0   0.126   0.118   0.130   0.150   0.210    17.5    17.9    17.4    16.7    16.5
94077 20231001  2.622 -103.74   42.42    28.3     9.0    18.6    19.6     0.0    17.61 C    32.5     9.0    20.5    76.7    25.9    49.5   0.117   0.112   0.128   0.151   0.210    17.6    18.4    18.0    16.9    16.4
94077 20231002  2.622 -103.74   42.42    26.0    10.2    18.1    14.7     9.8    11.96 C    30.9     9.7    16.4    96.1    33.2    77.1   0.118   0.107   0.125   0.152   0.210    17.4    18.2    18.1    17.1    16.4
94077 20231003  2.622 -103.74   42.42    18.8     4.1    11.4    11.4     0.3    16.57 C    22.3     3.6    11.9    93.7    35.2    68.8   0.172   0.119   0.121   0.152   0.210    13.5    15.1    16.4    17.0    16.5
94077 20231004  2.622 -103.74   42.42    18.9     1.1    10.0    10.0     0.2    15.30 C    23.6     0.8    11.1    93.8    34.0    66.2   0.157   0.120   0.117   0.150   0.210    11.3    12.5    13.8    16.3    16.5
94077 20231005  2.622 -103.74   42.42    15.8     4.0     9.9    10.0     0.0     8.89 C    23.1     4.8    10.8    82.6    37.1    64.0   0.148   0.118   0.115   0.149   0.211    11.4    12.4    13.4    15.6    16.3
94077 20231006  2.622 -103.74   42.42    10.9    -4.7     3.1     4.7     0.0    17.66 C    17.1    -4.8     6.5    90.6    26.3    54.0   0.139   0.114   0.114   0.149   0.210     9.4    11.1    12.3    15.1    16.1
94077 20231007  2.622 -103.74   42.42    22.0    -5.3     8.4     6.9     0.2    17.41 C    28.6    -5.3     9.1    92.1    20.7    62.8   0.133   0.110   0.112   0.148   0.208     9.0    10.3    11.1    14.4    16.0
94077 20231008  2.622 -103.74   42.42    22.0    -2.4     9.8     8.5     0.4    17.30 C    29.5    -2.6    10.7    93.7    23.3    64.1   0.127   0.109   0.112   0.147   0.210    10.4    11.6    12.0    14.0    15.7
94077 20231009  2.622 -103.74   42.42    22.9    -4.0     9.5     8.3     0.0    17.01 C    29.8    -4.2    10.9    95.6    24.6    66.3   0.119   0.105   0.111   0.147   0.210    10.6    11.9    12.2    13.9    15.5
94077 20231010  2.622 -103.74   42.42    24.4    -3.2    10.6    10.4     0.2    16.79 C    31.3    -3.2    12.4    95.9    17.8    59.6   0.112   0.102   0.111   0.148   0.208    11.2    12.4    12.6    13.9    15.3
94077 20231011  2.622 -103.74   42.42    21.2     0.8    11.0    11.4    24.9     7.65 C    27.5     1.1    12.0    92.3    30.8    68.3   0.132   0.111   0.115   0.147 -99.000    11.8    12.6    13.0    14.0    15.2
94077 20231012  2.622 -103.74   42.42    10.6     0.5     5.5     5.0    26.6     1.70 C    10.4     0.0     4.8    94.7    90.4    92.5   0.227   0.221   0.192   0.139 -99.000     8.1     9.6    11.3    13.9    15.0
94077 20231013  2.622 -103.74   42.42     6.7    -4.2     1.2     3.0     0.0     5.04 C     7.3    -3.7     3.1    91.7    53.3    71.9   0.205   0.203   0.206   0.208 -99.000     5.4     6.3     8.0    12.7    14.9
94077 20231014  2.622 -103.74   42.42    10.3    -3.6     3.3     2.6     0.0    12.49 C    16.7    -3.5     4.2    96.0    50.0    78.8   0.185   0.185   0.188   0.252 -99.000     5.5     6.2     7.3    11.4    14.6
94077 20231015  2.622 -103.74   42.42    16.9    -4.4     6.3     4.8     0.0    15.65 C    22.2    -4.3     6.7    96.4    35.5    75.4   0.175   0.176   0.179   0.250 -99.000     6.5     7.3     7.8    10.8    14.2
94077 20231016  2.622 -103.74   42.42    21.4    -2.2     9.6     8.1     0.2    15.23 C    27.0    -2.4     9.9    95.1    28.2    70.5   0.169   0.170   0.173   0.249 -99.000     7.9     8.5     8.7    10.7    13.8
94077 20231017  2.622 -103.74   42.42    26.5    -0.9    12.8    12.0     0.3    12.95 C    28.9    -1.0    12.7    95.8    19.0    57.2   0.163   0.164   0.168   0.249 -99.000     8.7     9.4     9.6    10.9    13.5
94077 20231018  2.622 -103.74   42.42    18.0    -0.7     8.7     8.7     0.0    15.12 C    20.6    -0.9     9.3    87.3    18.7    49.7   0.155   0.158   0.164   0.247 -99.000     8.0     9.3     9.8    11.0    13.3
94077 20231019  2.622 -103.74   42.42    24.8    -0.1    12.3    10.4     0.0    15.13 C    27.1     0.3    11.2    86.8    13.3    55.6   0.150   0.152   0.160   0.246 -99.000     8.5     9.5     9.7    11.0    13.2
94077 20231020  2.622 -103.74   42.42    24.6    -1.6    11.5    10.0     0.0    14.75 C    28.8    -1.8    11.4    93.3    22.8    64.0   0.145   0.148   0.157   0.245 -99.000     9.0    10.0    10.1    11.1    13.0
94077 20231021  2.622 -103.74   42.42    19.2    -1.4     8.9     9.3     0.2    13.76 C    23.0    -1.3    10.0    95.6    34.5    65.1   0.141   0.144   0.155   0.243 -99.000     8.9    10.0    10.3    11.2    12.9
94077 20231022  2.622 -103.74   42.42    23.0     0.4    11.7    11.3     0.0    13.80 C    26.8     0.7    12.5    94.5    20.7    58.9   0.138   0.142   0.153   0.242 -99.000    10.1    11.0    10.9    11.3    12.9
94077 20231023  2.622 -103.74   42.42    21.0    -1.4     9.8     8.8     0.3    11.50 C    26.2    -1.4     9.9    95.4    27.0    72.3   0.134   0.138   0.151   0.241 -99.000     9.5    10.3    10.7    11.5    12.8
94077 20231024  2.622 -103.74   42.42    16.5     1.3     8.9     6.9     0.4     9.47 C    23.2     1.7     8.2    97.4    50.0    88.2   0.131   0.136   0.149   0.241 -99.000     9.8    10.5    10.7    11.5    12.8
94077 20231025  2.622 -103.74   42.42    19.5    -2.8     8.4     9.1     0.0    12.46 C    23.5    -2.4    10.4    94.7    43.0    78.2   0.130   0.135   0.148   0.240 -99.000    11.1    11.7    11.5    11.6    12.7
94077 20231026  2.622 -103.74   42.42    -2.7   -10.9    -6.8    -5.0     0.4     2.13 C    -2.4   -11.4    -4.8    93.9    77.4    88.3   0.122   0.127   0.144   0.240 -99.000     4.5     6.9     9.2    11.6    12.7
94077 20231027  2.622 -103.74   42.42     4.4   -13.7    -4.6    -5.1     0.0    13.45 C    10.4   -13.9    -3.4    89.2    36.0    69.8 -99.000   0.123   0.139   0.238 -99.000     1.1     3.1     5.4    10.5    12.6
94077 20231028  2.622 -103.74   42.42    -4.8   -10.0    -7.4    -6.4     2.7     5.33 C    -2.2   -10.1    -5.8    93.9    68.3    82.7   0.112   0.122   0.137   0.234 -99.000     1.0     2.4     4.5     9.4    12.5
94077 20231029  2.622 -103.74   42.42    -0.4   -14.8    -7.6    -8.1     0.0     8.31 C     1.7   -14.8    -7.7    90.7    44.7    73.7 -99.000   0.121   0.135   0.233 -99.000    -0.1     1.2     3.4     8.5    12.1
94077 20231030  2.622 -103.74   42.42     6.9   -17.3    -5.2    -4.4     0.0    13.12 C     9.7   -17.5    -3.8    85.4    22.5    60.0 -99.000 -99.000   0.133   0.232 -99.000    -1.3     0.1     2.2     7.6    11.7
94077 20231031  2.622 -103.74   42.42     9.7   -13.0    -1.7    -2.7     0.2    11.28 C    13.8   -13.2    -1.5    88.4    25.8    65.7 -99.000 -99.000   0.132   0.230 -99.000    -0.8     0.6     2.1     6.9    11.3
94077 20231101  2.622 -103.74   42.42    15.4   -10.1     2.7    -0.6     0.4    11.36 C    20.2   -10.0     0.7    88.0    16.5    62.3 -99.000 -99.000   0.132   0.229 -99.000     0.3     1.4     2.5     6.5    10.9
94077 20231102  2.622 -103.74   42.42    18.7    -9.2     4.7     3.5     0.0    12.42 C    21.7    -9.2     4.5    85.0    12.6    53.5 -99.000   0.117   0.132   0.228 -99.000     1.5     2.5     3.2     6.3    10.5
94077 20231103  2.622 -103.74   42.42    15.2     0.7     7.9     8.1     0.3     5.62 C    19.5     1.6     8.4    89.9    42.7    64.0   0.117   0.122   0.134   0.228 -99.000     5.0     5.3     5.2     6.5    10.2
94077 20231104  2.622 -103.74   42.42    16.5    -5.6     5.5     6.5     0.2    11.66 C    21.6    -5.9     7.8    96.2    26.0    62.9   0.114   0.121   0.134   0.229 -99.000     4.5     5.5     5.7     7.0    10.0
94077 20231105  2.622 -103.74   42.42    23.2    -1.1    11.1    11.9     0.0     8.33 C    25.1    -0.3    12.0    89.2    14.2    42.7   0.116   0.122   0.135   0.229 -99.000     7.4     7.6     7.1     7.3     9.9
94077 20231106  2.622 -103.74   42.42    19.4    -1.6     8.9     8.5     0.0     6.54 C    22.2    -1.7     8.8    93.2    24.2    59.2   0.113   0.120   0.135   0.229 -99.000     6.8     7.4     7.5     7.9     9.9
94077 20231107  2.622 -103.74   42.42    17.7    -3.4     7.2     7.3     0.0    10.99 C    21.3    -3.4     8.0    91.8    25.7    56.5   0.109   0.119   0.134   0.230 -99.000     6.8     7.6     7.7     8.1     9.9
94077 20231108  2.622 -103.74   42.42     9.2    -9.0     0.1     2.9     0.0     8.84 C    12.0    -9.2     3.4    86.9    33.9    56.8   0.104   0.117   0.133   0.230 -99.000     5.7     7.1     7.7     8.4     9.9
94077 20231109  2.622 -103.74   42.42     7.8   -11.3    -1.8    -3.1     0.0    11.66 C    11.2   -11.6    -2.3    89.7    28.2    65.6   0.088   0.112   0.130   0.230 -99.000     1.4     3.3     5.1     8.1    10.0
94077 20231110  2.622 -103.74   42.42    12.1   -11.5     0.3    -1.3     0.0    10.70 C    16.8   -11.7    -0.4    86.8    13.5    53.4 -99.000   0.108   0.128   0.229 -99.000     0.5     2.1     3.7     7.4     9.9
94077 20231111  2.622 -103.74   42.42    14.0   -11.0     1.5     0.5     0.0    10.92 C    16.6   -11.0     1.2    81.5    15.0    49.8 -99.000   0.107   0.127   0.228 -99.000     0.6     2.1     3.3     6.8     9.8
94077 20231112  2.622 -103.74   42.42    17.0    -7.0     5.0     3.5     0.0    11.21 C    21.7    -7.3     4.5    80.4    15.6    45.8 -99.000   0.110   0.126   0.227 -99.000     1.7     3.0     3.7     6.4     9.5
94077 20231113  2.622 -103.74   42.42    20.1    -7.1     6.5     8.3     0.0    10.26 C    22.0    -7.4     8.4    83.8    11.8    34.2 -99.000   0.110   0.127   0.226 -99.000     3.3     3.9     4.2     6.4     9.4
94077 20231114  2.622 -103.74   42.42    19.8    -4.5     7.7     8.8     0.0     8.31 C    22.6    -4.3     9.0    71.6    12.8    31.7   0.089   0.112   0.128   0.226 -99.000     5.2     6.0     5.9     6.6     9.2
94077 20231115  2.622 -103.74   42.42    19.2    -7.4     5.9     5.9     0.0     7.96 C    22.6    -7.6     6.1    86.3    16.8    46.5   0.082   0.109   0.127   0.227 -99.000     3.9     4.9     5.5     6.9     9.1
94077 20231116  2.622 -103.74   42.42    14.4    -2.9     5.8     2.6     1.9     2.11 C    15.0    -2.7     2.4    95.2    31.8    67.5   0.078   0.107   0.126   0.227 -99.000     3.2     4.4     5.3     6.9     9.0
94077 20231117  2.622 -103.74   42.42    14.4    -7.0     3.7     0.8     0.3    10.26 C    18.0    -7.5     1.7    93.5    28.3    74.4   0.070   0.106   0.124   0.227 -99.000     1.6     3.1     4.2     6.7     9.0
94077 20231118  2.622 -103.74   42.42    16.8    -7.7     4.5     2.6     0.0     9.94 C    20.7    -7.8     3.7    91.5    26.0    67.4 -99.000   0.103   0.124   0.226 -99.000     1.3     2.7     3.6     6.4     8.9
94077 20231119  2.622 -103.74   42.42    15.0    -5.5     4.7     2.4     0.0     8.63 C    20.1    -5.5     3.5    93.3    27.9    70.3   0.068   0.105   0.123   0.225 -99.000     2.1     3.4     4.0     6.1     8.8
94077 20231120  2.622 -103.74   42.42     8.3    -4.4     1.9     2.8     0.0     5.88 C    10.5    -4.2     2.8    90.2    38.0    64.7   0.069   0.104   0.123   0.225 -99.000     1.9     3.0     3.9     6.1     8.7
94077 20231121  2.622 -103.74   42.42    13.1    -7.8     2.7     0.5     0.0     9.93 C    15.8    -8.1     1.3    87.6    19.2    59.3 -99.000   0.101   0.122   0.225 -99.000     0.7     2.2     3.3     5.9     8.6
94077 20231122  2.622 -103.74   42.42    18.4    -7.6     5.4     4.1     0.0     8.54 C    21.6    -7.8     4.6    87.8    14.7    50.8 -99.000   0.100   0.122   0.226 -99.000     1.3     2.4     3.2     5.7     8.4
94077 20231123  2.622 -103.74   42.42    -1.4    -7.9    -4.6    -5.4     5.3     1.01 C    -0.9    -8.1    -5.4    90.1    77.3    86.0 -99.000   0.095   0.121   0.226 -99.000    -0.5     0.8     2.5     5.6     8.3
94077 20231124  2.622 -103.74   42.42    -7.8   -17.1   -12.4   -10.8     4.8     4.81 C    -6.8   -16.9   -10.4    89.9    74.1    83.5 -99.000   0.099   0.120   0.225 -99.000     0.0     0.7     1.9     5.2     8.1
94077 20231125  2.622 -103.74   42.42    -6.2   -19.2   -12.7   -11.3     0.6     8.49 C    -3.3   -19.1   -10.5    87.5    64.9    77.6 -99.000   0.100   0.120   0.224 -99.000     0.2     0.8     1.9     4.8     8.0
94077 20231126  2.622 -103.74   42.42     0.2   -10.6    -5.2    -5.1     0.0     8.64 C     3.7   -11.1    -4.6    84.8    55.5    72.9 -99.000   0.100   0.119   0.223 -99.000     0.2     0.8     1.8     4.6     7.8
94077 20231127  2.622 -103.74   42.42     2.0   -14.0    -6.0    -7.3     0.0     9.59 C     6.0   -14.0    -6.1    89.6    48.5    74.2 -99.000 -99.000   0.118   0.224 -99.000    -0.1     0.4     1.5     4.4     7.7
94077 20231128  2.622 -103.74   42.42     6.2   -13.9    -3.9    -5.3     0.0     9.61 C     9.6   -14.1    -4.3    86.6    39.6    69.5 -99.000 -99.000   0.117   0.223 -99.000    -0.4     0.0     1.2     4.2     7.5
94077 20231129  2.622 -103.74   42.42     8.8   -14.3    -2.8    -3.4     0.0     9.59 C    11.5   -14.0    -2.8    86.4    29.4    63.9 -99.000 -99.000   0.118   0.223 -99.000    -0.9    -0.4     0.9     4.0     7.3
94077 20231130  2.622 -103.74   42.42     1.2   -12.6    -5.7    -4.3     0.0     7.67 C     6.2   -12.2    -3.3    86.3    50.0    72.3 -99.000 -99.000   0.123   0.223 -99.000    -1.1    -0.5     0.7     3.9     7.2
94077 20231201  2.622 -103.74   42.42     2.9    -9.4    -3.2    -3.4     0.0     6.65 C     6.1    -9.5    -2.9    89.0    48.0    73.4 -99.000 -99.000   0.125   0.223 -99.000    -1.5    -0.7     0.4     3.6     7.0
94077 20231202  2.622 -103.74   42.42     3.8   -10.6    -3.4    -2.6     0.7     7.15 C     6.0   -10.5    -2.4    87.5    37.2    68.0 -99.000 -99.000 -99.000   0.222 -99.000    -2.0    -1.1     0.1     3.4     6.8
94077 20231203  2.622 -103.74   42.42     3.4   -10.6    -3.6    -1.4     0.2     8.48 C     5.7   -10.2    -1.1    82.6    43.9    65.4 -99.000 -99.000 -99.000   0.222 -99.000    -1.6    -1.0     0.0     3.2     6.7
94077 20231204  2.622 -103.74   42.42     7.4    -7.9    -0.3    -0.4     0.0     2.83 C     8.0    -7.9    -0.5    84.7    53.8    71.0 -99.000 -99.000 -99.000   0.222 -99.000    -1.6    -1.1    -0.1     3.1     6.5
94077 20231205  2.622 -103.74   42.42    13.4    -5.3     4.1     1.9     0.0     6.52 C    15.5    -5.5     2.4    92.1    36.2    69.6 -99.000 -99.000 -99.000   0.222 -99.000    -1.0    -0.6     0.2     2.9     6.3
94077 20231206  2.622 -103.74   42.42    17.1    -5.8     5.7     4.1     0.0     6.93 C    19.2    -5.9     4.2    92.3    20.7    60.6 -99.000 -99.000 -99.000   0.221 -99.000    -0.6     0.1     0.6     2.9     6.2
94077 20231207  2.622 -103.74   42.42    13.4    -6.3     3.5     4.8     0.5     8.35 C    14.4    -6.3     4.6    85.7    22.5    51.9 -99.000 -99.000   0.115   0.221 -99.000    -0.5     0.5     1.0     3.1     6.0
94077 20231208  2.622 -103.74   42.42     5.1    -6.2    -0.6    -0.7     0.4     8.56 C     7.1    -5.5    -0.3    82.4    34.7    65.9 -99.000   0.090   0.115   0.222 -99.000    -0.6     0.4     1.1     3.2     5.9
94077 20231209  2.622 -103.74   42.42     2.2   -12.2    -5.0    -4.3     0.3     5.62 C     3.7   -13.3    -4.3    90.9    46.4    74.1 -99.000 -99.000   0.116   0.221 -99.000    -2.1    -0.3     0.6     3.1     5.9
94077 20231210  2.622 -103.74   42.42     8.0    -8.0     0.0    -1.2     0.0     6.13 C     9.9    -8.5    -1.1    82.6    26.7    56.8 -99.000 -99.000 -99.000   0.221 -99.000    -2.5    -1.3     0.0     2.9     5.8
94077 20231211  2.622 -103.74   42.42    10.0   -10.2    -0.1    -0.7     0.6     7.97 C    13.6   -10.1     0.0    89.3    32.7    69.8 -99.000 -99.000 -99.000   0.221 -99.000    -2.5    -1.4    -0.3     2.7     5.7
94077 20231212  2.622 -103.74   42.42    -0.3    -4.4    -2.3    -2.0     1.1     3.54 C     1.3    -4.4    -1.8    90.0    66.3    78.6 -99.000 -99.000 -99.000   0.221 -99.000    -1.1    -0.6    -0.1     2.5     5.6
94077 20231213  2.622 -103.74   42.42     3.7    -5.0    -0.7    -1.3     0.0     5.03 C     6.0    -5.0    -1.0    86.4    57.0    75.9 -99.000 -99.000 -99.000   0.221 -99.000    -1.3    -0.6     0.0     2.5     5.5
94077 20231214  2.622 -103.74   42.42     4.9    -7.1    -1.1    -0.5     0.3     3.32 C     7.3    -7.6    -0.3    92.8    59.2    82.4 -99.000 -99.000 -99.000   0.220 -99.000    -1.1    -0.5     0.1     2.5     5.4
94077 20231215  2.622 -103.74   42.42     8.1    -9.3    -0.6     0.0     0.3     8.37 C    10.0    -8.6     0.0    89.3    25.3    52.8 -99.000 -99.000 -99.000   0.220 -99.000    -2.1    -0.9     0.0     2.4     5.3
94077 20231216  2.622 -103.74   42.42    14.2    -9.6     2.3     0.2     0.4     8.33 C    16.6    -9.5     0.7    84.1    20.5    60.6 -99.000 -99.000 -99.000   0.220 -99.000    -2.5    -1.3    -0.3     2.4     5.2
94077 20231217  2.622 -103.74   42.42    10.8    -9.8     0.5    -0.1     0.3     7.95 C    12.8    -9.9     0.2    88.8    18.8    58.5 -99.000 -99.000 -99.000   0.220 -99.000    -2.0    -0.9    -0.2     2.3     5.2
94077 20231218  2.622 -103.74   42.42    12.0   -12.5    -0.3    -2.9     0.4     7.25 C    15.2   -12.9    -2.3    90.4    17.6    66.3 -99.000 -99.000 -99.000   0.220 -99.000    -2.8    -1.4    -0.4     2.2     5.1
94077 20231219  2.622 -103.74   42.42    16.0    -6.9     4.6     3.4     0.0     7.13 C    19.5    -6.6     3.8    82.7    14.6    46.0 -99.000 -99.000 -99.000   0.219 -99.000    -1.6    -0.9    -0.3     2.1     5.0
94077 20231220  2.622 -103.74   42.42    15.6    -7.0     4.3     1.7     0.3     6.56 C    18.3    -7.1     2.3    87.4    25.1    62.5 -99.000 -99.000 -99.000   0.219 -99.000    -1.4    -0.5    -0.1     2.0     4.9
94077 20231221  2.622 -103.74   42.42    14.8    -6.7     4.0     1.0     0.5     7.62 C    17.5    -6.7     1.6    90.4    28.7    69.4 -99.000 -99.000   0.107   0.219 -99.000    -1.1    -0.2     0.2     2.1     4.8
94077 20231222  2.622 -103.74   42.42    13.2    -9.6     1.8    -0.7     0.5     8.04 C    15.6    -9.6     0.0    91.4    32.9    72.7 -99.000 -99.000   0.106   0.219 -99.000    -1.5    -0.4     0.2     2.2     4.7
94077 20231223  2.622 -103.74   42.42     9.0    -7.5     0.7    -0.1     0.3     3.14 C    10.5    -7.5     0.1    91.2    49.0    74.6 -99.000 -99.000   0.106   0.219 -99.000    -1.4    -0.5     0.1     2.2     4.7
94077 20231224  2.622 -103.74   42.42    -1.7   -12.2    -7.0    -4.8     0.0     5.08 C    -0.2   -11.7    -4.7    72.4    37.8    58.8 -99.000 -99.000   0.106   0.219 -99.000    -1.6    -0.4     0.2     2.1     4.6
94077 20231225  2.622 -103.74   42.42    -1.9   -14.4    -8.1    -6.4     0.8     4.39 C    -0.5   -14.5    -6.4    79.7    27.1    54.0 -99.000 -99.000 -99.000   0.220 -99.000    -3.7    -2.0    -0.4     2.1     4.6
94077 20231226  2.622 -103.74   42.42     0.2    -6.5    -3.1    -2.8     1.7     2.46 C     0.4    -6.5    -2.9    85.7    53.2    76.4 -99.000 -99.000 -99.000   0.219 -99.000    -2.5    -1.9    -0.8     1.9     4.5
94077 20231227  2.622 -103.74   42.42     4.4   -11.1    -3.3    -2.1     0.0     7.97 C     7.2   -11.1    -1.5    87.5    40.7    61.0 -99.000 -99.000 -99.000   0.218 -99.000    -1.8    -1.2    -0.6     1.8     4.4
94077 20231228  2.622 -103.74   42.42     6.1   -13.3    -3.6    -5.8     0.4     8.65 C    11.0   -13.3    -4.8    86.2    30.8    70.1 -99.000 -99.000 -99.000   0.218 -99.000    -3.6    -2.6    -1.0     1.7     4.4
94077 20231229  2.622 -103.74   42.42     9.9   -10.9    -0.5    -1.1     0.3     8.41 C    13.3   -10.6    -0.4    76.9    27.2    59.6 -99.000 -99.000 -99.000   0.218 -99.000    -3.5    -2.8    -1.5     1.5     4.3
94077 20231230  2.622 -103.74   42.42     8.8   -11.4    -1.3    -2.0     0.4     8.36 C    13.4   -11.9    -0.9    90.8    34.7    70.0 -99.000 -99.000 -99.000   0.217 -99.000    -2.8    -1.7    -1.1     1.4     4.2
94077 20231231  2.622 -103.74   42.42     5.1   -14.2    -4.5    -5.7     0.9     8.30 C     8.5   -15.0    -5.0    92.0    43.9    76.3 -99.000 -99.000 -99.000   0.217 -99.000    -4.4    -2.7    -1.4     1.3     4.1
