63898 20230101  2.622  -86.57   38.89    10.5     5.3     7.9     8.8     0.0     1.62 C    11.8     4.3     8.6   100.0    95.8    99.1   0.360   0.374   0.367   0.313   0.348     6.8     6.9     6.3     6.5     6.6
63898 20230102  2.622  -86.57   38.89    15.6     8.5    12.1    12.3     5.1     3.11 C    18.3     7.6    12.0   100.0    88.8    97.3   0.363   0.370   0.366   0.310   0.336     8.0     8.0     7.1     7.1     6.9
63898 20230103  2.622  -86.57   38.89    16.8    14.5    15.7    15.8    14.4     2.57 C    17.1    10.9    14.1    99.4    79.5    90.6   0.383   0.389   0.383   0.326   0.398    10.2    10.2     8.7     8.5     7.4
63898 20230104  2.622  -86.57   38.89    15.6     2.9     9.3     8.4     0.0     6.28 C    14.4     1.2     7.9    90.9    62.4    75.9   0.368   0.376   0.374   0.314   0.348     9.5     9.6     9.0     9.2     8.0
63898 20230105  2.622  -86.57   38.89     6.8     1.0     3.9     3.1     0.0     4.64 C    11.7    -1.7     2.2    86.9    51.7    72.2   0.359   0.367   0.366   0.309   0.327     7.1     7.3     7.8     8.3     8.4
63898 20230106  2.622  -86.57   38.89     5.0    -0.9     2.1     2.0     0.0     5.55 C    11.7    -3.2     1.7    81.2    60.9    73.9   0.353   0.362   0.360   0.306   0.315     6.1     6.3     6.8     7.4     8.2
63898 20230107  2.622  -86.57   38.89     7.3    -5.0     1.2     1.0     0.0     9.14 C    10.9    -5.8     0.2    98.3    45.6    75.3   0.343   0.359   0.357   0.305   0.306     4.6     4.8     5.8     6.5     8.0
63898 20230108  2.622  -86.57   38.89     4.4     0.7     2.5     1.8     0.0     2.32 C     7.7     0.1     2.4    94.0    65.5    79.1   0.339   0.356   0.355   0.303   0.300     4.8     4.9     5.4     6.0     7.7
63898 20230109  2.622  -86.57   38.89     7.2    -1.5     2.8     2.0     0.0     8.73 C    12.3    -3.4     1.6    91.6    39.1    68.0   0.336   0.354   0.353   0.302   0.295     4.8     4.9     5.4     5.9     7.4
63898 20230110  2.622  -86.57   38.89    11.5     0.4     5.9     5.7     0.0     8.61 C    15.0    -2.9     3.1    80.7    57.2    68.5   0.334   0.351   0.352   0.302   0.292     4.6     4.7     5.2     5.7     7.3
63898 20230111  2.622  -86.57   38.89    11.2     4.8     8.0     7.9     0.3     1.27 C    11.7     1.8     6.4   100.0    79.4    91.8   0.333   0.349   0.351   0.301   0.290     5.5     5.5     5.5     5.9     7.2
63898 20230112  2.622  -86.57   38.89    12.1     2.1     7.1     7.3    17.9     2.09 C    11.6     2.0     7.1   100.0    81.9    95.7   0.363   0.379   0.372   0.322   0.358     6.9     6.9     6.4     6.6     7.2
63898 20230113  2.622  -86.57   38.89     2.4    -0.3     1.0     1.2     0.5     1.96 C     4.2    -0.4     1.3    96.7    70.3    83.2   0.362   0.378   0.372   0.317   0.383     5.6     5.6     6.2     6.6     7.4
63898 20230114  2.622  -86.57   38.89     1.3    -4.9    -1.8    -1.3     0.0     4.38 C     7.5    -5.3    -0.9    87.8    64.8    73.7   0.356   0.371   0.367   0.312   0.362     4.3     4.3     5.2     5.8     7.3
63898 20230115  2.622  -86.57   38.89     6.9    -5.9     0.5     0.3     0.0     9.09 C     8.9    -6.4    -0.7    96.7    45.0    73.7   0.350   0.367   0.363   0.309   0.313     3.2     3.2     4.3     5.0     7.0
63898 20230116  2.622  -86.57   38.89    13.0     0.9     6.9     5.5     4.9     0.68 C    10.7    -2.8     3.8    95.9    56.7    77.7   0.358   0.374   0.367   0.312   0.305     3.7     3.6     4.2     4.7     6.7
63898 20230117  2.622  -86.57   38.89    14.3     2.7     8.5    10.5     0.0     9.51 C    16.1    -0.7     8.6    95.4    55.4    79.4   0.364   0.381   0.374   0.317   0.305     6.3     6.2     5.5     5.6     6.6
63898 20230118  2.622  -86.57   38.89     8.5     0.5     4.5     3.5    31.3     1.54 C     7.7    -1.1     3.0    99.5    90.3    96.0   0.366   0.385   0.376   0.322   0.339     5.3     5.3     5.6     6.0     6.8
63898 20230119  2.622  -86.57   38.89    14.4     1.2     7.8     7.9     2.7     5.74 C    16.0     1.6     7.2    99.8    56.4    84.5   0.380   0.396   0.390   0.329   0.357     6.3     6.3     5.9     6.1     6.7
63898 20230120  2.622  -86.57   38.89     2.3    -0.1     1.1     0.9     0.0     1.47 C     3.4    -0.1     1.0    91.7    70.8    77.9   0.368   0.386   0.382   0.321   0.330     5.1     5.2     5.7     6.2     6.9
63898 20230121  2.622  -86.57   38.89     1.1    -2.0    -0.4    -0.4     0.0     2.47 C     5.1    -3.2     0.3    89.1    77.9    82.4   0.360   0.377   0.373   0.315   0.318     4.4     4.4     5.0     5.5     6.9
63898 20230122  2.622  -86.57   38.89     1.9    -2.1    -0.1     0.1     3.5     2.20 C     1.6    -3.2     0.0    99.2    89.0    93.7   0.359   0.376   0.370   0.311   0.312     3.7     3.6     4.5     5.0     6.7
63898 20230123  2.622  -86.57   38.89     2.1    -1.0     0.6     0.3     0.4     5.80 C    10.0    -3.6     0.8    95.8    69.0    83.7   0.367   0.382   0.374   0.311   0.305     3.9     3.9     4.3     4.8     6.5
63898 20230124  2.622  -86.57   38.89     7.9    -1.2     3.4     3.1     0.6     8.30 C    13.1    -3.6     2.2    92.3    51.8    73.6   0.360   0.376   0.371   0.311   0.300     3.6     3.6     4.2     4.6     6.3
63898 20230125  2.622  -86.57   38.89     3.3     0.0     1.6     0.8    26.2     2.29 C     2.6    -0.1     0.2    99.9    81.3    97.0   0.376   0.397   0.382   0.327   0.351     3.6     3.6     4.2     4.7     6.2
63898 20230126  2.622  -86.57   38.89     0.5    -5.3    -2.4    -1.3     0.2     1.76 C    -0.1    -9.7    -2.3    91.7    71.1    81.7   0.374   0.394   0.385   0.325   0.365     3.1     3.3     3.9     4.3     6.1
63898 20230127  2.622  -86.57   38.89     8.0    -7.8     0.1     0.8     0.0     8.34 C     2.1   -12.1    -3.8    87.7    53.3    68.8   0.371   0.391   0.382   0.324   0.342     2.5     2.6     3.4     4.0     5.9
63898 20230128  2.622  -86.57   38.89    12.9     1.1     7.0     6.9     0.6     8.75 C    14.6    -2.0     4.0    85.4    36.2    60.8   0.378   0.393   0.387   0.329   0.383     3.2     3.4     3.4     3.9     5.7
63898 20230129  2.622  -86.57   38.89     7.6     0.4     4.0     5.0     2.0     0.90 C     8.5     1.2     4.9    99.9    73.0    94.4   0.376   0.391   0.387   0.322   0.368     4.6     4.7     4.3     4.7     5.7
63898 20230130  2.622  -86.57   38.89     0.4    -6.3    -3.0    -1.8     1.3     1.35 C     1.8    -4.1    -0.3    98.9    86.4    94.4   0.371   0.388   0.381   0.318   0.324     3.8     3.9     4.3     4.9     5.8
63898 20230131  2.622  -86.57   38.89    -3.2    -7.8    -5.5    -5.6     0.0     5.40 C     2.7    -5.9    -3.0    91.7    58.7    72.5   0.363   0.381   0.377   0.316   0.308     2.3     2.5     3.4     4.1     5.8
63898 20230201  2.622  -86.57   38.89    -0.8   -10.5    -5.7    -5.2     0.0     9.98 C     5.7   -10.2    -3.5    75.0    36.7    56.3   0.357   0.375   0.370   0.313   0.301     1.5     1.7     2.7     3.4     5.6
63898 20230202  2.622  -86.57   38.89     2.8    -7.5    -2.3    -1.9     0.0     7.58 C     4.9    -8.5    -2.3    74.8    41.2    59.0   0.351   0.371   0.366   0.311   0.296     1.2     1.4     2.3     3.0     5.3
63898 20230203  2.622  -86.57   38.89    -0.6    -9.8    -5.2    -6.3     0.0    12.15 C     5.0   -10.0    -5.1    72.0    38.5    55.1   0.347   0.367   0.358   0.309   0.292     1.0     1.2     2.0     2.8     5.0
63898 20230204  2.622  -86.57   38.89     7.0    -9.7    -1.3    -0.7     0.0    10.44 C    11.5   -10.0    -1.4    77.9    33.5    54.9   0.340   0.378   0.356   0.309   0.289     0.6     0.9     1.7     2.5     4.8
63898 20230205  2.622  -86.57   38.89    11.1     3.9     7.5     6.9     0.0     6.95 C    13.9    -2.2     3.5    70.0    48.9    57.0   0.336   0.363   0.355   0.309   0.290     1.0     1.3     1.7     2.4     4.6
63898 20230206  2.622  -86.57   38.89    10.7    -1.8     4.5     4.9     0.0    11.29 C    14.6    -5.9     3.0    93.7    44.7    68.3   0.338   0.360   0.353   0.308   0.288     2.0     2.2     2.3     2.6     4.5
63898 20230207  2.622  -86.57   38.89    13.1     6.0     9.6    10.8     0.9     2.58 C    14.2    -0.2     7.7    82.2    44.9    65.7   0.339   0.359   0.354   0.307   0.288     4.0     4.0     3.3     3.5     4.6
63898 20230208  2.622  -86.57   38.89     9.9     1.2     5.6     6.3    28.4     4.62 C    13.2    -1.0     5.3    99.7    58.7    83.9   0.349   0.368   0.358   0.313   0.305     4.5     4.6     4.1     4.4     4.9
63898 20230209  2.622  -86.57   38.89    17.3     4.1    10.7     9.6     3.8     2.87 C    14.0     3.5     8.4    98.9    69.9    83.3   0.388   0.397   0.387   0.334   0.358     6.4     6.4     5.4     5.4     5.1
63898 20230210  2.622  -86.57   38.89     4.3    -2.2     1.1     2.7     0.0     2.57 C     7.7    -4.3     2.2    87.5    71.0    82.7   0.371   0.388   0.382   0.324   0.329     5.3     5.4     5.4     5.7     5.6
63898 20230211  2.622  -86.57   38.89     8.3    -5.3     1.5     1.7     0.0    13.72 C    13.2    -7.2     0.3    92.5    28.1    62.1   0.363   0.380   0.376   0.319   0.320     3.5     3.8     4.3     4.9     5.8
63898 20230212  2.622  -86.57   38.89    13.0    -1.5     5.7     5.2     0.0    13.82 C    16.2    -4.5     2.0    69.5    11.2    40.4   0.358   0.375   0.372   0.317   0.316     3.3     3.7     3.9     4.5     5.7
63898 20230213  2.622  -86.57   38.89    15.2     3.5     9.4     8.6     0.0    13.41 C    20.4    -3.6     4.6    51.3    28.7    39.4   0.353   0.371   0.368   0.315   0.310     3.8     4.2     4.0     4.5     5.6
63898 20230214  2.622  -86.57   38.89    14.2    -0.3     6.9     8.5     1.5     3.70 C    12.4    -3.3     5.3    82.5    47.6    61.6   0.349   0.367   0.365   0.313   0.305     4.2     4.4     4.3     4.8     5.6
63898 20230215  2.622  -86.57   38.89    20.5    11.5    16.0    15.5     0.0    11.92 C    21.2     5.9    11.8    77.9    45.3    62.9   0.351   0.364   0.365   0.312   0.302     6.8     6.8     5.6     5.6     5.7
63898 20230216  2.622  -86.57   38.89    16.4     2.2     9.3     8.9    28.1     1.54 C    16.6     1.9     8.5   100.0    70.0    92.1   0.392   0.398   0.386   0.338   0.381     7.5     7.6     6.6     6.8     6.1
63898 20230217  2.622  -86.57   38.89     2.3    -4.6    -1.2    -1.3     0.3     3.43 C     3.5    -6.7    -0.6    90.5    61.5    76.1   0.390   0.394   0.386   0.328   0.350     5.6     5.8     6.2     6.7     6.5
63898 20230218  2.622  -86.57   38.89     8.4    -6.0     1.2     1.0     0.0    14.50 C    13.7    -7.3     0.7    83.9    35.1    60.2   0.366   0.382   0.377   0.321   0.329     3.6     4.0     4.6     5.3     6.5
63898 20230219  2.622  -86.57   38.89    14.3     3.1     8.7     9.1     0.0    13.89 C    18.9    -0.5     6.8    59.5    34.8    44.7   0.361   0.377   0.373   0.319   0.322     4.8     5.1     4.8     5.2     6.2
63898 20230220  2.622  -86.57   38.89    16.7     7.4    12.1    11.1     0.0    12.21 C    23.6     1.4     9.2    81.3    45.6    63.1   0.360   0.371   0.370   0.317   0.315     6.4     6.6     5.7     6.0     6.2
63898 20230221  2.622  -86.57   38.89    11.5     5.4     8.5     8.3     0.0    14.60 C    19.7     0.0     6.9    68.3    22.8    43.2   0.358   0.364   0.366   0.313   0.308     6.4     6.8     6.1     6.6     6.5
63898 20230222  2.622  -86.57   38.89    23.3     7.2    15.2    14.8     9.9     4.58 C    23.5     5.0    12.8    97.7    38.3    70.6   0.360   0.367   0.368   0.314   0.304     7.6     7.7     6.6     6.9     6.7
63898 20230223  2.622  -86.57   38.89    19.6    -0.1     9.7    12.0     0.0    12.38 C    22.2    -1.5    10.9    97.5    47.8    79.8   0.390   0.392   0.386   0.327   0.304     9.3     9.5     8.1     8.1     7.0
63898 20230224  2.622  -86.57   38.89     5.8    -4.4     0.7     0.4     0.0    13.59 C    14.3    -5.5     1.4    79.8    44.9    64.3   0.378   0.379   0.375   0.320   0.303     6.8     7.1     7.4     7.9     7.4
63898 20230225  2.622  -86.57   38.89    10.0     0.2     5.1     4.2     0.0    14.97 C    18.1    -2.6     5.2    92.9    55.0    72.6   0.370   0.373   0.371   0.317   0.302     6.5     6.9     6.6     7.1     7.4
63898 20230226  2.622  -86.57   38.89    13.7    -1.6     6.0     6.5     0.0    13.75 C    22.2    -3.5     6.6    97.9    53.0    78.1   0.363   0.368   0.367   0.314   0.300     6.4     6.8     6.5     7.0     7.3
63898 20230227  2.622  -86.57   38.89    19.8     9.8    14.8    13.7     5.5     5.35 C    20.4     7.7    12.1    97.8    50.4    77.8   0.370   0.375   0.367   0.314   0.299     8.5     8.7     7.5     7.7     7.3
63898 20230228  2.622  -86.57   38.89    13.1     6.7     9.9     8.7     0.0    11.45 C    22.4     3.5     8.9    84.1    59.2    75.4   0.377   0.379   0.369   0.313   0.296     8.9     9.1     8.2     8.4     7.6
63898 20230301  2.622  -86.57   38.89    25.4     5.7    15.6    14.4     0.0    13.89 C    28.9     1.2    12.3    84.9    29.1    62.1   0.368   0.371   0.367   0.311   0.294     8.9     9.1     8.2     8.5     7.9
63898 20230302  2.622  -86.57   38.89    13.2     4.1     8.6     9.1     0.0    11.92 C    18.4     1.2     8.6    73.1    40.5    57.8   0.358   0.363   0.365   0.310   0.292     9.1     9.4     8.7     8.9     8.1
63898 20230303  2.622  -86.57   38.89    11.5     2.8     7.2     6.0    63.2     1.67 C    15.5     2.3     5.8    98.1    62.6    90.0   0.398   0.399   0.397   0.338   0.361     7.7     7.8     7.8     8.4     8.3
63898 20230304  2.622  -86.57   38.89    13.1    -1.0     6.0     6.4     0.0    16.90 C    19.0    -3.1     5.7    99.1    40.2    69.4   0.392   0.393   0.394   0.329   0.330     7.2     7.5     7.2     7.8     8.2
63898 20230305  2.622  -86.57   38.89    15.8    -0.3     7.8     9.0     0.0    15.44 C    21.4    -1.6     7.3    93.9    46.2    67.7   0.380   0.382   0.381   0.322   0.319     7.4     7.8     7.3     7.8     8.1
63898 20230306  2.622  -86.57   38.89    22.8     6.8    14.8    14.9     0.0    16.03 C    25.2     1.2    12.4    74.8    38.2    56.2   0.368   0.372   0.375   0.319   0.314     8.6     8.9     7.9     8.2     8.1
63898 20230307  2.622  -86.57   38.89    13.2     4.7     9.0     7.9     0.0    11.83 C    18.4     3.1     8.0    79.6    40.4    60.9   0.355   0.363   0.371   0.315   0.308     9.1     9.3     8.6     8.9     8.3
63898 20230308  2.622  -86.57   38.89     8.6     1.6     5.1     4.8     0.0     6.90 C    11.0     0.8     4.3    49.1    35.2    42.3   0.344   0.355   0.366   0.313   0.300     7.2     7.4     7.7     8.3     8.4
63898 20230309  2.622  -86.57   38.89    12.7     1.7     7.2     6.8     2.8    11.11 C    15.9    -0.4     6.7    91.8    40.1    62.3   0.334   0.348   0.363   0.312   0.296     7.0     7.2     7.2     7.6     8.2
63898 20230310  2.622  -86.57   38.89     6.4     2.1     4.2     3.6     0.3     3.25 C     6.4     1.9     3.7    99.1    73.0    82.0   0.331   0.344   0.361   0.311   0.293     7.0     7.2     7.3     7.6     8.1
63898 20230311  2.622  -86.57   38.89     8.6     1.5     5.1     4.8     0.0    13.21 C    15.6    -0.5     5.7    85.8    50.7    65.8   0.331   0.343   0.359   0.310   0.291     6.7     6.9     6.9     7.2     8.0
63898 20230312  2.622  -86.57   38.89     4.9     0.6     2.7     2.7     2.9     3.56 C     6.8     0.5     3.4    99.1    66.6    90.1   0.330   0.340   0.358   0.308   0.289     6.4     6.5     6.8     7.2     7.9
63898 20230313  2.622  -86.57   38.89     3.0    -1.5     0.7     0.2     0.0     4.74 C     6.3    -1.7     0.5    90.9    63.6    70.7   0.332   0.340   0.356   0.307   0.287     5.6     5.7     6.3     6.8     7.7
63898 20230314  2.622  -86.57   38.89     5.2    -4.2     0.5     0.3     0.0    19.16 C    14.7    -6.4     1.3    72.6    38.4    54.2   0.331   0.339   0.354   0.307   0.286     5.0     5.2     5.6     6.1     7.5
63898 20230315  2.622  -86.57   38.89    10.8    -6.5     2.2     3.3     0.0    19.29 C    19.9    -9.3     2.8    87.8    21.6    49.0   0.328   0.337   0.353   0.306   0.285     4.9     5.2     5.3     5.9     7.3
63898 20230316  2.622  -86.57   38.89    13.7     2.4     8.0     8.7     2.6     5.79 C    15.0    -2.9     6.1    77.2    33.7    51.0   0.325   0.335   0.351   0.305   0.284     5.5     5.7     5.6     6.1     7.1
63898 20230317  2.622  -86.57   38.89    12.4    -1.0     5.7     3.3     5.8     5.84 C    10.1    -3.2     3.2    94.7    59.6    79.4   0.369   0.379   0.362   0.310   0.284     6.2     6.4     6.2     6.6     7.1
63898 20230318  2.622  -86.57   38.89    -0.8    -6.6    -3.7    -3.5     0.5    16.10 C    10.0    -7.7    -1.8    82.5    52.5    67.1   0.366   0.380   0.364   0.308   0.282     4.6     4.9     5.4     6.0     7.1
63898 20230319  2.622  -86.57   38.89     2.4    -7.9    -2.8    -2.8     0.2    19.14 C    13.8   -12.0    -1.1    82.7    41.4    60.8   0.359   0.374   0.361   0.307   0.282     4.4     4.7     4.9     5.5     6.9
63898 20230320  2.622  -86.57   38.89     9.9    -5.2     2.3     2.6     0.0    20.43 C    19.6    -8.8     2.1    76.4    27.5    47.6   0.355   0.368   0.359   0.306   0.282     4.4     4.6     4.7     5.4     6.7
63898 20230321  2.622  -86.57   38.89    12.8    -0.1     6.3     6.1     0.5     9.44 C    19.7    -5.6     4.0    78.2    24.2    48.0   0.348   0.362   0.358   0.304   0.281     4.8     5.0     4.9     5.5     6.6
63898 20230322  2.622  -86.57   38.89    12.9     5.8     9.3     9.4     1.1     2.52 C    12.3     4.9     8.9    99.3    78.0    91.1   0.345   0.359   0.357   0.304   0.281     6.3     6.2     5.6     6.0     6.6
63898 20230323  2.622  -86.57   38.89    22.5     9.2    15.8    16.9    31.0     7.77 C    23.3     9.0    15.8    98.6    70.1    84.0   0.351   0.365   0.362   0.308   0.284     9.2     9.1     7.4     7.2     6.8
63898 20230324  2.622  -86.57   38.89    10.3     7.8     9.1     9.0    63.5     1.69 C    11.5     7.9     9.3   100.0    98.3    99.3   0.424   0.415   0.411   0.357   0.388     9.5     9.5     8.9     9.2     7.9
63898 20230325  2.622  -86.57   38.89    13.1     6.1     9.6     9.1     5.4    11.81 C    16.0     0.0     8.2   100.0    60.0    79.8   0.414   0.413   0.408   0.344   0.361     9.3     9.4     8.8     9.0     8.3
63898 20230326  2.622  -86.57   38.89    18.6     1.7    10.1    10.9     0.0    20.52 C    23.1    -0.7     9.6    96.8    37.3    65.7   0.390   0.392   0.393   0.329   0.320     8.9     9.0     8.4     8.7     8.2
63898 20230327  2.622  -86.57   38.89    13.4     1.5     7.4     6.9     2.1     4.18 C    10.7    -0.7     6.4    99.2    63.8    83.7   0.383   0.386   0.384   0.324   0.314     9.3     9.3     8.9     9.1     8.3
63898 20230328  2.622  -86.57   38.89    10.2    -0.7     4.8     4.9     0.0    17.32 C    16.4    -3.0     4.1    93.8    32.5    59.3   0.379   0.383   0.379   0.321   0.311     7.9     8.0     8.0     8.5     8.4
63898 20230329  2.622  -86.57   38.89    13.8    -0.1     6.9     7.3     0.0    20.49 C    20.2    -3.8     5.8    86.2    34.8    54.3   0.369   0.376   0.375   0.319   0.307     7.7     7.9     7.7     8.1     8.3
63898 20230330  2.622  -86.57   38.89    17.1     0.1     8.6     9.2     0.0    21.28 C    21.8    -1.2     8.9    84.2    32.9    57.1   0.354   0.368   0.370   0.317   0.303     8.4     8.5     8.0     8.3     8.3
63898 20230331  2.622  -86.57   38.89    20.3    10.2    15.2    14.8    24.5     4.84 C    20.8     8.4    13.2    93.9    40.7    79.0   0.381   0.391   0.384   0.331   0.325     9.7     9.7     8.8     8.9     8.3
63898 20230401  2.622  -86.57   38.89    15.3     4.6    10.0     8.2     0.0     6.72 C    12.2     4.2     6.9    88.7    39.6    70.0   0.409   0.407   0.400   0.340   0.404     9.8    10.0     9.5     9.7     8.6
63898 20230402  2.622  -86.57   38.89    15.1     1.4     8.2     8.6     0.0    22.46 C    20.1    -1.4     8.4    87.9    36.5    62.1   0.389   0.392   0.389   0.328   0.329     9.2     9.2     8.8     9.0     8.8
63898 20230403  2.622  -86.57   38.89    23.0     8.3    15.6    15.0     4.6    19.03 C    24.6     3.8    14.0    93.2    46.3    68.1   0.385   0.391   0.386   0.325   0.320    10.5    10.5     9.5     9.5     8.8
63898 20230404  2.622  -86.57   38.89    26.2    13.9    20.0    20.2     0.0    12.28 C    27.7    12.5    18.8    93.0    57.5    76.0   0.372   0.383   0.380   0.322   0.314    12.5    12.4    10.8    10.6     9.1
63898 20230405  2.622  -86.57   38.89    25.3     9.2    17.3    19.1    36.6     4.00 C    23.3     8.2    17.3    95.8    59.8    77.6   0.391   0.396   0.391   0.338   0.349    14.3    14.2    12.6    12.4    10.0
63898 20230406  2.622  -86.57   38.89    12.1     5.3     8.7     8.5     0.0    11.77 C    20.9     1.2     8.3    77.3    41.0    55.5   0.417   0.404   0.399   0.336   0.350    12.4    12.5    12.1    12.3    10.5
63898 20230407  2.622  -86.57   38.89    14.4     3.8     9.1     9.0     0.0    18.24 C    21.9     0.5     8.2    67.2    28.9    47.0   0.402   0.392   0.388   0.329   0.337    11.1    11.2    11.1    11.4    10.6
63898 20230408  2.622  -86.57   38.89    15.7     4.5    10.1    10.1     0.0    21.05 C    23.3     1.5     9.2    64.0    27.9    44.0   0.390   0.384   0.381   0.325   0.325    10.7    10.8    10.6    10.8    10.4
63898 20230409  2.622  -86.57   38.89    18.3     4.7    11.5    12.2     0.0    22.98 C    25.4     0.3    10.5    48.0    28.9    37.6   0.377   0.374   0.376   0.324   0.313    10.8    10.9    10.5    10.6    10.3
63898 20230410  2.622  -86.57   38.89    20.6     6.3    13.5    14.2     0.0    23.56 C    30.1    -0.6    11.9    56.6    21.9    37.1   0.362   0.362   0.372   0.321   0.305    11.5    11.5    10.8    10.8    10.2
63898 20230411  2.622  -86.57   38.89    23.1     5.4    14.2    16.1     0.0    23.35 C    30.6     0.7    13.4    74.4    29.0    42.8   0.345   0.348   0.365   0.319   0.301    12.2    12.2    11.3    11.3    10.3
63898 20230412  2.622  -86.57   38.89    24.3    10.1    17.2    18.7     0.0    23.22 C    30.3     4.1    15.1    81.8    28.3    39.5   0.327   0.332   0.358   0.317   0.297    13.1    13.1    11.9    11.9    10.5
63898 20230413  2.622  -86.57   38.89    25.3     7.6    16.4    18.4     0.0    23.49 C    31.9     2.7    15.3    72.2    25.6    42.8   0.308   0.317   0.347   0.314   0.295    13.6    13.6    12.5    12.3    10.8
63898 20230414  2.622  -86.57   38.89    25.3    13.0    19.1    19.8     0.0    19.79 C    32.3     8.4    18.3    72.5    32.6    56.0   0.292   0.305   0.338   0.310   0.293    14.8    14.7    13.2    13.0    11.1
63898 20230415  2.622  -86.57   38.89    25.5    15.0    20.2    20.4     0.0    21.60 C    30.5    11.6    19.0    80.8    39.7    60.7   0.277   0.294   0.328   0.306   0.290    15.8    15.7    14.1    13.8    11.5
63898 20230416  2.622  -86.57   38.89    18.9     5.5    12.2     9.7     5.3     5.86 C    17.1     3.5     9.4    96.0    64.8    81.7   0.274   0.287   0.322   0.301   0.288    14.2    14.3    14.0    14.0    11.9
63898 20230417  2.622  -86.57   38.89    14.6     4.4     9.5     9.1     0.0    18.57 C    18.2     2.0     8.2    77.0    29.0    53.0   0.272   0.286   0.320   0.299   0.287    12.2    12.3    12.4    12.8    12.0
63898 20230418  2.622  -86.57   38.89    18.5     1.2     9.9    10.8     0.0    21.62 C    24.2    -0.9    10.2    89.1    26.7    53.4   0.265   0.281   0.314   0.296   0.285    12.1    12.2    11.9    12.2    11.8
63898 20230419  2.622  -86.57   38.89    26.3     7.6    17.0    17.9     0.0    22.09 C    28.5     4.5    15.1    60.7    35.1    46.8   0.257   0.275   0.307   0.291   0.283    13.5    13.4    12.5    12.5    11.7
63898 20230420  2.622  -86.57   38.89    27.7    13.8    20.8    21.8     0.0    22.18 C    29.0     8.5    18.1    67.0    25.0    41.6   0.243   0.264   0.297   0.284   0.281    14.6    14.4    13.3    13.1    11.8
63898 20230421  2.622  -86.57   38.89    18.8     7.9    13.4    11.2     9.6     3.02 C    16.5     7.3    11.3    97.6    65.4    91.7   0.235   0.258   0.292   0.280   0.279    13.9    13.9    13.5    13.5    12.0
63898 20230422  2.622  -86.57   38.89    12.4     3.1     7.7     7.6     0.0    16.42 C    16.3    -1.0     7.4    99.2    49.1    72.1   0.238   0.260   0.293   0.279   0.278    12.5    12.6    12.6    12.9    12.1
63898 20230423  2.622  -86.57   38.89     8.1     1.4     4.8     5.1     0.0    10.61 C    12.0    -1.2     4.4    80.7    45.1    62.4   0.240   0.259   0.290   0.278   0.277    11.0    11.2    11.5    12.0    12.0
63898 20230424  2.622  -86.57   38.89    12.1    -2.1     5.0     6.2     0.0    23.86 C    21.0    -3.7     5.9    85.6    30.9    51.8   0.241   0.259   0.288   0.276   0.276    10.5    10.6    10.8    11.3    11.7
63898 20230425  2.622  -86.57   38.89    17.9     1.2     9.6     9.9     0.0    19.81 C    22.2    -1.6     8.7    74.4    31.9    53.1   0.240   0.257   0.286   0.274   0.274    11.1    11.0    10.9    11.1    11.4
63898 20230426  2.622  -86.57   38.89    18.1     5.8    12.0    11.6     0.0    23.56 C    23.2     3.9    11.4    81.1    32.5    57.2   0.236   0.255   0.283   0.271   0.273    12.3    12.2    11.5    11.6    11.3
63898 20230427  2.622  -86.57   38.89    18.4     6.3    12.3    12.1    13.0    13.81 C    22.5     3.4    11.1    96.6    44.4    61.1   0.232   0.252   0.279   0.268   0.271    12.4    12.3    11.8    12.0    11.4
63898 20230428  2.622  -86.57   38.89    14.3     9.1    11.7    11.3     0.2     7.58 C    17.4     5.7    11.0    97.9    76.2    89.7   0.256   0.259   0.287   0.272   0.270    12.6    12.5    12.1    12.2    11.5
63898 20230429  2.622  -86.57   38.89    20.2     6.1    13.2    12.6     6.5    16.76 C    22.6     4.4    11.9   100.0    52.2    86.3   0.269   0.264   0.287   0.271   0.269    12.9    12.8    12.1    12.2    11.6
63898 20230430  2.622  -86.57   38.89    11.7     5.6     8.7     7.6     2.6    12.28 C    16.6     4.3     7.5    98.5    60.0    83.1   0.309   0.276   0.293   0.272   0.268    12.5    12.6    12.3    12.5    11.7
63898 20230501  2.622  -86.57   38.89    13.4     6.0     9.7     9.4     0.0     7.07 C    12.8     4.2     8.2    87.7    41.6    62.4   0.314   0.279   0.292   0.270   0.268    11.3    11.4    11.5    11.9    11.7
63898 20230502  2.622  -86.57   38.89    14.5     5.3     9.9    10.6     0.0    18.96 C    16.1     1.8     9.3    62.5    30.1    49.8   0.306   0.279   0.289   0.268   0.267    11.2    11.3    11.1    11.5    11.5
63898 20230503  2.622  -86.57   38.89    16.4     4.0    10.2    10.4     0.0    25.74 C    20.0     1.9     9.8    74.6    37.5    56.0   0.293   0.276   0.286   0.266   0.266    12.0    12.0    11.4    11.6    11.4
63898 20230504  2.622  -86.57   38.89    20.8     3.0    11.9    13.2     0.0    26.00 C    24.7     0.8    12.0    94.2    34.2    59.0   0.277   0.271   0.283   0.264   0.265    12.8    12.7    11.9    12.0    11.4
63898 20230505  2.622  -86.57   38.89    23.3     7.7    15.5    16.6     0.0    25.89 C    30.0     3.8    14.8    75.0    38.3    55.0   0.263   0.265   0.280   0.262   0.264    14.0    13.9    12.8    12.7    11.6
63898 20230506  2.622  -86.57   38.89    23.1    13.8    18.4    17.8     1.1    11.90 C    30.9     8.8    18.0    96.4    59.9    76.5   0.253   0.260   0.278   0.261   0.264    14.9    14.8    13.6    13.4    11.9
63898 20230507  2.622  -86.57   38.89    21.6    15.1    18.3    18.3    15.6     9.49 C    32.7    12.8    17.9    95.7    70.1    85.3   0.287   0.282   0.297   0.273   0.264    15.8    15.6    14.4    14.1    12.2
63898 20230508  2.622  -86.57   38.89    23.7    13.6    18.7    18.7     2.6    14.94 C    33.2    11.7    19.4    95.4    68.5    86.3   0.306   0.293   0.302   0.273   0.265    16.5    16.2    14.9    14.5    12.6
63898 20230509  2.622  -86.57   38.89    23.6    14.0    18.8    18.6     0.0    24.76 C    37.7     8.6    20.8    94.4    39.5    66.3   0.304   0.291   0.300   0.270   0.264    17.7    17.6    16.0    15.4    13.0
63898 20230510  2.622  -86.57   38.89    24.1     9.0    16.5    17.7     0.0    26.88 C    37.1     5.3    19.0    75.3    31.7    49.5   0.289   0.283   0.295   0.266   0.262    17.3    17.3    16.1    15.8    13.4
63898 20230511  2.622  -86.57   38.89    27.4    11.5    19.4    20.1     0.0    21.49 C    44.4     7.1    21.6    89.2    43.7    64.1   0.275   0.273   0.290   0.262   0.261    17.8    17.6    16.3    15.9    13.7
63898 20230512  2.622  -86.57   38.89    22.4    16.8    19.6    19.9     1.9     9.16 C    30.8    14.8    20.2    98.3    80.5    90.9   0.267   0.268   0.288   0.260   0.260    18.4    18.1    16.9    16.5    14.0
63898 20230513  2.622  -86.57   38.89    27.9    19.0    23.5    22.5    13.8    19.29 C    40.8    18.2    25.3    99.0    61.4    86.2   0.270   0.270   0.291   0.262   0.260    19.9    19.5    17.7    17.0    14.3
63898 20230514  2.622  -86.57   38.89    26.0    18.3    22.1    21.6    14.7    23.27 C    36.6    17.4    23.5    98.2    58.0    77.6   0.372   0.345   0.361   0.306   0.281    20.8    20.5    18.8    18.0    14.8
63898 20230515  2.622  -86.57   38.89    21.5    14.4    17.9    17.6     0.0    13.12 C    31.5    13.8    19.0    92.3    49.5    70.4   0.356   0.329   0.350   0.293   0.269    19.6    19.6    18.6    18.2    15.3
63898 20230516  2.622  -86.57   38.89    18.5    12.3    15.4    16.0     3.5     8.30 C    23.0     9.3    16.4    97.4    66.0    87.7   0.346   0.321   0.344   0.287   0.266    18.6    18.6    18.0    17.7    15.5
63898 20230517  2.622  -86.57   38.89    23.9    10.0    16.9    17.1     0.0    25.13 C    34.1     7.8    18.3    98.7    43.7    68.6   0.340   0.315   0.337   0.282   0.263    18.3    18.2    17.4    17.2    15.5
63898 20230518  2.622  -86.57   38.89    22.5     8.3    15.4    15.8     0.0    25.33 C    32.2     5.7    17.0    84.9    40.3    56.2   0.325   0.303   0.326   0.275   0.261    18.2    18.2    17.4    17.2    15.5
63898 20230519  2.622  -86.57   38.89    25.9     9.4    17.6    18.2    11.2    23.45 C    35.5     7.0    19.6    97.9    56.2    80.5   0.315   0.301   0.321   0.272   0.259    18.5    18.3    17.4    17.1    15.5
63898 20230520  2.622  -86.57   38.89    20.5    11.9    16.2    15.9     0.8    23.65 C    28.9     8.8    17.6    98.1    49.2    74.2   0.356   0.337   0.335   0.273   0.258    19.3    19.3    18.2    17.6    15.6
63898 20230521  2.622  -86.57   38.89    23.6     8.2    15.9    16.4     0.0    28.46 C    32.3     6.0    17.2    84.1    40.8    63.0   0.339   0.314   0.325   0.268   0.256    18.6    18.6    17.8    17.6    15.8
63898 20230522  2.622  -86.57   38.89    25.2     9.6    17.4    18.4     0.0    27.12 C    32.8     8.1    18.4    97.5    43.7    66.5   0.320   0.296   0.315   0.264   0.255    18.8    18.7    17.8    17.5    15.8
63898 20230523  2.622  -86.57   38.89    26.4    12.1    19.2    19.5     0.0    27.09 C    32.8    10.3    19.5    96.0    37.6    65.6   0.300   0.282   0.306   0.259   0.253    19.3    19.1    18.1    17.7    15.9
63898 20230524  2.622  -86.57   38.89    27.7    11.0    19.4    20.8     0.0    25.30 C    32.9    10.1    20.1    97.6    34.7    61.9   0.283   0.270   0.296   0.254   0.251    19.5    19.4    18.3    18.0    16.0
63898 20230525  2.622  -86.57   38.89    21.6    11.4    16.5    16.8     0.0    26.76 C    28.7     9.2    17.2    64.0    30.6    47.3   0.264   0.258   0.286   0.249   0.249    19.1    19.2    18.3    18.1    16.2
63898 20230526  2.622  -86.57   38.89    23.7     8.5    16.1    16.8     0.0    28.12 C    29.5     5.4    16.5    64.0    31.2    46.4   0.247   0.247   0.276   0.243   0.247    18.4    18.6    17.8    17.8    16.2
63898 20230527  2.622  -86.57   38.89    23.1    11.1    17.1    17.6     0.0    21.68 C    29.6     7.6    16.4    74.5    39.8    54.1   0.234   0.237   0.266   0.238   0.244    18.2    18.3    17.6    17.6    16.2
63898 20230528  2.622  -86.57   38.89    25.2    12.3    18.8    18.1     0.0    21.86 C    31.2     9.6    18.3    92.2    35.7    68.6   0.225   0.230   0.258   0.233   0.242    18.4    18.4    17.5    17.5    16.1
63898 20230529  2.622  -86.57   38.89    28.1    11.2    19.6    20.4     0.0    26.25 C    32.9     8.6    19.8    99.5    35.2    65.8   0.217   0.222   0.249   0.227   0.238    19.1    19.1    17.9    17.7    16.1
63898 20230530  2.622  -86.57   38.89    28.7    13.7    21.2    21.6     0.0    22.88 C    34.4    11.5    21.3    91.5    53.7    73.6   0.209   0.214   0.241   0.221   0.235    19.8    19.7    18.4    18.1    16.2
63898 20230531  2.622  -86.57   38.89    29.3    15.9    22.6    22.5     0.9    21.84 C    34.7    13.2    21.5    97.6    51.3    76.7   0.203   0.209   0.235   0.216   0.232    20.4    20.3    19.0    18.6    16.4
63898 20230601  2.622  -86.57   38.89    29.7    16.4    23.0    23.5     0.0    26.44 C    45.2    14.0    25.0    98.4    44.3    70.6   0.199   0.205   0.231   0.213   0.229    21.3    21.0    19.5    19.0    16.7
63898 20230602  2.622  -86.57   38.89    30.7    15.6    23.1    23.6     0.0    27.89 C    45.9    13.2    26.0    96.8    28.1    60.9   0.195   0.203   0.227   0.211   0.227    21.9    21.6    20.1    19.6    17.0
63898 20230603  2.622  -86.57   38.89    31.5    16.3    23.9    24.7     0.0    24.30 C    50.5    12.7    26.9    73.0    33.9    54.6   0.192   0.199   0.223   0.208   0.225    22.0    21.8    20.4    19.9    17.3
63898 20230604  2.622  -86.57   38.89    28.1    18.5    23.3    23.0     0.0    24.91 C    46.2    13.1    25.3    73.4    24.9    56.4   0.189   0.197   0.220   0.205   0.222    22.3    22.2    20.7    20.3    17.5
63898 20230605  2.622  -86.57   38.89    25.8    14.4    20.1    20.3     0.0    23.09 C    43.6     8.8    22.0    65.9    35.4    51.9   0.185   0.194   0.217   0.203   0.220    21.3    21.3    20.3    20.1    17.7
63898 20230606  2.622  -86.57   38.89    28.3    10.8    19.6    21.3     0.0    22.44 C    43.9     6.7    23.7    83.2    35.0    53.9   0.182   0.191   0.213   0.200   0.217    20.9    20.8    19.9    19.7    17.8
63898 20230607  2.622  -86.57   38.89    23.6    13.9    18.8    18.9     8.0    16.42 C    34.5     9.0    20.1    98.3    51.4    77.0   0.182   0.192   0.213   0.201   0.216    21.4    21.2    20.2    20.0    17.8
63898 20230608  2.622  -86.57   38.89    24.1     9.8    17.0    17.4     0.0    25.80 C    42.8     5.9    19.8    82.2    31.4    53.7   0.182   0.192   0.212   0.199   0.215    20.4    20.3    19.7    19.6    17.8
63898 20230609  2.622  -86.57   38.89    25.3    10.1    17.7    18.4     0.0    27.92 C    44.3     5.2    21.5    77.7    29.0    51.1   0.181   0.191   0.210   0.197   0.212    20.2    20.0    19.4    19.3    17.8
63898 20230610  2.622  -86.57   38.89    27.0    10.3    18.6    19.7     0.0    26.39 C    45.1     6.2    22.6    91.6    30.1    58.9   0.180   0.189   0.208   0.195   0.208    20.5    20.3    19.5    19.3    17.7
63898 20230611  2.622  -86.57   38.89    26.1    14.8    20.5    18.4    17.2     8.24 C    42.4    11.0    19.4    97.2    67.0    85.0   0.182   0.206   0.232   0.202   0.211    20.1    20.1    19.5    19.4    17.8
63898 20230612  2.622  -86.57   38.89    19.2    12.5    15.8    15.3     0.0    19.23 C    32.9     8.4    17.4    95.1    48.7    74.1   0.192   0.227   0.250   0.210   0.213    19.5    19.6    19.0    19.0    17.7
63898 20230613  2.622  -86.57   38.89    24.9    12.8    18.8    19.0     0.0    18.53 C    39.9     8.8    19.9    73.3    41.6    55.9   0.193   0.221   0.235   0.206   0.209    18.9    19.0    18.5    18.6    17.6
63898 20230614  2.622  -86.57   38.89    25.9    16.0    20.9    20.9     0.0    20.33 C    42.0    13.0    23.3    84.2    49.9    63.6   0.192   0.216   0.226   0.203   0.207    19.8    19.8    18.8    18.8    17.5
63898 20230615  2.622  -86.57   38.89    28.8    14.3    21.6    22.4     0.0    24.02 C    43.6    11.8    25.5    97.8    44.6    69.7   0.190   0.212   0.221   0.200   0.205    21.0    20.8    19.5    19.3    17.5
63898 20230616  2.622  -86.57   38.89    23.0    14.0    18.5    18.5     0.0    25.16 C    45.3    11.8    23.8    84.6    54.3    70.6   0.187   0.207   0.217   0.198   0.204    21.2    21.1    20.0    19.9    17.7
63898 20230617  2.622  -86.57   38.89    26.4    12.3    19.4    19.5     0.0    26.16 C    50.8     8.8    24.9    96.9    37.4    69.8   0.185   0.204   0.214   0.197   0.203    21.2    21.0    20.0    19.9    17.9
63898 20230618  2.622  -86.57   38.89    27.9    11.9    19.9    20.7     0.0    23.22 C    49.3     8.8    24.4    96.3    42.2    67.3   0.182   0.200   0.210   0.195   0.201    21.3    21.0    20.1    20.0    18.0
63898 20230619  2.622  -86.57   38.89    25.5    16.9    21.2    20.7     7.9    13.43 C    39.4    16.2    22.3    97.2    63.8    82.8   0.183   0.201   0.216   0.195   0.201    21.5    21.3    20.4    20.2    18.2
63898 20230620  2.622  -86.57   38.89    28.7    18.9    23.8    22.9     0.4    19.32 C    49.7    17.6    26.1    88.2    57.5    75.1   0.186   0.201   0.213   0.194   0.200    22.2    21.8    20.7    20.4    18.3
63898 20230621  2.622  -86.57   38.89    24.9    18.5    21.7    21.9     0.0    14.48 C    36.7    15.6    23.5    86.2    63.0    73.7   0.185   0.199   0.209   0.194   0.199    21.6    21.4    20.7    20.5    18.4
63898 20230622  2.622  -86.57   38.89    23.8    17.3    20.6    20.2     0.0    16.39 C    42.2    14.2    23.2    88.2    60.0    68.9   0.182   0.197   0.207   0.193   0.199    21.1    21.0    20.4    20.3    18.5
63898 20230623  2.622  -86.57   38.89    24.2    16.6    20.4    20.3     0.0    10.71 C    45.9    15.1    22.8    93.2    64.2    80.2   0.180   0.194   0.205   0.191   0.198    21.0    20.8    20.2    20.1    18.5
63898 20230624  2.622  -86.57   38.89    30.7    16.6    23.7    24.5     0.0    26.07 C    51.5    14.0    28.3    96.4    38.4    64.5   0.179   0.192   0.203   0.190   0.196    22.1    21.7    20.5    20.3    18.4
63898 20230625  2.622  -86.57   38.89    30.0    18.1    24.0    22.6    56.3    19.60 C    44.5    16.4    24.3    97.6    65.9    83.1   0.238   0.264   0.272   0.247   0.308    22.8    22.5    21.4    21.2    18.8
63898 20230626  2.622  -86.57   38.89    26.6    16.6    21.6    22.1     0.0    20.18 C    38.2    15.2    23.3    95.1    56.7    73.0   0.280   0.283   0.292   0.263   0.283    22.6    22.4    21.5    21.3    19.0
63898 20230627  2.622  -86.57   38.89    25.7    16.9    21.3    21.4     0.0    21.28 C    41.5    15.1    24.2    94.3    61.4    77.1   0.264   0.268   0.277   0.255   0.258    22.5    22.3    21.4    21.2    19.1
63898 20230628  2.622  -86.57   38.89    27.2    14.1    20.6    20.7     0.0    19.18 C    44.5    12.0    23.4    95.4    59.8    78.9   0.252   0.259   0.268   0.249   0.247    22.4    22.2    21.4    21.2    19.2
63898 20230629  2.622  -86.57   38.89    26.1    18.3    22.2    20.2    20.2     5.61 C    33.5    16.3    19.9    97.7    75.9    91.9   0.277   0.285   0.294   0.264   0.251    21.5    21.5    21.1    21.1    19.3
63898 20230630  2.622  -86.57   38.89    30.2    18.4    24.3    24.4     0.0    24.56 C    44.5    17.3    27.8    99.1    67.0    85.2   0.313   0.301   0.310   0.270   0.257    23.4    22.8    21.5    21.0    19.2
63898 20230701  2.622  -86.57   38.89    28.8    20.0    24.4    23.3    86.9    13.85 C    37.5    19.9    24.3    98.3    75.3    90.8   0.364   0.354   0.374   0.310   0.374    23.7    23.4    22.6    22.3    19.9
63898 20230702  2.622  -86.57   38.89    29.0    19.9    24.5    23.1     3.9    16.23 C    37.7    19.7    24.4    98.4    70.5    90.5   0.380   0.369   0.394   0.316   0.335    24.3    23.8    23.0    22.6    20.3
63898 20230703  2.622  -86.57   38.89    28.9    20.7    24.8    23.9     0.3    24.62 C    38.6    19.7    26.0    98.4    55.6    81.2   0.365   0.360   0.382   0.310   0.316    25.0    24.6    23.4    22.9    20.3
63898 20230704  2.622  -86.57   38.89    30.3    19.4    24.9    25.1     0.0    24.67 C    41.9    18.2    27.4   100.0    55.7    79.5   0.347   0.347   0.367   0.305   0.304    25.3    25.0    23.8    23.3    20.5
63898 20230705  2.622  -86.57   38.89    31.2    19.7    25.5    25.5     0.0    23.14 C    43.0    18.4    27.5   100.0    60.1    82.2   0.328   0.335   0.356   0.301   0.294    25.5    25.2    24.1    23.6    20.7
63898 20230706  2.622  -86.57   38.89    28.8    20.6    24.7    24.6     0.0    22.92 C    40.6    19.0    26.6    97.6    64.7    80.5   0.309   0.323   0.348   0.297   0.286    25.5    25.3    24.2    23.8    21.0
63898 20230707  2.622  -86.57   38.89    28.8    18.2    23.5    23.6     0.0    26.63 C    40.6    16.6    26.2    94.5    50.8    75.0   0.289   0.309   0.337   0.292   0.280    25.1    24.9    24.0    23.7    21.1
63898 20230708  2.622  -86.57   38.89    25.7    19.3    22.5    21.6    40.2     9.96 C    30.4    18.4    22.2    98.2    81.9    93.4   0.338   0.352   0.371   0.313   0.314    24.1    24.0    23.7    23.6    21.4
63898 20230709  2.622  -86.57   38.89    25.3    17.1    21.2    20.8     0.0    24.33 C    32.5    15.1    21.8    98.4    53.2    79.3   0.365   0.368   0.381   0.315   0.311    23.8    23.8    23.2    23.2    21.4
63898 20230710  2.622  -86.57   38.89    27.5    14.9    21.2    21.9     0.0    26.52 C    35.8    13.7    22.5    99.2    49.6    75.1   0.344   0.350   0.367   0.309   0.301    23.6    23.5    23.0    22.9    21.2
63898 20230711  2.622  -86.57   38.89    28.4    17.1    22.7    23.8     0.0    27.09 C    36.2    15.7    24.0    93.6    54.0    70.9   0.322   0.334   0.356   0.304   0.293    24.0    23.7    23.1    22.9    21.1
63898 20230712  2.622  -86.57   38.89    29.2    17.6    23.4    24.4     0.0    25.93 C    35.4    15.7    24.4    95.9    56.3    72.5   0.300   0.318   0.347   0.300   0.287    24.2    24.0    23.2    23.0    21.1
63898 20230713  2.622  -86.57   38.89    29.4    22.5    26.0    25.7    11.0    19.04 C    36.6    21.1    25.9    93.9    68.6    83.1   0.295   0.321   0.345   0.298   0.282    24.8    24.5    23.6    23.2    21.1
63898 20230714  2.622  -86.57   38.89    30.7    19.1    24.9    25.4     0.0    26.17 C    34.6    17.0    25.5    98.3    56.1    78.5   0.308   0.330   0.347   0.298   0.279    25.1    25.0    24.0    23.5    21.2
63898 20230715  2.622  -86.57   38.89    28.0    21.2    24.6    23.7    14.9    15.14 C    31.5    19.4    23.7    99.0    68.4    90.1   0.337   0.353   0.362   0.302   0.277    25.2    24.9    24.2    23.8    21.4
63898 20230716  2.622  -86.57   38.89    27.6    18.6    23.1    23.4     0.0    19.40 C    29.3    17.6    23.0    99.2    66.5    83.7   0.366   0.366   0.379   0.309   0.276    24.8    24.6    24.0    23.6    21.5
63898 20230717  2.622  -86.57   38.89    27.1    17.8    22.4    23.3     7.4    21.19 C    31.3    17.7    23.5    97.8    65.8    83.1   0.349   0.353   0.367   0.303   0.276    24.9    24.7    23.9    23.6    21.6
63898 20230718  2.622  -86.57   38.89    29.0    17.6    23.3    23.1    19.5    19.08 C    33.2    17.1    23.6    99.1    67.0    86.8   0.381   0.380   0.393   0.323   0.322    24.3    24.1    23.6    23.4    21.9
63898 20230719  2.622  -86.57   38.89    26.2    21.3    23.8    23.0     0.2    10.23 C    35.6    19.7    24.1   100.0    79.8    93.4   0.365   0.366   0.379   0.313   0.305    24.8    24.5    23.9    23.6    21.7
63898 20230720  2.622  -86.57   38.89    28.7    20.3    24.5    24.5     7.7    17.12 C    41.2    19.4    27.4   100.0    77.1    89.1   0.363   0.365   0.376   0.312   0.300    25.2    24.8    24.0    23.6    21.7
63898 20230721  2.622  -86.57   38.89    25.9    17.3    21.6    21.7     0.0    20.51 C    38.6    14.8    23.7    96.8    61.1    80.9   0.381   0.382   0.389   0.317   0.298    24.7    24.4    24.0    23.7    21.8
63898 20230722  2.622  -86.57   38.89    26.8    16.6    21.7    21.6     0.0    22.83 C    43.1    14.8    24.5    98.3    51.2    79.3   0.365   0.369   0.378   0.311   0.294    24.4    24.1    23.7    23.4    21.8
63898 20230723  2.622  -86.57   38.89    28.3    15.9    22.1    22.6     1.4    24.47 C    42.3    13.4    25.2    99.3    57.0    79.6   0.356   0.358   0.372   0.308   0.291    24.5    24.1    23.6    23.3    21.7
63898 20230724  2.622  -86.57   38.89    29.9    19.9    24.9    24.3     9.6    22.31 C    43.0    18.8    26.6    98.8    68.9    84.7   0.355   0.359   0.369   0.306   0.287    25.3    24.9    24.1    23.6    21.7
63898 20230725  2.622  -86.57   38.89    30.0    18.0    24.0    24.3     0.0    24.74 C    42.3    17.0    27.4   100.0    57.3    84.2   0.383   0.376   0.375   0.306   0.285    25.5    25.3    24.4    23.9    21.8
63898 20230726  2.622  -86.57   38.89    29.7    23.1    26.4    26.1     1.1    15.81 C    39.1    21.5    26.7    94.2    67.3    81.9   0.365   0.363   0.370   0.301   0.283    25.9    25.6    24.8    24.3    22.0
63898 20230727  2.622  -86.57   38.89    32.4    23.9    28.1    28.0     0.0    20.66 C    44.1    22.6    30.2    92.4    70.1    82.7   0.354   0.353   0.365   0.298   0.281    26.4    26.0    25.0    24.4    22.1
63898 20230728  2.622  -86.57   38.89    33.1    24.6    28.9    28.6     0.0    21.84 C    44.1    23.1    30.1    94.2    58.3    77.6   0.337   0.341   0.359   0.294   0.279    26.9    26.7    25.6    24.9    22.3
63898 20230729  2.622  -86.57   38.89    30.4    20.7    25.5    26.1     7.4    23.68 C    40.2    20.6    27.9    97.7    61.4    79.5   0.344   0.348   0.359   0.293   0.277    26.6    26.5    25.6    25.1    22.5
63898 20230730  2.622  -86.57   38.89    29.1    21.0    25.0    24.4     0.0    23.82 C    41.2    18.2    26.3    94.9    53.2    76.7   0.334   0.339   0.353   0.288   0.275    26.2    26.1    25.3    25.0    22.7
63898 20230731  2.622  -86.57   38.89    26.7    18.0    22.3    22.1     0.0    25.06 C    37.8    15.1    24.0    86.6    51.0    71.5   0.313   0.326   0.344   0.283   0.273    25.0    25.1    24.7    24.6    22.7
63898 20230801  2.622  -86.57   38.89    26.2    15.5    20.9    20.7     0.0    23.08 C    36.9    13.3    22.1    94.8    52.9    76.0   0.292   0.315   0.333   0.279   0.272    24.1    24.1    23.9    24.0    22.6
63898 20230802  2.622  -86.57   38.89    23.5    15.6    19.6    19.9     0.0     8.57 C    29.7    13.6    21.1    98.6    71.7    88.8   0.281   0.307   0.327   0.276   0.270    23.2    23.2    23.3    23.3    22.4
63898 20230803  2.622  -86.57   38.89    28.4    19.9    24.1    23.3     0.3    20.29 C    49.3    18.1    28.0    96.9    63.1    83.1   0.275   0.302   0.322   0.274   0.269    24.2    23.9    23.3    23.1    22.1
63898 20230804  2.622  -86.57   38.89    29.6    17.6    23.6    24.0     0.0    24.19 C    52.4    15.8    29.0    99.5    53.6    80.8   0.263   0.294   0.314   0.270   0.266    24.5    24.3    23.7    23.4    22.0
63898 20230805  2.622  -86.57   38.89    28.5    19.7    24.1    24.4     0.0    16.04 C    46.0    18.0    27.2    99.2    68.8    86.2   0.253   0.286   0.307   0.266   0.265    24.7    24.4    23.9    23.6    22.0
63898 20230806  2.622  -86.57   38.89    27.3    19.4    23.4    22.9    57.0    14.71 C    48.3    18.8    26.1    96.2    70.2    85.3   0.252   0.286   0.307   0.267   0.271    24.5    24.3    23.9    23.6    22.1
63898 20230807  2.622  -86.57   38.89    25.0    18.6    21.8    21.0    10.9    12.38 C    34.1    17.3    22.2    98.8    81.7    93.7   0.389   0.390   0.397   0.326   0.352    23.2    23.0    23.0    22.9    22.2
63898 20230808  2.622  -86.57   38.89    26.6    16.1    21.4    21.7     0.0    21.97 C    41.7    14.8    24.8   100.0    62.5    84.4   0.377   0.378   0.386   0.318   0.339    23.7    23.3    23.0    22.9    22.0
63898 20230809  2.622  -86.57   38.89    26.1    18.6    22.3    21.8     8.5    10.77 C    35.9    16.9    23.5    99.0    76.8    91.8   0.374   0.375   0.378   0.313   0.308    23.6    23.4    23.2    23.0    21.9
63898 20230810  2.622  -86.57   38.89    26.3    19.0    22.7    22.2     0.0    17.98 C    40.2    17.5    24.6    98.3    67.1    84.6   0.389   0.388   0.389   0.314   0.300    23.8    23.5    23.2    23.0    21.9
63898 20230811  2.622  -86.57   38.89    28.5    18.2    23.4    23.8     0.0    21.49 C    45.0    16.3    26.8    99.2    62.5    82.4   0.374   0.374   0.380   0.311   0.294    24.1    23.8    23.3    23.1    21.8
63898 20230812  2.622  -86.57   38.89    29.1    21.1    25.1    25.0     4.2    19.67 C    42.1    19.5    27.3    97.4    65.1    84.9   0.371   0.369   0.374   0.308   0.290    24.7    24.5    23.8    23.4    21.9
63898 20230813  2.622  -86.57   38.89    29.0    18.5    23.7    24.1     1.0    20.99 C    46.0    16.2    27.1    97.3    47.7    76.4   0.361   0.363   0.368   0.306   0.287    24.8    24.6    24.0    23.7    22.0
63898 20230814  2.622  -86.57   38.89    27.1    18.6    22.8    22.6    23.4    11.08 C    36.2    17.3    23.7    99.3    77.2    92.2   0.375   0.373   0.376   0.312   0.301    24.6    24.4    24.1    23.8    22.2
63898 20230815  2.622  -86.57   38.89    22.8    17.0    19.9    19.2     0.0    12.15 C    32.3    16.0    20.2    96.7    71.7    87.9   0.391   0.386   0.391   0.321   0.318    23.3    23.3    23.3    23.4    22.2
63898 20230816  2.622  -86.57   38.89    25.3    15.0    20.2    20.4     0.0    24.43 C    41.1    12.5    23.3    97.8    48.2    75.0   0.376   0.375   0.381   0.315   0.306    23.1    22.8    22.8    22.8    22.1
63898 20230817  2.622  -86.57   38.89    25.7    14.9    20.3    20.6     0.0    17.32 C    37.7    12.9    21.5    96.9    64.1    80.6   0.361   0.363   0.374   0.311   0.300    22.6    22.5    22.5    22.6    21.9
63898 20230818  2.622  -86.57   38.89    24.6    15.1    19.9    19.4     0.0    23.36 C    41.2    12.1    22.2    97.1    50.9    75.0   0.347   0.353   0.368   0.309   0.295    22.4    22.2    22.2    22.3    21.7
63898 20230819  2.622  -86.57   38.89    26.5    13.4    20.0    20.3     0.0    22.83 C    45.2    11.2    24.2    99.0    54.7    79.7   0.334   0.344   0.363   0.307   0.291    22.6    22.4    22.2    22.1    21.5
63898 20230820  2.622  -86.57   38.89    30.0    17.0    23.5    24.2     0.0    18.93 C    48.5    14.7    27.5    97.3    66.0    83.3   0.323   0.335   0.357   0.305   0.288    23.4    23.1    22.6    22.3    21.4
63898 20230821  2.622  -86.57   38.89    31.8    23.2    27.5    27.2     0.0    18.01 C    51.3    21.3    31.2    98.1    68.5    85.7   0.314   0.328   0.351   0.302   0.286    25.1    24.8    23.6    23.1    21.5
63898 20230822  2.622  -86.57   38.89    31.4    23.2    27.3    27.0     0.0    20.44 C    49.1    20.7    30.7    99.9    62.3    85.0   0.304   0.321   0.344   0.299   0.284    25.6    25.5    24.4    23.9    21.8
63898 20230823  2.622  -86.57   38.89    31.5    20.4    26.0    26.2     0.0    18.34 C    46.2    18.8    29.0    98.6    68.7    83.9   0.292   0.313   0.338   0.296   0.282    25.6    25.5    24.6    24.2    22.1
63898 20230824  2.622  -86.57   38.89    32.5    23.7    28.1    28.1     0.0    15.91 C    46.0    22.3    29.8    98.8    72.2    85.8   0.284   0.308   0.332   0.292   0.281    26.1    26.0    24.9    24.5    22.3
63898 20230825  2.622  -86.57   38.89    33.9    23.9    28.9    28.5     0.0    18.29 C    48.3    23.7    31.0    93.4    67.7    82.5   0.277   0.302   0.327   0.288   0.279    26.7    26.6    25.4    24.9    22.6
63898 20230826  2.622  -86.57   38.89    28.6    20.9    24.7    24.3    18.1    16.87 C    38.1    20.7    26.0    99.3    68.6    86.2   0.343   0.342   0.354   0.315   0.293    26.0    25.9    25.2    25.0    22.8
63898 20230827  2.622  -86.57   38.89    26.2    19.1    22.6    22.1     0.0    16.26 C    39.3    17.1    23.9    95.2    66.4    83.2   0.331   0.332   0.347   0.305   0.281    25.2    25.1    24.8    24.7    22.9
63898 20230828  2.622  -86.57   38.89    25.7    15.6    20.6    20.3     0.0    21.93 C    38.6    14.8    22.4    97.7    55.2    77.1   0.317   0.325   0.343   0.299   0.279    24.1    24.0    24.0    24.1    22.9
63898 20230829  2.622  -86.57   38.89    26.0    14.3    20.1    20.1     0.0    23.20 C    37.1    12.5    22.3    92.9    46.9    75.0   0.303   0.318   0.338   0.295   0.278    23.5    23.4    23.4    23.5    22.7
63898 20230830  2.622  -86.57   38.89    23.2    14.4    18.8    19.3     0.0    23.51 C    35.3    12.7    21.4    93.4    53.2    73.4   0.290   0.311   0.333   0.291   0.276    23.2    23.1    23.1    23.3    22.4
63898 20230831  2.622  -86.57   38.89    23.6    12.4    18.0    17.8     0.0    23.31 C    34.5    10.9    19.8    96.5    51.7    75.7   0.277   0.303   0.327   0.286   0.275    22.2    22.2    22.4    22.7    22.2
63898 20230901  2.622  -86.57   38.89    27.4    12.7    20.0    20.3     0.0    22.82 C    36.8    10.8    21.8    95.5    59.4    78.8   0.266   0.296   0.321   0.282   0.273    22.4    22.3    22.1    22.4    22.0
63898 20230902  2.622  -86.57   38.89    29.6    17.3    23.5    23.9     0.0    19.41 C    38.0    16.0    24.4    98.9    66.5    84.1   0.257   0.291   0.316   0.278   0.271    23.3    23.2    22.6    22.6    21.8
63898 20230903  2.622  -86.57   38.89    30.0    21.2    25.6    25.3     0.0    20.65 C    35.7    18.6    25.1    96.5    51.9    76.8   0.250   0.285   0.309   0.273   0.270    24.0    23.9    23.1    23.0    21.8
63898 20230904  2.622  -86.57   38.89    29.8    18.6    24.2    24.2     0.0    17.42 C    35.9    16.9    24.3    98.4    65.1    82.4   0.243   0.280   0.303   0.268   0.268    24.0    23.9    23.2    23.2    21.9
63898 20230905  2.622  -86.57   38.89    30.2    20.4    25.3    23.9    19.4    15.83 C    36.5    18.9    24.4    97.8    60.7    85.2   0.257   0.285   0.311   0.277   0.284    24.0    24.0    23.4    23.3    22.0
63898 20230906  2.622  -86.57   38.89    27.6    18.4    23.0    23.3     0.0    12.67 C    32.3    16.8    23.4    96.8    66.3    84.1   0.295   0.306   0.336   0.296   0.299    24.1    24.0    23.5    23.4    22.1
63898 20230907  2.622  -86.57   38.89    21.6    18.1    19.8    19.7     0.0     6.51 C    26.6    16.8    20.2    96.3    82.7    89.7   0.285   0.301   0.329   0.290   0.284    23.3    23.2    23.1    23.2    22.1
63898 20230908  2.622  -86.57   38.89    24.0    16.1    20.0    19.8     0.0    16.90 C    30.9    15.2    20.6    95.7    63.0    82.7   0.278   0.298   0.324   0.286   0.279    23.1    22.9    22.7    22.8    22.0
63898 20230909  2.622  -86.57   38.89    24.0    15.3    19.6    19.1     0.0    12.62 C    28.8    14.5    19.5    98.6    67.5    86.9   0.269   0.293   0.319   0.282   0.275    22.3    22.2    22.2    22.4    21.8
63898 20230910  2.622  -86.57   38.89    25.1    14.8    19.9    19.4     0.0    20.81 C    29.8    13.5    20.0    97.1    57.9    81.1   0.260   0.289   0.314   0.279   0.273    22.2    22.0    21.9    22.1    21.7
63898 20230911  2.622  -86.57   38.89    26.7    13.8    20.3    20.0     0.0    18.59 C    30.9    12.8    20.2    99.9    54.3    82.3   0.250   0.284   0.308   0.274   0.270    22.0    21.9    21.7    21.9    21.5
63898 20230912  2.622  -86.57   38.89    22.4    14.9    18.6    18.6     0.9     9.42 C    26.0    12.7    18.3    95.5    66.9    84.1   0.244   0.280   0.304   0.270   0.268    21.7    21.7    21.7    21.9    21.4
63898 20230913  2.622  -86.57   38.89    23.4    11.1    17.3    17.0     0.0    19.81 C    28.1     9.6    17.1    97.0    45.3    75.5   0.238   0.275   0.300   0.266   0.266    20.8    20.8    21.0    21.3    21.2
63898 20230914  2.622  -86.57   38.89    24.8    10.8    17.8    17.5     0.0    20.68 C    28.9     9.6    17.3    96.1    42.9    71.6   0.231   0.270   0.294   0.261   0.265    20.5    20.4    20.6    20.9    21.0
63898 20230915  2.622  -86.57   38.89    23.8    11.0    17.4    17.6     0.0    20.67 C    35.9     9.3    18.0    91.0    43.8    68.4   0.224   0.265   0.289   0.257   0.263    20.3    20.4    20.4    20.7    20.8
63898 20230916  2.622  -86.57   38.89    23.5    11.0    17.2    16.9     0.0    15.26 C    44.0     9.0    19.8    97.5    47.5    76.4   0.220   0.261   0.286   0.254   0.262    20.0    20.0    20.1    20.4    20.6
63898 20230917  2.622  -86.57   38.89    22.9    11.9    17.4    16.9     0.0    16.23 C    42.7     9.4    20.2    99.4    55.2    80.3   0.217   0.258   0.282   0.251   0.261    20.1    20.1    20.0    20.3    20.4
63898 20230918  2.622  -86.57   38.89    22.5    11.2    16.8    16.3     0.0    17.50 C    43.8     7.4    19.2    98.6    46.8    77.8   0.215   0.255   0.278   0.249   0.259    19.7    19.8    19.8    20.2    20.2
63898 20230919  2.622  -86.57   38.89    24.8     8.9    16.8    16.7     0.0    18.82 C    43.1     5.4    18.8    99.8    40.6    72.9   0.212   0.252   0.275   0.246   0.258    19.2    19.3    19.3    19.8    20.1
63898 20230920  2.622  -86.57   38.89    27.8    10.5    19.1    19.0     0.0    18.24 C    42.8     7.3    20.5    93.6    42.5    70.1   0.210   0.249   0.271   0.243   0.257    19.4    19.5    19.3    19.7    19.9
63898 20230921  2.622  -86.57   38.89    26.3    15.4    20.8    20.4     0.0    12.66 C    44.5    12.9    22.9    92.2    58.2    77.9   0.209   0.247   0.269   0.240   0.256    20.2    20.3    19.7    19.9    19.8
63898 20230922  2.622  -86.57   38.89    28.5    14.0    21.2    21.2     0.0    17.29 C    48.4    10.8    23.3    96.2    39.4    69.5   0.207   0.245   0.265   0.237   0.255    20.4    20.5    20.0    20.2    19.8
63898 20230923  2.622  -86.57   38.89    25.5    14.3    19.9    19.6     0.0    18.84 C    44.2     9.9    21.5    89.2    33.8    60.4   0.204   0.241   0.261   0.233   0.253    20.2    20.3    20.0    20.3    19.8
63898 20230924  2.622  -86.57   38.89    26.1    10.8    18.4    18.3     0.0    17.23 C    45.2     7.6    21.3    89.7    46.1    70.7   0.201   0.238   0.257   0.230   0.251    19.7    19.9    19.5    20.0    19.8
63898 20230925  2.622  -86.57   38.89    27.8    15.0    21.4    21.2     0.0    17.88 C    46.9    11.9    24.2    92.9    41.9    69.6   0.200   0.235   0.254   0.227   0.250    20.4    20.5    19.8    20.1    19.7
63898 20230926  2.622  -86.57   38.89    28.1    14.0    21.0    18.7    25.1    11.72 C    47.1    11.1    20.2    99.1    47.8    85.1   0.234   0.253   0.278   0.244   0.283    19.9    20.1    19.8    20.2    19.7
63898 20230927  2.622  -86.57   38.89    23.4    15.8    19.6    18.9    14.4    10.55 C    33.7    15.2    20.1    98.3    62.0    87.3   0.330   0.317   0.336   0.287   0.343    20.0    19.9    19.6    19.8    19.7
63898 20230928  2.622  -86.57   38.89    24.5    15.4    19.9    19.0     0.0    13.16 C    40.2    12.8    20.9    98.6    58.6    85.7   0.312   0.308   0.327   0.281   0.294    20.5    20.4    20.0    20.1    19.6
63898 20230929  2.622  -86.57   38.89    25.1    13.0    19.0    18.7     0.0    17.91 C    41.2    11.6    21.5    99.7    59.0    84.5   0.298   0.300   0.320   0.276   0.278    20.3    20.2    20.0    20.1    19.7
63898 20230930  2.622  -86.57   38.89    26.6    13.1    19.8    19.5     0.0    17.78 C    42.0    10.9    21.5    99.1    52.3    81.6   0.287   0.295   0.313   0.273   0.271    20.3    20.2    19.9    20.1    19.7
63898 20231001  2.622  -86.57   38.89    27.4    14.8    21.1    20.3     0.0    17.39 C    41.1    12.3    21.7    98.7    48.9    78.5   0.276   0.290   0.307   0.270   0.267    20.3    20.3    19.9    20.1    19.7
63898 20231002  2.622  -86.57   38.89    28.4    14.4    21.4    20.8     0.0    17.29 C    42.7    11.7    22.1    99.1    41.7    75.9   0.267   0.285   0.302   0.266   0.263    20.2    20.2    19.9    20.1    19.6
63898 20231003  2.622  -86.57   38.89    29.1    13.7    21.4    21.2     0.0    16.73 C    43.5    10.9    22.0    98.2    43.4    73.6   0.258   0.281   0.298   0.262   0.261    20.1    20.2    19.8    20.0    19.6
63898 20231004  2.622  -86.57   38.89    28.6    14.7    21.7    21.2     0.0    14.17 C    44.7    12.4    21.9    94.5    42.6    69.9   0.251   0.277   0.294   0.259   0.259    20.2    20.3    19.9    20.1    19.6
63898 20231005  2.622  -86.57   38.89    20.4    17.1    18.7    17.9    16.1     1.83 C    20.5    16.1    17.9    97.7    71.3    91.3   0.296   0.284   0.292   0.257   0.258    19.9    19.8    19.8    20.0    19.6
63898 20231006  2.622  -86.57   38.89    20.3     5.9    13.1    15.4     0.0    16.40 C    29.7     4.4    16.5    99.1    39.4    72.0   0.341   0.302   0.297   0.257   0.256    19.3    19.3    19.4    19.6    19.5
63898 20231007  2.622  -86.57   38.89    15.3     4.9    10.1     9.3     0.0    15.70 C    25.5     3.7    10.3    91.4    42.1    69.8   0.319   0.298   0.298   0.256   0.256    16.7    16.9    17.9    18.7    19.3
63898 20231008  2.622  -86.57   38.89    16.4     5.2    10.8    10.2     0.2    11.46 C    32.3     3.5    12.4    88.8    41.2    69.8   0.306   0.295   0.298   0.255   0.255    16.0    16.0    16.8    17.5    18.9
63898 20231009  2.622  -86.57   38.89    17.2     5.0    11.1    10.7     0.3    16.15 C    27.9     3.3    12.1    98.3    42.3    73.3   0.298   0.292   0.298   0.254   0.254    15.9    16.0    16.6    17.1    18.4
63898 20231010  2.622  -86.57   38.89    17.6     3.9    10.7    10.4     0.0    16.39 C    28.0     1.7    10.8    93.8    38.6    67.1   0.289   0.288   0.296   0.253   0.253    14.8    15.0    15.8    16.6    18.0
63898 20231011  2.622  -86.57   38.89    20.3     3.4    11.8    12.4     0.0    12.42 C    31.8     1.5    13.0    97.9    43.2    70.5   0.279   0.285   0.294   0.252   0.252    14.7    14.8    15.4    16.1    17.6
63898 20231012  2.622  -86.57   38.89    24.7     8.7    16.7    16.7     0.0    14.45 C    36.8     6.8    17.2    93.4    47.3    72.7   0.272   0.283   0.294   0.251   0.252    15.9    15.9    15.9    16.2    17.3
63898 20231013  2.622  -86.57   38.89    23.4    11.1    17.2    17.7     3.4    11.23 C    38.0     8.8    18.7    95.9    57.3    80.0   0.267   0.281   0.293   0.250   0.251    16.7    16.7    16.5    16.7    17.2
63898 20231014  2.622  -86.57   38.89    17.9    10.2    14.0    12.7     1.3     4.52 C    19.1     9.5    13.5    95.4    79.6    90.3   0.267   0.279   0.292   0.249   0.251    16.8    16.7    16.8    17.0    17.3
63898 20231015  2.622  -86.57   38.89    12.6     8.2    10.4    10.4     0.0     6.38 C    19.7     7.5    11.2    89.8    59.1    79.1   0.266   0.279   0.291   0.248   0.250    15.5    15.5    16.1    16.6    17.3
63898 20231016  2.622  -86.57   38.89    12.8     7.7    10.2     9.8     1.4     4.73 C    18.3     8.1    11.0    97.1    65.2    84.6   0.265   0.278   0.289   0.248   0.250    14.8    14.8    15.5    16.0    17.1
63898 20231017  2.622  -86.57   38.89    15.1     7.2    11.1    10.8     0.0     6.97 C    25.0     4.0    11.8    96.0    61.1    84.1   0.265   0.278   0.289   0.247   0.250    15.0    14.9    15.3    15.7    16.8
63898 20231018  2.622  -86.57   38.89    19.0     5.4    12.2    11.9     0.0    13.62 C    25.5     2.3    11.4    99.6    50.7    77.9   0.259   0.277   0.288   0.247   0.249    14.3    14.3    14.9    15.4    16.6
63898 20231019  2.622  -86.57   38.89    18.3    11.2    14.8    13.3     4.0     5.07 C    22.0     8.0    12.8    95.9    68.6    84.9   0.264   0.277   0.287   0.246   0.249    14.7    14.6    14.9    15.3    16.4
63898 20231020  2.622  -86.57   38.89    15.1     7.5    11.3    11.8     1.3     7.89 C    19.4     3.8    11.4    97.3    53.9    81.9   0.273   0.278   0.287   0.246   0.249    14.8    14.8    15.1    15.4    16.3
63898 20231021  2.622  -86.57   38.89    22.9     5.9    14.4    14.0     0.0    13.90 C    26.6     3.4    11.9    92.5    31.6    64.8   0.272   0.278   0.287   0.245   0.249    13.9    13.9    14.4    15.0    16.2
63898 20231022  2.622  -86.57   38.89    14.4     5.4     9.9    10.4     0.0     9.82 C    26.0     1.7    10.4    88.5    51.9    74.1   0.269   0.278   0.286   0.244   0.248    14.0    14.0    14.4    14.9    16.0
63898 20231023  2.622  -86.57   38.89    21.0     1.8    11.4    11.4     0.0    13.82 C    26.9     0.2    10.0    96.1    36.7    68.4   0.265   0.277   0.285   0.244   0.248    13.0    13.1    13.7    14.4    15.8
63898 20231024  2.622  -86.57   38.89    23.5    10.7    17.1    16.7     0.0     8.38 C    29.3     5.4    14.4    69.5    47.8    61.3   0.262   0.276   0.285   0.243   0.247    13.8    13.8    13.9    14.3    15.5
63898 20231025  2.622  -86.57   38.89    24.1    13.9    19.0    18.8     0.2     6.41 C    30.0     9.8    16.4    77.7    52.2    61.6   0.259   0.275   0.285   0.243   0.247    15.1    14.9    14.7    14.9    15.5
63898 20231026  2.622  -86.57   38.89    24.8    13.8    19.3    19.2     0.0     7.64 C    28.1     8.9    16.7    85.5    56.3    70.3   0.255   0.274   0.284   0.242   0.246    15.5    15.3    15.1    15.2    15.6
63898 20231027  2.622  -86.57   38.89    25.1    17.0    21.1    20.7     4.6     7.19 C    27.0    16.6    19.5    96.0    62.7    80.4   0.262   0.276   0.285   0.241   0.246    16.8    16.6    16.0    15.9    15.7
63898 20231028  2.622  -86.57   38.89    19.9    10.2    15.0    12.5     5.5     2.08 C    18.9    11.3    13.7    97.8    89.2    94.1   0.265   0.277   0.285   0.241   0.246    16.4    16.4    16.3    16.4    16.0
63898 20231029  2.622  -86.57   38.89    11.7     8.4    10.0    10.6    11.2     1.68 C    14.7     9.1    11.8    98.9    96.7    98.1   0.348   0.317   0.304   0.242   0.246    15.0    15.1    15.4    15.8    16.1
63898 20231030  2.622  -86.57   38.89     8.4    -0.2     4.1     5.0     0.4     7.35 C    13.2    -1.5     5.6    97.4    43.2    78.0   0.365   0.341   0.346   0.245   0.245    13.5    13.7    14.5    15.1    16.0
63898 20231031  2.622  -86.57   38.89     5.4    -3.8     0.8     0.7     0.0    10.26 C    12.4    -4.7     1.4    95.0    45.1    70.4   0.352   0.334   0.340   0.245   0.245    10.8    11.1    12.6    13.7    15.6
63898 20231101  2.622  -86.57   38.89     8.3    -3.7     2.3     2.3     0.0    12.48 C    17.4    -4.8     2.5    94.7    42.9    69.2   0.344   0.329   0.336   0.245   0.245     9.9    10.1    11.3    12.4    15.0
63898 20231102  2.622  -86.57   38.89    12.4    -2.2     5.1     5.2     0.0    12.41 C    18.4    -4.1     3.4    91.1    30.5    59.1   0.338   0.326   0.333   0.246   0.245     9.3     9.5    10.6    11.7    14.4
63898 20231103  2.622  -86.57   38.89    16.0     2.6     9.3    10.1     0.0    12.09 C    20.4    -2.9     7.0    56.3    27.1    38.5   0.332   0.322   0.331   0.246   0.245     9.3     9.4    10.3    11.2    13.9
63898 20231104  2.622  -86.57   38.89    19.1    10.6    14.8    14.2     0.0    10.39 C    26.0     5.9    12.2    62.4    34.8    47.9   0.326   0.319   0.328   0.246   0.244    10.8    10.8    10.9    11.5    13.5
63898 20231105  2.622  -86.57   38.89    17.2     5.0    11.1    11.4     0.0    11.93 C    24.7     0.9     8.8    93.3    31.0    58.5   0.320   0.317   0.326   0.246   0.244    11.1    11.1    11.4    11.9    13.4
63898 20231106  2.622  -86.57   38.89    23.8     6.3    15.0    15.7     0.0     9.75 C    26.0     1.0    13.4    67.9    47.3    58.5   0.314   0.314   0.323   0.246   0.244    11.3    11.3    11.4    11.9    13.4
63898 20231107  2.622  -86.57   38.89    23.1    14.3    18.7    18.7     0.0    11.29 C    29.8    10.0    16.4    89.1    37.8    59.8   0.308   0.312   0.322   0.246   0.244    13.3    13.2    12.7    12.8    13.4
63898 20231108  2.622  -86.57   38.89    26.2    12.2    19.2    19.7     0.0     8.24 C    29.2     9.2    18.0    83.8    51.9    65.8   0.301   0.309   0.319   0.246   0.244    13.9    13.8    13.3    13.4    13.6
63898 20231109  2.622  -86.57   38.89    21.3    10.0    15.7    13.7     0.0    10.10 C    21.7     8.0    13.5    83.1    27.5    56.2   0.295   0.305   0.317   0.246   0.244    14.2    14.3    14.0    14.1    13.9
63898 20231110  2.622  -86.57   38.89    16.1     4.4    10.3    10.4     0.0    11.44 C    23.1     0.0     8.9    65.3    26.3    43.3   0.287   0.301   0.313   0.246   0.244    12.6    12.8    13.2    13.7    14.1
63898 20231111  2.622  -86.57   38.89    11.2     0.5     5.8     5.6     0.0    11.51 C    19.0    -3.0     4.9    82.8    39.9    62.0   0.281   0.296   0.309   0.246   0.244    11.0    11.3    12.0    12.8    14.0
63898 20231112  2.622  -86.57   38.89    14.3     3.0     8.7     8.4     0.0    11.00 C    20.5    -1.2     6.1    76.5    38.7    57.5   0.276   0.294   0.306   0.246   0.244    10.5    10.7    11.3    12.1    13.7
63898 20231113  2.622  -86.57   38.89    18.8     1.4    10.1    10.1     0.0    10.93 C    23.1    -1.8     5.7    86.0    19.1    48.5   0.271   0.291   0.304   0.246   0.243    10.0    10.2    10.8    11.6    13.4
63898 20231114  2.622  -86.57   38.89    16.6     1.5     9.0     9.2     0.0     9.98 C    21.4    -3.7     4.5    93.4    23.9    45.9   0.267   0.289   0.301   0.246   0.243     9.4     9.6    10.4    11.2    13.1
63898 20231115  2.622  -86.57   38.89    19.5     1.2    10.4    11.5     0.0    10.60 C    23.7    -3.0     6.5    65.5    21.8    42.5   0.263   0.286   0.299   0.246   0.243     9.3     9.4    10.0    10.8    12.8
63898 20231116  2.622  -86.57   38.89    19.5     3.2    11.3    12.5     0.0     9.25 C    24.8    -0.6    10.2    82.8    48.9    65.4   0.260   0.284   0.297   0.245   0.243     9.9     9.9    10.2    10.8    12.6
63898 20231117  2.622  -86.57   38.89    17.3     5.1    11.2    13.8     4.9     2.22 C    19.4     3.0    12.7    96.5    66.1    86.4   0.265   0.285   0.297   0.245   0.243    11.8    11.7    11.4    11.6    12.5
63898 20231118  2.622  -86.57   38.89    11.5     0.4     6.0     5.5     0.0    10.27 C    15.8    -1.8     3.9    91.4    38.3    68.0   0.265   0.285   0.297   0.245   0.243    10.4    10.5    11.1    11.7    12.6
63898 20231119  2.622  -86.57   38.89    14.2    -1.2     6.5     6.6     0.0     9.72 C    18.2    -3.6     4.6    94.3    35.1    61.8   0.263   0.284   0.295   0.245   0.242     9.1     9.2    10.0    10.9    12.5
63898 20231120  2.622  -86.57   38.89    11.2     7.5     9.3     8.7     4.0     3.44 C    15.1     2.7     7.7    94.4    52.3    65.7   0.262   0.283   0.294   0.244   0.243     9.5     9.5    10.0    10.6    12.3
63898 20231121  2.622  -86.57   38.89    11.4     4.8     8.1     7.9     4.4     0.98 C    11.4     4.9     8.1    98.5    87.8    94.2   0.310   0.286   0.294   0.245   0.243    10.0    10.0    10.3    10.7    12.1
63898 20231122  2.622  -86.57   38.89     8.1     3.2     5.7     5.1     0.0     8.40 C    13.1     1.1     6.3    93.3    69.1    82.7   0.304   0.288   0.294   0.244   0.242     9.6     9.7    10.1    10.7    12.1
63898 20231123  2.622  -86.57   38.89    12.9     0.4     6.6     6.2     0.0     9.55 C    14.6    -1.7     3.9    90.5    37.4    66.2   0.297   0.288   0.294   0.244   0.242     8.9     9.0     9.7    10.4    12.0
63898 20231124  2.622  -86.57   38.89     6.4     0.2     3.3     3.1     0.0     8.25 C    11.1    -1.6     2.0    87.3    40.4    66.3   0.291   0.288   0.293   0.244   0.242     8.0     8.2     9.1     9.9    11.8
63898 20231125  2.622  -86.57   38.89     7.2    -1.6     2.8     2.1     0.0     8.60 C    16.5    -3.2     2.5    71.8    52.0    62.9   0.287   0.287   0.293   0.244   0.242     7.4     7.5     8.4     9.2    11.5
63898 20231126  2.622  -86.57   38.89     4.9    -2.0     1.5     1.6     3.9     1.12 C     6.9    -3.9     1.1    97.0    69.6    88.0   0.292   0.287   0.294   0.244   0.242     6.9     7.1     8.0     8.9    11.2
63898 20231127  2.622  -86.57   38.89     1.9    -1.7     0.1    -0.1     0.0     7.16 C     7.2    -3.0     0.3    89.4    51.4    72.1   0.304   0.288   0.294   0.243   0.240     6.5     6.6     7.6     8.5    10.9
63898 20231128  2.622  -86.57   38.89    -1.7    -7.8    -4.8    -5.1     0.0     9.03 C     4.0    -8.6    -4.4    76.2    48.9    64.3   0.300   0.288   0.293   0.243   0.239     4.9     5.2     6.6     7.8    10.6
63898 20231129  2.622  -86.57   38.89     9.2    -8.8     0.2     1.1     0.0     9.09 C    10.2    -8.8    -1.0    82.1    47.3    64.8   0.297   0.288   0.293   0.243   0.239     4.1     4.2     5.6     6.8    10.1
63898 20231130  2.622  -86.57   38.89    14.6     3.6     9.1     8.8     0.0     6.04 C    16.5    -2.9     4.9    72.4    38.7    54.9   0.294   0.288   0.293   0.244   0.240     5.2     5.1     5.8     6.6     9.6
63898 20231201  2.622  -86.57   38.89    11.4     5.3     8.3     8.6     9.1     0.92 C    10.2     5.1     7.8    98.4    44.0    88.6   0.348   0.308   0.295   0.246   0.240     6.8     6.7     6.9     7.3     9.4
63898 20231202  2.622  -86.57   38.89    11.4     4.7     8.1     7.8     0.0     2.56 C    11.3     2.3     7.4    93.5    79.6    87.0   0.357   0.324   0.303   0.245   0.240     8.0     7.9     7.9     8.1     9.5
63898 20231203  2.622  -86.57   38.89     8.6     0.1     4.3     5.4     0.0     2.41 C    10.8    -2.6     4.1    96.4    71.8    88.0   0.350   0.323   0.307   0.245   0.241     7.7     7.7     8.0     8.5     9.7
63898 20231204  2.622  -86.57   38.89     8.3    -0.4     3.9     3.5     1.0     4.94 C    11.7    -2.4     3.3    99.0    73.5    87.9   0.346   0.322   0.308   0.245   0.240     6.7     6.8     7.4     8.1     9.8
63898 20231205  2.622  -86.57   38.89     7.7     2.1     4.9     4.8     0.0     3.22 C     9.6     0.3     4.6    97.0    75.5    85.3   0.346   0.322   0.310   0.245   0.241     7.1     7.1     7.5     8.0     9.7
63898 20231206  2.622  -86.57   38.89     4.7     0.0     2.3     2.5     0.0     4.58 C     9.3    -3.0     2.0    89.6    63.1    77.4   0.342   0.321   0.310   0.246   0.240     6.8     6.9     7.5     8.1     9.6
63898 20231207  2.622  -86.57   38.89    13.6    -0.3     6.6     7.2     0.0     8.48 C    14.0    -2.6     4.9    84.4    44.2    64.5   0.336   0.319   0.310   0.246   0.240     6.4     6.3     7.0     7.7     9.6
63898 20231208  2.622  -86.57   38.89    14.4     9.1    11.8    11.8     0.0     3.67 C    16.7     4.5     9.4    78.3    44.2    55.0   0.330   0.318   0.310   0.246   0.241     7.5     7.4     7.5     7.9     9.5
63898 20231209  2.622  -86.57   38.89    17.3     5.9    11.6    12.4     8.3     1.72 C    18.8     2.3    10.6    93.5    71.1    81.2   0.345   0.333   0.326   0.251   0.241     9.3     9.2     8.7     8.8     9.5
63898 20231210  2.622  -86.57   38.89     5.9    -1.1     2.4     1.8     0.0     1.35 C     5.2    -0.6     1.8    83.1    67.4    75.0   0.363   0.351   0.350   0.254   0.240     7.6     7.8     8.4     9.0     9.8
63898 20231211  2.622  -86.57   38.89     4.8    -2.0     1.4     0.6     0.0     8.34 C     8.9    -4.7     0.5    82.8    50.8    69.9   0.356   0.347   0.347   0.253   0.240     6.3     6.4     7.3     8.1     9.8
63898 20231212  2.622  -86.57   38.89    10.9    -1.0     4.9     4.3     0.0     8.47 C    12.0    -4.8     1.1    78.7    41.1    59.5   0.350   0.344   0.345   0.254   0.240     5.4     5.5     6.4     7.4     9.5
63898 20231213  2.622  -86.57   38.89     8.1    -0.7     3.7     2.9     0.0     7.77 C    11.1    -4.7     0.5    65.3    29.2    48.2   0.345   0.341   0.343   0.254   0.240     5.1     5.3     6.1     7.0     9.2
63898 20231214  2.622  -86.57   38.89    11.7    -3.4     4.1     3.8     0.0     8.55 C    12.6    -5.9     0.0    87.0    30.4    51.8   0.341   0.338   0.340   0.254   0.240     4.5     4.7     5.6     6.5     8.9
63898 20231215  2.622  -86.57   38.89    14.5    -2.4     6.1     6.1     0.0     8.29 C    15.6    -5.6     1.2    87.8    29.4    51.7   0.337   0.336   0.338   0.254   0.240     4.4     4.5     5.3     6.2     8.6
63898 20231216  2.622  -86.57   38.89    12.6     2.8     7.7     8.4     7.8     3.04 C    12.7    -0.8     5.8    98.1    46.8    59.9   0.337   0.335   0.336   0.254   0.240     5.3     5.3     5.6     6.3     8.4
63898 20231217  2.622  -86.57   38.89     8.5     3.3     5.9     6.2     7.4     1.03 C     8.1     3.5     6.4    99.1    91.7    97.0   0.375   0.373   0.372   0.289   0.240     6.9     6.8     6.7     7.0     8.4
63898 20231218  2.622  -86.57   38.89     3.3    -3.5    -0.1     0.1     0.3     3.22 C     4.8    -5.4    -0.1    96.3    53.8    76.7   0.368   0.364   0.368   0.292   0.240     5.5     5.8     6.4     7.2     8.5
63898 20231219  2.622  -86.57   38.89     2.8    -8.4    -2.8    -3.0     0.0     8.38 C     5.4   -10.7    -4.1    84.2    45.0    64.4   0.362   0.359   0.362   0.290   0.240     3.8     4.1     5.2     6.3     8.5
63898 20231220  2.622  -86.57   38.89    10.9    -3.6     3.6     2.9     0.0     8.39 C     9.3    -6.4    -0.4    70.3    25.8    49.5   0.357   0.356   0.359   0.289   0.241     3.4     3.6     4.5     5.6     8.1
63898 20231221  2.622  -86.57   38.89    11.2     1.2     6.2     5.8     0.0     5.24 C    14.6    -2.8     2.3    61.0    37.1    48.5   0.354   0.354   0.357   0.288   0.241     4.1     4.1     4.6     5.4     7.8
63898 20231222  2.622  -86.57   38.89    13.0     2.9     8.0     7.8     0.0     5.19 C    14.2    -0.2     6.3    68.9    35.0    52.6   0.351   0.352   0.356   0.286   0.241     5.2     5.1     5.2     5.8     7.7
63898 20231223  2.622  -86.57   38.89    10.7     7.1     8.9     9.1     2.6     1.02 C    10.6     6.4     8.4    99.4    50.9    89.7   0.360   0.353   0.356   0.286   0.242     6.6     6.5     6.3     6.5     7.7
63898 20231224  2.622  -86.57   38.89    17.1     8.3    12.7    11.7     0.0     4.95 C    16.9     6.1    10.4    99.3    68.0    87.5   0.365   0.358   0.359   0.285   0.242     7.9     7.7     7.3     7.3     8.0
63898 20231225  2.622  -86.57   38.89    13.4    10.7    12.1    12.1    13.0     1.07 C    12.4     7.1    10.4    98.7    65.4    84.5   0.376   0.373   0.371   0.297   0.243     8.7     8.6     8.1     8.2     8.3
63898 20231226  2.622  -86.57   38.89    11.2     1.8     6.5     7.1     0.0     4.89 C    11.1    -0.8     5.9    98.8    65.8    84.4   0.379   0.377   0.376   0.308   0.253     8.7     8.7     8.5     8.7     8.7
63898 20231227  2.622  -86.57   38.89     8.5    -2.9     2.8     3.9     0.0     6.95 C    13.1    -4.1     2.6    99.9    61.6    81.1   0.371   0.369   0.371   0.303   0.271     6.8     7.0     7.5     8.2     8.9
63898 20231228  2.622  -86.57   38.89     4.8     0.0     2.4     1.5     7.9     1.03 C     3.7    -0.1     1.0    99.0    72.5    93.6   0.378   0.373   0.371   0.304   0.274     6.1     6.3     6.9     7.7     8.8
63898 20231229  2.622  -86.57   38.89     2.0     0.2     1.1     1.0     1.0     1.51 C     4.0     0.4     1.7    97.7    90.7    95.6   0.384   0.382   0.379   0.315   0.284     5.5     5.6     6.2     7.0     8.7
63898 20231230  2.622  -86.57   38.89     4.3     0.9     2.6     2.3     1.9     3.23 C     7.1    -1.0     2.2    98.7    77.5    90.5   0.383   0.379   0.377   0.309   0.285     5.5     5.6     6.1     6.8     8.4
63898 20231231  2.622  -86.57   38.89     3.0    -0.5     1.2     1.0     0.0     1.67 C     4.1    -1.2     0.4    92.3    71.4    85.5   0.378   0.374   0.374   0.307   0.285     4.9     5.1     5.7     6.5     8.3
